0 -8852
5.5e-08 -8516
1.5903e-05 -8251
2.6126e-05 -7993
3.2565e-05 -7741
4.3768e-05 -7500
6.006e-05 -7272
8.0866e-05 -7048
0.000100285 -6826
0.000118547 -6606
0.000143757 -6387
0.000163731 -6173
0.00017993 -5975
0.000194733 -5780
0.000210802 -5589
0.000224374 -5403
0.000236142 -5217
0.00024964 -5032
0.000260852 -4849
0.000273471 -4669
0.000289476 -4496
0.000302697 -4340
0.000316194 -4185
0.000329415 -4032
0.000340498 -3879
0.000353718 -3730
0.000366198 -3585
0.000378799 -3441
0.00039547 -3298
0.000407904 -3158
0.000422974 -3018
0.000436999 -2880
0.000452671 -2752
0.000469712 -2625
0.000483858 -2501
0.000498466 -2379
0.000510788 -2262
0.000523962 -2153
0.000538469 -2045
0.00055267 -1943
0.000567453 -1842
0.000583615 -1745
0.000602276 -1649
0.000619021 -1556
0.000631862 -1463
0.00064597 -1370
0.000659153 -1278
0.000671347 -1188
0.000682837 -1098
0.000694114 -1009
0.000704124 -922
0.000715948 -837
0.000729936 -752
0.000744248 -668
0.000757468 -585
0.000769384 -509
0.000781374 -438
0.000793965 -368
0.000807055 -304
0.000819563 -241
0.000833052 -178
0.000845495 -117
0.000856153 -57
0.000868522 3
0.000882871 62
0.000896618 117
0.000910218 170
0.000922189 223
0.000933161 266
0.000946493 307
0.000959778 347
0.000972517 386
0.000983637 424
0.000996293 461
0.00100815 498
0.00102014 534
0.00103293 566
0.00104501 597
0.00105732 627
0.00107069 656
0.00108265 685
0.00109662 710
0.00112551 734
0.00114748 756
0.00116263 786
0.00117721 807
0.00119087 828
0.00120524 846
0.00121883 864
0.00123202 881
0.00124651 896
0.0012595 910
0.00127319 925
0.00128717 939
0.00130039 952
0.00131155 964
0.00132383 976
0.00134192 987
0.0013635 996
0.00138762 1014
0.00140643 1023
0.00142385 1031
0.00144286 1039
0.00146094 1047
0.00147674 1054
0.00149541 1061
0.00151251 1070
0.00152986 1083
0.00154753 1093
0.00156359 1103
0.00158168 1113
0.00159887 1118
0.00161591 1123
0.00163295 1128
0.00164911 1130
0.00166676 1132
0.00168499 1133
0.00170279 1134
0.00173926 1138
0.00175834 1142
0.00177415 1148
0.00178774 1151
0.00180186 1154
0.00185165 1159
0.00186338 1169
0.00187468 1174
0.00188575 1175
0.00189826 1176
0.00192002 1182
0.00194934 1187
0.00200209 1194
0.0020223 1209
0.00203812 1219
0.00204316 1229
0.0021089 1233
0.00233497 1234
0.00328949 1236
0.00390509 1239
0.00391506 1240
0.00392887 1241
0.00712756 1245
0.00790015 1248
2 1248
