0 -38229
4.9e-08 -37699
1.1711e-05 -37193
2.4756e-05 -36688
4.611e-05 -36190
7.0837e-05 -35693
0.000110795 -35200
0.00014382 -34717
0.000174016 -34244
0.000205003 -33772
0.000232262 -33305
0.000281181 -32850
0.00031748 -32398
0.000342572 -31963
0.000362531 -31529
0.000384073 -31098
0.000405091 -30676
0.00042597 -30260
0.000446315 -29845
0.00046574 -29432
0.000486056 -29025
0.000506055 -28618
0.000525272 -28221
0.000544559 -27831
0.000563836 -27443
0.000584497 -27060
0.000604377 -26678
0.000623427 -26299
0.000643386 -25922
0.000662069 -25546
0.000680674 -25173
0.000700821 -24801
0.00071901 -24432
0.000738138 -24065
0.00075882 -23700
0.000776712 -23337
0.000795573 -22977
0.000814949 -22617
0.000834345 -22261
0.000856717 -21906
0.000877834 -21559
0.000894895 -21212
0.000915547 -20868
0.000934458 -20527
0.00095411 -20187
0.000979707 -19852
0.000999904 -19517
0.00104656 -19187
0.00106609 -18859
0.00108639 -18531
0.00110676 -18208
0.00112665 -17892
0.00114656 -17577
0.00116837 -17263
0.00119019 -16950
0.00120842 -16637
0.001229 -16328
0.00124963 -16023
0.00126976 -15723
0.00128695 -15427
0.00131711 -15132
0.00135108 -14838
0.00137837 -14545
0.00139948 -14256
0.00142237 -13969
0.00144491 -13683
0.00146971 -13399
0.00149201 -13121
0.00151616 -12844
0.00154235 -12576
0.00156648 -12309
0.00158766 -12042
0.00161394 -11776
0.00163798 -11511
0.00166203 -11246
0.00168349 -10989
0.00170583 -10734
0.00173221 -10481
0.00175681 -10229
0.00178156 -9978
0.00180572 -9728
0.0018269 -9480
0.00184939 -9244
0.00187715 -9010
0.00190409 -8779
0.00193398 -8549
0.00196043 -8321
0.00198687 -8094
0.00201165 -7869
0.0020373 -7649
0.00206386 -7430
0.00209018 -7213
0.00211873 -7000
0.0021451 -6790
0.00217607 -6580
0.00220605 -6370
0.00223274 -6165
0.00225777 -5964
0.00228461 -5767
0.00231158 -5571
0.00234064 -5375
0.00236796 -5180
0.0023959 -4986
0.0024275 -4792
0.0024591 -4606
0.00249217 -4420
0.00252453 -4236
0.00255711 -4063
0.00259071 -3891
0.00262607 -3726
0.00265978 -3563
0.00269505 -3405
0.00273192 -3248
0.00276927 -3094
0.00280873 -2942
0.00284516 -2791
0.00288331 -2642
0.00292268 -2495
0.00296133 -2354
0.00300209 -2218
0.00304429 -2083
0.00308504 -1950
0.00313111 -1820
0.0031729 -1690
0.00321873 -1565
0.00326525 -1444
0.00332685 -1336
0.00337894 -1228
0.00342794 -1120
0.00348152 -1015
0.00352954 -914
0.00357732 -817
0.00362341 -724
0.00367033 -640
0.00371972 -562
0.00376576 -486
0.00381107 -415
0.00385634 -345
0.00390297 -276
0.00394731 -215
0.00398623 -155
0.00402794 -97
0.0040676 -42
0.00410671 7
0.00414339 53
0.00418256 97
0.00421936 140
0.00425315 180
0.00428652 210
0.00432136 237
0.00435754 260
0.00439138 281
0.00442884 300
0.00446461 318
0.00449624 333
0.00452497 346
0.00455582 356
0.0045876 361
0.00461996 365
0.00465042 370
0.00468314 375
0.00471488 378
0.0047494 384
0.00478287 388
0.00481281 394
0.00484245 398
0.00487179 401
0.00490173 404
0.00493181 407
0.00496772 414
0.00499766 416
0.00513577 424
0.00516768 428
0.0052009 429
0.00523537 432
0.00531723 433
0.00535459 436
0.00542189 447
0.00545421 457
0.00756285 458
0.00759369 459
0.00762044 462
0.00771482 469
0.0089398 472
0.00897567 475
0.00910899 477
0.00914067 479
0.00959122 482
0.00962481 486
0.0107009 487
0.0128608 495
0.0175255 497
0.0175581 507
0.017589 516
2 516
