0 -18252
4.6e-08 -17887
2.8929e-05 -17531
8.0487e-05 -17185
0.000100258 -16839
0.00012099 -16527
0.000170938 -16216
0.000247253 -15906
0.00030896 -15605
0.000354357 -15309
0.000393842 -15014
0.000430255 -14732
0.000459046 -14451
0.000490639 -14170
0.00052499 -13890
0.000558313 -13620
0.000590194 -13357
0.000622037 -13101
0.000654972 -12850
0.000683661 -12600
0.00071147 -12352
0.000738521 -12112
0.000766646 -11875
0.000797906 -11638
0.000829897 -11405
0.000860825 -11176
0.000893547 -10952
0.000930386 -10728
0.000966309 -10508
0.00100215 -10290
0.00103633 -10072
0.00106603 -9855
0.0010926 -9646
0.00112228 -9438
0.00114923 -9230
0.0011799 -9023
0.00121063 -8817
0.00124043 -8619
0.0012707 -8422
0.00130616 -8226
0.00137481 -8031
0.00143101 -7836
0.0014782 -7650
0.00151954 -7466
0.00155916 -7285
0.00159581 -7105
0.00162804 -6927
0.0016593 -6752
0.0016899 -6579
0.00171769 -6408
0.00174564 -6237
0.0017734 -6070
0.00180472 -5904
0.00183811 -5739
0.00186706 -5576
0.00189482 -5415
0.0019284 -5255
0.00196436 -5100
0.00199275 -4946
0.00201571 -4792
0.00204408 -4639
0.00206602 -4490
0.00208866 -4343
0.00211205 -4201
0.00213788 -4062
0.00216289 -3924
0.00219152 -3788
0.00221853 -3654
0.00224325 -3522
0.00226737 -3390
0.0022967 -3259
0.00232405 -3132
0.00235338 -3011
0.00238164 -2892
0.00241399 -2773
0.00244034 -2656
0.00246946 -2539
0.00249834 -2423
0.00253158 -2310
0.00256675 -2202
0.00259973 -2096
0.0026337 -1992
0.00265604 -1888
0.00267948 -1792
0.00270648 -1696
0.0027312 -1604
0.00275643 -1513
0.00278415 -1425
0.00280886 -1337
0.00283628 -1252
0.00286255 -1168
0.00289025 -1087
0.00291417 -1007
0.00293753 -929
0.00296292 -854
0.00298646 -780
0.00300714 -709
0.00303369 -640
0.00306187 -574
0.00308974 -509
0.00311613 -446
0.00314157 -389
0.00319198 -332
0.00323677 -276
0.00327279 -225
0.00330633 -174
0.00333831 -125
0.00336871 -77
0.00339683 -30
0.00342446 16
0.00345159 62
0.00347752 108
0.00350394 153
0.00352923 197
0.00355494 240
0.00357947 283
0.00360394 326
0.00362756 367
0.00365086 407
0.00367573 447
0.00370114 482
0.00372531 517
0.00375082 550
0.00377938 579
0.00380518 607
0.0038303 634
0.00385654 660
0.00388436 683
0.00391102 706
0.00394265 728
0.00396778 751
0.00399317 771
0.00401896 791
0.00404831 810
0.00410023 828
0.00412666 846
0.00415191 863
0.00417712 879
0.00420295 894
0.00422955 910
0.00425718 923
0.0042835 934
0.00430986 945
0.00433617 955
0.00436146 965
0.00438662 975
0.00441266 985
0.00443487 996
0.00446075 1010
0.00448733 1023
0.0045124 1033
0.00453859 1044
0.00456299 1058
0.00458891 1067
0.00461509 1074
0.00463812 1080
0.00466385 1099
0.00468993 1106
0.00471551 1112
0.00474269 1118
0.00476932 1123
0.00479366 1134
0.00482067 1143
0.00484649 1148
0.00486963 1152
0.0048951 1156
0.00492105 1164
0.00494816 1178
0.0049755 1189
0.00500249 1193
0.00504344 1200
0.0050715 1203
0.00509875 1207
0.00512654 1210
0.00515451 1220
0.00518127 1226
0.00520582 1234
0.00522864 1236
0.00544156 1241
0.00546791 1246
0.00549439 1249
0.00552054 1260
0.00554045 1263
0.00556702 1266
0.00559293 1267
0.00561969 1268
0.00569696 1269
0.00580106 1274
0.00582665 1280
0.0058524 1281
0.00590371 1291
0.00592907 1293
0.00595461 1295
0.00597876 1296
0.00610546 1300
0.00613175 1301
0.00615749 1306
0.00618099 1307
0.00622952 1313
0.00635912 1315
0.00638769 1321
0.00641378 1323
0.00644282 1325
0.00667869 1327
0.00670345 1329
0.006728 1331
0.0067506 1332
0.00677379 1333
0.00679682 1336
0.01041 1337
0.0104423 1338
0.0127193 1339
0.0127462 1340
0.0127735 1344
0.0128086 1361
0.0128452 1370
0.0128794 1374
0.0129135 1375
0.0136896 1378
0.0137255 1382
0.0137625 1383
0.0137943 1384
2 1384
