0 -10387
4.7e-08 -10107
2.2081e-05 -9844
3.6508e-05 -9597
4.8692e-05 -9356
6.8892e-05 -9121
9.1315e-05 -8896
0.000126414 -8671
0.00016408 -8458
0.000215727 -8246
0.000252689 -8040
0.000302835 -7836
0.000370318 -7645
0.00041573 -7454
0.000445446 -7266
0.000473206 -7080
0.000497121 -6895
0.000523325 -6724
0.00058092 -6555
0.000677328 -6387
0.000802259 -6221
0.000859763 -6058
0.000894584 -5896
0.000917433 -5743
0.000937679 -5596
0.000956934 -5452
0.000976058 -5308
0.000994321 -5165
0.00101415 -5022
0.00103422 -4879
0.00105411 -4736
0.00107597 -4598
0.00109413 -4462
0.00111457 -4326
0.00114982 -4192
0.00117124 -4060
0.00119877 -3935
0.00122575 -3810
0.00125161 -3688
0.0012785 -3567
0.00130346 -3449
0.00132855 -3332
0.00135713 -3219
0.00139248 -3113
0.00141095 -3008
0.00142847 -2905
0.00144517 -2804
0.00146403 -2704
0.00148383 -2605
0.00150396 -2506
0.00166859 -2408
0.00170955 -2314
0.00173157 -2222
0.00174825 -2130
0.00176721 -2039
0.00178478 -1950
0.00180375 -1863
0.00182005 -1776
0.00183643 -1689
0.0018521 -1607
0.00186961 -1525
0.00188473 -1446
0.00190062 -1367
0.0019181 -1289
0.00193629 -1213
0.00195456 -1141
0.00196983 -1069
0.00198669 -997
0.0020033 -925
0.00202526 -856
0.00204243 -788
0.00206015 -720
0.00207727 -654
0.00209344 -590
0.00210756 -526
0.00212561 -463
0.00214325 -401
0.00215965 -339
0.002178 -277
0.00219435 -216
0.00221207 -155
0.00222971 -95
0.00224652 -36
0.00226285 21
0.00228073 75
0.00229883 126
0.00231791 173
0.00233499 220
0.00235001 267
0.00237662 314
0.00239377 359
0.00240987 403
0.00242562 447
0.00244276 491
0.00246167 534
0.00247736 575
0.00249447 613
0.00251272 648
0.00252972 681
0.00254479 714
0.00256349 746
0.00257936 778
0.00259727 809
0.00261521 838
0.00263195 865
0.00265035 891
0.0026665 916
0.00268489 941
0.00270349 966
0.00272155 987
0.00273915 1008
0.00275583 1029
0.00277429 1050
0.00279211 1070
0.00281132 1090
0.00282734 1107
0.00284542 1122
0.00286475 1135
0.00288381 1148
0.00290216 1161
0.00292219 1174
0.00294168 1186
0.0029631 1198
0.00298158 1209
0.0030003 1224
0.0030327 1235
0.00306081 1244
0.00308115 1259
0.00309884 1268
0.00313463 1276
0.00315402 1284
0.00317212 1295
0.00319083 1305
0.00321059 1314
0.00322822 1323
0.00324515 1332
0.00326135 1340
0.00327891 1359
0.00332611 1366
0.00335048 1373
0.0033678 1380
0.00338649 1386
0.0034046 1395
0.00342198 1402
0.00343927 1407
0.00346195 1412
0.00348073 1417
0.00349886 1422
0.0035164 1437
0.00353365 1442
0.00355062 1446
0.00356672 1449
0.00359743 1452
0.00361759 1455
0.00363528 1458
0.00365217 1461
0.00366937 1471
0.00368577 1473
0.00370301 1475
0.00372114 1477
0.00373919 1479
0.00375529 1480
0.00377156 1481
0.00378832 1489
0.00382318 1496
0.00384131 1498
0.00399848 1507
0.00401701 1508
0.00412969 1512
0.00414915 1513
0.0041855 1514
0.00451511 1516
0.00453342 1517
0.00471551 1520
0.0047333 1524
0.00475158 1528
0.00476747 1530
0.00478426 1532
0.00480137 1533
0.00481514 1535
0.00483221 1536
0.00485047 1537
0.00486685 1538
0.00518638 1539
0.00520123 1540
2 1540
