0 -23002
1.01e-07 -22641
4.1381e-05 -22290
7.2244e-05 -21941
0.000105762 -21597
0.000144396 -21254
0.000180837 -20914
0.000263998 -20585
0.000342505 -20263
0.000444567 -19944
0.000528819 -19632
0.000614589 -19326
0.000691487 -19022
0.00076213 -18721
0.000831035 -18424
0.000901373 -18133
0.00101699 -17842
0.00111419 -17553
0.00120214 -17267
0.00128576 -16983
0.0013682 -16702
0.00144054 -16426
0.00150406 -16150
0.00156676 -15876
0.00163334 -15602
0.0016937 -15331
0.00175186 -15062
0.00180282 -14814
0.00185243 -14567
0.00189897 -14320
0.00194619 -14078
0.00199508 -13837
0.00204627 -13598
0.00209616 -13362
0.0021422 -13127
0.00218934 -12899
0.00223536 -12675
0.00227333 -12451
0.00231582 -12228
0.0023561 -12006
0.00239894 -11787
0.00244633 -11568
0.00248608 -11352
0.00252861 -11138
0.00256879 -10925
0.00261137 -10712
0.00265375 -10502
0.00269749 -10296
0.00274092 -10091
0.0028121 -9887
0.00289282 -9688
0.00295529 -9489
0.00300169 -9295
0.00304605 -9104
0.00309372 -8916
0.00313969 -8736
0.00318576 -8557
0.00323014 -8379
0.00327326 -8206
0.00332051 -8035
0.00337555 -7864
0.00342285 -7694
0.00346261 -7526
0.00350584 -7364
0.00355285 -7202
0.00359794 -7041
0.00364038 -6886
0.00368031 -6732
0.00371882 -6579
0.00375392 -6426
0.00379193 -6276
0.00382907 -6126
0.00386463 -5979
0.00390157 -5834
0.00394386 -5691
0.00397977 -5552
0.00401258 -5414
0.00404782 -5277
0.00408679 -5146
0.00412621 -5019
0.00416068 -4893
0.00419526 -4767
0.00425335 -4644
0.00428838 -4524
0.00432312 -4405
0.00435938 -4286
0.00439489 -4169
0.004433 -4052
0.00447173 -3935
0.00450285 -3819
0.00454177 -3703
0.00457812 -3588
0.00461369 -3473
0.00465853 -3360
0.00469135 -3249
0.00472122 -3141
0.00475383 -3035
0.00478926 -2930
0.0048254 -2826
0.00486036 -2723
0.00489458 -2620
0.00492785 -2518
0.00496156 -2421
0.0049992 -2328
0.00503119 -2236
0.00506276 -2145
0.00509659 -2055
0.00513051 -1965
0.00516856 -1877
0.00520069 -1793
0.00523387 -1709
0.00526786 -1625
0.00530076 -1542
0.00533432 -1459
0.00536725 -1377
0.00540412 -1296
0.00544232 -1219
0.00548099 -1144
0.00551553 -1070
0.00555025 -997
0.00558562 -924
0.00562106 -852
0.0056567 -781
0.00569263 -713
0.00572769 -645
0.00576298 -577
0.00579827 -510
0.00583178 -444
0.00586546 -378
0.00590809 -312
0.00594757 -249
0.00598235 -189
0.00601621 -130
0.00605093 -72
0.00608655 -16
0.00612457 39
0.00616535 92
0.00620052 142
0.00623628 192
0.00627437 241
0.00631006 286
0.00635656 328
0.00640045 369
0.00644756 408
0.00650459 446
0.00655456 483
0.00660492 519
0.00664884 553
0.00668474 586
0.00672101 618
0.00675853 650
0.00679992 677
0.00683615 700
0.00687227 722
0.00691029 742
0.0069569 762
0.00699379 782
0.00702961 802
0.0070698 822
0.00710626 841
0.00715233 859
0.00719944 874
0.007237 889
0.00727269 905
0.0073114 919
0.00734969 937
0.00738528 950
0.00741913 962
0.00745391 972
0.00748844 981
0.00752409 990
0.00756027 998
0.00759513 1014
0.00763236 1021
0.0076718 1043
0.0077073 1049
0.0077409 1055
0.00777815 1060
0.00781287 1075
0.00784936 1090
0.00788567 1101
0.00792378 1108
0.00796614 1113
0.00800375 1118
0.00804191 1122
0.00807947 1125
0.00811735 1128
0.00815438 1132
0.00819204 1135
0.00824467 1144
0.0082901 1147
0.00835739 1150
0.00839571 1152
0.00843364 1153
0.00847031 1156
0.00850718 1164
0.00858053 1165
0.00872878 1170
0.00876578 1177
0.00883816 1191
0.00887297 1194
0.00919733 1196
0.00923502 1204
0.00927202 1206
0.00955777 1209
0.00959487 1212
0.0096359 1214
0.00977747 1216
0.00981539 1218
0.00992687 1227
0.00996451 1230
0.010111 1231
0.0102681 1234
0.0103058 1243
0.0103439 1245
0.0103804 1246
0.0105256 1251
0.0105658 1257
0.0106017 1258
0.0108085 1270
0.0108443 1274
0.0109156 1284
0.0116967 1288
0.0117664 1296
0.0127671 1297
0.012805 1299
0.013192 1300
0.0132229 1304
0.0132593 1308
0.0132883 1311
0.0135698 1312
0.0136013 1316
0.0136308 1320
0.0136568 1324
0.0136804 1328
0.0137022 1330
0.01414 1334
0.0141713 1338
0.014445 1340
0.0153758 1342
0.0154178 1345
0.0154496 1346
0.015474 1349
0.0163403 1350
0.0208944 1351
0.030256 1352
0.0344083 1353
0.034436 1354
0.0465559 1355
2 1355
