0 -12015
4.6e-08 -11714
2.262e-05 -11424
4.0308e-05 -11145
6.7193e-05 -10870
0.000116818 -10614
0.000185444 -10363
0.000236392 -10113
0.000271538 -9868
0.000297146 -9634
0.000324317 -9402
0.000351331 -9172
0.000379548 -8948
0.000404851 -8727
0.000431347 -8510
0.000459813 -8303
0.000488224 -8096
0.000517912 -7889
0.000545241 -7684
0.000567796 -7485
0.000593293 -7287
0.000621759 -7093
0.000647386 -6904
0.000673697 -6719
0.00070072 -6536
0.000726763 -6354
0.000751048 -6172
0.000778718 -5991
0.000806084 -5813
0.000827066 -5636
0.000854173 -5461
0.000879198 -5289
0.000903381 -5124
0.000930978 -4962
0.000960499 -4801
0.000981676 -4641
0.00100741 -4481
0.00103187 -4323
0.00106093 -4167
0.00108322 -4015
0.00110775 -3866
0.00113479 -3717
0.00115583 -3569
0.00118315 -3430
0.00120976 -3293
0.00123522 -3160
0.00126203 -3028
0.00130596 -2899
0.00137421 -2771
0.00141533 -2643
0.00144987 -2520
0.00148058 -2401
0.00150915 -2287
0.00153583 -2174
0.00156326 -2066
0.0015887 -1960
0.00161225 -1856
0.00163594 -1752
0.00165943 -1648
0.00168569 -1547
0.00171613 -1448
0.00174869 -1350
0.00177297 -1257
0.00179981 -1164
0.00183584 -1074
0.00187694 -986
0.00191394 -898
0.00195279 -811
0.00198808 -725
0.00202461 -646
0.00205948 -571
0.00209476 -497
0.00212717 -423
0.00216436 -350
0.00219736 -278
0.00221928 -208
0.00224481 -140
0.00227155 -74
0.00229722 -9
0.00232342 50
0.00235042 109
0.00237624 164
0.00240187 217
0.00243181 270
0.00246503 319
0.0024926 366
0.0025168 409
0.00254269 452
0.00256966 493
0.0025972 533
0.00262576 573
0.00265381 611
0.00268125 648
0.00270818 684
0.00273516 715
0.00275866 744
0.00278427 773
0.00280847 799
0.00283273 824
0.00285838 848
0.00288382 872
0.00290897 894
0.00293382 915
0.00295851 935
0.00298257 955
0.00300744 973
0.00303183 991
0.00305718 1008
0.00308237 1025
0.00310757 1042
0.00313173 1057
0.00318031 1071
0.00321424 1085
0.00324363 1098
0.00327243 1113
0.00330029 1126
0.00332654 1139
0.00335296 1151
0.0033798 1162
0.00340543 1173
0.00343103 1183
0.00345392 1192
0.00347837 1211
0.00350421 1220
0.00352864 1236
0.00355342 1246
0.00357903 1255
0.00360499 1264
0.00363032 1271
0.0036647 1278
0.00369062 1283
0.00371553 1288
0.00374011 1296
0.00376444 1314
0.00378957 1321
0.00381531 1326
0.00384093 1330
0.00386552 1337
0.00389098 1340
0.00391661 1343
0.00394445 1346
0.00397041 1348
0.00399569 1350
0.00402086 1363
0.00404566 1367
0.00407036 1370
0.00409545 1374
0.00412058 1376
0.00414334 1377
0.0041687 1378
0.0042428 1389
0.00427007 1392
0.00429624 1394
0.00432208 1402
0.00434784 1406
0.00437297 1407
0.00457778 1410
0.00460348 1411
0.00462841 1412
0.00465372 1418
0.00467956 1419
0.00514773 1420
0.00521409 1421
0.0053212 1428
0.00537568 1429
0.00554026 1430
0.00556881 1431
0.00572477 1432
0.00575055 1447
0.00577749 1448
0.00613728 1451
0.00616266 1453
0.00618295 1462
0.00620891 1471
0.00623483 1474
0.00625991 1475
0.00628472 1476
0.00647701 1479
0.00650299 1482
0.0065283 1485
0.00655219 1487
0.00657073 1488
0.00786189 1490
0.00789735 1492
0.00790165 1493
0.0079203 1494
0.00808321 1495
0.00808788 1496
0.00809538 1497
0.0117748 1499
0.0117968 1500
0.0118161 1503
0.0118361 1504
0.0125853 1505
0.0131005 1508
0.0187548 1512
0.0188874 1515
0.0189267 1518
0.0189494 1519
0.0193127 1530
0.0194674 1531
0.0194887 1532
0.0196733 1536
0.019703 1540
0.0197443 1541
0.020308 1543
2 1543
