0 -24151
4.7e-08 -23739
4.0334e-05 -23367
8.8934e-05 -22998
0.000134095 -22632
0.000202755 -22270
0.000316058 -21913
0.000429481 -21566
0.000532331 -21226
0.000647292 -20912
0.000759863 -20604
0.00085935 -20309
0.000957012 -20016
0.00104324 -19732
0.00112245 -19449
0.00119868 -19168
0.00129659 -18894
0.00136653 -18625
0.00143385 -18356
0.00149877 -18092
0.00156311 -17833
0.00163208 -17574
0.00169601 -17318
0.00176271 -17063
0.00183514 -16810
0.0019057 -16561
0.00197454 -16316
0.00204504 -16075
0.00210351 -15835
0.00216328 -15596
0.00221945 -15360
0.00227509 -15128
0.00233305 -14906
0.00240068 -14685
0.0024739 -14467
0.00253808 -14252
0.00259896 -14039
0.00284406 -13830
0.00299502 -13624
0.00310749 -13418
0.00319521 -13212
0.00326611 -13009
0.00331985 -12807
0.00336098 -12606
0.00339673 -12405
0.00343384 -12204
0.00347363 -12003
0.00351218 -11802
0.00354669 -11605
0.0035859 -11414
0.003622 -11225
0.00366012 -11037
0.00369483 -10851
0.00372901 -10669
0.00376254 -10488
0.00379367 -10307
0.00382792 -10129
0.00386588 -9952
0.00390776 -9776
0.00394364 -9601
0.00397848 -9426
0.00401431 -9252
0.00404803 -9079
0.00408203 -8907
0.0041172 -8736
0.00415264 -8566
0.00419224 -8401
0.00422959 -8243
0.0042706 -8087
0.00432944 -7932
0.00437239 -7777
0.00440729 -7622
0.00444387 -7469
0.00448085 -7317
0.00451746 -7165
0.00455097 -7015
0.00458655 -6868
0.00462287 -6723
0.00465783 -6579
0.00469727 -6436
0.00473346 -6293
0.0047719 -6155
0.00480645 -6018
0.00484228 -5882
0.00487569 -5749
0.00491153 -5618
0.00495272 -5488
0.00498659 -5359
0.00501566 -5231
0.00504822 -5104
0.00508175 -4979
0.0051169 -4855
0.00514858 -4732
0.00518133 -4610
0.00521583 -4492
0.00527926 -4374
0.00531194 -4256
0.00534457 -4141
0.00538027 -4029
0.00542316 -3918
0.00545788 -3808
0.00549079 -3699
0.00552615 -3591
0.00556155 -3488
0.00559347 -3387
0.00562478 -3287
0.00565542 -3188
0.00568849 -3089
0.00572383 -2991
0.0057569 -2896
0.00578695 -2802
0.00582611 -2708
0.00586081 -2616
0.0058941 -2525
0.00592576 -2434
0.005956 -2343
0.00598546 -2254
0.0060165 -2165
0.00605203 -2077
0.00608721 -1993
0.00612065 -1911
0.0061627 -1829
0.00624471 -1749
0.00631361 -1669
0.00637146 -1591
0.00642117 -1513
0.00646488 -1436
0.00650118 -1359
0.00653691 -1284
0.00657655 -1210
0.00660808 -1137
0.00663922 -1064
0.00667046 -991
0.00669864 -918
0.00673262 -846
0.00676341 -775
0.00679414 -704
0.00682361 -636
0.00685518 -568
0.00688635 -505
0.00691765 -442
0.00695089 -381
0.00698498 -320
0.00702078 -260
0.00705212 -202
0.00708511 -148
0.00711498 -95
0.00714843 -42
0.0071819 9
0.00721491 60
0.00724638 111
0.00727798 161
0.00731091 210
0.00734507 255
0.00738022 299
0.00741481 342
0.00744848 384
0.00748171 426
0.00751506 468
0.00754893 507
0.00758119 546
0.00761494 584
0.00765202 620
0.00768392 655
0.00771516 687
0.0077448 719
0.0077787 751
0.00784093 782
0.00791092 812
0.00796998 842
0.00804051 870
0.00809227 897
0.00813493 923
0.00816951 949
0.00820637 974
0.00824406 998
0.00827785 1021
0.0083116 1043
0.00834371 1065
0.00837832 1087
0.00841266 1108
0.00844639 1129
0.00847876 1148
0.0085094 1166
0.00854297 1181
0.00857493 1196
0.00861512 1211
0.0086684 1225
0.00871893 1243
0.00875377 1256
0.00878855 1267
0.00882072 1278
0.00885438 1288
0.00888751 1297
0.00892171 1306
0.00896297 1316
0.00899778 1325
0.00902984 1333
0.00906405 1341
0.00909794 1349
0.00913253 1357
0.00916399 1365
0.00919701 1372
0.00925883 1385
0.00932154 1392
0.00937383 1402
0.0094199 1411
0.00946163 1418
0.00950082 1429
0.00953548 1435
0.00957028 1449
0.00960278 1454
0.00963242 1459
0.00966741 1465
0.00970114 1484
0.00973344 1491
0.00976376 1495
0.00979089 1499
0.009823 1503
0.0098553 1516
0.00991812 1528
0.00997563 1537
0.0100242 1541
0.0100721 1544
0.0101154 1548
0.0101499 1559
0.0101864 1566
0.0102236 1571
0.0102586 1582
0.0102943 1584
0.0103283 1596
0.0103609 1604
0.0103954 1606
0.0104277 1612
0.0104576 1614
0.0104894 1616
0.0105182 1617
0.0105489 1618
0.0106473 1620
0.0106786 1628
0.0107123 1632
0.0108089 1641
0.0109715 1646
0.0110014 1649
0.0110347 1650
0.0122429 1651
0.0122754 1652
0.0124008 1661
0.0124335 1663
0.0124716 1664
0.0125879 1679
0.0126308 1687
0.0126675 1688
0.0127024 1689
0.0127681 1692
0.0128018 1694
0.0131857 1696
0.0132562 1700
0.013298 1701
0.0133336 1702
0.0133969 1704
0.0134656 1705
0.0135332 1709
0.0146133 1712
0.0146488 1714
0.0146837 1716
0.0147167 1717
0.0147459 1718
0.0149008 1720
0.0149334 1723
0.015222 1724
0.0152594 1726
0.0170425 1728
0.017083 1733
0.0171177 1735
0.0171539 1737
0.0171885 1740
0.0172223 1742
0.0173527 1743
0.0174216 1747
0.0180117 1749
0.0180461 1752
0.0180784 1754
0.0181111 1755
0.0181417 1756
0.0181724 1767
0.0186826 1768
0.0187158 1770
0.0187456 1771
0.0198145 1772
0.0224751 1775
0.0225397 1776
0.0231449 1777
0.0245711 1779
0.0246039 1783
0.0246377 1784
0.0248957 1785
0.0249281 1786
0.030072 1790
0.0306038 1792
0.0309545 1793
0.0322866 1796
0.0323278 1806
2 1806
