633 0.600138
630 0.600125
683 0.600084
685 0.600127
681 0.60012
678 0.600121
687 0.600146
680 0.600133
693 0.60011
656 0.600121
432 0.600125
467 0.600172
462 0.600078
459 0.600098
492 0.600151
495 0.600095
456 0.600079
486 0.600085
463 0.600112
468 0.600088
827 0.600116
860 0.600104
835 0.600102
835 0.600089
830 0.600106
827 0.600088
826 0.600115
864 0.600079
845 0.60009
864 0.600102
782 0.600106
797 0.600144
732 0.600095
816 0.600111
778 0.600106
778 0.6001
821 0.600088
799 0.600109
778 0.600115
727 0.60011
664 0.600181
684 0.600135
677 0.600153
690 0.600109
667 0.600145
648 0.600124
669 0.600138
682 0.600166
681 0.600694
713 0.600112
434 0.600098
456 0.600083
438 0.600083
421 0.600087
497 0.600084
475 0.600082
463 0.600084
467 0.600082
463 0.600114
463 0.600088
805 0.600101
854 0.600151
831 0.600136
862 0.600088
801 0.600165
835 0.600117
787 0.600106
854 0.600103
859 0.600105
825 0.600116
728 0.600197
810 0.600106
789 0.600119
799 0.60012
765 0.600095
804 0.60008
746 0.6001
816 0.600135
752 0.600099
713 0.600093
668 0.600134
677 0.600134
690 0.600117
651 0.600117
684 0.60013
701 0.600323
642 0.60012
680 0.600116
671 0.600101
638 0.600102
439 0.600096
449 0.60008
473 0.600093
454 0.60011
492 0.600092
473 0.600119
463 0.6001
477 0.600089
468 0.600109
455 0.600126
847 0.600085
850 0.600142
836 0.60019
853 0.600092
824 0.600124
825 0.600104
810 0.600089
853 0.600125
833 0.600088
822 0.600091
756 0.60012
769 0.600105
789 0.60012
832 0.600104
778 0.600131
787 0.600343
788 0.600099
804 0.600092
757 0.600146
783 0.600086
667 0.600134
697 0.600092
700 0.600096
699 0.600133
673 0.600227
699 0.6001
668 0.600102
638 0.600152
639 0.600137
675 0.600117
427 0.600117
449 0.600109
473 0.60011
459 0.600123
497 0.600113
438 0.600112
460 0.600157
483 0.600119
463 0.600095
433 0.600167
849 0.600103
885 0.600127
857 0.600099
797 0.600111
836 0.600125
870 0.600129
826 0.600117
816 0.60011
856 0.600098
823 0.600119
792 0.600099
795 0.600085
716 0.600111
779 0.600131
781 0.600105
800 0.600114
789 0.600106
764 0.600088
751 0.600099
733 0.600111
670 0.600124
658 0.600108
675 0.600111
683 0.600096
721 0.600185
691 0.600118
649 0.600119
647 0.600155
645 0.600115
668 0.600135
432 0.600101
468 0.600101
436 0.600129
469 0.600126
465 0.600176
477 0.600119
463 0.600118
463 0.600102
434 0.600115
471 0.600102
804 0.600117
843 0.600088
827 0.600088
855 0.600106
837 0.600108
827 0.600102
803 0.600187
805 0.6001
834 0.600157
794 0.600105
782 0.600078
783 0.600073
822 0.60019
826 0.600109
785 0.600097
780 0.600098
771 0.600086
800 0.600094
718 0.600105
765 0.600106
704 0.600127
639 0.600095
679 0.600105
647 0.600091
679 0.600096
679 0.600112
708 0.600107
670 0.600114
692 0.600116
706 0.600091
439 0.60014
451 0.600107
456 0.600078
465 0.600104
470 0.600097
495 0.600102
447 0.600126
488 0.600104
435 0.600092
471 0.6001
837 0.600092
836 0.600102
802 0.600089
865 0.600099
853 0.600117
865 0.600097
790 0.600086
811 0.600101
855 0.600113
801 0.600103
748 0.600117
779 0.600129
780 0.600118
812 0.600093
753 0.600105
801 0.600089
796 0.600114
801 0.600085
718 0.600093
751 0.600135
660 0.60009
725 0.600107
686 0.600097
703 0.600088
695 0.600078
677 0.600093
665 0.600108
646 0.600119
721 0.600102
713 0.600104
425 0.600093
432 0.600097
466 0.600096
429 0.600089
491 0.6001
466 0.600085
460 0.600131
483 0.600095
440 0.6001
435 0.600094
817 0.600211
859 0.600078
853 0.600098
856 0.600111
835 0.600144
880 0.600106
814 0.600095
794 0.600099
833 0.600102
812 0.600094
778 0.600085
776 0.600155
766 0.600095
840 0.600091
768 0.600101
812 0.600093
767 0.600087
803 0.600115
751 0.600081
795 0.600115
661 0.600102
696 0.600108
663 0.60008
707 0.600102
676 0.600106
680 0.600085
708 0.600112
620 0.600126
671 0.60011
685 0.600108
425 0.600092
451 0.600132
439 0.600093
461 0.600094
489 0.60008
470 0.600082
450 0.600102
488 0.600096
442 0.600088
447 0.6001
788 0.600079
883 0.600177
806 0.600099
885 0.600114
853 0.60012
852 0.6001
844 0.600098
816 0.600093
802 0.600099
859 0.600104
750 0.60011
806 0.600072
766 0.600094
784 0.60008
768 0.600108
788 0.600135
775 0.600099
792 0.600075
737 0.600106
767 0.600106
670 0.60008
663 0.600106
679 0.60008
682 0.600112
646 0.600105
678 0.600104
665 0.600084
665 0.600107
692 0.600094
662 0.600148
428 0.600198
467 0.600107
468 0.600109
465 0.600106
474 0.600138
473 0.600104
466 0.600106
485 0.600083
468 0.600127
455 0.600088
873 0.600088
868 0.600091
816 0.60011
851 0.600096
835 0.600101
825 0.600083
804 0.600182
821 0.600113
864 0.60011
850 0.600115
786 0.600099
792 0.600094
761 0.600102
841 0.600098
745 0.600081
750 0.600103
752 0.6001
781 0.600099
753 0.600108
781 0.60011
678 0.600128
671 0.600109
699 0.600079
707 0.600096
713 0.600085
660 0.600099
693 0.60012
666 0.600107
646 0.600083
685 0.600094
439 0.600093
446 0.600078
450 0.600097
459 0.600098
487 0.600088
478 0.60029
460 0.600078
476 0.600091
468 0.600103
449 0.600096
854 0.600148
849 0.600125
813 0.6001
835 0.600091
822 0.600102
821 0.600086
790 0.600101
803 0.600093
845 0.600085
845 0.600256
811 0.600094
798 0.600106
746 0.600094
811 0.600102
739 0.600093
814 0.600086
751 0.600079
814 0.6001
755 0.600107
779 0.600101
686 0.600125
692 0.600105
711 0.600109
698 0.600081
693 0.600101
705 0.600105
699 0.600126
654 0.600107
688 0.600085
667 0.60011
436 0.6001
463 0.600092
473 0.600103
464 0.600074
487 0.600079
473 0.600097
460 0.60009
476 0.6001
468 0.600089
471 0.600108
810 0.600115
850 0.600098
826 0.600159
865 0.600086
834 0.600121
816 0.600109
819 0.600089
858 0.600092
826 0.600106
832 0.600091
745 0.600105
773 0.600114
800 0.600107
795 0.600098
797 0.600098
774 0.600117
769 0.600103
811 0.600085
750 0.600098
755 0.600099
668 0.600122
705 0.600132
696 0.600175
703 0.600118
703 0.600097
677 0.6001
659 0.600093
644 0.600141
652 0.60009
663 0.600129
396 0.600096
446 0.600118
465 0.600092
452 0.600172
473 0.600096
495 0.600088
460 0.600096
466 0.600076
463 0.600136
463 0.600089
815 0.600086
852 0.600098
838 0.600113
877 0.600211
799 0.600109
825 0.600102
812 0.6001
818 0.600121
834 0.600118
783 0.600097
718 0.600081
760 0.600113
813 0.60008
812 0.600111
735 0.600094
796 0.600077
779 0.600116
799 0.600097
754 0.600101
737 0.600136
687 0.600097
660 0.600102
708 0.600081
721 0.600107
660 0.600106
651 0.600108
662 0.600118
660 0.600103
689 0.600095
717 0.600104
424 0.600085
454 0.600101
460 0.600093
462 0.600104
479 0.600087
485 0.600093
460 0.600078
467 0.6001
463 0.600098
458 0.600075
804 0.600135
876 0.600175
825 0.600146
825 0.600115
839 0.600109
785 0.600081
826 0.600096
837 0.600087
840 0.600109
843 0.600137
807 0.600098
775 0.600084
811 0.600097
791 0.600125
773 0.600135
752 0.600143
776 0.600144
768 0.60012
760 0.600141
736 0.600101
690 0.600107
703 0.600083
703 0.600112
687 0.600079
669 0.600151
700 0.600108
701 0.600109
683 0.600102
694 0.600096
669 0.600106
432 0.60008
463 0.600133
458 0.600099
460 0.600105
477 0.600098
469 0.600102
463 0.600088
483 0.600093
427 0.600081
452 0.600095
823 0.600099
853 0.600095
837 0.600154
875 0.600096
815 0.600101
796 0.600103
825 0.600118
807 0.600104
854 0.600107
813 0.600085
774 0.600078
805 0.600093
801 0.600102
812 0.600135
767 0.600088
800 0.600074
787 0.600095
799 0.600108
770 0.600098
763 0.600106
661 0.600117
673 0.600099
691 0.600096
647 0.600109
661 0.600106
654 0.600104
656 0.600134
673 0.600129
683 0.600098
670 0.600109
433 0.600117
449 0.600091
468 0.600095
437 0.600114
468 0.600112
495 0.600097
455 0.600084
472 0.600104
429 0.60011
440 0.600095
792 0.600104
861 0.600097
822 0.6001
865 0.600096
803 0.600117
856 0.600081
831 0.600092
799 0.600083
855 0.600106
845 0.600135
804 0.600097
815 0.600099
790 0.6001
811 0.600119
752 0.600089
758 0.6001
787 0.600084
833 0.600097
766 0.600097
769 0.600093
674 0.600135
679 0.600105
645 0.600105
643 0.6001
667 0.600109
667 0.60011
666 0.600111
664 0.600081
690 0.600114
690 0.600108
415 0.600106
463 0.600091
467 0.6001
453 0.600089
478 0.600089
473 0.600086
444 0.600102
474 0.600083
463 0.600126
453 0.600097
797 0.600091
872 0.600104
844 0.600109
845 0.600095
845 0.600089
873 0.600109
825 0.600148
877 0.600117
848 0.600104
882 0.600125
795 0.600084
757 0.600094
783 0.600102
823 0.600098
747 0.600127
796 0.600104
775 0.600087
775 0.600083
766 0.600086
759 0.600097
649 0.600094
703 0.600102
663 0.600079
712 0.600116
682 0.600106
679 0.600087
652 0.600111
640 0.600123
664 0.600102
675 0.600124
432 0.600086
467 0.600094
465 0.600139
457 0.600084
497 0.600089
495 0.600114
466 0.600104
466 0.600097
450 0.600161
452 0.600073
795 0.600105
883 0.600114
852 0.600116
853 0.6001
795 0.600108
827 0.600118
759 0.60011
854 0.600118
855 0.600097
843 0.600132
791 0.600091
756 0.600076
780 0.60009
808 0.600348
778 0.600084
763 0.600084
799 0.600085
782 0.600086
748 0.600105
751 0.600077
688 0.600132
666 0.600095
690 0.600124
671 0.60018
711 0.600109
669 0.600118
675 0.600116
692 0.60013
667 0.600129
698 0.600101
424 0.60012
454 0.600156
453 0.60015
464 0.600087
482 0.600095
495 0.600119
460 0.600092
486 0.600097
450 0.600082
462 0.600098
825 0.600097
857 0.600092
792 0.600096
866 0.600101
841 0.60012
877 0.600103
794 0.600103
839 0.600079
818 0.60011
905 0.600078
721 0.600182
773 0.600125
798 0.600113
808 0.600195
738 0.600168
779 0.600099
795 0.600111
818 0.600126
748 0.600092
773 0.600149
650 0.600103
687 0.600116
678 0.600105
669 0.600097
671 0.600102
682 0.600091
665 0.600117
621 0.600113
702 0.600101
727 0.600111
439 0.600093
460 0.600094
470 0.600114
458 0.60008
474 0.600116
495 0.600089
450 0.60012
488 0.600094
468 0.60012
458 0.600115
844 0.600109
886 0.6001
827 0.600095
863 0.600105
874 0.600112
853 0.600082
821 0.600117
857 0.600103
842 0.600103
839 0.600109
767 0.600101
741 0.600078
773 0.600095
842 0.600104
723 0.600117
794 0.600097
800 0.600098
782 0.600097
740 0.600109
761 0.600094
669 0.600083
703 0.600103
660 0.600137
638 0.600108
729 0.600095
682 0.600085
664 0.600121
653 0.600109
663 0.600109
662 0.600099
423 0.60009
440 0.600161
452 0.600115
463 0.600113
476 0.600079
467 0.600083
449 0.600077
484 0.6001
458 0.600121
447 0.600084
753 0.600098
830 0.600099
828 0.600107
855 0.60009
834 0.600103
838 0.600094
830 0.600127
836 0.600099
815 0.600125
840 0.600097
759 0.600101
779 0.600079
766 0.600127
797 0.600104
742 0.600079
774 0.60011
793 0.600091
800 0.600105
697 0.600109
754 0.600096
679 0.600106
660 0.600077
693 0.600099
690 0.600092
651 0.600164
699 0.600108
708 0.600103
695 0.600106
670 0.600106
637 0.600094
415 0.600088
460 0.600097
466 0.600093
459 0.600129
491 0.600098
469 0.600113
460 0.600099
487 0.600091
426 0.600094
441 0.6001
834 0.600102
876 0.60009
837 0.600107
874 0.600112
821 0.60016
884 0.600098
874 0.600103
809 0.600087
782 0.600112
869 0.600098
769 0.600091
835 0.600103
792 0.600094
779 0.600094
768 0.600106
800 0.60011
792 0.600082
784 0.600096
737 0.600077
747 0.600176
651 0.600082
665 0.600153
683 0.600105
672 0.600088
690 0.600101
679 0.600099
671 0.600138
653 0.600116
669 0.600083
682 0.600115
433 0.600158
452 0.6001
453 0.600103
469 0.600095
473 0.60008
468 0.600145
456 0.600094
488 0.600088
468 0.600122
458 0.600099
782 0.600102
905 0.600098
819 0.600125
836 0.600081
827 0.60012
836 0.600081
823 0.600097
824 0.600106
874 0.600118
848 0.600108
744 0.600097
757 0.600097
772 0.600097
790 0.600094
735 0.600088
786 0.600115
778 0.600144
790 0.600098
689 0.600097
773 0.600125
672 0.600094
680 0.600083
684 0.600108
685 0.600105
673 0.600099
679 0.600092
668 0.600104
665 0.60011
684 0.600112
676 0.600088
422 0.600088
467 0.600096
461 0.600076
448 0.600096
480 0.600085
495 0.600099
455 0.600098
474 0.600094
468 0.60008
468 0.600091
879 0.6001
872 0.600086
815 0.600114
855 0.600111
832 0.600116
877 0.600111
822 0.600103
837 0.60013
841 0.600118
816 0.600079
783 0.600074
778 0.600101
781 0.600115
813 0.600104
766 0.600138
779 0.60008
777 0.600116
817 0.600098
774 0.600096
745 0.600126
696 0.600102
696 0.600096
684 0.600079
699 0.600104
691 0.600104
686 0.600077
667 0.600108
675 0.600104
668 0.6001
686 0.600154
432 0.600093
460 0.60009
467 0.600103
460 0.60008
498 0.600085
476 0.600102
455 0.60009
486 0.600092
426 0.600106
462 0.600074
845 0.600087
846 0.600112
784 0.600096
874 0.600102
810 0.60011
829 0.600098
793 0.600097
834 0.600104
833 0.600095
844 0.600109
748 0.600088
801 0.600082
799 0.600112
791 0.600097
782 0.600097
746 0.600081
786 0.600095
835 0.600078
785 0.600082
734 0.600074
688 0.600103
700 0.600102
686 0.600091
677 0.600095
706 0.600104
643 0.60009
684 0.600152
655 0.600079
687 0.600097
667 0.6001
439 0.600093
443 0.600129
469 0.600102
441 0.600086
481 0.600099
480 0.60012
442 0.600115
483 0.600104
468 0.600088
433 0.600086
826 0.600088
838 0.600091
817 0.600086
847 0.600133
830 0.600101
883 0.600101
825 0.600106
817 0.600102
854 0.600109
865 0.600095
767 0.600095
775 0.60011
748 0.600109
814 0.600079
762 0.600096
784 0.600112
802 0.600096
802 0.600097
743 0.600104
762 0.600099
671 0.600098
689 0.60008
661 0.60013
688 0.600106
724 0.600106
672 0.600125
645 0.60011
678 0.600126
665 0.600094
683 0.600101
430 0.600093
457 0.600098
468 0.600086
459 0.600103
486 0.600116
495 0.6001
466 0.600098
488 0.600099
454 0.600074
437 0.600101
846 0.600103
898 0.600129
782 0.600105
836 0.600101
841 0.600089
847 0.600143
820 0.600084
826 0.600084
830 0.600099
834 0.600093
751 0.600076
767 0.600103
818 0.600099
801 0.600121
762 0.600103
790 0.600077
796 0.600121
842 0.600114
755 0.600089
760 0.600102
690 0.600085
705 0.600096
683 0.600106
707 0.6001
677 0.600107
682 0.60011
688 0.600079
618 0.600109
672 0.600101
688 0.60009
432 0.600083
466 0.600104
465 0.600112
454 0.600105
478 0.600092
495 0.600079
466 0.600095
488 0.600075
468 0.600094
468 0.600102
847 0.600114
845 0.600104
824 0.60012
875 0.600111
855 0.600104
853 0.600098
851 0.600077
895 0.600101
846 0.600112
825 0.600096
790 0.600091
780 0.600111
806 0.600096
812 0.600114
780 0.6001
793 0.60008
770 0.600097
795 0.600101
786 0.600098
721 0.600097
684 0.600119
687 0.600112
694 0.600122
706 0.600102
704 0.600106
699 0.600083
681 0.600108
696 0.600379
706 0.60011
667 0.600103
422 0.600096
460 0.600077
470 0.600118
457 0.600135
492 0.600115
480 0.600102
455 0.600115
483 0.600088
463 0.600113
430 0.600122
855 0.600078
833 0.600182
775 0.600088
843 0.6001
840 0.600156
803 0.600107
794 0.600112
808 0.600112
825 0.600095
866 0.600094
804 0.600097
802 0.600085
778 0.600102
803 0.600099
772 0.6001
800 0.600099
774 0.600112
791 0.600084
752 0.600112
774 0.600108
661 0.600111
671 0.6001
678 0.600071
698 0.600099
654 0.600081
736 0.600105
659 0.600105
701 0.600107
682 0.600096
712 0.600108
427 0.60008
467 0.6001
466 0.600091
445 0.600079
497 0.600108
452 0.600115
466 0.600095
484 0.600095
468 0.600104
471 0.600084
841 0.600097
863 0.600086
824 0.6001
895 0.600121
814 0.600106
850 0.600094
794 0.600102
812 0.600079
805 0.600113
821 0.600102
802 0.600085
787 0.600081
760 0.600091
804 0.600101
759 0.600102
818 0.600107
754 0.600075
809 0.600096
731 0.600133
749 0.60008
669 0.600254
675 0.600076
701 0.600116
667 0.600109
702 0.600117
679 0.600104
691 0.60011
672 0.600154
658 0.600122
680 0.60017
413 0.600106
465 0.600099
469 0.600097
446 0.600089
484 0.600102
495 0.600101
463 0.600078
470 0.600093
449 0.600083
455 0.600098
848 0.6001
853 0.600134
835 0.600108
849 0.600099
788 0.600132
827 0.600095
838 0.6001
814 0.600085
854 0.600125
822 0.600098
773 0.600109
764 0.600107
745 0.600095
828 0.600094
764 0.60011
811 0.600094
778 0.600079
812 0.600109
713 0.600103
774 0.600094
