0 -20993
5.6e-08 -20659
7.948e-06 -20333
1.1928e-05 -20014
2.3781e-05 -19702
3.7488e-05 -19393
5.0427e-05 -19087
7.5004e-05 -18786
9.2755e-05 -18485
0.000103653 -18185
0.000111499 -17897
0.00011941 -17613
0.000127977 -17337
0.000136029 -17062
0.000144259 -16790
0.000152835 -16520
0.000161889 -16252
0.000170109 -15989
0.000178339 -15734
0.00018728 -15483
0.000196324 -15234
0.000204638 -14989
0.000212812 -14744
0.000221716 -14510
0.000229646 -14276
0.000238437 -14045
0.000246939 -13818
0.000255271 -13593
0.000263239 -13371
0.000272948 -13149
0.000281281 -12929
0.00028967 -12711
0.000298021 -12493
0.000307309 -12277
0.000315988 -12062
0.000324957 -11849
0.00033608 -11636
0.000350236 -11424
0.000360133 -11214
0.000371359 -11010
0.000382725 -10810
0.000393314 -10614
0.00040292 -10419
0.000411927 -10224
0.000422001 -10029
0.00043157 -9838
0.000439781 -9648
0.000448179 -9460
0.000456717 -9272
0.000465687 -9085
0.000474647 -8901
0.00048342 -8718
0.000491827 -8536
0.000501152 -8359
0.000509504 -8183
0.00051955 -8009
0.000527696 -7836
0.000537414 -7663
0.000548134 -7491
0.00055774 -7320
0.000567103 -7151
0.000576138 -6983
0.000586362 -6816
0.000596061 -6652
0.00060534 -6494
0.000615302 -6336
0.000625394 -6179
0.000635497 -6022
0.000646151 -5867
0.000655804 -5712
0.000666009 -5558
0.000675606 -5410
0.0006851 -5263
0.000695942 -5117
0.000706653 -4976
0.000717691 -4835
0.000729947 -4697
0.000740339 -4559
0.000751752 -4423
0.000762388 -4292
0.00077602 -4162
0.000786553 -4034
0.000800363 -3907
0.000812497 -3781
0.000824771 -3656
0.000838225 -3533
0.000851024 -3410
0.000862493 -3288
0.00087517 -3169
0.000885366 -3052
0.000898193 -2935
0.000911479 -2819
0.000926852 -2708
0.000940437 -2598
0.000954612 -2492
0.000968534 -2387
0.000983543 -2282
0.000995733 -2181
0.0010072 -2084
0.00102168 -1989
0.00103298 -1898
0.00104574 -1808
0.0010574 -1722
0.0010706 -1639
0.0010855 -1558
0.00110052 -1479
0.00111687 -1400
0.00113199 -1321
0.00114775 -1243
0.00116263 -1165
0.0011809 -1089
0.00119795 -1021
0.00121649 -953
0.00123321 -887
0.00124832 -822
0.00126297 -757
0.00127877 -695
0.00129294 -637
0.00130849 -580
0.00132658 -524
0.00134292 -469
0.0013599 -417
0.00137474 -366
0.00139188 -319
0.00140849 -273
0.001425 -228
0.00144108 -185
0.0014568 -142
0.0014726 -100
0.00149026 -61
0.00150497 -29
0.00151975 2
0.00153523 32
0.00154825 61
0.00156277 89
0.00157648 113
0.00158926 133
0.00160309 152
0.00161631 170
0.00163099 188
0.00164525 205
0.00165878 227
0.00167289 243
0.00168514 258
0.00169878 274
0.00171302 289
0.00172621 303
0.00174107 317
0.00175367 331
0.0017666 342
0.00178024 357
0.00179234 367
0.00180329 384
0.0018142 395
0.00182905 413
0.00184355 427
0.00185819 444
0.00187144 462
0.0018847 477
0.0018996 488
0.0019136 494
0.00192673 499
0.00194991 510
0.00197839 513
0.00199914 519
0.00201247 526
0.00202773 530
0.00204521 537
0.00205943 541
0.00207478 544
0.00208726 546
0.00210003 547
0.0021139 551
0.00213002 552
0.00214608 555
0.00216194 558
0.00217474 559
0.00220376 564
0.00223223 568
0.00225967 571
0.00227881 575
0.00229446 577
0.00230882 579
0.00232012 580
0.0023338 588
0.00236252 591
0.00237831 593
0.00239411 594
0.00240946 595
0.00244293 596
0.00249658 606
0.00251162 614
0.00253197 622
0.00254652 625
0.00255836 627
0.00257165 633
0.00258438 637
0.00259952 643
0.00261385 646
0.00262933 652
0.00264319 655
0.00265414 662
0.00266898 666
0.00268129 668
0.00271052 670
0.00284117 685
0.00285347 688
0.00286775 693
0.00288104 703
0.00308566 704
0.003099 707
0.00311101 713
0.00455315 715
0.00457913 719
0.00508293 722
0.0050983 723
0.0059071 724
0.00623349 732
0.00732474 740
0.00740946 744
0.00742261 747
0.00743427 750
0.00744526 753
0.0074561 758
0.00749789 761
0.00751112 764
0.00752719 765
0.00769847 770
0.008759 772
0.00877404 781
0.00878592 782
0.00880077 783
0.00881598 794
0.00882966 805
0.00884406 811
0.00889008 838
2 838
