0 -8459
5.6e-08 -8206
3.618e-06 -7988
5.553e-06 -7790
8.889e-06 -7592
1.3982e-05 -7400
1.9592e-05 -7225
2.4526e-05 -7052
3.0361e-05 -6882
3.629e-05 -6712
4.0152e-05 -6544
4.4071e-05 -6377
4.8563e-05 -6210
5.2293e-05 -6045
5.6503e-05 -5885
6.0731e-05 -5725
6.4735e-05 -5565
6.8841e-05 -5407
7.2788e-05 -5253
7.6697e-05 -5101
8.1677e-05 -4950
8.568e-05 -4800
8.9514e-05 -4652
9.3564e-05 -4506
0.000102294 -4362
0.000106663 -4224
0.000110525 -4087
0.000115759 -3951
0.000120138 -3815
0.000124987 -3682
0.000129074 -3549
0.000133359 -3419
0.000137729 -3291
0.000142239 -3164
0.000146346 -3037
0.000151721 -2916
0.000157584 -2797
0.000163316 -2678
0.000168137 -2561
0.000172469 -2448
0.000178145 -2337
0.000183576 -2227
0.000188613 -2120
0.000194608 -2017
0.000199889 -1915
0.00020455 -1815
0.00020984 -1716
0.000214266 -1618
0.000219848 -1522
0.000224574 -1428
0.000230447 -1342
0.00023524 -1257
0.000241564 -1172
0.000248771 -1088
0.000257256 -1010
0.00026483 -935
0.000269998 -861
0.0002759 -788
0.000282008 -717
0.000287777 -653
0.000294299 -591
0.000302117 -530
0.000310818 -470
0.00031905 -410
0.000327751 -351
0.000335701 -298
0.000342965 -247
0.000350529 -203
0.000359973 -159
0.000369332 -116
0.000379603 -82
0.000389535 -48
0.000400981 -16
0.000411129 14
0.000421729 44
0.000432356 72
0.000442843 96
0.000464973 118
0.000484105 134
0.000496414 150
0.00050802 165
0.000520884 187
0.000531822 194
0.000544009 201
0.000553876 213
0.000565481 223
0.000574417 237
0.00058466 241
0.00059744 245
0.000606752 260
0.000616816 264
0.00062594 271
0.000636906 281
0.000647703 291
0.00065803 301
0.000666562 311
0.000676241 321
0.000687151 326
0.000695899 335
0.000706471 344
0.000716864 353
0.000728666 360
0.000738288 365
0.000748559 370
0.00075556 373
0.000765671 376
0.000774973 379
0.00078609 385
0.000796154 387
0.000808069 389
0.0008294 392
0.000854555 394
0.000892762 396
0.000904461 399
0.000912505 400
0.000924364 402
0.000970822 403
0.00102475 409
0.00103914 414
0.00106674 421
0.00110248 428
0.00111102 430
0.00117322 438
0.00118326 440
0.00154304 442
0.00154967 444
0.00156923 452
0.00158146 454
0.0015847 456
0.00192504 461
0.00192728 468
2 468
