0 -10474
4.7e-08 -10201
2.8971e-05 -9966
4.7286e-05 -9740
0.000106888 -9517
0.000161834 -9296
0.00023457 -9076
0.000285123 -8860
0.000325293 -8647
0.000393541 -8437
0.000416682 -8230
0.000441306 -8034
0.000474979 -7841
0.000501987 -7656
0.000525447 -7477
0.000547687 -7299
0.000579267 -7125
0.000607721 -6957
0.000633528 -6789
0.00065955 -6622
0.000684503 -6457
0.000707493 -6294
0.000734239 -6137
0.000760383 -5986
0.000786002 -5836
0.000813508 -5689
0.000840638 -5544
0.000864183 -5399
0.000891351 -5256
0.000914069 -5117
0.000938195 -4985
0.000958022 -4853
0.000979426 -4723
0.00100428 -4593
0.00102992 -4464
0.00105742 -4335
0.00108501 -4206
0.00111061 -4078
0.00113234 -3958
0.0011575 -3843
0.00118463 -3729
0.00121059 -3615
0.00123362 -3504
0.00125887 -3393
0.00128235 -3287
0.00130497 -3182
0.00132883 -3079
0.00135442 -2978
0.00137444 -2877
0.00139675 -2779
0.00142687 -2684
0.00146098 -2589
0.00151449 -2496
0.00154935 -2403
0.00157691 -2315
0.00160049 -2228
0.00162556 -2141
0.00165525 -2058
0.00168007 -1975
0.00170134 -1893
0.00172208 -1812
0.001748 -1731
0.00177177 -1652
0.00179371 -1574
0.00181561 -1496
0.00183921 -1420
0.00186168 -1345
0.00188302 -1271
0.00190272 -1197
0.0019259 -1128
0.0019452 -1061
0.00196605 -996
0.00198783 -932
0.00200649 -875
0.00202735 -818
0.00204957 -762
0.00206933 -706
0.00208928 -650
0.00210942 -594
0.00213172 -540
0.0021503 -487
0.00217398 -435
0.00219496 -385
0.00221298 -335
0.00223484 -286
0.00225616 -238
0.00227966 -191
0.00230116 -144
0.0023245 -98
0.00234731 -53
0.00236932 -9
0.00239173 34
0.00241007 75
0.00243467 113
0.00245552 150
0.00248033 185
0.00250285 219
0.0025218 253
0.00254127 286
0.00258464 319
0.00263165 351
0.00266408 383
0.0026907 413
0.00271234 440
0.00273719 466
0.00275755 493
0.00278071 519
0.00280438 544
0.00282443 567
0.00284547 589
0.00286707 611
0.00289082 636
0.00291448 657
0.0029357 678
0.00295721 702
0.00297543 723
0.00299428 742
0.00301547 761
0.00303581 780
0.00305551 798
0.00307637 819
0.00310121 836
0.00312177 853
0.00314137 870
0.00316038 887
0.0031823 909
0.00320119 925
0.00322387 941
0.0032439 956
0.00327289 973
0.00329285 994
0.00331725 1009
0.00334867 1024
0.00337245 1039
0.00339365 1059
0.00344399 1077
0.00348135 1091
0.00350624 1112
0.00353501 1128
0.00356023 1142
0.00358165 1158
0.00360548 1172
0.00362649 1186
0.00364786 1202
0.00366676 1219
0.00368738 1237
0.00370924 1254
0.00373201 1268
0.00375459 1285
0.00377679 1303
0.00380221 1320
0.00382658 1335
0.00384726 1350
0.00386806 1365
0.00389729 1376
0.00392903 1394
0.00396441 1404
0.0039722 1412
0.00398654 1423
0.00400693 1431
0.00401293 1439
0.00402651 1452
0.0040482 1468
0.00405625 1476
0.00406359 1483
0.00407631 1497
0.00409459 1510
0.00410088 1517
0.00411157 1524
0.00412176 1530
0.00412611 1536
0.00413172 1539
0.00413768 1542
0.00414442 1545
0.00415098 1559
0.00416661 1561
0.00417139 1563
0.00417552 1564
0.00419078 1577
0.00422674 1582
0.00423793 1589
0.00424789 1595
0.00425083 1600
0.00436605 1602
0.0043719 1604
0.00437484 1605
0.00445018 1607
0.00445265 1608
0.00450921 1610
0.00451161 1613
0.00451719 1614
0.00451946 1617
0.00452821 1620
0.00454354 1621
0.00461588 1631
0.00463697 1633
0.00464197 1641
0.00466822 1642
0.00477869 1643
0.00515935 1655
0.00517617 1656
0.00525523 1657
0.00526097 1661
0.0055913 1662
0.0055948 1664
0.00559832 1665
0.00560482 1667
0.0056156 1670
0.00580415 1671
0.00730414 1677
0.0077568 1683
0.00783117 1684
0.0078501 1685
0.00785992 1687
0.00786475 1692
0.00848631 1693
0.00848929 1694
0.00871089 1696
2 1696
