0 -32639
4.7e-08 -32252
1.102e-05 -31890
2.0204e-05 -31532
3.7394e-05 -31191
5.0652e-05 -30859
6.2992e-05 -30529
8.0312e-05 -30207
0.000107979 -29889
0.000126508 -29574
0.000142218 -29262
0.000155916 -28950
0.000195229 -28641
0.000215658 -28336
0.000230891 -28035
0.000245385 -27735
0.00026161 -27435
0.000281581 -27138
0.000310998 -26842
0.000332541 -26547
0.000347194 -26255
0.000361378 -25963
0.000376621 -25672
0.000391442 -25384
0.000406984 -25098
0.000421542 -24814
0.000436064 -24534
0.000450941 -24255
0.000466155 -23980
0.000481285 -23705
0.000518062 -23433
0.000538454 -23161
0.000556065 -22893
0.000571223 -22626
0.000586914 -22360
0.000601745 -22096
0.000617034 -21833
0.000632286 -21575
0.000647191 -21318
0.000661862 -21063
0.000676487 -20808
0.000692469 -20555
0.000706999 -20303
0.000721521 -20054
0.000760226 -19806
0.000780562 -19558
0.000796141 -19311
0.000811842 -19064
0.000828011 -18818
0.000843853 -18573
0.0008599 -18331
0.000873645 -18090
0.000888438 -17852
0.000905768 -17614
0.000921488 -17376
0.00093835 -17139
0.000953817 -16906
0.000969846 -16674
0.000985771 -16444
0.00100363 -16215
0.00102028 -15987
0.00103714 -15760
0.00105428 -15534
0.00107033 -15309
0.00108677 -15085
0.00110282 -14863
0.00111829 -14642
0.00113557 -14422
0.00115069 -14203
0.00116827 -13987
0.00118545 -13772
0.00120052 -13562
0.00121686 -13355
0.00123338 -13151
0.00125029 -12947
0.0012669 -12743
0.00128483 -12540
0.00130156 -12338
0.00131755 -12136
0.00133344 -11935
0.00135136 -11734
0.00136832 -11533
0.00138433 -11333
0.00140142 -11133
0.00141822 -10934
0.00143433 -10735
0.00145096 -10537
0.00146856 -10341
0.00148739 -10145
0.00150349 -9951
0.00152103 -9762
0.00153986 -9575
0.00155908 -9390
0.00157465 -9206
0.00159258 -9024
0.00161255 -8844
0.00163248 -8666
0.00165311 -8490
0.00167157 -8316
0.00168909 -8146
0.001707 -7977
0.0017239 -7809
0.00174041 -7644
0.00176196 -7480
0.00177969 -7316
0.00180105 -7152
0.00182039 -6990
0.00184227 -6829
0.00186281 -6671
0.00188386 -6515
0.00190245 -6359
0.00192165 -6204
0.0019385 -6049
0.00195765 -5895
0.0019783 -5747
0.0020006 -5600
0.00202469 -5454
0.0020706 -5311
0.00210958 -5169
0.00213927 -5029
0.00216444 -4890
0.00219173 -4751
0.00221459 -4612
0.00223764 -4476
0.0022651 -4344
0.0022912 -4215
0.00231672 -4089
0.00234112 -3963
0.00236875 -3839
0.00240006 -3716
0.00242438 -3594
0.00245001 -3472
0.00247297 -3352
0.00250198 -3234
0.00253637 -3118
0.00257172 -3003
0.00260045 -2888
0.00262975 -2774
0.00266021 -2662
0.00268806 -2551
0.00272165 -2442
0.00275405 -2335
0.00278992 -2231
0.00282191 -2130
0.00285612 -2029
0.00289193 -1931
0.00292383 -1835
0.00295787 -1740
0.00299544 -1646
0.00303045 -1554
0.00306195 -1464
0.0030945 -1375
0.00313666 -1288
0.00317026 -1206
0.00320764 -1126
0.00325144 -1046
0.00329246 -968
0.00333353 -891
0.00337458 -815
0.00341555 -749
0.00345465 -683
0.0034938 -620
0.00352673 -557
0.00356445 -495
0.00360402 -439
0.00364358 -383
0.00367684 -329
0.00371138 -277
0.00374594 -226
0.00378197 -177
0.00383367 -132
0.00389426 -88
0.00395222 -47
0.00399524 -13
0.00403079 16
0.00406735 45
0.0040983 74
0.00412816 102
0.00415623 129
0.00418648 154
0.00421417 176
0.00424247 197
0.00427711 218
0.0043066 237
0.00433537 261
0.00436418 281
0.00438984 294
0.00441871 306
0.00444867 318
0.00447882 331
0.0045463 342
0.00458129 352
0.00461007 371
0.00463953 383
0.00466937 399
0.00469716 415
0.00472523 426
0.00475195 435
0.00478212 443
0.00481088 453
0.00484252 462
0.00487004 472
0.00489929 479
0.00492528 485
0.0049501 504
0.0049759 513
0.00500468 523
0.00503333 527
0.00505961 533
0.00508648 537
0.00511043 542
0.00513835 544
0.00516553 546
0.00519049 553
0.00522093 557
0.00525018 560
0.00527648 563
0.00530045 568
0.00533024 573
0.00535969 575
0.0053842 576
0.00541358 582
0.00544562 585
0.00547605 591
0.00550279 593
0.00553214 600
0.00558315 601
0.00563043 604
0.00566677 610
0.00569685 615
0.00572544 619
0.00575166 622
0.00577768 633
0.00580755 637
0.00583993 638
0.00595804 640
0.00598935 641
0.00601985 642
0.00608367 645
0.00614302 648
0.00616932 652
0.00620219 655
0.00623072 658
0.00635206 659
0.00641311 664
0.00647522 665
0.00781693 669
0.00784453 675
0.00787255 676
0.00789905 677
0.00805258 683
0.00808124 684
0.00828507 688
0.00834179 693
0.0084045 694
0.00882846 695
0.00885862 698
0.00889207 699
0.00892294 703
0.0089829 704
0.00903719 706
0.00915921 715
0.00919017 717
0.00924765 719
0.0092794 720
0.00935178 725
0.0093776 726
0.00940676 728
0.00946371 732
0.0095181 737
0.00954675 738
0.00960652 740
0.00966682 741
0.00969433 746
0.00975415 753
2 753
