0 -12076
5.2e-07 -11820
0.000429589 -11740
0.000430839 -11540
0.000430969 -11356
0.000431169 -11030
0.000438339 -10997
0.000439909 -10829
0.000441269 -10530
0.000443729 -10273
0.000446439 -10017
0.000448499 -9705
0.000453049 -9632
0.000453919 -9537
0.000454399 -9300
0.000455109 -9119
0.000456679 -8847
0.000458029 -8692
0.000461399 -8435
0.000461579 -8282
0.000462269 -7968
0.000462499 -7755
0.000463669 -7668
0.000464019 -7394
0.00047083 -7206
0.00047218 -6876
0.00047367 -6676
0.00047667 -6520
0.00047752 -6393
0.00048193 -6191
0.00048375 -6109
0.00048432 -5862
0.00050116 -5682
0.00050619 -5640
0.00050731 -5394
0.0005121 -5161
0.00051815 -4992
0.000520651 -4904
0.000520971 -4725
0.000522071 -4614
0.000532291 -4523
0.000533641 -4307
0.000535721 -4185
0.000535881 -4002
0.000541451 -3906
0.000541631 -3763
0.000543421 -3541
0.000554821 -3536
0.000555561 -3410
0.000555931 -3265
0.000559621 -3166
0.000560261 -3024
0.000564031 -2836
0.000564821 -2635
0.000567891 -2537
0.000575162 -2429
0.000580212 -2363
0.000581702 -2245
0.000584512 -2111
0.000585092 -2000
0.000592362 -1939
0.000592972 -1887
0.000594762 -1789
0.000600292 -1634
0.000604232 -1532
0.000624013 -1433
0.000624333 -1265
0.000631903 -1144
0.000633523 -1124
0.000636923 -964
0.000637353 -926
0.000645933 -925
0.000647133 -895
0.000672904 -810
0.000674164 -699
0.000687184 -696
0.000687724 -632
0.000698974 -561
0.000700754 -535
0.000701494 -477
0.000708074 -443
0.000711024 -415
0.000715864 -391
0.000724725 -329
0.000725485 -260
0.000727745 -207
0.000728345 -165
0.000768195 -144
0.000769505 -142
0.000770605 -80
0.000771385 -49
0.000799496 -5
0.000810446 53
0.000812236 76
0.000818656 122
0.000820466 126
0.000822807 137
0.000825847 146
0.000846457 155
0.000847187 176
0.000857037 203
0.000859877 209
0.000875428 214
0.000913028 226
0.000925999 235
0.000972309 257
0.00099152 265
0.00099758 272
0.00102011 276
0.00103364 286
0.00110386 292
0.00111142 297
0.00113352 322
0.00118149 336
0.00122544 337
2 337
