0 -14150
3.7e-07 -13962
0.000414088 -13765
0.000424058 -13548
0.000424418 -13268
0.000424668 -12951
0.000424848 -12717
0.000425348 -12400
0.000426238 -12190
0.000433758 -11998
0.000469739 -11978
0.000480589 -11767
0.000486729 -11744
0.000487709 -11508
0.000487889 -11280
0.000489439 -11278
0.000491509 -11001
0.000496209 -10891
0.000496849 -10764
0.000497699 -10611
0.000498079 -10249
0.000499869 -10036
0.000505769 -9914
0.00052098 -9738
0.00052221 -9493
0.00052381 -9260
0.00053224 -9239
0.00053359 -8874
0.00053527 -8873
0.00053637 -8733
0.00053675 -8564
0.00054116 -8463
0.00054308 -8434
0.00055054 -8303
0.00055491 -8015
0.00055574 -7852
0.000558691 -7609
0.000563281 -7439
0.000565121 -7210
0.000565551 -6960
0.000566361 -6780
0.000570641 -6623
0.000578441 -6540
0.000582531 -6322
0.000594721 -6195
0.000600831 -5901
0.000601881 -5827
0.000607421 -5639
0.000607851 -5397
0.000611192 -5102
0.000614542 -4852
0.000614932 -4715
0.000618412 -4521
0.000620422 -4284
0.000621232 -4188
0.000631602 -3949
0.000632432 -3779
0.000635402 -3692
0.000635842 -3560
0.000636802 -3352
0.000637052 -3233
0.000637212 -3157
0.000641202 -3048
0.000673083 -2900
0.000676533 -2849
0.000679423 -2806
0.000684213 -2659
0.000685713 -2489
0.000686343 -2356
0.000686793 -2181
0.000690433 -2135
0.000702953 -2047
0.000715534 -2028
0.000720874 -1933
0.000722374 -1892
0.000724894 -1794
0.000726024 -1605
0.000727404 -1507
0.000741044 -1389
0.000742434 -1338
0.000748614 -1308
0.000750694 -1150
0.000772585 -1096
0.000774105 -908
0.000775015 -898
0.000789525 -843
0.000812485 -811
0.000814646 -636
0.000822406 -586
0.000824926 -497
0.000830446 -383
0.000837846 -381
0.000842566 -301
0.000843566 -243
0.000846376 -200
0.000854716 -165
0.000854976 -143
0.000867577 -51
0.000872077 -48
0.000872767 -32
0.000875497 -27
0.000888367 32
0.000889907 50
0.000929248 78
0.000929348 92
0.000929728 98
0.000933088 109
0.000935648 135
0.000937618 136
0.000937908 144
0.000939758 182
0.000940688 195
0.000948828 220
0.000997579 236
0.000998029 256
0.000998929 272
0.000999409 280
0.00100048 298
0.00100508 301
0.00102707 306
0.00102828 311
0.0010405 321
0.00104589 322
0.00105453 335
0.00106979 338
0.0010769 342
0.0011438 344
0.00121207 345
0.00127119 349
0.00137478 356
0.00141317 360
0.00142578 362
0.00150543 369
0.00151585 372
0.00154727 384
0.00165393 398
2 398
