0 134
1.87e-07 164
8.709e-06 170
9.511e-06 172
9.623e-06 175
9.754e-06 183
4.9503e-05 184
0.000287901 203
0.00028805 210
0.000289905 212
0.000290026 233
0.000290288 240
0.00038452 249
0.000384846 273
0.000385387 306
0.000385471 315
0.000386739 317
0.000387084 342
0.000403327 349
0.000403812 392
0.000403943 394
0.000414591 400
0.000416447 412
0.000416699 425
0.000486268 430
0.000486324 455
0.000487946 460
0.000488235 462
0.000500711 471
0.000502931 481
0.000503173 504
0.000503266 514
0.000504096 522
0.000504488 542
0.000504851 549
0.00050528 552
0.000505364 564
0.00050542 575
0.000505523 576
0.000506101 589
0.000506381 592
0.000506632 603
0.000518969 606
0.000519584 609
0.000524899 610
0.000525673 621
0.000525897 623
0.000540862 630
0.000545282 642
0.00054573 644
0.00054586 662
0.000547828 671
0.000548191 675
0.000558886 682
0.000559315 692
0.000559409 704
0.0005598 705
0.000560126 706
0.000560257 711
0.00056104 723
0.000561404 735
0.00056367 740
0.000565012 754
0.000565246 762
0.000567586 772
0.000570775 781
0.00057139 784
0.000614861 789
0.000617061 791
0.000617966 800
0.000618973 803
0.000620465 810
0.000621947 818
0.000624791 825
0.00062826 828
0.000628801 838
0.000628987 852
0.000629127 854
0.00063116 856
0.000632428 862
0.000635841 873
0.000636158 894
0.000637864 898
0.000638675 900
0.000644857 902
0.000650694 903
0.0006542 907
0.000655534 913
0.000658919 916
0.000658993 926
0.000659851 927
0.00067671 930
0.000719611 931
0.000729103 937
0.000733542 938
0.000745384 940
0.000817564 941
0.000828427 946
0.000829257 953
0.000835458 968
0.000853994 969
2 969
