0 -26541
2.98e-07 -25943
1.1263e-05 -25791
1.2373e-05 -25235
0.000303024 -24845
0.000306502 -24537
0.000312227 -24102
0.000327762 -23804
0.000329272 -23384
0.00033 -22834
0.000330158 -22375
0.000337095 -21933
0.000339016 -21549
0.000339259 -20874
0.000342317 -20362
0.000343762 -20004
0.000347958 -19759
0.000360341 -19302
0.000362327 -18745
0.000364201 -18315
0.000364388 -17851
0.000370094 -17826
0.000372295 -17237
0.000374971 -16870
0.000376733 -16350
0.000376845 -15830
0.000387736 -15803
0.000388902 -15341
0.000389154 -14883
0.000392175 -14546
0.000393368 -14149
0.000394217 -13759
0.000395252 -13410
0.000395839 -12959
0.000396324 -12450
0.000398002 -12066
0.000399168 -11480
0.000402506 -11160
0.000407168 -10763
0.000410012 -10290
0.000412148 -9895
0.000413901 -9558
0.000414096 -9043
0.000414497 -8621
0.000424698 -8292
0.000430078 -7887
0.000432074 -7531
0.000433519 -7081
0.000440848 -6551
0.000443058 -6240
0.000449473 -5906
0.000453977 -5572
0.000466537 -5394
0.000466928 -5006
0.000472989 -4751
0.00047781 -4422
0.000481642 -4099
0.000486034 -3864
0.000490985 -3551
0.000493979 -3388
0.000505392 -3154
0.000510744 -2896
0.000514595 -2684
0.000518119 -2422
0.000520227 -2183
0.000526707 -1943
0.000528134 -1765
0.000543221 -1585
0.000554979 -1537
0.00056945 -1400
0.00057704 -1363
0.000577814 -1162
0.000598971 -1057
0.000600957 -831
0.000610319 -597
0.000645593 -529
0.000651803 -421
0.000670993 -404
0.000695097 -335
0.000727182 -273
0.00072983 -197
0.000760517 -162
0.00076364 -79
0.000764946 -48
0.000793879 4
0.000794178 15
0.000807195 38
0.000848297 44
0.000848623 50
0.000873519 60
0.000890266 62
0.000913362 70
0.000927078 88
0.000934118 90
0.00101069 96
0.00109329 110
2 110
