0 -13349
2.2e-07 -13155
1.197e-05 -13151
0.000384038 -12946
0.000384698 -12733
0.000385518 -12510
0.000386638 -12452
0.000387158 -12141
0.000389038 -11922
0.000389468 -11599
0.000434099 -11588
0.000442169 -11324
0.000442789 -11007
0.000445129 -10996
0.000445709 -10607
0.000446579 -10532
0.000453119 -10437
0.000453499 -10145
0.000463789 -9966
0.000468559 -9625
0.00048333 -9418
0.0004835 -9266
0.00048616 -9058
0.00048832 -8748
0.00048916 -8552
0.00048951 -8363
0.00048986 -8171
0.00049445 -8052
0.00049547 -7824
0.00049709 -7513
0.00049884 -7208
0.0005003 -6880
0.00050323 -6652
0.00050611 -6493
0.00050774 -6322
0.00050801 -6034
0.00050854 -5882
0.0005099 -5673
0.00051031 -5538
0.00051452 -5475
0.00051555 -5225
0.00051807 -5076
0.00051857 -4936
0.00051895 -4696
0.00052214 -4504
0.00052933 -4401
0.000530461 -4247
0.000531901 -3968
0.000532401 -3787
0.000532681 -3611
0.000534781 -3420
0.000537171 -3395
0.000539891 -3354
0.000542641 -3338
0.000551861 -3176
0.000552521 -3031
0.000553531 -2961
0.000561711 -2863
0.000564701 -2712
0.000592992 -2657
0.000599422 -2574
0.000615572 -2431
0.000617452 -2259
0.000619242 -2139
0.000621602 -1967
0.000624692 -1801
0.000629592 -1660
0.000635923 -1561
0.000640633 -1516
0.000642383 -1416
0.000643843 -1356
0.000646053 -1344
0.000648703 -1262
0.000652843 -1179
0.000658983 -1130
0.000662103 -1058
0.000664533 -1011
0.000667633 -1003
0.000669993 -981
0.000675633 -905
0.000711924 -878
0.000721794 -857
0.000722164 -769
0.000725254 -756
0.000740845 -737
0.000745945 -715
0.000752485 -645
0.000761695 -589
0.000768145 -567
0.000769675 -546
0.000770685 -533
0.000774005 -442
0.000775075 -418
0.000777005 -278
0.000790116 -182
0.000803246 -160
0.000805526 -138
0.000805896 -122
0.000810386 -105
0.000812296 -97
0.000820426 -89
0.000822876 -24
0.000831556 16
0.000832056 32
0.000839287 38
0.000839597 44
0.000845577 60
0.000845787 139
0.000912838 141
0.000922718 166
0.000928588 168
0.000942429 191
0.000943829 217
0.000943919 224
0.000945219 262
0.000952639 265
0.000952809 266
0.000969099 273
0.000974389 275
0.000985169 276
0.00104075 283
0.00104783 284
0.00105085 291
0.0010612 295
0.00107579 298
0.00108464 300
0.00108796 301
0.00115409 302
0.00116415 305
0.00122545 308
0.00123201 309
0.0013139 313
0.00132589 314
0.00134575 315
0.00138995 323
0.00178703 341
0.00179193 342
0.00181091 348
0.0018504 353
0.00187324 354
0.00192728 355
0.00193846 357
0.00195408 358
0.00203973 363
0.00230592 368
0.0023847 371
2 371
