0 -2263
2.7e-07 -2061
1.0182e-05 -2012
1.0769e-05 -1914
0.000233725 -1865
0.000254425 -1836
0.000257055 -1740
0.000258267 -1715
0.00031841 -1682
0.000319463 -1593
0.000320013 -1562
0.000345469 -1497
0.000347259 -1389
0.00034738 -1285
0.000348229 -1236
0.000348732 -1143
0.000350411 -1050
0.000380631 -918
0.00038093 -827
0.000383951 -790
0.000384314 -683
0.00039004 -647
0.000394264 -614
0.000401397 -560
0.000406012 -532
0.000407029 -499
0.000408138 -414
0.000410432 -384
0.000411915 -325
0.000413304 -273
0.000415299 -248
0.000415999 -225
0.000448895 -217
0.000451413 -213
0.000452345 -176
0.000455077 -131
0.000455814 -123
0.000460858 -64
0.000461297 29
0.000463758 71
0.000463926 106
0.000542484 108
0.000546764 113
0.000549375 130
0.000552667 145
0.000556256 147
0.000558401 150
0.000566159 151
0.000568583 154
0.00057884 155
0.000583139 164
0.000585843 166
0.000588193 167
0.000589144 175
0.000598365 189
0.000603979 192
0.000631663 206
0.00063474 207
0.000635961 215
0.00065254 217
0.00065531 219
0.000679339 223
0.000697801 226
0.000725224 243
0.000733429 245
0.000734847 255
0.000744078 259
0.000760358 273
2 273
