893 0.632932
852 0.456292
859 0.202921
780 0.340581
831 0.201694
820 0.300398
823 0.235579
860 0.508734
798 0.356161
317 0.250514
326 0.584807
349 0.264213
355 0.537441
372 0.319672
328 0.358568
359 0.450358
346 0.466559
360 0.372848
331 0.295389
1207 0.0428088
1211 0.0727507
1191 0.0513616
1197 0.0333406
1192 0.110285
1203 0.0699605
1230 0.0702252
1230 0.0844231
1210 0.0965264
1245 0.0491597
1135 0.0805137
1166 0.17951
1130 0.0698372
1123 0.128469
1122 0.127637
1172 0.0802192
1106 0.126753
1134 0.16432
1099 0.213459
1129 0.116537
