0 -5826
1.12e-07 -5689
3.83e-07 -5528
0.000416344 -5485
0.000417259 -5358
0.000421498 -5324
0.000422413 -5213
0.00042414 -5162
0.000424233 -5052
0.000424467 -4932
0.000426735 -4829
0.000427221 -4810
0.000427977 -4706
0.00042962 -4662
0.00043202 -4515
0.000432729 -4340
0.000433439 -4179
0.000433691 -4037
0.00043496 -4030
0.000435437 -3943
0.000435801 -3814
0.000437724 -3743
0.000437817 -3605
0.000447163 -3564
0.00044763 -3426
0.000452344 -3327
0.000453698 -3300
0.000454454 -3194
0.000455883 -3146
0.000460747 -3119
0.00046113 -3026
0.000462203 -2943
0.000470624 -2923
0.00047167 -2874
0.000472062 -2768
0.000472193 -2672
0.000473323 -2599
0.000478766 -2544
0.000481324 -2461
0.000488914 -2424
0.00049629 -2418
0.000499184 -2343
0.000507857 -2285
0.000510611 -2201
0.000511339 -2108
0.000511657 -1991
0.000513151 -1927
0.000515933 -1891
0.000516782 -1763
0.000521852 -1669
0.000525904 -1587
0.000528621 -1577
0.000529797 -1473
0.000529965 -1412
0.000539815 -1353
0.000542307 -1303
0.000548114 -1226
0.000548301 -1160
0.00055001 -1102
0.000552241 -1013
0.00055493 -918
0.000557152 -904
0.000558496 -877
0.000559168 -788
0.000563435 -716
0.000573873 -704
0.000588493 -622
0.000593973 -582
0.000616473 -557
0.000617594 -477
0.00062482 -443
0.000632448 -371
0.000635855 -337
0.000643791 -312
0.000645826 -292
0.000665301 -265
0.000672406 -250
0.000675198 -204
0.000678755 -162
0.000679184 -111
0.000684496 -89
0.000688362 -64
0.000706119 -50
0.00071947 -36
0.000721626 -27
0.000723017 -26
0.000731868 -19
0.000743435 -6
0.000743669 16
0.000767672 27
0.000768167 47
0.00077923 85
0.0007826 86
0.000787773 108
0.000794588 133
0.000797389 147
0.000798743 150
0.000824968 176
0.000851604 205
0.000863461 218
0.000873861 226
0.000875121 232
0.000882376 236
0.000942687 245
0.000948158 246
0.000949792 257
0.000949923 265
0.000950707 268
0.000961397 270
0.000968651 280
0.000989106 288
0.000995903 305
0.000996286 308
0.000998405 315
0.000998536 321
0.00100405 326
0.001005 329
0.00106971 342
0.00109388 344
0.00115997 357
0.00116862 363
0.00120538 373
0.00122494 377
0.00124296 379
0.0012905 382
0.00135075 389
0.0014109 391
0.00149273 392
0.00150819 393
0.00153365 394
0.0016713 397
0.00169947 403
2 403
