0 -227
6.5e-08 -185
7.671e-06 -181
7.99e-06 -167
8.328e-06 -165
0.000406802 -133
0.000407308 -83
0.000407702 -75
0.000408049 -40
0.000408424 -26
0.000409175 -14
0.000440199 33
0.000440358 82
0.000450749 103
0.000456395 135
0.000457699 183
0.000457896 208
0.000500596 210
0.000500718 221
0.000503044 257
0.000503307 281
0.000504122 296
0.000506561 301
0.000507724 308
0.000508127 321
0.000508915 356
0.000510875 363
0.000536066 382
0.000541355 383
0.00054159 402
0.000545032 419
0.000545304 425
0.000545838 431
0.000546129 451
0.000546645 459
0.000546888 488
0.000559925 491
0.000560262 501
0.000588285 504
0.00059395 505
0.000594784 516
0.000596782 529
0.000598386 531
0.000600909 539
0.000602362 545
0.000613232 548
0.000614104 551
0.000614639 552
0.000614958 553
0.000617499 572
0.000628603 589
0.000629147 596
0.000629204 598
0.000637663 601
0.000639361 606
0.000644359 613
0.000645457 631
0.000650324 634
0.000748311 638
0.00075436 642
2 642
