0 -769
1.03e-07 -734
0.000334345 -731
0.000334878 -704
0.000354847 -653
0.000355333 -621
0.000361177 -600
0.000361261 -547
0.000377329 -511
0.000378645 -468
0.000379056 -414
0.000382146 -397
0.000386497 -393
0.000386665 -376
0.000466059 -357
0.000466825 -349
0.000467394 -329
0.000468328 -309
0.00046872 -229
0.000469131 -164
0.000469262 -144
0.000473902 -122
0.000474098 -96
0.000474966 -95
0.000493433 -45
0.00050712 -38
0.000507997 2
0.000509183 3
0.000513618 13
0.000514906 47
0.000515345 69
0.000519387 90
0.000519499 128
0.000527528 130
0.000531319 137
0.000532467 148
0.000534073 149
0.000538601 166
0.0005441 174
0.000552307 183
0.000552745 201
0.000567487 228
0.000608715 241
0.000609602 243
0.000616707 247
0.000628872 249
0.000631841 257
0.000634184 267
0.000638292 274
0.000639263 283
0.000641971 292
0.000647208 297
0.000647712 299
0.000653193 304
0.000658019 307
0.000661521 334
0.000663285 342
0.00066406 344
0.000665162 347
0.000667085 365
0.000668103 390
0.000671902 399
0.000677523 400
0.00067798 402
0.000679175 403
0.00068445 405
0.000713429 412
0.000715875 419
0.000717388 426
0.000734025 429
0.000743118 439
0.000747292 444
0.000762649 446
2 446
