0 609
0.000614335 618
0.000630823 624
0.000639888 627
0.000639981 630
0.00064028 638
0.000643977 639
0.000644836 640
0.00064521 647
0.000647105 654
0.000647217 664
0.000647562 671
0.000647824 673
0.000647983 686
0.000648179 691
0.000648869 699
0.000649476 709
0.000649644 716
0.00064984 725
0.000650176 727
0.0006514 736
0.000652072 737
0.000655013 748
0.000657748 767
0.000659718 780
0.000661193 799
0.000661277 805
0.000667915 807
0.000672658 818
0.00067586 819
0.000675935 821
0.000676103 824
0.00067657 831
0.000677251 845
0.000680407 855
0.000698416 857
0.00069879 858
0.000700311 864
0.000700582 865
0.000701955 867
0.000702076 872
0.0007023 874
0.000704662 881
0.000705157 884
0.000705736 888
0.000705922 890
0.000707491 897
0.000710805 902
0.000710908 909
0.000711786 918
0.000714876 919
0.000715352 921
0.00071848 940
0.000719731 942
0.000720534 953
0.000722812 963
0.000723026 980
0.00072312 987
0.000724147 988
0.000730757 992
0.000730869 1000
0.000732428 1009
0.000734351 1016
0.00073619 1021
0.000782068 1026
0.000790162 1030
0.000791535 1032
0.00079286 1048
0.000797342 1051
0.000798892 1053
0.00081692 1055
0.000817368 1059
0.000856738 1060
0.000856888 1063
0.000860454 1067
0.000862573 1071
0.000867409 1074
0.000875775 1079
0.000877679 1087
0.000878837 1095
0.000884196 1100
0.000908124 1103
0.000908218 1104
0.000917768 1105
0.000923958 1111
0.000941501 1112
0.000981011 1114
0.00098145 1117
0.0011495 1118
2 1118
