0 -77047
4.7e-08 -76392
1.3285e-05 -75766
2.5413e-05 -75157
3.7902e-05 -74550
5.3928e-05 -73956
8.0204e-05 -73371
0.000110473 -72788
0.000144288 -72209
0.000173249 -71633
0.00019705 -71070
0.000219733 -70513
0.000246246 -69958
0.000272362 -69404
0.000299027 -68853
0.00032482 -68309
0.000351239 -67770
0.000377136 -67231
0.000403555 -66693
0.000429556 -66155
0.000452154 -65625
0.000478809 -65097
0.000505361 -64574
0.00053141 -64053
0.000555496 -63536
0.000579004 -63023
0.000604834 -62511
0.000630921 -62000
0.000657331 -61491
0.000683541 -60983
0.0007094 -60478
0.000736284 -59976
0.000763195 -59478
0.000788903 -58980
0.000815711 -58487
0.000841788 -57995
0.000867733 -57504
0.000893023 -57018
0.0009191 -56532
0.000944846 -56050
0.000970829 -55573
0.000997712 -55096
0.00102404 -54623
0.00104958 -54150
0.00107559 -53678
0.00110242 -53207
0.00112892 -52739
0.00115528 -52272
0.00119214 -51805
0.00123341 -51341
0.00126695 -50878
0.00129771 -50416
0.00132635 -49955
0.00135459 -49497
0.00138261 -49040
0.00141073 -48583
0.00143617 -48131
0.00145904 -47680
0.00148422 -47230
0.00150951 -46780
0.00153425 -46335
0.00155578 -45892
0.00157929 -45451
0.00160512 -45010
0.00162968 -44572
0.00165448 -44134
0.00167878 -43697
0.00170255 -43260
0.00172631 -42825
0.00175015 -42390
0.00177521 -41956
0.00180029 -41523
0.00183152 -41091
0.00185765 -40661
0.00188273 -40234
0.00190855 -39807
0.00193812 -39380
0.00196569 -38953
0.00199124 -38527
0.00202079 -38103
0.0020438 -37680
0.00208111 -37257
0.00211703 -36835
0.00214743 -36414
0.00217208 -35993
0.00220365 -35578
0.00223676 -35164
0.00226717 -34750
0.00229161 -34336
0.00231429 -33924
0.0023383 -33515
0.00236479 -33109
0.00238959 -32706
0.0024152 -32305
0.00244097 -31905
0.00246222 -31508
0.00249382 -31112
0.00251983 -30718
0.00254493 -30324
0.00257136 -29931
0.00259633 -29538
0.00262058 -29145
0.00264589 -28753
0.00267301 -28364
0.00273719 -27985
0.00276917 -27607
0.00279499 -27230
0.0028197 -26858
0.00284998 -26486
0.00288383 -26115
0.00291803 -25744
0.0029513 -25373
0.00298674 -25004
0.0030232 -24635
0.0030518 -24267
0.00307923 -23904
0.00311838 -23543
0.00314274 -23184
0.00316897 -22828
0.00319525 -22473
0.00321898 -22120
0.00324473 -21770
0.00326897 -21421
0.00329477 -21073
0.00331989 -20725
0.00336694 -20381
0.00339927 -20037
0.00342746 -19694
0.00345316 -19355
0.00348509 -19017
0.00350946 -18693
0.00353687 -18372
0.00356529 -18052
0.00359253 -17732
0.00361983 -17413
0.00364726 -17095
0.00367457 -16777
0.00370117 -16463
0.00373009 -16150
0.00375943 -15838
0.00378918 -15529
0.00381966 -15224
0.0038482 -14923
0.0038787 -14624
0.00390901 -14334
0.00393512 -14045
0.00396836 -13758
0.00400056 -13472
0.00403235 -13187
0.00406604 -12905
0.00409358 -12625
0.00412643 -12348
0.00415596 -12071
0.00418656 -11796
0.0042163 -11525
0.00425041 -11256
0.00428588 -10988
0.00431675 -10724
0.00435247 -10464
0.00438734 -10205
0.00442823 -9947
0.00446735 -9691
0.00451025 -9436
0.00454709 -9186
0.00458313 -8944
0.00462127 -8706
0.00466018 -8470
0.0047045 -8236
0.00474393 -8002
0.00477959 -7770
0.00482479 -7542
0.00486931 -7316
0.00491297 -7093
0.00495959 -6872
0.00502104 -6654
0.0050658 -6437
0.00511102 -6220
0.00515949 -6006
0.00520627 -5800
0.00525346 -5597
0.00530086 -5396
0.00535082 -5196
0.00539658 -4999
0.00544593 -4807
0.0054987 -4619
0.00554417 -4433
0.00558856 -4258
0.00563985 -4085
0.00569325 -3919
0.00575069 -3757
0.00582469 -3597
0.00589662 -3439
0.00596536 -3283
0.00603063 -3132
0.0060971 -2981
0.00616285 -2831
0.00622843 -2682
0.00629573 -2535
0.00635899 -2399
0.00642173 -2264
0.00649055 -2137
0.00655424 -2012
0.00661884 -1891
0.0067033 -1774
0.00677693 -1659
0.00684131 -1545
0.00691634 -1437
0.00698349 -1334
0.00704778 -1234
0.00711238 -1134
0.00717128 -1040
0.0072318 -948
0.00728848 -860
0.00734603 -773
0.00740212 -691
0.00745603 -615
0.0075106 -542
0.007562 -469
0.00761655 -400
0.00766516 -342
0.00771437 -284
0.00776778 -227
0.00782592 -177
0.00787871 -129
0.00793037 -84
0.00798104 -41
0.00802614 1
0.00807986 42
0.00813449 77
0.0081844 109
0.00822461 133
0.00827009 160
0.0083169 182
0.00836135 201
0.0084008 218
0.00843906 233
0.00848168 246
0.00852268 258
0.00857721 273
0.00861921 287
0.00865791 297
0.00869841 310
0.00874004 325
0.00878011 335
0.00884911 343
0.0088987 355
0.00895505 362
0.00900931 369
0.00905961 376
0.00911944 401
0.00917935 402
0.00922456 415
0.00926515 423
0.00935087 434
0.00943184 436
0.00947392 443
0.00952024 454
0.00958342 456
0.00962606 457
0.00966592 458
0.00974626 472
0.00978971 481
0.00991449 482
0.00995565 483
0.0099982 484
0.0100834 489
0.0101255 497
0.010169 502
0.0102105 511
0.0102904 516
0.0103296 535
0.0103724 542
0.0104123 557
0.0104548 563
0.0105111 572
0.0105555 573
0.0109928 576
0.011036 582
0.0111611 588
0.0112897 593
0.0113705 615
0.0114527 627
0.0114945 633
0.0115369 634
0.0116199 636
0.0116633 641
0.0117031 650
0.0117423 655
0.0117789 659
0.0221218 661
0.0222558 665
0.0223058 667
0.0224569 671
0.0274406 675
0.0274844 677
0.0276074 678
0.0292204 680
0.0460922 685
2 685
