0 -2290
5.6e-08 -2128
5.902e-06 -1982
1.0582e-05 -1851
1.54e-05 -1736
1.8782e-05 -1624
2.8094e-05 -1517
3.7777e-05 -1416
4.4485e-05 -1317
4.9656e-05 -1221
5.339e-05 -1134
5.7949e-05 -1052
6.209e-05 -971
6.651e-05 -894
7.0967e-05 -818
7.5711e-05 -745
7.9751e-05 -674
8.3439e-05 -603
9.0833e-05 -532
9.5874e-05 -469
0.000161244 -407
0.000174439 -346
0.000179646 -286
0.000184279 -226
0.000188625 -167
0.000193128 -115
0.000197242 -64
0.000201439 -19
0.000205479 25
0.000209204 67
0.00021355 108
0.000217312 148
0.000220694 188
0.000225123 224
0.000229478 260
0.000233342 294
0.000237215 327
0.000242348 360
0.00024624 392
0.000250066 423
0.000254329 454
0.000257877 483
0.000262158 511
0.000265865 536
0.000269691 560
0.000273889 582
0.000283043 602
0.000285295 622
0.000287658 639
0.000290549 656
0.00029306 681
0.000297313 697
0.000298703 713
0.000300028 726
0.000302557 737
0.000305374 750
0.000309256 771
0.000310507 782
0.000312018 792
0.000314436 801
0.000315418 805
0.000316827 808
0.000318791 829
0.00032272 832
0.000324128 834
0.000325611 836
0.000326843 845
0.000332986 867
0.000338675 882
0.000347543 884
0.000351008 886
0.000352482 888
0.000420428 890
0.000481267 893
0.000587611 894
0.00072494 901
0.000947514 905
2 905
