0 -8210
5.5e-08 -7968
1.4427e-05 -7736
2.4777e-05 -7514
4.1909e-05 -7310
6.4027e-05 -7111
0.00010172 -6915
0.00012418 -6720
0.000139321 -6531
0.0001512 -6342
0.000162875 -6167
0.000172965 -6000
0.000182601 -5833
0.000192136 -5667
0.000201291 -5503
0.000212567 -5345
0.000221879 -5189
0.000232581 -5033
0.000242348 -4880
0.000252911 -4729
0.000262399 -4581
0.000271099 -4437
0.000281366 -4299
0.000292244 -4162
0.000303307 -4026
0.000315056 -3892
0.000324878 -3759
0.000335034 -3629
0.000344114 -3500
0.000353584 -3376
0.000364592 -3252
0.000373904 -3132
0.000384587 -3017
0.000396207 -2903
0.000407353 -2791
0.000417713 -2679
0.000427627 -2569
0.000436828 -2468
0.000444973 -2370
0.00045473 -2275
0.000465265 -2181
0.000475022 -2090
0.000483806 -1999
0.0004941 -1912
0.000503662 -1827
0.000514198 -1742
0.000523056 -1657
0.000532609 -1573
0.000542644 -1490
0.000551474 -1408
0.00056086 -1329
0.000568986 -1254
0.000578484 -1180
0.00058813 -1106
0.000597442 -1036
0.000607412 -966
0.000617715 -897
0.000628927 -829
0.000637248 -763
0.000648534 -697
0.000657874 -632
0.000667019 -568
0.000676257 -508
0.000684624 -452
0.000693037 -396
0.000701655 -342
0.000711671 -289
0.000721363 -239
0.000730444 -190
0.000739024 -142
0.000747604 -99
0.000755433 -57
0.000765135 -15
0.000775855 26
0.000785483 67
0.000794128 104
0.0008028 139
0.000811798 173
0.000820795 205
0.000830107 237
0.000842226 268
0.000851529 299
0.000859665 330
0.000868143 359
0.000877381 387
0.000885813 414
0.000894838 453
0.000902899 480
0.0009126 505
0.000921801 529
0.000930159 557
0.000937572 580
0.000945503 603
0.000954 628
0.000963887 651
0.000972245 673
0.000980899 695
0.000990026 717
0.000998763 739
0.00100628 761
0.00101438 790
0.00102311 812
0.00103172 833
0.00104032 854
0.00104842 874
0.0010564 894
0.00106366 916
0.001072 935
0.0010804 954
0.0010892 974
0.00109766 990
0.00110585 1006
0.00111268 1025
0.00112053 1042
0.00112855 1057
0.00113614 1072
0.00114465 1085
0.00115382 1098
0.00116259 1114
0.00117202 1126
0.00117565 1137
0.00118098 1160
0.00118807 1171
0.0011906 1181
0.0011969 1190
0.00120485 1201
0.00120828 1212
0.00121367 1221
0.00121602 1228
0.0012183 1234
0.00122049 1242
0.00122637 1253
0.00122824 1257
0.00123294 1281
0.00123897 1284
0.00124066 1285
0.00124306 1295
0.0012476 1296
0.00125092 1298
0.00125516 1301
0.00126743 1308
0.00126962 1309
0.00128812 1313
0.00131741 1314
0.00132112 1318
0.00133109 1321
0.00135453 1327
0.0013587 1330
0.00136284 1332
0.00137424 1333
0.00143662 1334
0.00144136 1336
0.00210378 1338
0.00211182 1341
0.00219302 1342
2 1342
