0 -59122
5.41e-07 -58466
0.000196659 -58358
0.000196858 -57409
0.000197247 -56605
0.000198101 -56503
0.000199874 -56395
0.00020324 -55640
0.000206597 -55624
0.000206768 -55018
0.000208153 -54489
0.000208551 -53828
0.000211908 -53112
0.000212116 -52547
0.000212619 -51790
0.000213454 -51025
0.000213567 -50234
0.000214174 -49589
0.000214734 -48716
0.000216649 -48249
0.00021811 -47637
0.000220831 -46911
0.000222235 -46186
0.000222396 -45515
0.0002271 -45490
0.000228076 -44855
0.000228797 -44278
0.000229262 -43566
0.000231007 -42868
0.000232609 -41932
0.000235198 -41211
0.000236402 -40476
0.000237057 -39787
0.00023846 -39117
0.000242633 -38339
0.000246948 -37515
0.000247848 -36698
0.000251168 -35818
0.000255691 -35151
0.000257521 -34360
0.000259731 -33739
0.000259939 -33029
0.000266388 -32328
0.000269024 -31571
0.000269915 -30723
0.000271101 -29921
0.000273396 -29158
0.000280736 -28444
0.000281485 -27761
0.000284349 -27029
0.000286672 -26381
0.000287772 -25694
0.00028909 -25061
0.00029258 -24442
0.000333423 -23873
0.000334163 -23286
0.000336126 -22692
0.00033788 -22206
0.000346652 -21552
0.000347373 -20828
0.000353461 -20202
0.000358563 -19588
0.000360962 -19050
0.000362622 -18362
0.000367761 -17692
0.000368463 -17037
0.000370578 -16349
0.000374011 -15630
0.000378269 -15061
0.000381436 -14536
0.000381626 -13992
0.000386206 -13555
0.000399188 -12929
0.000404916 -12388
0.000411023 -11801
0.000426869 -11358
0.000428064 -10839
0.000431421 -10275
0.000433336 -9793
0.000445219 -9390
0.000448775 -8918
0.000452492 -8454
0.000455128 -7995
0.000458144 -7475
0.000476911 -6953
0.000486982 -6489
0.00050115 -6136
0.000504175 -5674
0.000508366 -5200
0.000534814 -4837
0.000535127 -4426
0.000537536 -3994
0.000556398 -3715
0.000585416 -3374
0.000586914 -3005
0.000604477 -2793
0.000619289 -2512
0.000665481 -2269
0.000698937 -1966
0.000702882 -1635
0.00071172 -1376
0.000716386 -1117
0.000728638 -878
0.000738187 -711
0.000767784 -568
0.000796821 -492
0.000823886 -371
0.000895217 -259
0.000958023 -183
0.000976392 -89
0.000989601 -44
0.00104039 26
0.00106521 28
0.00107087 31
0.00107338 43
0.00109569 59
0.00109633 62
0.00110217 69
0.00114287 76
0.00115459 90
2 90
