0 -24957
2.46e-07 -24479
2.605e-05 -24311
2.6249e-05 -23693
0.000226369 -23286
0.000226606 -22710
0.000228408 -22437
0.000229954 -22376
0.000230997 -21938
0.000232192 -21322
0.000232315 -20837
0.000232912 -20419
0.00023515 -20404
0.000237862 -20327
0.000238612 -19972
0.000248095 -19884
0.000248749 -19402
0.000250257 -19133
0.000255245 -19008
0.00025571 -18495
0.000255804 -17956
0.000259332 -17943
0.000260223 -17891
0.000271944 -17577
0.000277008 -17421
0.000282082 -16992
0.000288217 -16597
0.000288824 -16479
0.000289061 -16067
0.00029221 -15701
0.00029514 -15192
0.000297027 -14795
0.000297862 -14201
0.000300801 -14036
0.000301816 -13518
0.000314191 -13328
0.000314647 -12880
0.00031697 -12582
0.000319094 -12272
0.000320099 -11998
0.000322736 -11674
0.000327752 -11279
0.000331062 -11175
0.000338705 -11060
0.000338961 -10739
0.00034541 -10363
0.000346329 -9974
0.000347828 -9582
0.000348198 -9231
0.000348586 -8816
0.000350473 -8469
0.000354845 -8103
0.000357747 -7727
0.000366367 -7231
0.0003709 -6873
0.000374418 -6642
0.000378998 -6301
0.000382507 -6034
0.00038264 -5795
0.000383266 -5488
0.000383418 -5139
0.000386101 -5021
0.00039676 -4785
0.000398951 -4484
0.000404441 -4264
0.000406196 -3980
0.000417187 -3699
0.000417879 -3495
0.00042097 -3362
0.000430444 -3008
0.000430984 -2755
0.000443919 -2559
0.000446925 -2420
0.000451212 -2176
0.000455289 -1878
0.000470595 -1726
0.000475337 -1583
0.000476863 -1384
0.000477081 -1167
0.000477736 -1033
0.000487797 -955
0.00049233 -858
0.000513354 -677
0.000553922 -654
0.000564249 -506
0.000570148 -354
0.000575411 -231
0.000589133 -209
0.000591845 -182
0.000670071 -179
0.000679724 -93
0.000694167 -19
0.000705404 -14
0.000709861 -2
0.0007174 18
0.000720435 59
0.000743261 69
0.00085223 78
0.000927326 80
0.000948701 81
0.000958743 82
0.000962518 87
0.000978279 88
0.000992171 90
0.00102528 96
0.00106419 110
0.00107853 122
2 122
