0 -5678
5.31e-07 -5572
0.000663505 -5547
0.000664643 -5364
0.000665439 -5184
0.00066617 -5049
0.000667194 -5003
0.00073346 -4968
0.000735707 -4927
0.000735916 -4708
0.000737528 -4692
0.000740098 -4661
0.000740752 -4537
0.000744318 -4514
0.000745095 -4333
0.000746451 -4287
0.000746556 -4149
0.000763084 -4081
0.000763634 -3994
0.000767598 -3890
0.000767873 -3813
0.000768414 -3678
0.000771078 -3577
0.000772017 -3479
0.000772738 -3446
0.000776313 -3397
0.000780637 -3289
0.000781177 -3144
0.000782145 -3137
0.000782676 -3093
0.000784013 -3013
0.000786725 -2956
0.000787398 -2931
0.000787796 -2832
0.00078829 -2751
0.000789409 -2673
0.000790546 -2600
0.000790679 -2521
0.000791836 -2463
0.000792813 -2425
0.000793865 -2343
0.000796122 -2323
0.000796597 -2244
0.000797782 -2197
0.000798512 -2144
0.000800835 -2066
0.000801509 -1968
0.00080204 -1884
0.0008024 -1842
0.000803197 -1773
0.00081304 -1758
0.000814415 -1730
0.000814756 -1673
0.000815249 -1555
0.000823907 -1538
0.000824163 -1507
0.000824704 -1478
0.00082679 -1472
0.000828943 -1438
0.000829331 -1382
0.00082991 -1360
0.000832224 -1269
0.000832375 -1231
0.000832887 -1200
0.000833817 -1143
0.000834329 -1128
0.000834547 -1021
0.000835125 -991
0.000836112 -962
0.000837866 -926
0.00087337 -913
0.000875977 -882
0.000880567 -830
0.000891586 -824
0.000894516 -766
0.000906123 -695
0.000906749 -627
0.000908684 -621
0.000910381 -575
0.000912505 -492
0.000923174 -485
0.000924321 -475
0.000929148 -464
0.000954581 -447
0.000954903 -432
0.000955548 -396
0.000960242 -380
0.000961067 -345
0.000962461 -300
0.000963969 -250
0.000965173 -204
0.000965287 -201
0.000966937 -174
0.000968321 -132
0.000968795 -131
0.000972589 -61
0.000972939 -40
0.000973698 -37
0.000974808 -14
0.00097641 -3
0.000980583 15
0.000981531 19
0.000982906 20
0.000988719 25
0.000991564 29
0.000994447 36
0.00099658 48
0.000997756 66
0.000998799 114
0.000999302 129
0.00100033 137
0.00100589 162
0.00100653 169
0.00100814 222
0.00101062 258
0.00101276 266
0.00101568 289
0.0010181 299
0.0010192 311
0.00101947 342
0.00101967 348
0.00103771 360
0.0010394 363
0.00104799 400
0.00104887 408
0.00105192 418
0.00105316 428
0.00105753 435
0.0010586 446
0.00106029 476
0.00106227 480
0.00106288 487
0.00106995 518
0.00107009 549
0.00107289 553
0.00107972 557
0.00108024 562
0.00108574 579
0.00108626 638
0.00108711 639
0.00108884 665
0.00109223 688
0.00109495 699
0.0010958 706
0.0010964 719
0.00109695 722
0.00109775 729
0.00110619 741
0.00110983 743
0.00110994 765
0.00111166 777
0.00111712 783
0.00112224 784
0.00112484 785
0.00112738 791
0.00112896 793
0.00113481 812
0.00113626 828
0.00113757 829
0.00114166 835
0.00114296 856
0.00114383 862
0.00114426 887
0.00114556 900
0.00114863 909
0.00115335 921
0.00115614 922
0.00115756 926
0.00115826 941
0.00116282 962
0.0011675 985
0.00117 998
0.00117615 999
0.00117971 1014
0.00118094 1018
0.00118186 1030
0.00119728 1042
0.00119749 1046
0.00119849 1049
0.00120778 1051
0.00121122 1056
0.00121552 1064
0.00121892 1073
0.00122105 1083
0.00124547 1084
0.00126049 1087
0.00126963 1102
0.00127224 1116
0.00127901 1131
0.00128004 1140
0.00132961 1142
0.00133087 1153
0.00135723 1157
0.00136588 1160
0.00136691 1171
0.00137564 1174
0.00141602 1178
0.00143172 1183
0.00146806 1187
0.0015772 1197
0.00162882 1204
0.0016348 1212
0.00169108 1217
0.001759 1222
0.00176322 1224
0.00176333 1226
0.00178391 1233
0.00180459 1241
0.00181097 1246
0.00181923 1251
0.00182885 1255
0.00185303 1265
0.00185781 1267
0.00194688 1279
0.00195544 1287
2 1287
