0 -2746
1.42e-07 -2661
5.4e-07 -2568
7.96e-07 -2517
1.0659e-05 -2493
0.000534453 -2423
0.000539223 -2348
0.000549692 -2259
0.00055008 -2186
0.000550583 -2115
0.000551968 -2094
0.000552091 -2015
0.000552868 -1980
0.000553039 -1935
0.000553352 -1918
0.000553997 -1891
0.000554983 -1769
0.000584342 -1717
0.0005853 -1653
0.000585442 -1652
0.000587244 -1649
0.00058749 -1602
0.000610022 -1581
0.000610135 -1511
0.000610628 -1424
0.000610989 -1354
0.000612259 -1287
0.000623231 -1227
0.00062765 -1213
0.00062856 -1196
0.000631054 -1148
0.000631775 -1143
0.000632771 -1076
0.000633141 -986
0.000633596 -928
0.000634554 -920
0.000635862 -881
0.000639798 -871
0.00064012 -831
0.000651594 -808
0.000651737 -779
0.000651974 -729
0.000652628 -665
0.000656269 -645
0.000657066 -644
0.00065717 -573
0.000658536 -446
0.000659294 -413
0.000659825 -395
0.000661305 -357
0.000664804 -322
0.000665022 -311
0.00066598 -277
0.000666947 -215
0.000675719 -195
0.000679939 -175
0.000680403 -138
0.000680754 -94
0.000721691 -82
0.00072209 -77
0.000722678 -73
0.000723323 -59
0.000723901 1
0.000730283 36
0.00073492 40
0.000737433 99
0.000738476 132
0.000738571 139
0.000739851 180
0.000741615 201
0.000742004 211
0.000742269 221
0.000742696 226
0.000742905 305
0.000743018 310
0.00074373 373
0.000760846 385
0.000761557 386
0.000762724 389
0.000765104 404
0.000765208 405
0.00076591 427
0.0007661 443
0.000766289 468
0.000771799 504
0.000773942 509
0.000774037 510
0.000781945 512
0.000783045 522
0.00078315 525
0.000786696 535
0.000792244 571
0.000792604 588
0.000793903 593
0.000794586 599
0.000795828 621
0.000797175 622
0.000799565 624
0.000802855 628
0.00080294 631
0.000803291 642
0.00080349 651
0.00080387 658
0.000804069 661
0.000806297 666
0.000806686 679
0.000807786 683
0.000811627 697
0.000811978 740
0.000812328 747
0.000814405 751
0.000819403 755
0.000836481 764
0.000836595 774
0.000837221 776
0.00084273 783
0.000844608 794
0.000845461 795
0.000847567 801
0.000848942 811
0.0008673 826
0.000871084 870
0.000872469 879
0.000872734 892
0.000877921 899
0.000878727 921
0.000882464 923
0.000884426 940
0.000886551 943
0.000887376 949
0.000887755 964
0.000892752 966
0.000893331 970
0.000897371 979
0.000897579 1008
0.000902017 1011
0.000902615 1012
0.000904644 1019
0.000905829 1022
0.000907612 1024
0.000912875 1025
0.000913956 1028
0.000914041 1053
0.000914155 1067
0.000915047 1073
0.000915729 1074
0.000919238 1075
0.000920196 1103
0.000921798 1105
0.000921893 1107
0.000922538 1119
0.000924548 1127
0.00092581 1137
0.000928939 1146
0.000933813 1147
0.000933965 1149
0.000936895 1151
0.000937236 1187
0.000938668 1194
0.000945743 1207
0.000946871 1208
0.000948787 1209
0.000958829 1215
0.00096394 1217
0.000979312 1234
0.000980971 1238
0.000981569 1245
0.0009876 1252
0.00100969 1255
0.00100992 1259
0.00101416 1261
0.00103032 1264
0.00104087 1269
0.00104694 1271
0.00105511 1288
0.00105779 1291
0.00106391 1296
0.001064 1298
0.00107293 1303
0.00109706 1305
0.0011168 1306
0.00113228 1313
0.00113291 1315
0.00113702 1325
0.00114434 1328
0.00114894 1330
0.00115845 1339
0.0011661 1355
0.00119608 1360
0.00120676 1364
2 1364
