0 -7576
1.33e-07 -7375
9.426e-06 -7320
9.654e-06 -7065
0.00041768 -6973
0.000419956 -6820
0.000420554 -6662
0.000421056 -6461
0.00042153 -6226
0.000422403 -6186
0.000422868 -6082
0.000429544 -5861
0.000452151 -5777
0.000452739 -5659
0.000453479 -5387
0.000455982 -5385
0.000456333 -5235
0.000456874 -5032
0.00046245 -4998
0.000463076 -4912
0.000464384 -4772
0.000466034 -4702
0.000466926 -4537
0.000468481 -4439
0.000469382 -4241
0.000469534 -4088
0.000499386 -3956
0.00050134 -3944
0.000502961 -3776
0.000505579 -3762
0.000506328 -3567
0.000506963 -3316
0.000508698 -3257
0.000512748 -3125
0.000513013 -3075
0.000539177 -3066
0.00054243 -2962
0.000544431 -2844
0.000544876 -2719
0.000546782 -2606
0.000547105 -2496
0.000551742 -2384
0.000553221 -2311
0.000553326 -2066
0.000553658 -1959
0.000561898 -1890
0.00056389 -1721
0.00056663 -1607
0.000573591 -1533
0.000574805 -1469
0.000576151 -1386
0.000581035 -1282
0.000591172 -1199
0.000592216 -1074
0.000592993 -978
0.000594416 -948
0.000594947 -910
0.000595184 -873
0.000595297 -762
0.000599129 -726
0.000615591 -685
0.000623481 -653
0.00062442 -567
0.000627777 -490
0.000648346 -436
0.000652717 -433
0.000653002 -369
0.000660057 -368
0.000693219 -365
0.000693637 -279
0.000693741 -218
0.000701119 -207
0.000713712 -144
0.000714518 -50
0.000735058 -48
0.00073906 -36
0.000741099 0
0.000741213 6
0.000743935 8
0.000753825 40
0.000755902 51
0.00075612 59
0.00076236 63
0.000765366 138
0.000770259 167
0.000784389 220
0.000822558 226
0.000859732 247
0.000876725 260
0.000887081 268
0.000897171 274
0.000902851 278
0.000937417 284
0.00096358 290
0.000967004 293
0.000967402 301
0.000969887 302
0.000970939 309
0.000998127 320
0.0010166 321
0.0010422 337
0.00110991 349
0.00113577 354
0.00116948 361
0.00121285 370
0.00126847 372
2 372
