0 -354
7.97e-07 -341
1.034e-06 -318
1.186e-06 -231
0.000459197 -219
0.000460003 -137
0.000460971 -125
0.000462184 -105
0.00046227 -103
0.000465873 -59
0.000466347 -56
0.000466528 -27
0.000467011 31
0.00046721 50
0.000469647 59
0.000469733 98
0.00047015 103
0.000470349 125
0.000470966 166
0.00051104 173
0.000511163 255
0.000511296 292
0.000511619 305
0.000512624 322
0.0005127 357
0.000531969 370
0.000532187 395
0.000532661 416
0.000532974 426
0.000537127 450
0.000537232 481
0.000537573 484
0.000538009 485
0.000538578 490
0.000538863 497
0.000546809 500
0.000547236 511
0.000547397 512
0.000549038 538
0.000557269 561
0.000557373 572
0.000557478 578
0.000557696 583
0.00055871 629
0.000580568 650
0.000581422 655
0.000585689 669
0.000586011 673
0.000586609 684
0.000586941 698
0.000587064 699
0.000587339 728
0.000597856 730
0.000597988 766
0.000598131 794
0.000598368 806
0.000598918 820
0.000617343 850
0.000628276 874
0.000628447 882
0.000629234 889
0.0006295 908
0.000629974 909
0.000630097 912
0.000630865 915
0.000631577 927
0.000631833 929
0.000637646 936
0.000640832 937
0.000642235 943
0.000643297 945
0.000643468 946
0.000648589 948
0.000648665 960
0.00064874 962
0.000650457 976
0.000658498 983
0.00065865 985
0.000660205 995
0.000661884 1018
0.00066196 1027
0.000686985 1035
0.00069128 1038
0.000693898 1041
0.000694656 1043
0.00071586 1044
0.000716495 1050
0.000717946 1058
0.000726642 1060
0.000731886 1065
0.000733839 1069
0.000734124 1077
0.000736495 1083
0.000743199 1084
0.000744565 1087
0.000745921 1092
0.000746945 1094
0.000758286 1096
0.000759035 1103
0.000759908 1108
0.000759984 1114
0.000760088 1119
0.000762516 1123
0.000763729 1135
0.000765835 1144
0.000768755 1161
0.000771031 1165
0.000775479 1174
0.000780078 1187
0.000787143 1201
0.000795393 1204
2 1204
