0 -3566
5.7e-08 -3370
6.334e-06 -3190
1.1496e-05 -3011
1.6601e-05 -2837
2.3503e-05 -2668
2.822e-05 -2504
3.5301e-05 -2353
4.4226e-05 -2210
5.16e-05 -2088
5.6866e-05 -1968
6.1857e-05 -1850
6.6991e-05 -1735
7.1566e-05 -1625
7.5679e-05 -1520
8.034e-05 -1418
8.466e-05 -1316
8.9151e-05 -1215
9.3566e-05 -1123
9.8056e-05 -1037
0.000102538 -952
0.00010683 -868
0.000111311 -793
0.000128999 -720
0.000141289 -647
0.0001475 -579
0.00015166 -514
0.000156236 -453
0.00016118 -395
0.000165567 -338
0.000170284 -281
0.00017539 -227
0.000179994 -178
0.000184229 -131
0.000188616 -86
0.000192879 -42
0.00019703 1
0.000200962 43
0.000204943 84
0.000209197 120
0.000213186 155
0.000217346 189
0.000221534 222
0.000225382 255
0.000229249 286
0.000233314 313
0.0002377 340
0.000242219 365
0.000246899 402
0.000251522 427
0.000255446 450
0.000259624 472
0.000263321 491
0.000267282 512
0.000271517 533
0.000275715 552
0.000280045 575
0.000284658 593
0.00028896 608
0.000293167 625
0.000297667 640
0.000301477 654
0.00030922 675
0.000313946 687
0.000317303 696
0.0003267 705
0.00032981 716
0.000331909 724
0.000334027 742
0.000338375 750
0.00033968 756
0.000341353 764
0.000344199 770
0.000345078 775
0.000346808 778
0.000349777 791
0.000355572 809
0.000356971 813
0.000359004 815
0.000360318 819
0.00036218 821
0.000363617 831
0.00036634 832
0.000371956 834
0.000373421 835
0.000389285 837
0.000390514 838
0.000391374 841
0.000399958 842
0.000420691 843
0.000468046 845
0.000472309 849
0.000474238 852
0.000606054 853
0.000620859 862
0.000634652 863
0.000635456 864
0.000652464 866
0.000654837 871
0.000770071 872
0.000779392 886
2 886
