0 -41915
5.7e-08 -41680
1.8655e-05 -41450
4.9012e-05 -41226
8.0062e-05 -41004
0.000117609 -40787
0.00016247 -40573
0.000204633 -40359
0.000244916 -40149
0.000284438 -39939
0.000323629 -39729
0.000362752 -39520
0.000401629 -39313
0.00044043 -39106
0.000500992 -38899
0.000550725 -38693
0.000598521 -38487
0.000644028 -38282
0.000687929 -38078
0.000730938 -37877
0.000773234 -37678
0.000815207 -37480
0.000856981 -37282
0.000898783 -37085
0.000940481 -36888
0.000986491 -36692
0.00102883 -36497
0.00107116 -36302
0.00111318 -36107
0.00115541 -35912
0.00119779 -35718
0.00123985 -35525
0.00128162 -35332
0.00132746 -35145
0.00137286 -34958
0.00141625 -34772
0.00145898 -34586
0.00150143 -34401
0.00154345 -34216
0.00158523 -34031
0.00163657 -33846
0.00168362 -33662
0.00172639 -33478
0.00176865 -33294
0.00181026 -33111
0.00185187 -32928
0.00189374 -32746
0.0019396 -32564
0.00198153 -32382
0.00202319 -32200
0.00206474 -32019
0.00210623 -31838
0.00214775 -31658
0.00218938 -31478
0.00223121 -31298
0.00227601 -31119
0.00232644 -30941
0.00236849 -30764
0.00241048 -30587
0.0024629 -30410
0.00251162 -30234
0.0025555 -30058
0.00259863 -29883
0.00264075 -29708
0.00268276 -29534
0.0027257 -29360
0.00276817 -29186
0.00280998 -29012
0.00285646 -28838
0.00290235 -28664
0.00294399 -28491
0.00298584 -28318
0.00304937 -28145
0.00309983 -27972
0.00314393 -27800
0.0031871 -27628
0.00322902 -27456
0.00327059 -27285
0.00331214 -27114
0.00335358 -26943
0.00339456 -26772
0.00344605 -26602
0.00348851 -26433
0.00354013 -26264
0.00358519 -26096
0.00362749 -25928
0.00366937 -25760
0.00371038 -25593
0.00376316 -25426
0.0038063 -25259
0.00385243 -25092
0.00390977 -24925
0.00397307 -24759
0.0040693 -24593
0.00412003 -24427
0.0041626 -24261
0.00420481 -24096
0.00424661 -23931
0.00428776 -23766
0.00432972 -23601
0.00437465 -23436
0.00442038 -23273
0.00446231 -23111
0.00450367 -22949
0.00454469 -22788
0.0045861 -22627
0.0046279 -22467
0.00467006 -22307
0.00471196 -22147
0.00482684 -21988
0.00487914 -21829
0.00492742 -21671
0.00507618 -21513
0.00512457 -21355
0.0051772 -21197
0.00526277 -21040
0.00531668 -20883
0.00540415 -20727
0.00546825 -20572
0.00552096 -20417
0.00557698 -20262
0.00563115 -20107
0.00568003 -19953
0.00572905 -19799
0.00578268 -19645
0.00583103 -19491
0.00588228 -19337
0.00593013 -19184
0.00597825 -19031
0.00604737 -18878
0.00609884 -18725
0.0062255 -18573
0.00630201 -18421
0.00637287 -18270
0.00643972 -18119
0.00650701 -17968
0.00657136 -17818
0.00663454 -17668
0.00670127 -17518
0.00676369 -17368
0.00682522 -17218
0.0068951 -17069
0.00695928 -16921
0.00702596 -16773
0.00709468 -16625
0.00715691 -16477
0.00721848 -16329
0.00727955 -16182
0.0073412 -16035
0.00740182 -15889
0.00746293 -15743
0.00752377 -15597
0.00758614 -15452
0.00764881 -15307
0.00771214 -15163
0.00777634 -15019
0.00785581 -14875
0.00791994 -14731
0.0079827 -14587
0.00804662 -14444
0.00810982 -14301
0.00817164 -14158
0.00823335 -14016
0.00832544 -13875
0.00839491 -13734
0.00844589 -13593
0.00849211 -13453
0.00853599 -13313
0.00858546 -13173
0.00863023 -13033
0.00868224 -12895
0.0087246 -12757
0.00876967 -12620
0.00881479 -12483
0.00885949 -12346
0.00890257 -12209
0.00894466 -12072
0.00898573 -11935
0.00902752 -11799
0.00906826 -11663
0.00910764 -11527
0.00914924 -11392
0.00919266 -11258
0.0092377 -11124
0.00928187 -10990
0.00932513 -10856
0.00936712 -10724
0.00940774 -10592
0.00944971 -10461
0.0094925 -10331
0.00954201 -10201
0.0095889 -10072
0.00963458 -9943
0.00967877 -9814
0.00972247 -9685
0.00976859 -9557
0.00981262 -9429
0.00985701 -9301
0.00989906 -9174
0.00996387 -9047
0.0100088 -8921
0.010054 -8796
0.0101017 -8671
0.0101482 -8546
0.0101926 -8421
0.0102388 -8296
0.0102859 -8172
0.0103354 -8048
0.0103822 -7926
0.0104276 -7805
0.0104757 -7684
0.0105291 -7564
0.0105789 -7444
0.010646 -7324
0.0107067 -7205
0.0107588 -7086
0.0108111 -6969
0.0108724 -6852
0.0109256 -6736
0.0109779 -6621
0.0110549 -6507
0.0111145 -6393
0.0111697 -6280
0.0112235 -6167
0.011277 -6055
0.0113288 -5943
0.0113838 -5833
0.0114429 -5724
0.0115025 -5615
0.011583 -5506
0.0116667 -5397
0.0117433 -5288
0.0118041 -5180
0.011879 -5072
0.0119376 -4965
0.0119977 -4859
0.0120541 -4754
0.0121146 -4649
0.0121728 -4545
0.0122326 -4442
0.012293 -4340
0.0123561 -4239
0.0124197 -4138
0.0124871 -4037
0.0125687 -3937
0.0126342 -3838
0.0126984 -3740
0.0127641 -3643
0.0128352 -3549
0.0129075 -3456
0.0129776 -3363
0.0130505 -3270
0.0131259 -3178
0.0132043 -3086
0.0132817 -2995
0.0133636 -2905
0.013447 -2815
0.0135426 -2725
0.013625 -2635
0.0137065 -2546
0.0138054 -2460
0.0138955 -2375
0.0139868 -2290
0.0140743 -2207
0.0141814 -2125
0.0142682 -2045
0.0143582 -1965
0.0144699 -1888
0.0145733 -1812
0.0146734 -1736
0.0147792 -1662
0.0148849 -1590
0.0149924 -1519
0.0151172 -1449
0.0152325 -1382
0.0153604 -1315
0.0154816 -1249
0.0156105 -1183
0.0157837 -1119
0.0159231 -1058
0.0160639 -999
0.0162069 -940
0.0163578 -882
0.0165218 -825
0.0166784 -768
0.0168841 -714
0.0170842 -660
0.0172655 -606
0.0174469 -556
0.0176438 -508
0.0178533 -462
0.0180774 -417
0.0182824 -374
0.0184902 -332
0.018702 -292
0.0189237 -255
0.0191687 -218
0.0193892 -183
0.019627 -150
0.0198537 -119
0.0200927 -90
0.0203162 -62
0.0205354 -34
0.0207517 -9
0.0209627 13
0.0211746 31
0.0213856 49
0.0215763 64
0.0217627 80
0.0219532 92
0.0221313 111
0.0223017 125
0.0224868 136
0.0226917 150
0.0229054 161
0.0231161 171
0.0232957 180
0.0234727 196
0.0236436 207
0.0238322 219
0.0240377 229
0.0242402 240
0.0244327 250
0.0246127 259
0.0248192 268
0.0250118 276
0.02522 284
0.0254098 290
0.0256057 301
0.0257925 310
0.0259891 325
0.0261784 335
0.0263839 343
0.0265868 349
0.0267822 355
0.0269922 362
0.0272458 368
0.0274534 373
0.0276535 374
0.0278573 376
0.0280713 377
0.0289226 381
0.0291491 382
0.0298017 386
0.0302258 392
0.0321285 393
0.0328438 394
0.0331263 396
0.033591 399
0.0340243 402
0.0342431 410
0.0351434 411
2 411
