0 -37845
7.6e-08 -37615
2.499e-05 -37390
4.3436e-05 -37168
8.6122e-05 -36948
0.000137745 -36728
0.000190214 -36508
0.000288636 -36291
0.000350642 -36074
0.000414119 -35858
0.000487656 -35642
0.000553061 -35428
0.000617821 -35215
0.000686552 -35008
0.00075701 -34803
0.00083768 -34599
0.000906059 -34395
0.00097287 -34192
0.00104107 -33990
0.0011128 -33788
0.00118068 -33588
0.00124779 -33388
0.00131416 -33189
0.00138021 -32991
0.0014461 -32794
0.00151184 -32598
0.00157729 -32403
0.00164246 -32209
0.00170774 -32015
0.00177158 -31821
0.00183686 -31628
0.00190183 -31437
0.00196638 -31246
0.00203094 -31057
0.00209529 -30871
0.00215973 -30685
0.002224 -30500
0.00228868 -30316
0.00235055 -30132
0.00241584 -29949
0.00247977 -29766
0.00254368 -29583
0.00260766 -29401
0.00267156 -29219
0.00275338 -29038
0.00282246 -28858
0.00288627 -28679
0.00294679 -28500
0.00301119 -28322
0.00306999 -28144
0.00312653 -27968
0.00318608 -27792
0.00324472 -27616
0.00330132 -27441
0.00336184 -27267
0.0034205 -27093
0.00347856 -26920
0.00354199 -26747
0.00360075 -26574
0.0036594 -26401
0.00372059 -26229
0.00378351 -26057
0.00384678 -25886
0.00391348 -25715
0.00397446 -25544
0.00404659 -25373
0.00410885 -25202
0.00417064 -25032
0.0042779 -24863
0.00434123 -24694
0.00440503 -24525
0.00446697 -24356
0.00452118 -24187
0.00456402 -24018
0.00462933 -23850
0.00467459 -23682
0.00471745 -23514
0.00475911 -23347
0.00481289 -23180
0.00487326 -23014
0.00493293 -22849
0.00499314 -22684
0.00508143 -22519
0.00514789 -22354
0.00521065 -22189
0.00527339 -22025
0.00533303 -21861
0.00539659 -21698
0.00545732 -21535
0.00551876 -21372
0.00558491 -21210
0.00565018 -21048
0.00570945 -20886
0.00576958 -20725
0.00588305 -20564
0.00592624 -20403
0.00596766 -20242
0.00600799 -20081
0.00605692 -19920
0.00611262 -19760
0.00616705 -19600
0.00622073 -19440
0.00626305 -19280
0.00630386 -19121
0.00634426 -18962
0.00638575 -18803
0.00643184 -18646
0.00648842 -18490
0.00654289 -18334
0.00658603 -18178
0.00662766 -18022
0.00666898 -17867
0.0067156 -17712
0.00677224 -17558
0.00683314 -17404
0.00687999 -17251
0.00692258 -17098
0.00696462 -16945
0.00700526 -16792
0.00704558 -16640
0.00708613 -16488
0.00712682 -16336
0.007168 -16185
0.00722406 -16034
0.00726596 -15883
0.00730637 -15732
0.0073475 -15581
0.00738922 -15431
0.00743776 -15282
0.0075242 -15134
0.00758501 -14986
0.00763876 -14838
0.00769089 -14691
0.00774063 -14544
0.00779171 -14397
0.00784357 -14251
0.00788852 -14105
0.00793755 -13960
0.0079798 -13815
0.00802984 -13670
0.00807308 -13525
0.0081205 -13381
0.00831961 -13237
0.00836583 -13094
0.00842646 -12951
0.0084778 -12808
0.00851861 -12665
0.00856006 -12523
0.00860058 -12381
0.00864073 -12239
0.00868769 -12098
0.00872862 -11958
0.00881866 -11818
0.00886167 -11678
0.00890295 -11539
0.00894706 -11400
0.00899067 -11262
0.00903446 -11124
0.0090839 -10986
0.0091337 -10850
0.0091782 -10714
0.00922138 -10580
0.00938875 -10446
0.00961571 -10312
0.00968174 -10179
0.00973701 -10047
0.00978694 -9915
0.00983448 -9784
0.00987953 -9653
0.0100158 -9522
0.010099 -9391
0.0102019 -9261
0.0102731 -9131
0.0103369 -9001
0.0103967 -8872
0.0104557 -8743
0.0105143 -8615
0.0105725 -8487
0.010631 -8360
0.0106893 -8234
0.0107492 -8109
0.0108092 -7984
0.0108674 -7859
0.0109273 -7735
0.0109879 -7611
0.011048 -7487
0.0111094 -7364
0.0111694 -7241
0.0112295 -7119
0.0112903 -6997
0.0113524 -6876
0.0114139 -6756
0.0114777 -6637
0.0115459 -6519
0.0116098 -6401
0.0116745 -6285
0.0117385 -6169
0.0118034 -6054
0.0118831 -5939
0.0119495 -5825
0.012022 -5712
0.0120888 -5600
0.0121562 -5489
0.0122487 -5378
0.0123175 -5268
0.0123859 -5158
0.0124535 -5048
0.0125215 -4938
0.0125949 -4829
0.0126663 -4720
0.0127382 -4612
0.0128098 -4506
0.0128814 -4400
0.012953 -4295
0.0130236 -4191
0.0131181 -4088
0.0131935 -3986
0.013266 -3885
0.0133599 -3785
0.0134375 -3685
0.0135144 -3586
0.0135907 -3488
0.0136679 -3390
0.013758 -3292
0.0138409 -3194
0.0139211 -3098
0.0140022 -3002
0.0140853 -2907
0.0141689 -2813
0.0142686 -2719
0.0143555 -2629
0.0144458 -2539
0.0145398 -2452
0.0146402 -2367
0.0147273 -2282
0.014825 -2198
0.0149205 -2114
0.0150106 -2031
0.0150986 -1950
0.0151895 -1871
0.0152839 -1794
0.0153826 -1717
0.0154773 -1641
0.0155721 -1565
0.0157027 -1490
0.0158336 -1416
0.015973 -1345
0.0161116 -1276
0.0163063 -1207
0.0164485 -1139
0.0165953 -1072
0.0167388 -1005
0.0168861 -942
0.0170365 -881
0.0171854 -821
0.0173635 -762
0.0175449 -703
0.0177395 -644
0.0179551 -589
0.0181472 -534
0.0183249 -482
0.0185316 -431
0.0187553 -383
0.0189845 -339
0.0192173 -295
0.0194705 -253
0.0197254 -213
0.0199907 -175
0.0202937 -141
0.020551 -108
0.0208077 -77
0.0210646 -49
0.0213187 -23
0.0215896 1
0.021852 23
0.0221089 42
0.0223544 60
0.0225902 78
0.0227895 92
0.0229756 104
0.0231542 115
0.0233539 127
0.0235391 138
0.0237234 149
0.0239026 160
0.0241038 173
0.0243289 183
0.0245404 193
0.0247212 202
0.0249103 211
0.0250941 221
0.0253006 233
0.0254962 241
0.0256912 249
0.0258773 257
0.0260702 267
0.0262644 274
0.0264585 285
0.0266481 291
0.0268438 301
0.0270295 308
0.0272653 316
0.0274566 323
0.0276918 330
0.0279109 336
0.0281089 343
0.0283469 348
0.0285631 357
0.0287808 362
0.0290194 373
0.0292269 383
0.0294255 384
0.0302597 385
0.0304657 386
0.0306836 388
0.030914 390
0.0311326 395
0.0313405 397
0.0315569 402
0.0317761 405
0.0326621 408
0.0328883 410
0.033113 411
0.0333358 412
0.0335579 413
0.0529223 418
0.055817 421
0.0560572 422
0.0568408 423
0.0575055 424
0.057719 426
0.0584092 427
0.0590416 428
0.0636482 429
0.0638718 434
2 434
