0 -3510
5.7e-08 -3342
6.372e-06 -3191
1.1194e-05 -3052
1.6535e-05 -2913
2.0534e-05 -2782
2.6349e-05 -2653
3.7211e-05 -2527
4.4604e-05 -2404
5.1515e-05 -2283
5.6941e-05 -2162
6.1319e-05 -2041
6.5478e-05 -1926
6.9827e-05 -1822
7.4129e-05 -1719
7.8534e-05 -1619
8.2751e-05 -1520
8.7601e-05 -1422
9.228e-05 -1325
9.6705e-05 -1228
0.000101243 -1136
0.000105005 -1048
0.000109212 -962
0.000113504 -880
0.000117579 -801
0.000121493 -722
0.000125719 -644
0.00012969 -572
0.000133991 -502
0.000138576 -433
0.000142972 -367
0.000147349 -305
0.000151944 -247
0.000156151 -190
0.000159715 -138
0.000164707 -86
0.000168848 -35
0.000172421 13
0.000176222 53
0.00018024 92
0.000184607 129
0.00018838 166
0.000193466 201
0.000197824 234
0.000201483 264
0.000205699 291
0.000209878 317
0.000214321 343
0.000218566 367
0.000222433 391
0.000226706 414
0.000230431 436
0.000234099 458
0.000237861 479
0.000242106 499
0.000246313 524
0.000250605 542
0.000254538 564
0.000258074 579
0.00026126 593
0.000265155 621
0.000268502 635
0.000272501 666
0.000277436 685
0.000281227 698
0.000290529 710
0.000294642 722
0.000296154 732
0.000299161 741
0.000301061 769
0.000305438 778
0.000306469 786
0.000308473 791
0.000310666 796
0.000312415 799
0.000313985 822
0.00031944 823
0.000322711 844
0.000330085 847
0.000334112 848
0.000384076 857
0.000494073 877
0.000502572 880
0.00051923 892
0.000527369 894
0.000538052 896
0.000749849 897
0.00099291 905
0.00130317 907
2 907
