0 -24705
5.7e-08 -24340
7.9356e-05 -23999
0.000138566 -23664
0.000268369 -23342
0.000405697 -23020
0.000583365 -22701
0.000775374 -22388
0.000960747 -22089
0.00117568 -21794
0.00140006 -21500
0.00161912 -21216
0.00180102 -20932
0.00199869 -20655
0.0021953 -20386
0.0023851 -20119
0.00259545 -19852
0.0028078 -19592
0.00304813 -19335
0.00324128 -19079
0.00341766 -18823
0.00358997 -18572
0.00375961 -18323
0.00396202 -18075
0.00413053 -17833
0.00429562 -17592
0.00446257 -17355
0.00462345 -17119
0.00478172 -16887
0.00493711 -16656
0.00509168 -16425
0.00524461 -16199
0.00539685 -15973
0.00554969 -15750
0.00570195 -15530
0.0058894 -15314
0.00607111 -15104
0.00624839 -14896
0.00642169 -14689
0.00659032 -14484
0.0067577 -14279
0.0069445 -14074
0.00712011 -13871
0.007289 -13668
0.00745244 -13475
0.00761532 -13285
0.00778349 -13095
0.00793499 -12907
0.00809712 -12720
0.00825177 -12534
0.0083928 -12351
0.0085361 -12169
0.00867387 -11988
0.00882121 -11807
0.00895789 -11628
0.00910814 -11451
0.00924089 -11274
0.00937024 -11099
0.00949674 -10925
0.00967676 -10756
0.00983964 -10589
0.0100027 -10423
0.0101575 -10257
0.0103085 -10092
0.0106234 -9927
0.0109066 -9763
0.0111192 -9600
0.0113464 -9438
0.0115302 -9277
0.0117041 -9119
0.0118717 -8964
0.0121167 -8810
0.0122577 -8657
0.0124167 -8504
0.0125599 -8351
0.0126885 -8200
0.0128156 -8054
0.0129453 -7908
0.0130846 -7763
0.0132215 -7619
0.0133666 -7477
0.0134944 -7339
0.0136066 -7201
0.0137295 -7063
0.0138395 -6925
0.0139472 -6791
0.0140529 -6658
0.0141564 -6526
0.0142579 -6397
0.0143638 -6268
0.0144846 -6143
0.0146097 -6020
0.0147377 -5898
0.0148762 -5777
0.0149919 -5656
0.0151092 -5539
0.0152303 -5422
0.0153406 -5305
0.0154853 -5190
0.0156294 -5076
0.0157445 -4966
0.0158517 -4857
0.0159546 -4749
0.0160522 -4642
0.0161469 -4535
0.0162397 -4428
0.0163301 -4323
0.0164199 -4219
0.0165083 -4117
0.0165953 -4016
0.0166831 -3915
0.0167676 -3815
0.0168508 -3715
0.0169449 -3617
0.0170292 -3519
0.0171125 -3423
0.0171969 -3329
0.0172799 -3235
0.0173617 -3142
0.017443 -3051
0.0175557 -2961
0.0176834 -2873
0.0178054 -2788
0.01792 -2703
0.0180276 -2619
0.0181287 -2536
0.018224 -2455
0.0183121 -2374
0.0184107 -2295
0.0185156 -2217
0.0185979 -2140
0.0186824 -2066
0.0187611 -1992
0.0188411 -1920
0.018983 -1849
0.0190989 -1779
0.0192168 -1710
0.0193212 -1643
0.0194268 -1580
0.019516 -1517
0.0195996 -1455
0.0196795 -1393
0.0197608 -1331
0.0198397 -1270
0.019912 -1210
0.0199913 -1151
0.0200828 -1092
0.0201815 -1034
0.0202726 -978
0.0203533 -923
0.0204382 -870
0.0205077 -820
0.0205744 -770
0.0206406 -721
0.0207087 -672
0.0207779 -624
0.0208457 -576
0.0209113 -528
0.020981 -481
0.0210503 -436
0.0211194 -391
0.0211875 -346
0.0212803 -302
0.0214121 -260
0.0215172 -219
0.0216399 -178
0.0217531 -137
0.0218526 -97
0.0219493 -57
0.0220367 -19
0.0221173 18
0.0221926 55
0.0222623 90
0.0223291 125
0.0223976 160
0.0224658 194
0.0225324 228
0.0225973 261
0.0226674 294
0.0227314 326
0.0227975 357
0.0228915 388
0.0229591 418
0.0230262 445
0.0230914 472
0.0231566 499
0.0232342 526
0.0232975 552
0.0233621 577
0.0234249 606
0.0234867 631
0.0235514 655
0.0236137 679
0.0236752 703
0.023739 733
0.0238037 761
0.0238662 785
0.0239282 807
0.0239924 828
0.0240557 849
0.024118 870
0.0241819 889
0.0242447 911
0.0243134 932
0.0243792 952
0.0244429 971
0.0245057 993
0.0245683 1015
0.0246651 1033
0.0247284 1050
0.0247905 1072
0.0248552 1091
0.0249204 1111
0.0249869 1128
0.0250503 1145
0.0251425 1165
0.0252333 1181
0.0253166 1199
0.0253934 1215
0.0254654 1231
0.0255336 1246
0.0256008 1261
0.0256693 1278
0.0257462 1293
0.025814 1312
0.0258912 1327
0.0259736 1345
0.0260639 1359
0.0261779 1373
0.0262888 1389
0.0263874 1403
0.0264842 1416
0.0265684 1429
0.0266506 1442
0.0267369 1460
0.0268653 1476
0.02696 1492
0.0270691 1508
0.0271711 1522
0.0272767 1535
0.0273559 1548
0.0274251 1561
0.027494 1574
0.0275625 1586
0.0276454 1598
0.0277123 1609
0.0277872 1620
0.0278752 1631
0.0279666 1644
0.0280852 1656
0.0281558 1668
0.0282301 1680
0.0283265 1693
0.0284314 1703
0.0285457 1716
0.0286374 1730
0.0287826 1741
0.0288905 1751
0.0289865 1770
0.0292016 1780
0.02928 1790
0.0294481 1803
0.0295754 1813
0.0296838 1824
0.0297818 1836
0.0299005 1847
0.0300132 1858
0.030132 1871
0.0302435 1883
0.0303947 1895
0.030514 1906
0.0306072 1920
0.0306978 1933
0.031128 1944
0.0312381 1954
0.0312817 1964
0.0313491 1978
0.0314334 1986
0.031456 1992
0.0314763 1998
0.031517 2005
0.0315244 2011
0.0315347 2017
0.0315475 2022
0.0315681 2029
0.031605 2037
0.0316133 2042
0.0316305 2047
0.0316455 2061
0.0316782 2066
0.0316846 2069
0.0317054 2075
0.031725 2078
0.0317308 2079
0.0317434 2091
0.0317692 2093
0.0317747 2094
0.0317893 2095
0.0318079 2097
0.0318133 2098
0.0318325 2114
0.0318807 2117
0.0319138 2118
0.0319337 2121
0.0319427 2122
0.0319789 2135
0.0320221 2137
0.0320438 2138
0.0321669 2140
0.0322014 2143
0.0322065 2146
0.032216 2147
0.0330298 2148
0.033049 2149
0.0330873 2151
0.0331047 2152
0.0331226 2155
0.0364943 2158
0.0365002 2161
0.0365195 2163
0.0365288 2164
0.0365382 2165
0.036576 2166
0.0368416 2168
0.0368636 2177
0.0374502 2178
0.0387593 2179
0.0388004 2181
0.0406999 2183
0.0408984 2184
2 2184
