0 -9
9.051e-06 9
1.1349e-05 23
1.1444e-05 29
2.229e-05 38
8.4051e-05 39
8.4973e-05 53
8.5039e-05 56
9.2874e-05 57
9.3178e-05 88
9.3397e-05 124
9.8915e-05 126
9.9399e-05 133
9.9969e-05 140
0.000100054 162
0.000100301 175
0.000101678 184
0.000330829 191
0.000330896 220
0.0003312 248
0.000333489 256
0.000334429 262
0.000335474 272
0.000339339 285
0.000427009 287
0.00042735 293
0.00042754 295
0.000427616 318
0.000427901 392
0.000468483 429
0.000468863 447
0.000469955 448
0.000470164 466
0.000470668 474
0.000472387 475
0.00047403 479
0.000474134 484
0.000474685 486
0.000476755 491
0.000484182 492
0.000484249 505
0.000484334 511
0.000488304 514
0.000489349 517
0.000489976 521
0.000491742 525
0.00049991 529
0.000500109 536
0.000500651 539
0.000508951 555
0.000509464 560
0.000509759 579
0.000510224 593
0.000512608 598
0.000519902 614
0.000527186 616
0.000527452 622
0.000527528 645
0.000527718 646
0.000529627 649
0.000529741 652
0.000529817 659
0.000530377 661
0.0005307 666
0.000536835 696
0.000537244 704
0.000570636 709
0.000572688 718
0.000573571 719
0.00057623 727
0.000576306 728
0.00057681 742
0.000577427 768
0.000577778 775
0.000577854 777
0.000587038 791
0.000587874 795
0.000588007 807
0.000588624 826
0.000589555 830
0.000602823 835
0.000603507 839
0.000627259 848
0.000648049 850
0.000649075 856
0.000649426 860
0.00065369 866
0.000654925 867
0.000655571 868
0.000667461 870
0.000677643 876
0.000696998 877
0.000697416 880
0.000697577 881
0.000697663 893
0.000704805 905
0.000717835 906
0.000744893 911
0.000747277 912
2 912
