0 -386
1.13e-07 -363
1.1341e-05 -334
0.000420612 -315
0.000421142 -287
0.000440578 -273
0.000442443 -266
0.000442575 -204
0.000443001 -198
0.000443153 -195
0.000445084 -175
0.000451086 -167
0.00045119 -134
0.000451635 -127
0.000451966 -119
0.00045332 -114
0.00046327 -107
0.000465532 -78
0.000465665 -74
0.000469953 -68
0.000470588 4
0.000495826 25
0.000498155 37
0.00049931 47
0.000500029 76
0.000500664 79
0.000501033 93
0.000507253 116
0.000507499 131
0.000507565 168
0.000513037 189
0.000513141 194
0.000513245 209
0.000513775 210
0.000514021 214
0.0005144 242
0.000532614 244
0.000532737 272
0.000533078 294
0.000536534 312
0.000537253 313
0.000538389 320
0.000538616 323
0.000539279 355
0.000539421 356
0.000555051 364
0.000556632 368
0.000558279 371
0.000558629 374
0.000558762 394
0.000560494 397
0.000563183 398
0.000590286 401
0.000590608 410
0.000592142 428
0.000614276 433
0.000614702 437
0.000615885 466
0.000624291 472
0.000627018 490
0.000631032 493
0.000633645 494
0.000633872 499
0.000635188 503
0.000638653 506
0.000639126 509
0.000647163 512
0.000648839 522
0.00065238 526
0.000667053 527
0.000668786 530
0.000668947 532
0.000669155 536
0.000669297 541
0.000671758 545
0.000672061 567
0.000673841 569
0.000679682 573
0.000682304 584
0.00068256 588
0.000696571 597
0.000708196 600
0.000712589 609
0.000730178 612
0.000733615 613
0.000740384 614
0.00074169 624
0.000817889 628
2 628
