0 -8790
7.6e-08 -8578
1.0168e-05 -8475
1.0603e-05 -8474
1.1143e-05 -8388
1.1569e-05 -8384
0.000381865 -8236
0.000397807 -8000
0.000401556 -7993
0.000405731 -7868
0.000406129 -7693
0.000416997 -7690
0.000417621 -7481
0.00041888 -7332
0.00041996 -7210
0.000423065 -7122
0.000423406 -6953
0.000424504 -6739
0.000427827 -6524
0.000428631 -6432
0.000430761 -6288
0.000431727 -6075
0.000431964 -5911
0.000436943 -5653
0.000438609 -5556
0.000439196 -5357
0.000440446 -5152
0.000441516 -4801
0.000442623 -4583
0.000442907 -4506
0.000443295 -4367
0.000443759 -4247
0.000444876 -4127
0.000495183 -3939
0.000495799 -3840
0.000498127 -3669
0.000501763 -3525
0.000502842 -3483
0.000503609 -3366
0.000505417 -3193
0.00051726 -3163
0.000517411 -3107
0.000518443 -2870
0.000522296 -2797
0.000524587 -2747
0.000525364 -2613
0.000529576 -2611
0.000530675 -2451
0.000532909 -2445
0.000538456 -2406
0.000539119 -2256
0.000543455 -2169
0.000543682 -2090
0.000558526 -2036
0.0005613 -2034
0.000569205 -1960
0.000574146 -1831
0.000585507 -1662
0.000587002 -1534
0.000592929 -1459
0.000594311 -1312
0.000597653 -1188
0.000599953 -1092
0.000600947 -1046
0.000601979 -958
0.000602253 -864
0.000604563 -838
0.000606372 -707
0.000606618 -593
0.000614238 -485
0.000621821 -444
0.000630219 -386
0.000634299 -366
0.00066694 -350
0.000667385 -321
0.000670093 -243
0.000672564 -210
0.000675631 -154
0.000679607 -148
0.000685543 -127
0.00068719 -88
0.00069908 -81
0.000705925 -34
0.000710479 -6
0.000711047 13
0.000715221 25
0.000726648 26
0.000727263 68
0.00073406 91
0.000734827 193
0.000735073 199
0.000834135 214
0.000839067 217
0.000873952 222
0.000874785 229
0.000876518 232
0.000877521 233
0.00088251 238
0.000883097 246
0.000885909 250
0.000896266 258
0.00090099 264
0.000903139 269
0.000909832 278
0.0009207 292
0.000973648 300
0.000977529 303
0.000986636 308
0.000993888 318
0.00102111 323
0.00102605 325
0.00103691 326
0.0010489 330
0.00105667 340
0.00106826 348
0.0011254 351
0.0011802 360
2 360
