0 -29705
2.38e-07 -29209
1.6924e-05 -28684
0.000251166 -28618
0.000253597 -28544
0.000255402 -27980
0.0002579 -27756
0.000258156 -27269
0.000259429 -26781
0.000261091 -26670
0.000262069 -26161
0.000262553 -25514
0.00027621 -25463
0.000278461 -25426
0.000285147 -25171
0.000287265 -24375
0.00028832 -23917
0.000289383 -23417
0.000289754 -23291
0.000291577 -22826
0.000297703 -22295
0.000298757 -21718
0.000300695 -21264
0.000304883 -20770
0.00030702 -20084
0.000307856 -19560
0.000308539 -19084
0.000308948 -18694
0.000311892 -18177
0.0003125 -17711
0.000313392 -17118
0.000313924 -16627
0.000314314 -16306
0.000317011 -16126
0.000321323 -15696
0.000322814 -15338
0.000323915 -14751
0.00032798 -14709
0.00033384 -14304
0.000340241 -13832
0.000340393 -13344
0.000341989 -12907
0.000343584 -12335
0.000343974 -11877
0.000344848 -11330
0.000345066 -10913
0.000349482 -10406
0.000350821 -10078
0.00036219 -9625
0.000362503 -9297
0.000363747 -8991
0.000367784 -8626
0.000370994 -8203
0.000374023 -7704
0.000374204 -7337
0.000381564 -7079
0.000383283 -6760
0.000389504 -6384
0.000391536 -6108
0.000411519 -5772
0.000420104 -5350
0.00042359 -5036
0.000431862 -4709
0.000432593 -4461
0.000435138 -4237
0.000436307 -3951
0.000441435 -3731
0.000446782 -3416
0.000448948 -3108
0.00045173 -2757
0.000463488 -2430
0.000464931 -2134
0.000476936 -1893
0.000504858 -1726
0.000511069 -1599
0.000513273 -1354
0.000514716 -1191
0.000515799 -1009
0.000550436 -995
0.000573647 -881
0.000597742 -752
0.000600695 -635
0.000604694 -487
0.000608331 -384
0.00064274 -251
0.000649996 -233
0.00065029 -153
0.000745358 -55
0.000751038 -20
0.000779976 -16
0.00084829 3
0.000856287 17
0.000858016 19
0.000914382 20
0.000930205 28
0.00098659 30
0.0010389 31
0.00106168 46
0.00106449 51
0.00107585 52
0.00112908 54
0.00119164 59
0.00125181 61
0.00129093 76
0.00138519 79
0.0013912 90
0.00139899 94
0.00140539 101
0.00146481 102
0.00161037 110
2 110
