0 -822
5.22e-07 -755
7.87e-07 -699
1.1651e-05 -683
1.5025e-05 -679
0.000419629 -678
0.000420529 -664
0.000444446 -659
0.000444626 -645
0.000445356 -578
0.000448541 -570
0.000450484 -500
0.000450646 -456
0.000450864 -440
0.00045274 -436
0.000476354 -378
0.000478079 -373
0.000478259 -364
0.000478468 -331
0.000481065 -303
0.000481558 -280
0.000481852 -274
0.000481937 -210
0.000482307 -178
0.000482753 -169
0.000482923 -111
0.000483122 -97
0.000483824 -96
0.000493531 -94
0.000495815 -87
0.000495901 -65
0.000496384 -53
0.000496574 -46
0.00049737 -15
0.000497465 34
0.000508309 52
0.000508584 114
0.000508831 172
0.00051011 182
0.000510262 213
0.000511068 234
0.000530292 287
0.000530482 297
0.000531041 312
0.000534956 340
0.000535477 357
0.000536131 396
0.000537629 398
0.000540302 401
0.000540473 463
0.000556711 478
0.000558048 494
0.000559934 505
0.000560105 516
0.000563508 521
0.00056603 523
0.000566219 548
0.000566305 556
0.00056657 560
0.000566655 576
0.000567224 590
0.000567395 604
0.00056748 638
0.000568163 649
0.000573424 660
0.000574144 661
0.000574893 679
0.000574969 684
0.000576078 746
0.000576893 757
0.00057696 767
0.000577064 786
0.00057713 789
0.000624651 797
0.000625144 802
0.000625514 820
0.000627381 830
0.00062759 836
0.000628263 844
0.00063249 845
0.000632652 846
0.000632737 863
0.000638576 864
0.000638974 865
0.000639941 873
0.000655374 876
0.000656303 887
0.00066037 890
0.000661678 916
0.000670342 927
0.000671318 931
0.000671991 950
0.000673755 955
0.000673925 957
0.000674883 960
0.000677651 968
0.000679054 973
0.000680476 974
0.000687746 996
0.000692571 998
0.000694372 999
0.000694695 1006
0.000696742 1016
0.000704534 1027
0.000704904 1038
0.000708829 1040
0.000709767 1050
0.000710649 1060
0.000712194 1061
0.000714052 1063
0.00071482 1069
0.000717379 1073
0.000725295 1077
0.000725399 1095
0.00076398 1103
0.000768701 1106
0.000769715 1108
0.000770768 1113
0.000873449 1119
0.000926809 1120
2 1120
