0 -472
2.76e-07 -437
5.41e-07 -423
0.000312326 -417
0.000313133 -366
0.000313598 -317
0.000313684 -289
0.000313893 -147
0.000313997 -127
0.000388459 -126
0.000414273 -117
0.000416837 -112
0.000429521 -99
0.000430157 -82
0.00043498 -79
0.000435844 -67
0.000435929 -59
0.000437126 -33
0.00043816 -7
0.00043854 21
0.000439233 61
0.000439319 103
0.000439404 114
0.000484947 126
0.000485071 142
0.000492561 153
0.000492628 203
0.000492875 210
0.000493122 233
0.000510923 247
0.000511008 280
0.000511891 289
0.000512157 290
0.000513002 291
0.000513126 318
0.000540829 336
0.000569815 348
0.000570783 355
0.000571419 359
0.000571599 369
0.000573641 384
0.000573774 394
0.000573859 420
0.000574077 422
0.000599113 425
0.000599797 438
0.000600044 450
0.000600338 457
0.000600775 459
0.00060105 469
0.000601999 475
0.000608579 496
0.000611997 498
0.000612168 503
0.000612766 510
0.000613867 519
0.000614085 522
0.000617437 527
0.00061813 553
0.000618225 558
0.000619345 562
0.000620076 575
0.000625621 578
0.000627937 580
0.00062863 599
0.000632418 609
0.000632513 610
0.000684759 611
0.000705779 612
0.000709168 625
0.000709634 630
0.000750221 631
0.000750316 635
0.000751464 637
0.000763085 642
0.000849785 655
0.000850611 657
2 657
