0 -3164
1.014e-06 -3091
1.327e-06 -2949
1.0854e-05 -2875
0.000648785 -2805
0.000649269 -2689
0.000653269 -2635
0.000654331 -2597
0.000655146 -2591
0.000655478 -2537
0.000655914 -2458
0.000666209 -2434
0.000666455 -2391
0.000666588 -2389
0.000667014 -2221
0.000667299 -2143
0.000668237 -2047
0.00067274 -1984
0.00067292 -1961
0.000673053 -1933
0.000675053 -1884
0.000677679 -1869
0.000682485 -1801
0.000709283 -1759
0.000710203 -1745
0.000710487 -1711
0.000714241 -1705
0.000714488 -1614
0.000715815 -1601
0.000716355 -1587
0.000716526 -1546
0.000716639 -1513
0.000716905 -1394
0.000721455 -1350
0.000722858 -1275
0.000751969 -1189
0.000754984 -1180
0.000755704 -1106
0.000756074 -1071
0.000756728 -1063
0.000757742 -1034
0.000758093 -1002
0.000762027 -982
0.000765089 -975
0.00076653 -905
0.000767848 -864
0.000770729 -813
0.000771317 -790
0.000771962 -715
0.000773308 -648
0.00077381 -570
0.000775441 -556
0.000777716 -489
0.00079221 -464
0.000792504 -420
0.000795205 -403
0.00079549 -349
0.00079949 -288
0.000801794 -270
0.000802656 -234
0.000804239 -204
0.000806277 -162
0.000806391 -95
0.000808638 -35
0.000815397 -11
0.00081624 13
0.000817056 37
0.000817662 38
0.000818373 102
0.000819283 105
0.000823814 129
0.000824061 149
0.000825037 191
0.000826203 206
0.000830156 214
0.000830251 219
0.000832583 241
0.000833332 270
0.00083755 284
0.000838792 307
0.000845996 319
0.000849684 324
0.000865448 336
0.000870368 338
0.000871231 382
0.000874928 383
0.000875165 443
0.000877696 446
0.000878113 517
0.000878246 526
0.000880161 534
0.00088673 539
0.000890929 542
0.000893773 546
0.000895584 572
0.000896039 577
0.000899338 579
0.000899451 582
0.000905414 645
0.000906248 681
0.000913092 717
0.000916704 738
0.00091914 741
0.000920628 742
0.000921557 748
0.000921842 751
0.000922979 780
0.000923302 784
0.000930696 808
0.000931302 815
0.000933208 880
0.000933464 885
0.000933701 887
0.000934137 890
0.000934232 894
0.000940185 906
0.000945446 912
0.000945683 925
0.000950176 927
0.000957949 975
0.000961788 1029
0.000968234 1040
0.000969912 1052
0.000974282 1057
0.000976036 1059
0.000976339 1142
0.00097851 1148
0.00097888 1149
0.000984596 1162
0.000988122 1186
0.000990189 1202
0.000993241 1203
0.000997232 1212
0.0010001 1215
0.0010024 1217
0.00100891 1220
0.00101044 1232
0.00101684 1249
0.00101852 1269
0.00101942 1297
0.00102021 1302
0.00102034 1340
0.00102047 1352
0.00102145 1416
0.00102437 1423
0.00102666 1424
0.0010272 1426
0.00102924 1430
0.00102974 1439
0.00103085 1466
0.00103104 1470
0.00104077 1475
0.00104262 1477
0.00104524 1488
0.00104774 1496
0.00104834 1501
0.00104968 1512
0.00105258 1515
0.00105515 1528
0.00105762 1540
0.00105894 1553
0.00106174 1569
0.00106301 1592
0.00106944 1595
0.00107095 1603
0.0010857 1604
0.00109404 1610
0.00109526 1618
0.00109679 1619
0.00110119 1623
0.00110571 1624
0.00110584 1631
0.00110661 1635
0.00111278 1637
0.00111951 1638
0.00112127 1644
0.00113007 1654
0.00113117 1657
0.00114459 1659
0.001145 1660
0.00116348 1666
0.00116439 1668
0.00116492 1669
0.00117042 1670
0.00117147 1679
0.00117767 1698
0.00118175 1708
0.00119677 1715
0.00120348 1717
0.00120768 1718
0.00122394 1737
0.00122853 1740
0.00122892 1748
0.00124116 1772
0.0012417 1773
0.00144679 1774
0.0014546 1781
0.00145833 1797
2 1797
