0 -1078
2.75e-07 -1029
0.000588863 -999
0.000590597 -975
0.00059073 -911
0.000593204 -813
0.000593346 -758
0.000593555 -741
0.000596806 -687
0.000596958 -652
0.000597043 -596
0.000600181 -560
0.000648602 -519
0.000650119 -496
0.000653702 -489
0.000660698 -447
0.000660954 -396
0.000663295 -386
0.000664234 -381
0.00066449 -299
0.000664983 -292
0.000666073 -245
0.000670822 -224
0.000670926 -189
0.000671154 -180
0.000671514 -178
0.000673666 -175
0.000673761 -167
0.00067505 -156
0.000675344 -123
0.000676785 -122
0.00068852 -84
0.000688795 -76
0.000692037 -55
0.000692483 -34
0.000692606 32
0.000694132 41
0.00069436 64
0.000695706 111
0.000695867 112
0.000698521 179
0.000699062 192
0.00070984 193
0.000710446 246
0.000711669 263
0.000711792 276
0.000711916 297
0.000713072 299
0.000717414 326
0.000722068 332
0.000722665 357
0.000723329 383
0.000738079 404
0.000742307 420
0.000742582 438
0.000749331 440
0.000749872 458
0.000750308 469
0.000752592 551
0.000753142 586
0.000753569 591
0.000754061 603
0.000754867 642
0.000755171 666
0.00075536 685
0.000755701 703
0.000758422 712
0.000759939 721
0.000761067 734
0.000772765 742
0.000772859 745
0.000773267 766
0.000774537 776
0.000775893 784
0.000776793 809
0.000780689 812
0.000784462 822
0.000785107 823
0.000786178 833
0.000789913 860
0.000792823 862
0.000793155 864
0.000799478 880
0.000800132 885
0.000800426 908
0.000801525 915
0.000805478 917
0.000806237 922
0.000808957 928
0.000813887 952
0.000814939 956
0.000815024 973
0.000815289 975
0.000816237 979
0.000817659 998
0.000818257 1009
0.000818901 1016
0.000824921 1029
0.000825006 1031
0.000825281 1048
0.000825461 1066
0.000826864 1083
0.000836173 1091
0.000836808 1101
0.000838969 1104
0.000839348 1110
0.000841112 1136
0.000841472 1138
0.000842543 1154
0.000842638 1162
0.000843064 1176
0.000843244 1179
0.00084369 1194
0.000844439 1260
0.0008608 1263
0.000869891 1265
0.000870953 1288
0.000872043 1290
0.000872147 1292
0.000873617 1294
0.000874148 1301
0.000878546 1303
0.00088194 1312
0.000882442 1315
0.000884603 1327
0.000884869 1336
0.000891419 1345
0.000896481 1346
0.00089705 1351
0.000901382 1358
0.000904596 1361
0.000905525 1362
0.000906842 1372
0.000915753 1390
0.000920133 1394
0.000925384 1401
0.000945234 1402
0.000948211 1411
0.000968042 1424
0.000970781 1429
0.000982754 1437
0.000997381 1439
0.000999921 1440
0.0010001 1447
0.0010278 1456
0.00102855 1472
0.00103073 1482
0.00103222 1484
2 1484
