0 99
1.68e-07 128
4.01e-07 150
5.13e-07 161
8.467e-06 167
8.654e-06 212
0.000158966 222
0.000159208 236
0.000335017 255
0.000335259 260
0.000336482 275
0.000336548 284
0.000336725 349
0.000343419 352
0.000343541 363
0.000399679 366
0.000410322 381
0.00041049 385
0.000410565 391
0.000411143 400
0.000411227 431
0.000411517 442
0.000413328 450
0.000415233 452
0.000415363 454
0.000415531 462
0.000415606 467
0.000422375 468
0.000460868 488
0.000461306 504
0.000481892 508
0.000481967 533
0.000482397 545
0.000482975 547
0.000483106 556
0.000486999 563
0.000487083 579
0.000535435 611
0.0005379 614
0.000537965 617
0.000541177 619
0.000541326 653
0.000541485 663
0.00054183 666
0.000541886 670
0.000542241 672
0.000542306 674
0.000542979 679
0.000543109 682
0.000543716 692
0.000543828 696
0.000637647 698
0.000638823 703
0.000639001 710
0.000639832 713
0.000641484 717
0.000641689 720
0.000642698 722
0.000647086 736
0.000647674 740
0.000681032 741
0.000685476 753
0.000686521 754
0.000697659 755
0.000702589 756
0.000716612 760
0.000732941 762
0.000742529 763
0.000746646 767
0.000756019 769
0.000807368 770
0.000809431 773
0.000810916 791
0.000815537 795
2 795
