0 141
1.03e-07 164
7.796e-06 198
8.515e-06 201
8.58e-06 223
8.711e-06 225
8.786e-06 259
0.000290027 260
0.000305048 263
0.000305291 268
0.000305375 289
0.000325868 305
0.000325961 308
0.000326008 337
0.000326652 346
0.00032683 356
0.000327278 382
0.000348676 413
0.000423244 422
0.000423365 434
0.000423496 448
0.000423673 460
0.000423907 467
0.000423963 473
0.000424028 491
0.000426287 494
0.000439927 499
0.000444259 517
0.00044439 520
0.00044453 523
0.000444866 545
0.000448834 559
0.000451196 567
0.000452027 570
0.000461064 572
0.00046113 573
0.000461326 593
0.000461606 623
0.000461736 628
0.000461933 637
0.000471904 658
0.000472464 666
0.000473108 671
0.000473323 673
0.000473491 686
0.000475218 695
0.000554892 699
0.000555116 705
0.000556358 706
0.000557058 718
0.00055956 720
0.000561306 729
0.000561596 730
0.000562977 731
0.000565433 738
0.000567356 751
0.000570866 770
0.000572136 771
0.000572948 786
0.000585655 787
0.000591835 795
0.000598847 796
0.000607651 805
0.000609733 808
0.00065449 810
2 810
