0 -38229
4.6e-08 -37699
1.0723e-05 -37193
2.2246e-05 -36688
4.0743e-05 -36190
6.1878e-05 -35693
9.2661e-05 -35200
0.000113189 -34717
0.000128507 -34244
0.000143963 -33772
0.00015872 -33305
0.000172981 -32850
0.000189383 -32398
0.000205207 -31963
0.000219698 -31529
0.000235797 -31098
0.000251537 -30676
0.000268417 -30260
0.000284388 -29845
0.00030056 -29432
0.000317394 -29025
0.0003341 -28618
0.000349574 -28221
0.000365452 -27831
0.000382645 -27443
0.000400012 -27060
0.0004159 -26678
0.000432164 -26299
0.000448943 -25922
0.000464555 -25546
0.000479937 -25173
0.000497038 -24801
0.000511961 -24432
0.00052862 -24065
0.000545941 -23700
0.000560533 -23337
0.000576017 -22977
0.000592501 -22617
0.000608352 -22261
0.000627677 -21906
0.000645457 -21559
0.000660086 -21212
0.000677775 -20868
0.000693662 -20527
0.000710212 -20187
0.000727772 -19852
0.000745019 -19517
0.000760888 -19187
0.000776978 -18859
0.000794639 -18531
0.000812006 -18208
0.000829024 -17892
0.00084596 -17577
0.000860993 -17263
0.000879554 -16950
0.00089456 -16637
0.000911881 -16328
0.00092957 -16023
0.000946496 -15723
0.000961281 -15427
0.000979732 -15132
0.000997595 -14838
0.00101729 -14545
0.00103448 -14256
0.00105312 -13969
0.00107096 -13683
0.00109172 -13399
0.00110968 -13121
0.00113021 -12844
0.00115293 -12576
0.00117359 -12309
0.001191 -12042
0.00121082 -11776
0.00123172 -11511
0.00125146 -11246
0.00126926 -10989
0.00128811 -10734
0.00131131 -10481
0.00133279 -10229
0.00135392 -9978
0.00137404 -9728
0.00139142 -9480
0.00141099 -9244
0.0014386 -9010
0.00146147 -8779
0.00148759 -8549
0.00155149 -8321
0.00161985 -8094
0.00165312 -7869
0.00167783 -7649
0.00170228 -7430
0.00172959 -7213
0.00175687 -7000
0.00178024 -6790
0.00180482 -6580
0.0018303 -6370
0.00185342 -6165
0.00187776 -5964
0.00190175 -5767
0.00192427 -5571
0.00194972 -5375
0.00197316 -5180
0.00199719 -4986
0.0020247 -4792
0.0020517 -4606
0.00208033 -4420
0.00210722 -4236
0.0021343 -4063
0.00216116 -3891
0.0021908 -3726
0.00221897 -3563
0.00224873 -3405
0.00227997 -3248
0.0023113 -3094
0.00234595 -2942
0.00237544 -2791
0.00240816 -2642
0.00244071 -2495
0.0024722 -2354
0.0025071 -2218
0.00254342 -2083
0.00257687 -1950
0.00261612 -1820
0.00265169 -1690
0.00269049 -1565
0.00272961 -1444
0.00277194 -1336
0.00281798 -1228
0.00285902 -1120
0.00290503 -1015
0.00294722 -914
0.00298884 -817
0.00302846 -724
0.00306953 -640
0.00311328 -562
0.00315431 -486
0.00319255 -415
0.00323196 -345
0.00327313 -276
0.00331289 -215
0.00337004 -155
0.00342779 -97
0.00347342 -42
0.00351196 7
0.00354623 53
0.00357845 97
0.00361304 140
0.00364171 180
0.00367078 210
0.00370286 237
0.0037385 260
0.00376672 281
0.00379852 300
0.0038236 318
0.00385016 333
0.00387521 346
0.00392573 356
0.00396601 361
0.00399846 365
0.00402617 370
0.00405539 375
0.00408431 378
0.00411439 384
0.00414408 388
0.00416962 394
0.00419465 398
0.00422032 401
0.00424672 404
0.0042724 407
0.00430107 414
0.00432643 416
0.00440527 424
0.00443234 428
0.00445842 429
0.00448743 432
0.00454295 433
0.00456914 436
0.00461734 447
0.00464458 457
0.00644371 458
0.00647125 459
0.00649393 462
0.00657652 469
0.00762615 472
0.00765321 475
0.00773364 477
0.00776133 479
0.00811958 482
0.00814903 486
0.0091339 487
0.0108622 495
0.0150661 497
0.0150947 507
0.0151225 516
2 516
