0 -12015
5.6e-08 -11714
2.3276e-05 -11424
4.1236e-05 -11145
6.9518e-05 -10870
0.000120143 -10614
0.000192286 -10363
0.000273855 -10113
0.000341661 -9868
0.000388015 -9634
0.000418084 -9402
0.000445998 -9172
0.000517727 -8948
0.000571627 -8727
0.000610323 -8510
0.000642743 -8303
0.000674713 -8096
0.000703982 -7889
0.00072898 -7684
0.000749414 -7485
0.000772803 -7287
0.000800821 -7093
0.000823645 -6904
0.00084869 -6719
0.000873349 -6536
0.000896569 -6354
0.000923937 -6172
0.000949744 -5991
0.000975419 -5813
0.000996268 -5636
0.00101967 -5461
0.00104182 -5289
0.00106408 -5124
0.00109068 -4962
0.00111822 -4801
0.00113926 -4641
0.00116104 -4481
0.00118211 -4323
0.00121485 -4167
0.00123717 -4015
0.00125994 -3866
0.00128473 -3717
0.00130549 -3569
0.00133038 -3430
0.00135355 -3293
0.00137678 -3160
0.00140049 -3028
0.0014246 -2899
0.00144869 -2771
0.00147493 -2643
0.00149986 -2520
0.00152284 -2401
0.00154506 -2287
0.00156706 -2174
0.00159125 -2066
0.00161357 -1960
0.00163376 -1856
0.00165462 -1752
0.00167493 -1648
0.00169683 -1547
0.00171704 -1448
0.00174312 -1350
0.00176448 -1257
0.00178702 -1164
0.00181074 -1074
0.00184036 -986
0.00186188 -898
0.0018846 -811
0.0019035 -725
0.00192707 -646
0.00194832 -571
0.00196942 -497
0.00198841 -423
0.00201488 -350
0.00203707 -278
0.00205531 -208
0.00207768 -140
0.00210733 -74
0.00213602 -9
0.00217413 50
0.00219952 109
0.00222062 164
0.00224217 217
0.00226293 270
0.00228324 319
0.00230629 366
0.00236447 409
0.00240789 452
0.00243969 493
0.00246738 533
0.00249571 573
0.00251993 611
0.00254397 648
0.00256527 684
0.00258734 715
0.00260787 744
0.00262746 773
0.00264436 799
0.00266366 824
0.00268542 848
0.00270585 872
0.00272581 894
0.00274571 915
0.00276438 935
0.0027813 955
0.00280147 973
0.00281874 991
0.00283972 1008
0.00286209 1025
0.00288205 1042
0.00290032 1057
0.00292232 1071
0.0029414 1085
0.00295769 1098
0.00297834 1113
0.00299788 1126
0.00301391 1139
0.00303521 1151
0.00305621 1162
0.00307781 1173
0.00309777 1183
0.00311899 1192
0.00314031 1211
0.00315996 1220
0.00317957 1236
0.0031995 1246
0.00322011 1255
0.00324109 1264
0.00326247 1271
0.00329028 1278
0.00331123 1283
0.00332957 1288
0.00334716 1296
0.00336488 1314
0.0033867 1321
0.00340811 1326
0.00342852 1330
0.00344739 1337
0.0034679 1340
0.00348849 1343
0.00351408 1346
0.00353666 1348
0.00355288 1350
0.00359528 1363
0.00361506 1367
0.00363374 1370
0.00365416 1374
0.00367345 1376
0.00369196 1377
0.00371203 1378
0.00377257 1389
0.00379598 1392
0.00381639 1394
0.00383657 1402
0.00385917 1406
0.00387802 1407
0.00403853 1410
0.00405973 1411
0.00407856 1412
0.00409897 1418
0.00412006 1419
0.00445676 1420
0.00450178 1421
0.00463624 1428
0.0046576 1429
0.0047806 1430
0.00480427 1431
0.00492624 1432
0.00494586 1447
0.00496925 1448
0.00525928 1451
0.00527817 1453
0.00529496 1462
0.00531671 1471
0.00533787 1474
0.00535757 1475
0.00537766 1476
0.00554984 1479
0.00557238 1482
0.0055936 1485
0.00561088 1487
0.00562685 1488
0.00685471 1490
0.00688308 1492
0.00689336 1493
0.00690846 1494
0.0070485 1495
0.00705329 1496
0.00706075 1497
0.0107896 1499
0.0108133 1500
0.0108342 1503
0.010856 1504
0.011645 1505
0.0121317 1508
0.0177607 1512
0.0178902 1515
0.0179303 1518
0.0179536 1519
0.0183643 1530
0.0185068 1531
0.0185161 1532
0.0186788 1536
0.0187088 1540
0.0187506 1541
0.0193344 1543
2 1543
