0 -117365
4.8e-08 -116345
9.906e-06 -115406
2.009e-05 -114529
3.3602e-05 -113652
4.7794e-05 -112777
6.0904e-05 -111913
8.3363e-05 -111077
0.00010866 -110245
0.000134245 -109414
0.000168126 -108585
0.000201085 -107776
0.000231197 -106968
0.000257636 -106173
0.000281687 -105380
0.000305488 -104588
0.000328503 -103798
0.000351854 -103008
0.000375119 -102220
0.000397827 -101439
0.000420209 -100659
0.000442774 -99881
0.000465348 -99109
0.000487912 -98343
0.000510678 -97580
0.000533981 -96817
0.000556546 -96058
0.000578803 -95300
0.000601646 -94542
0.000624028 -93786
0.000646919 -93035
0.000669435 -92284
0.000692594 -91537
0.000727213 -90792
0.000752587 -90054
0.000776667 -89318
0.00080067 -88583
0.000824577 -87849
0.000847429 -87117
0.000871039 -86386
0.000893757 -85655
0.00091635 -84924
0.000943124 -84196
0.00096613 -83472
0.000989577 -82753
0.00101358 -82036
0.00103745 -81321
0.00106197 -80606
0.00108635 -79891
0.00111373 -79177
0.00113802 -78463
0.00116294 -77750
0.00118789 -77037
0.00121138 -76329
0.0012362 -75622
0.00126079 -74915
0.00131029 -74209
0.00133658 -73505
0.00136063 -72802
0.00138481 -72100
0.00140847 -71398
0.00143195 -70696
0.00145501 -69997
0.00147788 -69298
0.00150116 -68605
0.00152538 -67914
0.00154985 -67223
0.00157428 -66533
0.00159829 -65844
0.00162221 -65155
0.00164636 -64466
0.00167045 -63779
0.00169468 -63092
0.00171864 -62407
0.0017428 -61724
0.00176716 -61042
0.00179098 -60362
0.00181559 -59683
0.00184042 -59005
0.00186356 -58328
0.00189114 -57659
0.00191684 -56990
0.00194245 -56321
0.00196913 -55653
0.00199573 -54987
0.00202258 -54323
0.00205088 -53663
0.00207911 -53006
0.00210718 -52351
0.00213436 -51696
0.00216051 -51041
0.00218564 -50387
0.00221044 -49734
0.00223668 -49083
0.00226203 -48434
0.00228712 -47785
0.00231283 -47139
0.00233776 -46495
0.00236292 -45851
0.00239014 -45211
0.00241823 -44571
0.00244486 -43933
0.00247158 -43297
0.00250128 -42662
0.00252979 -42032
0.00255801 -41403
0.00258717 -40778
0.00261642 -40154
0.00265615 -39532
0.00268832 -38916
0.00271891 -38301
0.002748 -37688
0.00278004 -37077
0.0028101 -36469
0.0028442 -35864
0.00288078 -35260
0.00291133 -34657
0.00294233 -34056
0.00297364 -33455
0.00300249 -32855
0.00303607 -32262
0.00306858 -31674
0.00310202 -31088
0.00313602 -30509
0.00317103 -29933
0.00320516 -29361
0.00324043 -28793
0.00327265 -28226
0.00330819 -27660
0.00334316 -27095
0.00337953 -26533
0.0034094 -25972
0.00343918 -25413
0.003473 -24858
0.00350856 -24309
0.00354198 -23764
0.00357684 -23224
0.00361043 -22688
0.00364042 -22154
0.00367481 -21626
0.00370994 -21101
0.00374399 -20578
0.00378441 -20057
0.00382998 -19539
0.00386612 -19031
0.00390452 -18528
0.00394282 -18029
0.00398662 -17531
0.00402984 -17034
0.00407407 -16540
0.00412475 -16047
0.00416438 -15554
0.00420445 -15061
0.00424351 -14571
0.00427733 -14089
0.00431915 -13607
0.00436429 -13135
0.00440144 -12667
0.00443855 -12216
0.0044851 -11774
0.00453142 -11338
0.00460592 -10906
0.00467809 -10479
0.0047457 -10060
0.00481092 -9651
0.00486882 -9244
0.00492286 -8837
0.00497999 -8438
0.0050377 -8040
0.00509272 -7647
0.00515871 -7263
0.00522239 -6881
0.00529422 -6513
0.00536488 -6158
0.00543861 -5812
0.005524 -5473
0.00561076 -5140
0.00569689 -4827
0.00578833 -4515
0.00587744 -4217
0.00597203 -3922
0.00607292 -3642
0.00617556 -3373
0.00630061 -3114
0.00642702 -2856
0.00654876 -2606
0.00666734 -2366
0.00678684 -2132
0.00690882 -1901
0.00704289 -1685
0.00718513 -1488
0.00732157 -1306
0.00745307 -1136
0.00758245 -968
0.00770779 -817
0.00782991 -683
0.00794574 -560
0.0080582 -449
0.0081772 -341
0.00828293 -242
0.00838293 -152
0.00847559 -73
0.00856205 -15
0.00864315 33
0.00872065 71
0.00879465 100
0.00886418 119
0.00892938 124
0.00912409 125
0.00925772 127
0.0100514 130
0.0101285 144
0.0101919 157
2 157
