0 -100313
4.6e-08 -99571
1.5667e-05 -98839
3.2767e-05 -98124
7.3869e-05 -97411
0.000107969 -96702
0.000157608 -95996
0.000197194 -95296
0.00023474 -94605
0.000269851 -93916
0.000301828 -93228
0.000332501 -92544
0.000364046 -91863
0.000394498 -91197
0.000424675 -90535
0.000455109 -89884
0.000486673 -89236
0.000517409 -88588
0.000547228 -87944
0.000576706 -87303
0.000607378 -86665
0.000637169 -86031
0.000666794 -85399
0.00072178 -84770
0.000771906 -84146
0.000814735 -83523
0.000852401 -82904
0.000885453 -82288
0.000915023 -81673
0.000943978 -81063
0.000973943 -80454
0.00100337 -79847
0.00103809 -79246
0.00106792 -78649
0.00109763 -78053
0.00112785 -77457
0.00115619 -76862
0.00118959 -76272
0.00122083 -75682
0.00125106 -75093
0.00127937 -74506
0.00131002 -73922
0.00134134 -73341
0.00137222 -72760
0.00140088 -72181
0.00143146 -71603
0.00146165 -71026
0.00149333 -70451
0.00152556 -69876
0.00155515 -69302
0.00158861 -68728
0.00162175 -68156
0.001653 -67586
0.00168364 -67019
0.00171393 -66452
0.00174254 -65887
0.00177231 -65324
0.00180269 -64762
0.00183436 -64202
0.00186366 -63644
0.0018957 -63086
0.00192558 -62529
0.00195611 -61973
0.00198994 -61418
0.00202007 -60867
0.00205066 -60317
0.0020832 -59767
0.00211686 -59217
0.00215071 -58670
0.00218183 -58126
0.00221458 -57585
0.00224591 -57044
0.00227546 -56504
0.00230659 -55964
0.00233942 -55426
0.00237219 -54888
0.00240319 -54352
0.0024365 -53817
0.00247077 -53284
0.00250171 -52753
0.00254018 -52222
0.00257362 -51696
0.00260465 -51170
0.00263864 -50645
0.00267187 -50123
0.00270501 -49602
0.00273672 -49084
0.00277054 -48566
0.00280435 -48049
0.00283422 -47540
0.0028669 -47031
0.00290476 -46523
0.00294068 -46015
0.00297136 -45508
0.00300541 -45004
0.00303913 -44500
0.00307157 -43998
0.0031017 -43497
0.00313372 -43000
0.00316848 -42504
0.00320228 -42008
0.00323728 -41512
0.0032771 -41019
0.0033101 -40534
0.00334625 -40053
0.00338218 -39572
0.00341724 -39092
0.00345268 -38614
0.00348432 -38142
0.00352122 -37671
0.00355737 -37201
0.00359429 -36733
0.00362737 -36268
0.00366035 -35807
0.00369454 -35347
0.003731 -34889
0.0037674 -34431
0.00379871 -33980
0.00383696 -33533
0.00387183 -33086
0.00391688 -32644
0.00395425 -32203
0.00398786 -31762
0.00402294 -31321
0.00405996 -30880
0.0040957 -30440
0.00412833 -30001
0.00416266 -29564
0.0042026 -29130
0.00424046 -28697
0.00427711 -28264
0.00431531 -27835
0.00434948 -27408
0.00440953 -26981
0.0044622 -26559
0.00450336 -26140
0.0045627 -25725
0.00462292 -25312
0.00467195 -24901
0.0047138 -24493
0.00476099 -24092
0.00480595 -23692
0.00484401 -23292
0.00488541 -22893
0.00492775 -22497
0.00496908 -22101
0.0050111 -21709
0.00504869 -21318
0.00508653 -20928
0.00512606 -20541
0.00516817 -20160
0.00521014 -19787
0.00525607 -19416
0.00530351 -19047
0.00535002 -18681
0.00539921 -18316
0.00545227 -17951
0.00550523 -17589
0.00555725 -17232
0.00560485 -16877
0.00564593 -16524
0.00569 -16172
0.00573883 -15821
0.00578257 -15475
0.00583017 -15132
0.00588026 -14795
0.00593415 -14460
0.00601064 -14130
0.00609161 -13802
0.00616489 -13475
0.00623723 -13150
0.00631058 -12826
0.00638648 -12505
0.00646026 -12193
0.00652964 -11884
0.00659626 -11575
0.00666612 -11272
0.00673334 -10970
0.00680109 -10674
0.00687373 -10380
0.00694719 -10087
0.00702371 -9795
0.00710316 -9509
0.00718419 -9230
0.00729716 -8952
0.00739639 -8677
0.00749063 -8406
0.00757858 -8138
0.0076711 -7875
0.00776213 -7612
0.00786632 -7350
0.00800175 -7094
0.00812578 -6839
0.00824947 -6595
0.0083686 -6351
0.00848785 -6115
0.00859856 -5880
0.00870884 -5647
0.00882156 -5417
0.00893226 -5201
0.00904275 -4993
0.00915276 -4790
0.00926885 -4589
0.00938837 -4393
0.0095076 -4198
0.00962964 -4004
0.00976718 -3811
0.00989273 -3621
0.0100153 -3434
0.0101386 -3253
0.0102595 -3077
0.0103804 -2903
0.0104997 -2730
0.0106193 -2562
0.0107387 -2403
0.0108559 -2247
0.0110014 -2093
0.0111253 -1951
0.0112433 -1814
0.0113918 -1678
0.0115184 -1549
0.0116542 -1420
0.0117829 -1294
0.011913 -1182
0.0120314 -1074
0.0121449 -975
0.0122538 -876
0.0123562 -779
0.0124576 -685
0.0125559 -593
0.0126531 -504
0.0127454 -420
0.0128376 -341
0.0129236 -262
0.0130109 -186
0.0130963 -122
0.0131795 -66
0.0132598 -14
0.0133486 35
0.0134478 79
0.0135373 117
0.0136163 152
0.0136863 186
0.0137536 211
0.0138204 235
0.0138858 253
0.013949 266
0.0140114 274
0.0140845 281
0.0141473 296
0.0142056 302
0.014268 310
0.0143336 312
0.0144582 316
0.0146495 328
0.0150941 338
0.0174695 341
0.0175407 350
0.0175996 356
0.0211972 359
0.0212623 361
0.0213273 362
0.0278493 363
0.0279104 368
2 368
