0 -2661
1.41e-07 -2484
8.354e-06 -2324
1.7885e-05 -2170
2.6983e-05 -2021
3.8263e-05 -1890
4.7775e-05 -1760
5.4549e-05 -1631
7.0129e-05 -1505
8.1372e-05 -1381
8.7835e-05 -1259
9.3113e-05 -1149
9.8702e-05 -1041
0.000104554 -935
0.000110754 -830
0.000133494 -731
0.000145734 -632
0.000152 -537
0.000158218 -450
0.000164324 -370
0.000169207 -291
0.000175812 -213
0.000181758 -143
0.000188635 -88
0.000194751 -35
0.000200151 14
0.000204723 61
0.000209823 107
0.000215232 153
0.000222336 198
0.000228404 241
0.000233814 278
0.000238951 312
0.000244041 344
0.000249883 373
0.000255528 401
0.000259771 428
0.000265096 454
0.000269405 477
0.000274015 499
0.000278719 520
0.000282294 535
0.000286782 549
0.000293857 563
0.000299587 577
0.000303567 598
0.00030781 611
0.000312344 623
0.000317378 635
0.000321207 646
0.00032641 655
0.000330879 664
0.000336081 672
0.000356055 694
0.000364701 714
0.0003695 722
0.00037474 731
0.000379538 739
0.000385663 748
0.000392456 756
0.000398496 768
0.000403078 775
0.000407443 781
0.000412975 784
0.000421377 795
0.000429016 805
0.000433984 809
0.000440522 814
0.000444916 818
0.00066585 819
0.000669444 825
0.000673772 830
0.000754683 833
0.000756931 835
0.000758804 836
0.000969041 838
0.000971712 840
0.000972945 844
0.000975485 845
0.00105464 846
0.00129059 854
0.001556 856
0.00155836 859
0.00207631 862
0.00207873 863
2 863
