0 -12826
5.1e-08 -12575
2.5287e-05 -12328
4.3898e-05 -12081
6.1082e-05 -11836
7.2212e-05 -11592
8.6675e-05 -11350
0.00011132 -11113
0.000149511 -10883
0.000192053 -10662
0.000231619 -10444
0.000267853 -10227
0.000299174 -10010
0.000322942 -9794
0.000344295 -9583
0.000365403 -9373
0.000385931 -9172
0.000407365 -8971
0.000426221 -8774
0.000448939 -8578
0.000468733 -8383
0.00048768 -8195
0.000507178 -8010
0.000531283 -7830
0.00055288 -7651
0.000599601 -7473
0.00064775 -7300
0.000676074 -7130
0.000699282 -6964
0.000720339 -6802
0.000738879 -6640
0.000760497 -6478
0.000783551 -6321
0.000803029 -6164
0.000823791 -6007
0.000843604 -5852
0.000862236 -5699
0.000879879 -5546
0.000897909 -5394
0.00091549 -5248
0.000935049 -5104
0.000954364 -4961
0.000975584 -4821
0.000996111 -4681
0.00101674 -4544
0.0010374 -4407
0.00105712 -4273
0.00107382 -4142
0.00109046 -4015
0.00110955 -3891
0.00113296 -3768
0.00115122 -3646
0.00116996 -3525
0.00118687 -3406
0.00120402 -3291
0.00122193 -3177
0.00124266 -3063
0.00126292 -2953
0.00128222 -2846
0.0013022 -2740
0.00131988 -2634
0.00133667 -2529
0.00135585 -2424
0.00137425 -2322
0.00139234 -2224
0.00141309 -2128
0.00143518 -2034
0.00145442 -1941
0.0014739 -1849
0.00149254 -1759
0.00151104 -1670
0.0015305 -1582
0.00154861 -1495
0.00156601 -1410
0.00159249 -1325
0.00161173 -1242
0.0016277 -1162
0.00164431 -1084
0.00166277 -1007
0.00172757 -930
0.00176228 -853
0.00178663 -780
0.00180415 -708
0.00182145 -636
0.00183839 -567
0.00185586 -502
0.00187463 -438
0.00189245 -375
0.00190971 -313
0.00192722 -252
0.00194566 -193
0.00197203 -134
0.00198845 -77
0.00200512 -21
0.00202035 33
0.00203629 83
0.00205362 132
0.00206897 180
0.00208482 227
0.00210004 272
0.00211492 316
0.00213108 360
0.00214697 403
0.00216401 446
0.00218152 488
0.00219971 529
0.00221559 568
0.00223074 604
0.0022479 639
0.00226555 673
0.002281 706
0.00229831 738
0.00231402 768
0.00233389 798
0.00235055 826
0.00236875 853
0.00238616 879
0.0024034 903
0.00242158 927
0.00243812 950
0.00245448 972
0.00247025 994
0.00248701 1016
0.00250327 1037
0.00252171 1057
0.00253951 1076
0.00255655 1093
0.00257255 1114
0.00258872 1130
0.00262183 1145
0.00264658 1160
0.00266441 1181
0.00268303 1195
0.0026993 1207
0.00271659 1221
0.0027321 1232
0.00274948 1243
0.00276729 1253
0.00278436 1269
0.0028016 1283
0.00281924 1299
0.00283698 1319
0.00285553 1331
0.00287405 1341
0.00289042 1351
0.00290739 1361
0.00292543 1370
0.00294298 1381
0.0029584 1390
0.00297364 1400
0.00299063 1408
0.00300577 1416
0.00302041 1424
0.00303658 1432
0.00305314 1445
0.00307062 1456
0.00308813 1464
0.00310316 1474
0.00311933 1480
0.00313405 1485
0.00315227 1490
0.00316868 1495
0.00318394 1500
0.00319941 1510
0.00321495 1519
0.00323082 1524
0.00324762 1528
0.00326435 1532
0.00328189 1539
0.00330022 1542
0.00331663 1549
0.00333665 1552
0.00335513 1557
0.00337291 1569
0.00338785 1571
0.00340309 1572
0.00342134 1573
0.00345387 1578
0.00346994 1582
0.00352208 1583
0.00358094 1592
0.00360006 1593
0.00361778 1599
0.00363538 1604
0.00365282 1606
0.00366958 1615
0.00368911 1619
0.00370506 1620
0.00371972 1621
0.00375666 1624
0.00378516 1625
0.00385778 1628
0.00387421 1630
0.00403647 1631
0.00405196 1632
0.00405971 1635
0.00442701 1636
0.00443503 1638
0.004459 1642
0.00469083 1643
0.0047475 1647
0.00505682 1650
0.00507265 1651
0.00507789 1653
0.00511785 1654
0.00513432 1657
0.00730553 1659
0.00742119 1660
0.00742805 1661
0.00746695 1663
0.0074786 1664
0.010488 1665
0.0105036 1669
0.0105753 1672
0.0105803 1674
2 1674
