659 0.00209903
690 0.000996145
641 0.00130393
649 0.00249295
690 0.0110595
677 0.00129338
573 0.00110202
706 0.00444582
634 0.00154554
618 0.00194509
293 0.0312603
307 0.0226716
296 0.0286504
314 0.0224088
308 0.0228199
304 0.0510017
283 0.0242551
289 0.0370689
275 0.0383736
305 0.0266103
899 0.000875219
997 0.00115428
907 0.00275571
937 0.000860232
1038 0.00133219
971 0.00110652
944 0.00173208
912 0.00130472
941 0.00207148
965 0.00114492
819 0.00112799
832 0.00115422
783 0.000737117
848 0.000721415
856 0.00162936
861 0.000824405
762 0.00115276
844 0.000740915
781 0.00129285
800 0.00201556
