749 0.122533
690 0.134363
732 0.07695
741 0.115716
676 0.0698344
678 0.0710342
755 0.0990242
688 0.106216
744 0.085289
694 0.0741237
290 0.164775
284 0.118672
264 0.152766
257 0.193586
283 0.169358
251 0.0974656
266 0.186048
258 0.141475
239 0.276402
257 0.127655
1621 0.00420279
1694 0.00447043
1715 0.00678764
1625 0.00379721
1703 0.00380964
1597 0.00459769
1655 0.0042025
1543 0.00322843
1614 0.0029982
1668 0.00384923
1546 0.00673849
1556 0.00752901
1546 0.00848341
1508 0.0073845
1495 0.00729434
1652 0.00917982
1542 0.00423943
1569 0.00482868
1461 0.00553476
1548 0.0067503
