704 0.00847336
764 0.00893458
832 0.0084422
691 0.00850181
783 0.00828479
770 0.00784136
711 0.00771271
819 0.00816538
672 0.00798955
273 0.00889137
259 0.00824655
311 0.00877301
326 0.00857556
292 0.00835787
310 0.00888634
298 0.00840081
282 0.00867091
299 0.00908687
262 0.00814375
1278 0.0178993
1261 0.014548
1243 0.0132928
1225 0.0202374
1271 0.017522
1247 0.0201121
1253 0.0107128
1212 0.0232171
1212 0.0205153
1241 0.0165864
1086 0.0199878
1158 0.0123949
1120 0.0147135
1146 0.023653
1119 0.0273967
1157 0.0253448
1099 0.0216338
1115 0.0164234
1133 0.0180544
1137 0.0278649
