0 -7824
4.8e-08 -7598
3.433e-06 -7388
8.746e-06 -7181
1.4087e-05 -6992
1.8144e-05 -6804
2.3303e-05 -6622
3.0428e-05 -6440
3.6029e-05 -6263
4.1073e-05 -6087
4.5331e-05 -5913
4.9128e-05 -5741
5.3549e-05 -5571
5.7941e-05 -5404
6.2189e-05 -5239
6.6927e-05 -5074
7.2076e-05 -4910
7.6641e-05 -4754
8.1273e-05 -4604
8.5905e-05 -4456
9.0191e-05 -4309
9.4612e-05 -4164
9.9541e-05 -4021
0.000103923 -3881
0.000108229 -3743
0.000112813 -3606
0.000118039 -3473
0.000126584 -3342
0.000132309 -3211
0.000137785 -3082
0.000144421 -2954
0.000148343 -2831
0.00015403 -2710
0.000158757 -2589
0.000163581 -2468
0.000168289 -2351
0.000173592 -2237
0.000178397 -2126
0.000184438 -2016
0.000189924 -1914
0.00019609 -1812
0.000202342 -1710
0.000208029 -1613
0.000214962 -1517
0.000220285 -1422
0.000225425 -1330
0.000232741 -1239
0.000240087 -1148
0.000245592 -1060
0.000251307 -972
0.00025756 -888
0.000264176 -814
0.000271349 -742
0.000281208 -672
0.000311991 -610
0.000324265 -548
0.000333644 -487
0.000343186 -430
0.000349985 -377
0.000360092 -325
0.00037042 -274
0.000379751 -223
0.000389475 -172
0.000397674 -128
0.000407849 -87
0.00041928 -47
0.000430548 -9
0.000440089 24
0.000452297 52
0.000460899 73
0.000471994 91
0.000482082 102
0.000493302 112
0.000504657 126
0.000514227 141
0.000523855 156
0.000535775 166
0.000557007 178
0.000570624 190
0.000583627 203
0.0005955 213
0.000608072 222
0.000621008 231
0.000631374 249
0.00064317 256
0.000655425 264
0.000666559 269
0.000679323 282
0.00069084 292
0.000702578 301
0.000711755 307
0.000723934 313
0.000736142 318
0.000747371 326
0.000759003 332
0.00076936 341
0.000782661 349
0.000793133 359
0.000806089 368
0.000818076 373
0.000830024 379
0.000841686 389
0.000854075 393
0.000864749 398
0.000874626 401
0.000887035 409
0.000898945 423
0.00091192 425
0.000923543 429
0.000933286 432
0.000944017 433
0.000957941 434
0.000970571 435
0.000985511 438
0.00099022 443
0.00179827 449
0.00181129 452
0.00183298 453
0.00184254 454
0.00274045 457
0.00277818 459
0.00280321 460
0.00492456 461
0.00993357 463
0.0102782 469
2 469
