0 -19752
5.8e-08 -19499
5.821e-06 -19250
1.1163e-05 -19002
1.8221e-05 -18758
2.6142e-05 -18517
3.6163e-05 -18279
4.9895e-05 -18044
6.3388e-05 -17810
7.8329e-05 -17579
8.7746e-05 -17351
9.7125e-05 -17123
0.00010705 -16896
0.000116055 -16669
0.000124887 -16448
0.000133805 -16228
0.000143673 -16008
0.000153167 -15789
0.000162843 -15571
0.000172039 -15357
0.000181274 -15148
0.00019024 -14940
0.000199581 -14733
0.000219939 -14529
0.000233998 -14329
0.000243952 -14131
0.000253599 -13935
0.000263352 -13741
0.000272462 -13548
0.00028163 -13356
0.000290845 -13164
0.000300234 -12974
0.000309747 -12785
0.000319634 -12596
0.000329214 -12408
0.000338506 -12221
0.000347751 -12034
0.000357321 -11851
0.000366326 -11670
0.000376203 -11490
0.000386454 -11311
0.000396495 -11132
0.000405845 -10953
0.000415108 -10775
0.00042513 -10597
0.000434336 -10419
0.000443887 -10242
0.000453294 -10066
0.000462395 -9891
0.000472004 -9717
0.000481085 -9548
0.000491663 -9381
0.000501444 -9216
0.000511839 -9051
0.000522666 -8887
0.000532937 -8723
0.000543917 -8561
0.000553852 -8399
0.000565599 -8239
0.000576301 -8083
0.000586178 -7929
0.000595519 -7775
0.000604897 -7623
0.000614976 -7471
0.000625026 -7320
0.000634923 -7171
0.000646699 -7024
0.00065743 -6878
0.000668151 -6732
0.000677827 -6586
0.000688347 -6441
0.000698004 -6296
0.000708523 -6152
0.000720184 -6009
0.000730934 -5866
0.000740505 -5724
0.000750823 -5582
0.000760864 -5444
0.000772602 -5307
0.000784617 -5171
0.000794888 -5035
0.000804976 -4900
0.000816119 -4765
0.000829439 -4632
0.000841551 -4499
0.000854066 -4372
0.000866772 -4245
0.000877992 -4123
0.000888953 -4002
0.000906109 -3882
0.000920407 -3764
0.000934235 -3648
0.000947479 -3532
0.000959111 -3418
0.00097315 -3305
0.000984735 -3193
0.00100022 -3081
0.00101373 -2970
0.00102757 -2861
0.00104202 -2754
0.0010569 -2649
0.00107104 -2545
0.00108871 -2446
0.00110394 -2348
0.00111863 -2251
0.0011339 -2155
0.00114884 -2060
0.00116364 -1966
0.00117928 -1872
0.0011948 -1778
0.00121117 -1685
0.00123083 -1595
0.00124363 -1506
0.0012599 -1418
0.00127429 -1331
0.0012875 -1248
0.00130253 -1168
0.00132344 -1089
0.00134492 -1012
0.00136654 -937
0.00139366 -863
0.00142204 -794
0.00144748 -728
0.00147262 -664
0.00150122 -604
0.00152879 -546
0.0015615 -490
0.00158796 -435
0.00161814 -381
0.0016529 -330
0.00168364 -283
0.00171809 -237
0.00174867 -191
0.00178031 -148
0.00181914 -112
0.00185519 -76
0.00190599 -45
0.00194138 -17
0.00198155 9
0.00201787 31
0.00205943 51
0.00209948 71
0.0021385 90
0.00217549 111
0.00221313 129
0.00225037 143
0.00228668 157
0.00232499 172
0.00236057 184
0.00239382 193
0.00242877 207
0.00246215 220
0.00250217 229
0.00254059 238
0.00257507 250
0.00261013 263
0.00266691 275
0.00271225 285
0.00274877 295
0.00279254 303
0.00283236 311
0.0028747 327
0.00291362 334
0.00295079 342
0.00299055 349
0.00302865 356
0.00306289 361
0.00309772 369
0.0031306 376
0.00316531 381
0.00320109 385
0.00323552 387
0.00327136 396
0.00330385 401
0.00333715 409
0.00336863 417
0.00343 419
0.00346757 420
0.00350879 427
0.0035465 431
0.00358133 432
0.00361783 433
0.00365525 436
0.00368798 437
0.00375273 440
0.003795 442
0.00385022 443
0.00393557 445
0.00397617 448
0.00401322 452
0.00404385 455
0.00407742 457
0.00411388 459
2 459
