0 -19682
6.5e-08 -19320
1.0088e-05 -18996
1.7673e-05 -18697
2.3197e-05 -18402
3.3041e-05 -18111
5.1222e-05 -17827
6.5828e-05 -17545
7.6396e-05 -17264
8.831e-05 -16983
0.000100346 -16704
0.000113512 -16430
0.000123676 -16157
0.000132343 -15890
0.00014037 -15624
0.000148163 -15366
0.000156811 -15110
0.00016577 -14855
0.000174531 -14604
0.000182549 -14353
0.00019149 -14106
0.00020011 -13861
0.00020953 -13616
0.000218781 -13371
0.000227401 -13129
0.00023589 -12890
0.00024466 -12652
0.000254231 -12415
0.00026351 -12180
0.000271867 -11946
0.000280318 -11716
0.000288646 -11487
0.00029722 -11264
0.000306687 -11043
0.000316333 -10822
0.000324737 -10603
0.000334834 -10385
0.000344631 -10172
0.00035343 -9961
0.000362803 -9752
0.000372007 -9543
0.000380665 -9336
0.000389897 -9135
0.000399439 -8935
0.000409132 -8739
0.00041875 -8543
0.000428594 -8354
0.000468608 -8169
0.000487609 -7984
0.00050068 -7802
0.000512406 -7621
0.000522193 -7440
0.00053343 -7261
0.000543443 -7084
0.000553013 -6910
0.000562819 -6737
0.000572804 -6564
0.000582573 -6394
0.000600274 -6225
0.000612838 -6057
0.000625495 -5889
0.000636835 -5729
0.000646782 -5570
0.000657379 -5412
0.000668879 -5256
0.00067907 -5101
0.000690138 -4948
0.000701543 -4798
0.000712469 -4649
0.000723094 -4503
0.000733041 -4357
0.000745868 -4214
0.000757001 -4076
0.000768482 -3941
0.000780603 -3807
0.000796169 -3680
0.000809381 -3553
0.000822387 -3426
0.00083463 -3301
0.000847758 -3178
0.000859155 -3058
0.000871464 -2939
0.000883905 -2821
0.000899198 -2708
0.000911102 -2597
0.000923553 -2487
0.000934798 -2378
0.000947164 -2270
0.000960546 -2163
0.00097566 -2057
0.00098971 -1954
0.00100562 -1854
0.00101965 -1754
0.00103428 -1657
0.00104904 -1566
0.00106381 -1477
0.00107809 -1391
0.00109365 -1307
0.00111035 -1227
0.00115199 -1148
0.00118179 -1072
0.00120337 -997
0.00122148 -925
0.00124117 -855
0.0012567 -786
0.00127327 -720
0.00129287 -658
0.0013124 -597
0.00132839 -536
0.00134848 -477
0.0013765 -419
0.00139218 -363
0.0014099 -312
0.00142506 -263
0.00144201 -215
0.00145899 -170
0.00147582 -130
0.00149174 -94
0.00150481 -59
0.00152019 -28
0.00153623 1
0.00155051 30
0.0015649 58
0.00157827 85
0.00159196 110
0.00160484 134
0.00161738 155
0.00162845 175
0.00164126 191
0.00165509 206
0.00166847 221
0.00168121 237
0.00169434 248
0.00170702 260
0.00171987 279
0.00173192 296
0.00174563 308
0.00175989 323
0.00177415 338
0.00178781 349
0.0018006 367
0.00181288 378
0.00182725 397
0.00184181 408
0.00185468 424
0.00186852 437
0.00188308 452
0.00189734 462
0.00191138 475
0.00192387 485
0.00193815 500
0.00195203 507
0.00196501 523
0.00197792 535
0.00199094 550
0.00200488 561
0.00201773 568
0.00203231 577
0.00204567 584
0.00205943 590
0.00207313 604
0.00208637 613
0.00209973 618
0.00211224 622
0.00212478 624
0.00214004 631
0.0021543 633
0.00216787 641
0.00218164 645
0.00221206 662
0.00227103 667
0.00228589 669
0.00229915 670
0.00232388 671
0.00245491 672
0.00246903 675
0.00248162 677
0.00249479 679
0.00251106 680
0.00252511 684
0.00253842 688
0.00255334 689
0.00259187 690
0.00261973 691
0.00282859 692
0.00284195 696
0.00285646 697
0.00328052 701
0.00329488 705
0.0033099 708
0.00332222 710
0.00333754 711
0.00336585 720
0.0033802 721
0.00356546 723
0.00357908 725
0.00387682 728
0.00390547 739
0.00393182 741
0.00395846 744
0.00397353 749
0.0040011 750
0.00468971 756
0.00613982 760
0.00730569 762
0.00738593 765
0.0077599 773
0.0077737 776
0.00783033 778
0.0131348 781
0.0131485 784
0.0131619 786
0.0153606 789
0.0167706 790
2 790
