0 -17498
4.7e-08 -17222
5.44e-06 -16979
1.6536e-05 -16751
2.703e-05 -16525
3.7477e-05 -16300
5.2196e-05 -16083
6.284e-05 -15868
7.196e-05 -15653
8.0779e-05 -15442
8.9757e-05 -15235
9.8434e-05 -15029
0.000107121 -14824
0.000116222 -14619
0.000125944 -14415
0.000135864 -14216
0.000160051 -14018
0.000173707 -13820
0.000183937 -13625
0.00019318 -13430
0.000202582 -13236
0.000211259 -13044
0.000220219 -12852
0.000229828 -12661
0.000239465 -12472
0.000249375 -12285
0.000258156 -12099
0.000267483 -11916
0.000276574 -11734
0.000285826 -11553
0.000295491 -11373
0.000304432 -11193
0.000313364 -11014
0.000327537 -10836
0.000337881 -10658
0.000347264 -10482
0.000356148 -10310
0.00036491 -10138
0.000373795 -9966
0.000383084 -9796
0.000392712 -9627
0.000402735 -9458
0.00041272 -9290
0.000423506 -9124
0.000433473 -8958
0.000443345 -8794
0.000452465 -8631
0.000461735 -8468
0.000471128 -8306
0.000480153 -8144
0.000490948 -7985
0.000500981 -7827
0.000511136 -7670
0.00052243 -7513
0.000532001 -7357
0.000541751 -7201
0.000553026 -7049
0.000563464 -6897
0.000574023 -6747
0.000582898 -6599
0.000593091 -6452
0.000603933 -6306
0.000613824 -6160
0.000624996 -6015
0.000635772 -5873
0.000647451 -5731
0.000658152 -5590
0.000668251 -5451
0.000680373 -5312
0.000691403 -5174
0.000701482 -5038
0.000711571 -4903
0.000721209 -4776
0.000730244 -4649
0.000741961 -4523
0.00075349 -4397
0.000765019 -4271
0.000775296 -4149
0.000785376 -4027
0.000795004 -3905
0.000808669 -3784
0.000821987 -3664
0.000834259 -3545
0.000846447 -3430
0.000857581 -3316
0.000870446 -3202
0.000881947 -3088
0.00089437 -2975
0.000906765 -2863
0.000919461 -2754
0.000933126 -2646
0.000946472 -2539
0.000960269 -2432
0.000976316 -2328
0.000992353 -2226
0.00100857 -2126
0.0010202 -2028
0.00103508 -1931
0.00104755 -1837
0.00106412 -1746
0.00107846 -1656
0.00109074 -1568
0.00110481 -1480
0.00111905 -1397
0.00113535 -1314
0.00115499 -1236
0.00117205 -1158
0.00118974 -1085
0.0012096 -1013
0.00122815 -942
0.00125116 -872
0.00126751 -803
0.00129091 -736
0.00131656 -670
0.00134072 -610
0.00136475 -552
0.0013892 -495
0.00141967 -441
0.00144937 -390
0.00147676 -340
0.00150806 -293
0.00153351 -246
0.00156262 -203
0.00159973 -163
0.00163582 -127
0.00166963 -95
0.00170253 -64
0.00173951 -33
0.00177848 -4
0.00182797 23
0.00187665 42
0.00192103 63
0.00195529 83
0.00199047 96
0.00203151 109
0.00207766 127
0.0021171 142
0.00215114 156
0.00218746 170
0.00221951 182
0.00225226 197
0.00228517 214
0.00232011 223
0.00235111 236
0.00238257 247
0.00240918 258
0.00244188 267
0.0024726 274
0.00250501 280
0.00253558 286
0.00256594 292
0.00260142 303
0.00263799 308
0.00267466 317
0.0027112 324
0.00274083 328
0.00277392 341
0.00280882 347
0.00284298 350
0.00287425 352
0.00290765 357
0.00293617 359
0.00297088 365
0.00300639 366
0.00304357 367
0.00307884 368
0.00310914 379
0.00317292 388
0.0032537 390
0.00330078 392
0.00336986 396
0.0033997 397
0.00342866 405
0.00349192 413
0.00355149 420
0.00359982 424
0.0036719 428
0.00370893 430
0.00374467 437
0.00384532 440
0.00387392 441
0.00396716 442
0.0040049 446
0.00404171 448
0.00410683 450
0.00416995 451
0.00503833 452
0.00527578 453
0.0053391 454
0.00537075 459
0.0108934 462
2 462
