0 -24444
1.9e-07 -24060
0.000345417 -23634
0.000348277 -23111
0.000349817 -22772
0.000350017 -22421
0.000350247 -22209
0.000350717 -21788
0.000353537 -21524
0.000355747 -21479
0.000356707 -21254
0.000357687 -20972
0.000360727 -20960
0.000362467 -20564
0.000362917 -20286
0.000363227 -19826
0.000376417 -19676
0.000377057 -19371
0.000384128 -19248
0.000384988 -19010
0.000390118 -19000
0.000391228 -18699
0.000394648 -18302
0.000398608 -18074
0.000403228 -18052
0.000404958 -17681
0.000405348 -17376
0.000410318 -17314
0.000413078 -17027
0.000418338 -16912
0.000422928 -16558
0.000423298 -16215
0.000425168 -15804
0.000426058 -15532
0.000428198 -15334
0.000429468 -15125
0.000431239 -14913
0.000434859 -14707
0.000458409 -14602
0.000463649 -14223
0.000465699 -13754
0.000466459 -13491
0.000466869 -13177
0.000470369 -13127
0.000472679 -12767
0.000472879 -12470
0.00048593 -12224
0.00048968 -11896
0.00049022 -11534
0.00049641 -11340
0.00049711 -11125
0.00049986 -10956
0.00050447 -10762
0.00050755 -10585
0.00050879 -10252
0.00051516 -9940
0.00051637 -9600
0.00051981 -9207
0.00052268 -8948
0.000537711 -8688
0.000545501 -8561
0.000548751 -8343
0.000553301 -8220
0.000553651 -7907
0.000557141 -7770
0.000558811 -7639
0.000561361 -7433
0.000563061 -7195
0.000564741 -6924
0.000566321 -6764
0.000568191 -6563
0.000569111 -6199
0.000575551 -5956
0.000577561 -5809
0.000579781 -5492
0.000581321 -5435
0.000584292 -5268
0.000600632 -5158
0.000604022 -5013
0.000608622 -4807
0.000616172 -4740
0.000619672 -4542
0.000622002 -4312
0.000636303 -4082
0.000648363 -4000
0.000653053 -3806
0.000688824 -3590
0.000689484 -3349
0.000690044 -3189
0.000702764 -3018
0.000703794 -2778
0.000704354 -2699
0.000706704 -2535
0.000737615 -2529
0.000737905 -2350
0.000747255 -2125
0.000748765 -1907
0.000758915 -1738
0.000762715 -1592
0.000763805 -1422
0.000771395 -1306
0.000772305 -1240
0.000773955 -1107
0.000778775 -1031
0.000827076 -956
0.000830826 -895
0.000832816 -805
0.000839006 -728
0.000855847 -641
0.000856817 -556
0.000864497 -518
0.000874257 -458
0.000878787 -457
0.000879897 -300
0.000884857 -273
0.000885327 -200
0.000934148 -114
0.000936018 -111
0.000955609 -36
0.000960529 -25
0.000963069 -9
0.000977509 24
0.000978209 46
0.000992759 49
0.00100876 113
0.00101542 116
0.00101871 118
0.00102213 138
0.00104051 139
0.0010424 142
0.00105555 155
0.0010573 172
0.001069 184
0.00107511 190
0.0010939 210
0.00109916 224
0.00110556 234
0.00112518 236
0.00112787 242
0.00113014 261
0.001131 264
0.00113908 266
0.00114345 272
0.00116464 284
0.0011657 287
0.00117651 289
0.00118024 306
0.00118143 320
0.00119174 326
0.00120005 338
0.00121014 340
0.00121146 352
0.00122815 354
0.00123985 357
0.00127334 360
0.00136328 370
0.00143764 371
0.00147561 386
0.00157276 388
0.00159237 393
0.00159378 394
0.00163483 399
0.00169366 400
0.00171801 402
0.00177437 426
0.00185564 429
2 429
