0 -7814
2.08e-07 -7519
0.000426275 -7366
0.000427518 -7305
0.00042914 -7093
0.000429339 -6837
0.000430516 -6633
0.000430876 -6479
0.000431189 -6270
0.000432508 -6130
0.00043265 -5958
0.000482792 -5826
0.000485031 -5815
0.00048838 -5704
0.000490012 -5603
0.000490164 -5448
0.000491634 -5300
0.000491985 -5139
0.000492678 -4982
0.000496653 -4849
0.000497118 -4661
0.000497583 -4494
0.000498892 -4280
0.000500078 -4182
0.000501094 -4014
0.000501435 -3849
0.000507536 -3835
0.000508257 -3807
0.000510818 -3676
0.000511369 -3544
0.000512137 -3445
0.000521406 -3354
0.000522953 -3193
0.000527251 -3028
0.000530979 -2911
0.0005343 -2785
0.000534433 -2645
0.000539964 -2575
0.00054781 -2533
0.000552061 -2463
0.000552744 -2334
0.000555561 -2264
0.000555818 -2134
0.000558379 -1989
0.000562364 -1905
0.00056706 -1804
0.00056799 -1794
0.000569328 -1759
0.00057743 -1651
0.00058298 -1554
0.000583208 -1414
0.000584603 -1256
0.000584764 -1172
0.00058521 -1133
0.000586054 -1051
0.000587819 -954
0.000590314 -937
0.000592971 -867
0.00059318 -801
0.000602828 -731
0.000604318 -664
0.000606671 -639
0.000633435 -638
0.0006376 -574
0.000638739 -492
0.000659554 -471
0.000662704 -403
0.000664232 -400
0.000666006 -355
0.000670057 -328
0.000673093 -292
0.00067463 -227
0.00067482 -202
0.000678491 -141
0.000688909 -140
0.000689317 -87
0.000690569 -65
0.000690673 5
0.000694895 33
0.000695569 97
0.000752798 111
0.000756754 146
0.00076053 167
0.000789591 175
0.00080792 219
0.000813158 237
0.000818689 242
0.000820387 270
0.000821848 275
0.000823499 296
0.00082385 306
0.00088087 312
0.000883868 319
0.000889836 323
0.000896876 329
0.000910965 345
0.000928498 347
0.000933308 371
0.000934304 374
0.000987529 377
0.00103187 378
0.00106277 379
0.00108304 380
0.00114641 393
0.00124787 400
0.00130786 402
2 402
