0 106
6.36e-07 114
1.1229e-05 127
0.000306912 162
0.000307054 232
0.000307566 235
0.000309482 245
0.000345616 258
0.000408571 262
0.000408912 267
0.000409064 293
0.000409585 313
0.00041041 317
0.000410553 333
0.000410629 344
0.000410685 357
0.00041447 359
0.000414621 365
0.000439166 367
0.000439308 397
0.000439431 412
0.000439849 420
0.000439906 433
0.000440029 434
0.000440133 457
0.000440664 461
0.00045803 471
0.000458504 477
0.00045857 511
0.000458703 521
0.000458836 522
0.000458921 523
0.000459262 538
0.000459765 542
0.000459926 545
0.000469325 560
0.000471317 576
0.000473925 601
0.000474048 619
0.000474399 639
0.000519657 640
0.000528031 645
0.000536434 655
0.000537363 658
0.000537875 668
0.000560533 677
0.000560741 679
0.00056169 685
0.000561822 701
0.000562761 707
0.000562847 708
0.0005659 719
0.000573289 725
0.000573497 726
0.000574114 730
0.000574389 744
0.000579766 745
0.000580591 761
0.000583067 767
0.000583579 777
0.000591877 781
0.000594049 801
0.000598791 804
0.000599294 805
0.000601323 813
0.000607108 816
0.000615758 822
0.000649227 823
0.000653039 836
0.000661338 842
0.000661414 843
0.000661717 857
0.000665653 859
0.000675222 860
0.000675697 864
0.000676417 865
0.000700298 878
0.000708616 888
0.000709261 889
0.000710787 897
0.000719029 902
0.000779935 904
2 904
