0 -4190
3.41e-07 -4108
8.934e-06 -4044
9.18e-06 -3905
0.000456 -3842
0.000458503 -3776
0.000461671 -3730
0.000462838 -3712
0.000483513 -3700
0.000489412 -3678
0.000489706 -3620
0.000491214 -3618
0.00049146 -3555
0.000492257 -3428
0.000492788 -3314
0.000499636 -3280
0.000499759 -3182
0.000500584 -3157
0.000503448 -3101
0.000505203 -3074
0.000508475 -3031
0.000508617 -2959
0.00051499 -2855
0.000516546 -2843
0.000518234 -2750
0.000522056 -2657
0.000524313 -2619
0.000525214 -2534
0.000525811 -2490
0.000542285 -2453
0.000545244 -2417
0.000545993 -2366
0.000546468 -2315
0.000551902 -2288
0.000552253 -2266
0.000553353 -2248
0.000555022 -2219
0.000556701 -2204
0.000556947 -2125
0.000557194 -2097
0.000557298 -2089
0.00055763 -2011
0.000558825 -1990
0.000558958 -1929
0.000567133 -1898
0.000567882 -1854
0.00056884 -1824
0.000573582 -1729
0.000573857 -1726
0.000589079 -1712
0.000589506 -1688
0.00059109 -1604
0.000591886 -1576
0.000591991 -1488
0.000592095 -1432
0.000609991 -1409
0.000610096 -1276
0.000610864 -1185
0.000611129 -1108
0.000611566 -1020
0.000612154 -989
0.000628276 -964
0.000628789 -906
0.000631681 -900
0.000631909 -804
0.000632573 -766
0.000633274 -755
0.000636897 -746
0.000637191 -735
0.000638064 -692
0.00063831 -688
0.000638832 -687
0.000640482 -631
0.000643005 -587
0.000643128 -577
0.000647121 -570
0.0006477 -554
0.00064788 -538
0.000648629 -533
0.000659602 -488
0.000659896 -469
0.000661025 -408
0.00066184 -380
0.000663917 -378
0.000666478 -375
0.000666772 -354
0.000667379 -322
0.000668033 -302
0.000668384 -298
0.000670698 -287
0.000674587 -266
0.000675801 -248
0.000675896 -228
0.00067636 -158
0.000689524 -140
0.000689695 -105
0.000690861 -81
0.000695869 -64
0.000695983 -63
0.000701094 -54
0.000702052 -22
0.000705362 64
0.000706794 79
0.000706984 109
0.000708236 116
0.000708995 163
0.000733957 169
0.000734288 177
0.000734791 188
0.000738281 202
0.000738793 218
0.000740519 220
0.000741648 235
0.000742758 276
0.000744341 280
0.000744911 329
0.000745347 352
0.000749842 362
0.000753408 369
0.000753825 381
0.000755827 382
0.000760512 394
0.000761602 401
0.00076661 406
0.000767606 455
0.000769237 465
0.000771058 480
0.000771466 503
0.000771731 510
0.00077248 528
0.000775288 535
0.000776293 542
0.000776777 547
0.000777981 551
0.000780438 595
0.000780807 597
0.000781936 619
0.000785094 631
0.000785739 635
0.000786242 647
0.000790699 656
0.000791173 657
0.000794901 680
0.000795659 699
0.000797784 701
0.000797973 716
0.000805181 719
0.000805874 728
0.000812389 742
0.000815633 757
0.000820299 759
0.000820384 760
0.000821532 770
0.000825638 782
0.000835369 804
0.000843848 805
0.000845716 811
0.00084638 819
0.000846816 831
0.000847176 834
0.000849576 844
0.000853047 855
0.000854868 862
0.000856736 907
0.000858794 909
0.000861971 911
0.000868022 913
0.00086917 916
0.000871133 917
0.000872812 920
0.000874433 922
0.000875818 923
0.000876264 928
0.000879441 930
0.000884543 954
0.00088553 966
0.000886222 981
0.000891922 986
0.00089747 987
0.000897622 994
0.000900685 997
0.000907077 1030
0.000913934 1031
0.000914399 1035
0.000914664 1044
0.000916666 1045
0.000920137 1052
0.000920298 1054
0.000920706 1055
0.000924888 1058
0.000934078 1059
0.000939057 1067
0.000940006 1077
0.000943249 1081
0.000945222 1086
0.0009493 1099
0.000952638 1106
0.000956916 1108
0.000958348 1109
0.000960994 1113
0.000962255 1116
0.000965205 1129
0.000974888 1130
0.00102757 1132
0.00103149 1133
0.00103672 1134
0.00103803 1135
0.00103929 1142
0.00105351 1150
0.00105807 1151
0.00105841 1152
0.00106107 1168
0.00107929 1180
0.00108891 1183
0.00109845 1187
0.0011215 1192
0.0011247 1197
0.00113871 1198
0.00115994 1203
0.00117304 1207
0.00117619 1211
0.001181 1212
0.0011919 1219
0.00120558 1223
0.00123302 1227
0.0012392 1228
0.00127932 1229
0.00129388 1233
0.00135173 1235
0.0013962 1236
0.00140418 1240
0.00147576 1247
0.00147841 1248
0.00150268 1253
0.00161704 1262
2 1262
