0 -176
2.65e-07 -136
0.000445344 -90
0.000445667 -87
0.000446094 -78
0.00044636 -23
0.000451009 -11
0.000451179 7
0.000453788 15
0.000454709 39
0.000501767 54
0.000512867 61
0.000513285 84
0.000513418 147
0.000513503 168
0.000513674 172
0.000514622 178
0.000516036 179
0.000519176 186
0.000520628 189
0.000520856 232
0.000521311 234
0.000521387 251
0.000521539 282
0.000521947 285
0.000522905 296
0.000528038 301
0.000528759 321
0.000551795 323
0.000557155 335
0.000563104 351
0.000564413 364
0.000565997 384
0.000566756 417
0.000567013 419
0.00056798 426
0.000568123 428
0.000569261 430
0.00057539 442
0.000575722 464
0.000576178 469
0.000577117 485
0.000577781 487
0.000578341 496
0.000583682 498
0.000594631 511
0.000600409 513
0.000603957 518
0.000604412 529
0.000605731 534
0.000606585 536
0.000607534 541
0.000609422 554
0.00061039 567
0.000612059 571
0.000613331 576
0.000656243 579
0.000656793 582
0.000657837 584
0.000658064 589
0.000660379 590
0.000666167 594
0.000666518 596
0.000672267 610
0.00067611 614
0.000680825 615
0.000681148 619
0.000683434 622
0.000685977 627
0.000690778 630
0.000692229 648
0.000694487 649
0.000695844 651
0.000702295 652
0.000704259 655
0.000711811 656
0.000717314 658
0.000717589 669
0.000750492 676
0.000791023 693
0.000811193 694
2 694
