0 -11312
1.99e-07 -10982
0.000205082 -10796
0.000205329 -10422
0.000205604 -10197
0.000206306 -9772
0.000206401 -9495
0.000220272 -9367
0.000226182 -9325
0.000226704 -8972
0.000226818 -8742
0.000229124 -8665
0.000230642 -8494
0.000231344 -8258
0.000232321 -8153
0.000232577 -7834
0.000233554 -7651
0.000234171 -7347
0.000235993 -7209
0.000239844 -6913
0.000253952 -6808
0.000258298 -6709
0.000258649 -6426
0.000259939 -6341
0.000260765 -6281
0.000260869 -5981
0.000260945 -5760
0.000268383 -5643
0.000281134 -5642
0.000287301 -5524
0.000289948 -5488
0.000290793 -5271
0.000291314 -5024
0.000298876 -4953
0.000299967 -4744
0.000315242 -4740
0.000316105 -4540
0.000318174 -4237
0.000319369 -4174
0.000320119 -3990
0.000324673 -3847
0.000325555 -3583
0.000329075 -3371
0.000329853 -3163
0.000357262 -3043
0.000358923 -2931
0.000359701 -2768
0.000360507 -2521
0.00036119 -2433
0.000363277 -2356
0.000363391 -2252
0.00038525 -2186
0.000390886 -2080
0.000391749 -1900
0.000392053 -1818
0.000400393 -1688
0.000401806 -1617
0.000406142 -1491
0.000407556 -1366
0.000408277 -1243
0.000410193 -1123
0.000411038 -1122
0.00041136 -1027
0.00041413 -959
0.000421189 -958
0.000455876 -839
0.000461616 -772
0.000489575 -658
0.000493759 -571
0.00049838 -448
0.00050374 -406
0.000504831 -351
0.00050579 -251
0.00050764 -215
0.000514708 -167
0.000521425 -107
0.000522858 -73
0.000526501 -52
0.000570808 -47
0.000605788 -33
0.000632268 -4
0.000643359 6
0.00064964 26
0.00066111 43
0.000675237 73
0.000676214 93
0.000679497 94
0.000683946 107
0.000684743 112
0.000686176 115
0.000711261 120
0.000751564 140
0.000883498 142
0.0009129 159
0.000928326 165
0.000944711 181
0.000968715 185
0.00109153 192
0.00112938 200
2 200
