0 -3100
5.9e-08 -2923
7.287e-06 -2755
1.3546e-05 -2594
2.1283e-05 -2445
3.2193e-05 -2305
4.4162e-05 -2167
5.5366e-05 -2030
6.1811e-05 -1903
6.7952e-05 -1777
7.4376e-05 -1663
8.0145e-05 -1560
8.6952e-05 -1458
9.1732e-05 -1359
9.8734e-05 -1261
0.000105159 -1163
0.000111946 -1066
0.000118215 -973
0.000124444 -883
0.0001308 -795
0.000136353 -713
0.000141936 -640
0.00014888 -572
0.000155109 -506
0.000160133 -442
0.00016553 -379
0.000175206 -317
0.000181729 -256
0.000187459 -199
0.000194266 -146
0.000200524 -93
0.000205617 -51
0.000212336 -14
0.000217154 22
0.000221248 58
0.00022781 93
0.000233961 122
0.000240131 151
0.000246439 180
0.000278788 208
0.000289229 241
0.000295468 269
0.000301648 296
0.000307397 322
0.00031246 347
0.000317592 373
0.000323586 396
0.000327896 414
0.000334056 437
0.000340207 453
0.000345721 482
0.000351666 504
0.00035717 520
0.000361578 549
0.000366749 572
0.000371332 599
0.000377033 619
0.000382331 633
0.000392664 650
0.000402869 672
0.000405024 685
0.000409284 702
0.000414495 710
0.000416424 717
0.000418148 730
0.000422027 741
0.000423407 747
0.000425974 767
0.000430998 772
0.000432173 777
0.000434729 786
0.000437276 792
0.000438226 794
0.00043948 795
0.000441801 806
0.000494219 808
0.000517969 809
0.000525873 818
0.000751989 819
0.00103675 826
0.00106641 827
0.00156414 828
2 828
