0 -17201
5.9e-08 -16879
4.5121e-05 -16578
7.7657e-05 -16283
0.000139007 -15999
0.000204843 -15719
0.00029058 -15441
0.000366631 -15164
0.000436776 -14888
0.000521985 -14619
0.000596703 -14352
0.000665585 -14090
0.000731558 -13835
0.000796404 -13585
0.000907469 -13339
0.00101196 -13093
0.00110786 -12848
0.00119944 -12605
0.00128492 -12362
0.00136324 -12122
0.00143556 -11890
0.00150761 -11667
0.00157664 -11445
0.00169444 -11227
0.00178392 -11010
0.00188143 -10794
0.00196154 -10587
0.002036 -10384
0.00210215 -10187
0.00216164 -9991
0.00221798 -9799
0.00227376 -9607
0.00232196 -9420
0.00237318 -9234
0.00241873 -9048
0.00246525 -8868
0.00251228 -8689
0.00256124 -8513
0.00261649 -8338
0.00266905 -8165
0.00272418 -7997
0.00277188 -7831
0.00281808 -7665
0.00286392 -7503
0.00290797 -7345
0.00303429 -7194
0.00311187 -7044
0.00318526 -6898
0.00325823 -6753
0.00332484 -6612
0.00338082 -6472
0.00342687 -6332
0.00346814 -6194
0.003512 -6062
0.0035521 -5932
0.00358919 -5802
0.00363455 -5674
0.00367297 -5548
0.0037193 -5424
0.00377504 -5301
0.00382249 -5178
0.00386335 -5055
0.00390366 -4934
0.00394069 -4813
0.00397364 -4696
0.00400802 -4582
0.00404634 -4469
0.00407971 -4357
0.00411495 -4246
0.00414959 -4141
0.00418455 -4036
0.00421966 -3932
0.00425264 -3829
0.00429008 -3728
0.00432413 -3627
0.00435969 -3526
0.00439304 -3426
0.00442556 -3330
0.00445339 -3235
0.00449193 -3142
0.00452232 -3050
0.00458007 -2958
0.00463496 -2866
0.00466527 -2775
0.00470321 -2687
0.00473627 -2599
0.00477286 -2511
0.00480339 -2424
0.00483538 -2338
0.00486777 -2253
0.00490057 -2168
0.0049356 -2086
0.00496958 -2005
0.00500317 -1927
0.00503982 -1849
0.00507046 -1773
0.00509996 -1700
0.00513459 -1631
0.00516638 -1563
0.00519372 -1495
0.00522362 -1428
0.00525364 -1362
0.0052859 -1296
0.00531462 -1234
0.00534643 -1175
0.00537449 -1118
0.00540377 -1061
0.00543251 -1006
0.00546136 -952
0.00549123 -898
0.00551998 -844
0.00555131 -790
0.00558708 -736
0.00561711 -686
0.00564567 -637
0.00567159 -589
0.00569904 -541
0.00574011 -494
0.00577169 -448
0.00580424 -405
0.00583691 -362
0.00587192 -319
0.00589881 -277
0.0059306 -237
0.00595942 -199
0.00598931 -162
0.00602134 -125
0.00605791 -90
0.00608982 -56
0.00612409 -23
0.00615293 10
0.00617718 43
0.00620093 74
0.00622794 104
0.00626469 134
0.00630633 164
0.00633982 191
0.00637181 223
0.006404 250
0.00643815 276
0.00646996 305
0.00649546 331
0.00652585 357
0.00655831 382
0.00659293 406
0.00662352 430
0.00665626 459
0.00668842 480
0.00672802 501
0.00676356 522
0.00679875 545
0.006834 566
0.00686397 588
0.00689131 608
0.00695165 627
0.00701201 645
0.00706274 662
0.00710304 682
0.00714191 702
0.00717751 719
0.00721002 740
0.00724476 757
0.00727721 774
0.00730805 794
0.00733789 813
0.00737026 833
0.00740039 852
0.00742752 871
0.00745557 889
0.00748334 907
0.00751022 924
0.00753556 940
0.00756313 962
0.00759311 977
0.00761892 993
0.00764448 1008
0.00766958 1022
0.00771938 1041
0.0077512 1059
0.00778065 1073
0.00781042 1092
0.00784232 1106
0.00787031 1125
0.00789789 1142
0.00792812 1156
0.00795731 1169
0.0079815 1185
0.00801018 1207
0.00803817 1220
0.00806246 1233
0.00808929 1246
0.00811897 1259
0.00815228 1274
0.0081822 1286
0.00821557 1305
0.00824302 1318
0.00826824 1335
0.00829816 1349
0.0083264 1362
0.00835804 1376
0.00838772 1388
0.00841683 1406
0.00845175 1418
0.00848421 1432
0.00851229 1444
0.00853697 1456
0.00854929 1467
0.00856788 1478
0.00859641 1493
0.00863485 1502
0.00864372 1511
0.00865841 1520
0.00867847 1533
0.00869482 1546
0.00870019 1554
0.00870927 1562
0.00872014 1570
0.00873379 1579
0.0087643 1586
0.0087747 1592
0.00878371 1598
0.00880032 1604
0.00880717 1610
0.00882006 1618
0.00884365 1628
0.00884938 1634
0.00886114 1651
0.00888663 1657
0.00889162 1663
0.00890549 1673
0.00890956 1678
0.00891936 1682
0.00892762 1693
0.00894893 1696
0.00895289 1699
0.00896077 1702
0.00896911 1707
0.00897268 1709
0.00898513 1718
0.00900582 1723
0.00900974 1725
0.00901949 1738
0.00903696 1739
0.00904204 1740
0.00904967 1743
0.00906125 1745
0.00906821 1747
0.00909259 1762
0.00912995 1764
0.00914272 1765
0.00915004 1767
0.009176 1769
0.00919049 1771
0.00919424 1772
0.0092108 1783
0.00974126 1784
0.00980458 1786
0.00982051 1787
0.00993982 1792
0.00995798 1793
0.0101023 1794
0.0101069 1796
0.0102087 1801
0.0102213 1803
0.0102323 1804
0.0111905 1809
0.0111987 1810
0.0129577 1818
0.0129968 1819
0.0130094 1821
0.0133775 1823
0.013384 1824
0.0134046 1825
0.0139696 1826
0.014184 1827
0.0147352 1830
0.015294 1835
0.0153335 1839
0.0185552 1841
0.0190082 1843
0.0192588 1845
0.0206108 1846
2 1846
