0 -14245
4.9e-08 -13921
3.5709e-05 -13624
5.8921e-05 -13350
8.6863e-05 -13092
0.000141779 -12839
0.000185411 -12590
0.000263666 -12344
0.000326906 -12099
0.000374084 -11857
0.000411674 -11616
0.000443348 -11376
0.000473249 -11137
0.000500408 -10902
0.000529526 -10668
0.000556499 -10443
0.000587507 -10221
0.00061873 -10005
0.000647358 -9793
0.000678689 -9583
0.000716592 -9375
0.000756748 -9169
0.000791184 -8966
0.000826462 -8772
0.000858998 -8582
0.00088745 -8395
0.00091694 -8210
0.000947625 -8025
0.000974862 -7847
0.00101117 -7673
0.00104579 -7508
0.00107723 -7343
0.00111496 -7178
0.00115217 -7015
0.00118884 -6853
0.00123651 -6691
0.00131576 -6529
0.00138109 -6368
0.00143635 -6216
0.00148063 -6068
0.00151644 -5921
0.00155248 -5777
0.00158582 -5636
0.00161585 -5495
0.00165208 -5356
0.00168359 -5218
0.00171446 -5085
0.00174486 -4954
0.00177658 -4824
0.00180227 -4696
0.00182663 -4569
0.00184876 -4443
0.0018798 -4321
0.00190919 -4203
0.00193835 -4087
0.00196493 -3976
0.00199118 -3865
0.00202035 -3756
0.00204322 -3647
0.00207194 -3539
0.00210526 -3434
0.00213359 -3331
0.00216312 -3228
0.00219245 -3125
0.00221952 -3024
0.00224318 -2924
0.00226976 -2824
0.0022959 -2731
0.00231947 -2638
0.0023443 -2547
0.00237055 -2457
0.00239621 -2367
0.0024235 -2279
0.00245089 -2192
0.00247268 -2105
0.00249918 -2020
0.00252412 -1936
0.00255053 -1856
0.00257775 -1777
0.00260086 -1700
0.00262726 -1623
0.00265344 -1547
0.002676 -1473
0.00270251 -1402
0.00272793 -1335
0.00275509 -1268
0.00278123 -1205
0.00280414 -1143
0.00282952 -1082
0.0028553 -1022
0.00287852 -962
0.00290457 -903
0.00292804 -845
0.00294883 -788
0.0029753 -733
0.00299876 -679
0.00301913 -627
0.00304229 -577
0.00306392 -527
0.00308719 -478
0.00311063 -429
0.00313685 -381
0.00316329 -335
0.00320267 -291
0.0032568 -249
0.00329605 -207
0.00332874 -166
0.00335591 -126
0.0033767 -86
0.00339978 -47
0.00341831 -10
0.00343903 26
0.00346037 61
0.00347945 95
0.00349989 129
0.00352132 161
0.00354347 191
0.00356793 220
0.00358975 247
0.00361134 273
0.00363381 299
0.00366082 325
0.00368311 351
0.00370738 374
0.00377189 401
0.0038195 421
0.00385286 451
0.00388613 470
0.00391798 488
0.00394551 506
0.00396853 523
0.00399007 548
0.00401358 566
0.00404336 583
0.00407785 603
0.00410986 620
0.00414633 641
0.00417922 658
0.00420964 676
0.00422997 694
0.00424776 710
0.00426586 726
0.00428558 742
0.00430783 764
0.00433107 784
0.00435032 805
0.00437234 830
0.00441019 848
0.0044358 863
0.00445974 876
0.0044814 890
0.00450672 904
0.00452784 925
0.00454969 942
0.00457344 959
0.00459657 974
0.00461865 989
0.0046401 1003
0.00465905 1017
0.0046814 1030
0.00470665 1042
0.00473115 1053
0.00475287 1066
0.0047756 1080
0.00479802 1097
0.00482344 1117
0.00484451 1133
0.00486777 1150
0.0048881 1164
0.00492444 1175
0.00494921 1188
0.00497307 1201
0.00499661 1216
0.00502064 1233
0.00504054 1249
0.00506613 1264
0.00508674 1278
0.0051078 1290
0.00512636 1300
0.0051481 1310
0.00516949 1320
0.00519387 1338
0.00521587 1347
0.0052356 1356
0.00525417 1365
0.00527954 1374
0.00530946 1388
0.00535574 1396
0.00536212 1404
0.00536818 1412
0.00537533 1418
0.00538596 1425
0.00540566 1439
0.00541012 1445
0.00541778 1451
0.0054296 1465
0.00544857 1470
0.00545234 1474
0.00546101 1485
0.00547751 1489
0.0054827 1493
0.00549459 1504
0.00551232 1507
0.0055188 1509
0.00552525 1514
0.00553666 1517
0.00554013 1518
0.00554843 1531
0.00556612 1535
0.00557028 1536
0.00557517 1542
0.00559299 1545
0.00560312 1546
0.00562027 1552
0.00565601 1557
0.00566777 1558
0.00567127 1568
0.00573747 1569
0.00574533 1570
0.00575601 1573
0.00578871 1575
0.00580308 1576
0.00581079 1579
0.00591341 1580
0.00593434 1581
0.00593914 1582
0.00619517 1584
0.0063238 1585
0.006343 1588
0.00635866 1590
0.00644218 1591
0.00644727 1592
0.00653927 1594
0.00654809 1595
0.00670654 1605
0.00674756 1607
0.00766927 1615
0.00770552 1616
0.00788865 1617
0.00789336 1618
0.0078963 1622
2 1622
