0 -29379
4.7e-08 -29127
9.758e-06 -28876
2.0251e-05 -28640
2.9321e-05 -28406
3.8881e-05 -28175
5.2024e-05 -27947
6.7005e-05 -27722
8.5069e-05 -27500
0.000103453 -27279
0.000120697 -27058
0.000141759 -26838
0.000163981 -26620
0.000181234 -26404
0.000197818 -26188
0.00021427 -25973
0.000230948 -25760
0.000251633 -25548
0.000268726 -25337
0.000284942 -25128
0.0003013 -24920
0.000317667 -24713
0.000334345 -24507
0.000350721 -24302
0.000367701 -24098
0.000405026 -23898
0.00042887 -23698
0.000448706 -23498
0.000466563 -23299
0.000483467 -23101
0.000500598 -22904
0.00051722 -22707
0.000533351 -22511
0.000549774 -22315
0.000566509 -22119
0.000583753 -21925
0.000600554 -21732
0.000616817 -21539
0.000632967 -21347
0.00064924 -21155
0.000665588 -20963
0.000681823 -20773
0.000697869 -20583
0.000713972 -20394
0.000730028 -20206
0.000746178 -20018
0.000762875 -19830
0.000779912 -19642
0.000796363 -19455
0.000812589 -19269
0.000829644 -19084
0.000846992 -18899
0.000863802 -18715
0.000880282 -18531
0.00089812 -18348
0.000916023 -18165
0.000932796 -17982
0.000949276 -17801
0.000965558 -17621
0.000982387 -17441
0.000999065 -17263
0.00101549 -17089
0.00103309 -16916
0.00104984 -16744
0.00106705 -16572
0.00108593 -16400
0.00110412 -16229
0.00112172 -16059
0.00113948 -15889
0.00115634 -15720
0.00117456 -15551
0.00119256 -15383
0.00120933 -15216
0.00123508 -15049
0.00125552 -14882
0.00127414 -14715
0.00129232 -14549
0.0013098 -14383
0.00132662 -14217
0.00134349 -14052
0.00136097 -13887
0.00137763 -13722
0.00139432 -13557
0.00141284 -13394
0.00143087 -13231
0.00144847 -13069
0.00146521 -12907
0.00148213 -12745
0.00150258 -12584
0.00152104 -12424
0.00153841 -12266
0.00155518 -12108
0.00157317 -11950
0.00159208 -11793
0.00160987 -11637
0.00162844 -11482
0.00164587 -11327
0.00166443 -11173
0.00168343 -11020
0.00170175 -10867
0.00171945 -10716
0.00173811 -10565
0.00175896 -10414
0.00177893 -10264
0.00179857 -10114
0.00182094 -9965
0.00184094 -9816
0.00185988 -9667
0.00187791 -9518
0.00189817 -9370
0.0019158 -9224
0.00193399 -9078
0.00195444 -8933
0.00197508 -8789
0.00199677 -8646
0.00201751 -8503
0.00203835 -8360
0.00205881 -8217
0.00207931 -8075
0.00210122 -7933
0.00212283 -7791
0.00214245 -7651
0.00216211 -7513
0.00218164 -7377
0.00220082 -7241
0.00222323 -7105
0.00224237 -6970
0.00226346 -6835
0.00228459 -6700
0.00230967 -6567
0.00232944 -6436
0.00235222 -6305
0.00237394 -6175
0.00239431 -6046
0.00241522 -5917
0.00243344 -5789
0.00246398 -5661
0.0024867 -5534
0.00250938 -5407
0.0025297 -5280
0.00255177 -5153
0.00259596 -5028
0.00262477 -4905
0.00265165 -4786
0.00267545 -4667
0.00270252 -4548
0.00272687 -4432
0.00275008 -4316
0.00277489 -4200
0.00280218 -4085
0.00283082 -3971
0.00285901 -3859
0.00288368 -3748
0.00291213 -3637
0.0029365 -3527
0.00296152 -3418
0.00299026 -3310
0.003016 -3203
0.00304281 -3097
0.00306786 -2992
0.00308939 -2888
0.00311384 -2785
0.00315306 -2682
0.00317982 -2583
0.00321038 -2486
0.00324076 -2390
0.00326925 -2298
0.0033003 -2207
0.00332983 -2120
0.0033608 -2033
0.00339254 -1947
0.0034309 -1862
0.00346204 -1779
0.00349222 -1697
0.00352767 -1617
0.00356169 -1538
0.0035963 -1460
0.0036338 -1383
0.00367002 -1308
0.00370945 -1234
0.00374566 -1161
0.00378043 -1089
0.00382244 -1019
0.00386944 -950
0.00391284 -882
0.00396303 -815
0.00401186 -751
0.00405969 -688
0.0041137 -626
0.00417225 -570
0.00423056 -514
0.00429622 -459
0.00436713 -407
0.00444964 -356
0.0045203 -309
0.00459276 -264
0.00467475 -221
0.00475865 -182
0.00486414 -146
0.00495601 -111
0.00504423 -81
0.00513163 -53
0.00521761 -28
0.00531899 -4
0.00541275 18
0.00549748 39
0.00557763 58
0.00565413 77
0.00572522 92
0.00579108 108
0.00585334 122
0.00591778 135
0.00598422 148
0.00604809 160
0.00611863 172
0.00618686 186
0.00624936 199
0.00631045 208
0.00637771 217
0.00644834 225
0.00652062 233
0.00659425 243
0.00667338 259
0.00675835 271
0.00683529 282
0.00690788 291
0.00698166 300
0.00705515 313
0.00712269 322
0.00719422 330
0.00727166 337
0.00734443 342
0.00742012 349
0.00749519 362
0.00756936 370
0.00764499 378
0.00771854 385
0.00779322 396
0.00786982 404
0.00794626 405
0.00802445 407
0.0081008 412
0.00818492 413
0.00828875 418
0.00840156 419
0.00849886 423
0.00859287 427
0.00867294 429
0.00874884 436
0.00882772 437
0.00898559 438
0.00922705 439
0.00931197 441
0.00939335 442
0.00947188 444
0.00985229 445
0.00993338 446
0.0101085 450
0.0148397 451
0.0149154 452
0.0151672 455
0.0296868 456
2 456
