0 -39466
5.7e-08 -39190
1.452e-05 -38920
2.8322e-05 -38691
4.7065e-05 -38467
7.1729e-05 -38245
0.000103755 -38025
0.000142627 -37805
0.000195103 -37588
0.000236605 -37372
0.000275486 -37156
0.000319562 -36942
0.000361149 -36731
0.000406215 -36522
0.000449216 -36313
0.00049381 -36106
0.000533464 -35900
0.000572647 -35695
0.000611283 -35492
0.000649551 -35289
0.000687602 -35087
0.000725446 -34890
0.000763224 -34694
0.000801078 -34498
0.000839223 -34303
0.000877133 -34109
0.000914826 -33916
0.000952906 -33723
0.000990806 -33530
0.00102852 -33337
0.00106624 -33145
0.00110411 -32953
0.00114188 -32761
0.00117961 -32570
0.0012176 -32380
0.00125536 -32191
0.00129341 -32003
0.0013313 -31816
0.0013689 -31630
0.00140627 -31444
0.00144804 -31258
0.00148699 -31072
0.00152579 -30886
0.00156422 -30701
0.00160301 -30516
0.00164173 -30331
0.00168012 -30146
0.00171841 -29962
0.00175671 -29779
0.00179487 -29596
0.00183297 -29413
0.00187107 -29232
0.0019092 -29052
0.00194802 -28872
0.00198689 -28692
0.00202624 -28512
0.0020771 -28333
0.00211855 -28155
0.00215794 -27977
0.00219687 -27800
0.00223552 -27624
0.00227374 -27448
0.00231203 -27272
0.00235026 -27096
0.00239223 -26921
0.0024312 -26747
0.00247025 -26573
0.00250942 -26399
0.00254826 -26226
0.00258732 -26053
0.002626 -25880
0.00266441 -25708
0.00270323 -25537
0.00274186 -25366
0.00278017 -25196
0.00281939 -25026
0.00285832 -24856
0.00289759 -24686
0.00293665 -24517
0.00297618 -24348
0.00301956 -24180
0.00305944 -24012
0.00309989 -23845
0.0031397 -23678
0.00317834 -23511
0.00321669 -23344
0.00327973 -23177
0.00332009 -23011
0.00336334 -22846
0.00340181 -22681
0.0034396 -22517
0.0034771 -22353
0.0035148 -22190
0.00355236 -22028
0.00358983 -21866
0.00362812 -21704
0.00366706 -21542
0.00370514 -21381
0.00374291 -21220
0.00378061 -21060
0.00381844 -20900
0.0038565 -20740
0.00389465 -20581
0.00393371 -20422
0.00398397 -20263
0.00402374 -20105
0.00406271 -19947
0.00410166 -19789
0.00414016 -19631
0.00417813 -19473
0.00421668 -19315
0.00425662 -19158
0.00430055 -19001
0.00433939 -18845
0.00437739 -18689
0.00441536 -18534
0.00445409 -18379
0.00449479 -18225
0.0045356 -18071
0.00457632 -17917
0.00461779 -17764
0.00465815 -17611
0.00469739 -17458
0.00473587 -17305
0.00477405 -17152
0.00481189 -17000
0.0048504 -16848
0.0048882 -16696
0.00492583 -16544
0.00496765 -16392
0.0050059 -16240
0.00504447 -16089
0.00508247 -15939
0.00512029 -15789
0.00516003 -15640
0.00520086 -15491
0.00524579 -15342
0.00528563 -15193
0.00532613 -15045
0.0053655 -14897
0.00540481 -14750
0.00544303 -14604
0.00547982 -14458
0.00551742 -14313
0.00555522 -14169
0.00559458 -14025
0.00563279 -13881
0.0056704 -13737
0.00570807 -13593
0.00574601 -13450
0.0057866 -13307
0.00582637 -13165
0.0058765 -13023
0.00591513 -12881
0.00595359 -12740
0.00599297 -12599
0.00603185 -12459
0.00607019 -12319
0.00611015 -12179
0.00615379 -12040
0.00619221 -11901
0.00622945 -11762
0.00626571 -11624
0.00630233 -11486
0.00634013 -11348
0.00637976 -11211
0.00641942 -11074
0.00645984 -10937
0.00649959 -10801
0.0065386 -10665
0.0065798 -10529
0.00662249 -10393
0.00666314 -10257
0.00670464 -10122
0.00674707 -9989
0.00681384 -9856
0.00685819 -9723
0.00690136 -9592
0.0069447 -9461
0.00698806 -9330
0.00703645 -9200
0.00708028 -9070
0.00712944 -8941
0.0071737 -8813
0.0072178 -8685
0.00728666 -8557
0.00733101 -8429
0.00737736 -8302
0.00742936 -8176
0.00747785 -8050
0.00752404 -7924
0.00757174 -7798
0.00761853 -7673
0.00766786 -7549
0.00772712 -7426
0.00778592 -7303
0.0078373 -7181
0.00788356 -7061
0.00793221 -6941
0.00797992 -6821
0.00802655 -6702
0.00807747 -6583
0.00812988 -6464
0.0081857 -6347
0.00824137 -6230
0.0082955 -6114
0.00834871 -5998
0.00840085 -5882
0.0084528 -5766
0.00850379 -5652
0.00855588 -5540
0.00860708 -5429
0.00866243 -5319
0.00871957 -5209
0.00877773 -5100
0.00883679 -4991
0.00889154 -4883
0.00894923 -4775
0.00901066 -4668
0.0090704 -4561
0.00913249 -4455
0.00919909 -4350
0.00926383 -4246
0.00933141 -4143
0.00939459 -4040
0.00946084 -3939
0.00952907 -3838
0.00959691 -3737
0.00967866 -3637
0.00975367 -3539
0.00982328 -3441
0.00989179 -3344
0.00995679 -3248
0.0100253 -3153
0.0100923 -3060
0.0101624 -2968
0.010236 -2879
0.0103076 -2790
0.010383 -2701
0.0104589 -2613
0.0105366 -2526
0.0106172 -2439
0.0106981 -2352
0.0107812 -2267
0.0108632 -2183
0.0109491 -2100
0.0110422 -2017
0.0111315 -1934
0.0112172 -1854
0.0113415 -1774
0.0114431 -1697
0.0115506 -1621
0.0116553 -1546
0.0117581 -1471
0.011862 -1398
0.0119686 -1326
0.012075 -1254
0.0121911 -1185
0.0123089 -1118
0.012427 -1053
0.0125523 -991
0.0126805 -930
0.0128127 -870
0.0129487 -810
0.0130895 -753
0.0132341 -696
0.0133928 -640
0.0135618 -587
0.0137307 -534
0.013902 -483
0.0140751 -435
0.0142502 -387
0.0144291 -340
0.0146272 -296
0.0148254 -254
0.0150291 -213
0.0152387 -174
0.0154556 -139
0.0156645 -106
0.0158714 -74
0.0160776 -46
0.0162827 -20
0.0164873 5
0.0166889 27
0.0168863 48
0.0170794 69
0.0172753 84
0.0174594 96
0.0176365 110
0.0178197 121
0.0179981 133
0.01818 149
0.0183556 163
0.0185373 176
0.0187274 187
0.0189114 200
0.0191007 214
0.0192971 227
0.0194746 237
0.0196581 246
0.0198345 255
0.0200166 264
0.0201941 271
0.0203758 281
0.0205631 289
0.020755 296
0.0209524 305
0.02114 312
0.0213314 322
0.02153 331
0.0217277 338
0.0219155 346
0.022106 354
0.0222897 363
0.0224797 371
0.0226712 378
0.0228647 386
0.0230539 390
0.0232499 394
0.023449 398
0.0236397 404
0.0238367 411
0.0240273 413
0.0242224 416
0.0244231 418
0.0278004 420
0.0280039 421
0.0282156 424
0.0286275 425
0.0288286 427
0.030453 428
0.0306537 429
0.0308564 431
0.0312724 433
0.0314693 434
0.0316703 437
0.0320763 439
0.0322801 440
0.0327007 443
0.0329056 444
0.0331113 446
0.0333186 447
0.0337242 449
0.0339351 450
0.0345514 451
0.0347496 453
0.0349502 455
0.0357932 456
2 456
