0 -29213
4.9e-08 -28841
5.6727e-05 -28478
0.000100379 -28139
0.00016787 -27800
0.000237653 -27474
0.000293969 -27151
0.000382233 -26831
0.000513738 -26517
0.000632598 -26207
0.000745514 -25900
0.000851897 -25600
0.000958662 -25304
0.00106589 -25010
0.00116266 -24717
0.00126147 -24427
0.00135309 -24144
0.00144307 -23867
0.00153106 -23591
0.00161581 -23318
0.00169725 -23046
0.00177494 -22775
0.00184885 -22506
0.0019221 -22241
0.00199606 -21981
0.00207497 -21724
0.00215019 -21468
0.00223223 -21213
0.00234028 -20959
0.00247285 -20706
0.00260077 -20454
0.00272653 -20202
0.00284582 -19952
0.00295774 -19703
0.00305876 -19456
0.00315228 -19214
0.00324611 -18975
0.00332933 -18736
0.00340716 -18499
0.00348165 -18263
0.00354822 -18030
0.00361065 -17798
0.00367312 -17572
0.00373276 -17349
0.00379056 -17127
0.00384785 -16908
0.00390604 -16689
0.0039654 -16471
0.00402671 -16256
0.00408552 -16042
0.00414811 -15828
0.00420633 -15615
0.00427895 -15402
0.00435409 -15195
0.00442773 -14991
0.00454489 -14788
0.00465476 -14585
0.00475958 -14385
0.00486007 -14185
0.00496671 -13986
0.00505959 -13789
0.0051419 -13598
0.00521402 -13408
0.00528048 -13218
0.00534175 -13028
0.00539448 -12843
0.00544606 -12659
0.00549624 -12476
0.00554372 -12295
0.00558597 -12114
0.00562927 -11939
0.00567304 -11765
0.00571878 -11593
0.00576373 -11421
0.00581473 -11251
0.00586667 -11081
0.00591695 -10912
0.00599321 -10745
0.00609535 -10581
0.00619534 -10418
0.00628519 -10255
0.00636824 -10093
0.00644267 -9931
0.00650667 -9770
0.00655978 -9612
0.00660693 -9455
0.00665102 -9301
0.00669244 -9150
0.00673347 -9001
0.00677679 -8852
0.00681962 -8703
0.00685775 -8556
0.00689715 -8409
0.0069403 -8264
0.00697998 -8120
0.00702152 -7977
0.00706088 -7836
0.00709947 -7695
0.00714209 -7555
0.00718282 -7417
0.00722297 -7279
0.00726417 -7142
0.00730589 -7009
0.00734603 -6877
0.00738379 -6747
0.00742023 -6619
0.00745743 -6491
0.00749374 -6365
0.00753416 -6239
0.00757347 -6117
0.00760848 -5996
0.00764325 -5876
0.00767868 -5757
0.0077153 -5640
0.00775301 -5525
0.00779228 -5410
0.00783145 -5296
0.00786675 -5183
0.00791072 -5070
0.0079639 -4961
0.00800684 -4853
0.00805308 -4745
0.00809149 -4641
0.00813063 -4539
0.00817132 -4438
0.00821425 -4338
0.00825116 -4238
0.00828832 -4140
0.00832491 -4044
0.0083681 -3948
0.00840205 -3852
0.0084399 -3758
0.00847838 -3664
0.00851487 -3570
0.00855289 -3478
0.00858766 -3388
0.00862158 -3298
0.00866088 -3209
0.00869893 -3120
0.00873748 -3032
0.00877483 -2945
0.00881114 -2858
0.00884724 -2772
0.00888059 -2687
0.00891819 -2603
0.00895949 -2520
0.00899463 -2438
0.00904218 -2360
0.00908219 -2283
0.00911685 -2207
0.00914998 -2131
0.00918573 -2056
0.00922342 -1981
0.0092607 -1906
0.00929725 -1833
0.00933544 -1760
0.00937092 -1690
0.00940851 -1620
0.00944559 -1553
0.00948146 -1487
0.00951653 -1422
0.00955202 -1358
0.00958762 -1295
0.00962393 -1232
0.00966124 -1171
0.00969916 -1111
0.00973322 -1052
0.00976384 -993
0.00979539 -935
0.00982632 -880
0.00985933 -825
0.00991472 -772
0.00995779 -719
0.00999642 -668
0.0100411 -618
0.0100762 -569
0.0101097 -520
0.010147 -473
0.0101853 -427
0.0102228 -382
0.010258 -338
0.010294 -294
0.0103306 -250
0.0103668 -207
0.0104007 -165
0.0104325 -123
0.0104685 -82
0.0105047 -43
0.0105401 -6
0.0105731 29
0.0106082 64
0.0106406 96
0.0106725 128
0.0107053 159
0.0107364 190
0.0107678 220
0.0108045 248
0.0108397 276
0.0108736 304
0.0109078 332
0.010943 359
0.0109754 386
0.0110066 413
0.011045 440
0.0110785 466
0.0111106 490
0.0111436 514
0.0111739 536
0.0112081 557
0.0112446 578
0.0112767 607
0.0113121 628
0.0113497 647
0.0113827 666
0.0114152 685
0.0114488 703
0.0114823 721
0.0115188 739
0.0115545 761
0.0115872 781
0.0116237 800
0.0116581 818
0.0116928 836
0.0117267 854
0.0117561 871
0.0117854 888
0.0118167 905
0.0118707 929
0.0119177 949
0.0119573 965
0.0119964 981
0.0120299 997
0.0120778 1014
0.0121122 1030
0.0121471 1052
0.0121783 1067
0.0122119 1082
0.0122448 1097
0.0122739 1112
0.0123069 1126
0.0123401 1140
0.0123703 1154
0.0124037 1171
0.0124358 1185
0.0124765 1198
0.0125091 1211
0.012538 1231
0.0125718 1248
0.0126075 1264
0.0126434 1279
0.0126761 1291
0.0127133 1307
0.0127497 1319
0.0127821 1331
0.0128119 1346
0.0128461 1358
0.012877 1371
0.0129218 1387
0.012956 1406
0.0129889 1421
0.0130226 1433
0.0130626 1448
0.013096 1460
0.0131292 1471
0.013162 1484
0.0131974 1502
0.0132294 1517
0.0132623 1528
0.0132956 1539
0.0133276 1557
0.0133642 1571
0.0133984 1588
0.0134338 1602
0.0134672 1616
0.013499 1628
0.0135319 1638
0.0135681 1648
0.013604 1659
0.013638 1672
0.0136707 1681
0.0137052 1694
0.0137413 1706
0.01378 1721
0.0138329 1731
0.0138782 1741
0.0139175 1751
0.0139565 1760
0.0139879 1769
0.0140275 1780
0.0140683 1791
0.0141098 1800
0.0141455 1819
0.0141807 1833
0.0142152 1849
0.0142504 1865
0.0142854 1877
0.0143221 1886
0.0143578 1897
0.0143955 1906
0.0144316 1915
0.0144646 1924
0.0145 1932
0.0145314 1948
0.0145641 1958
0.0145984 1973
0.0146342 1981
0.0146713 1995
0.0147058 2009
0.0147756 2018
0.0148453 2028
0.0148867 2035
0.014935 2042
0.0149841 2048
0.0149972 2054
0.0150109 2059
0.0150253 2063
0.0150455 2067
0.0150512 2071
0.0150658 2074
0.0150897 2082
0.0151279 2087
0.0151401 2091
0.0151593 2093
0.0151729 2095
0.0151893 2104
0.0152244 2113
0.0152346 2117
0.0152466 2118
0.015254 2120
0.0152707 2121
0.0152759 2122
0.0152939 2123
0.015317 2129
0.0153395 2134
0.0153487 2137
0.0153632 2138
0.0153809 2142
0.0154414 2146
0.0156324 2147
0.0156562 2153
0.0156759 2154
0.0157105 2155
0.0157263 2156
0.0157305 2158
0.0158281 2164
0.0158333 2166
0.015846 2167
0.0158576 2168
0.0158701 2172
0.0158913 2175
0.0158953 2177
0.0159027 2179
0.0159386 2190
0.0159787 2191
0.0159843 2193
0.0161066 2194
0.0161609 2195
0.0161754 2196
0.0161832 2198
0.0162002 2205
0.0162172 2207
0.0162308 2212
0.016299 2213
0.0163359 2214
0.0165785 2215
0.0166107 2216
0.0166203 2217
0.0166271 2219
0.0174889 2222
0.017535 2226
0.0176028 2229
0.0176268 2230
0.0178966 2232
0.0182284 2234
0.0185283 2236
0.0185416 2238
0.0187259 2239
0.0187463 2240
0.0189042 2241
2 2241
