0 -12461
5.8e-08 -12164
2.4857e-05 -11889
4.3759e-05 -11622
8.3886e-05 -11364
0.00013265 -11108
0.000183971 -10853
0.000217575 -10615
0.000244763 -10379
0.000266947 -10146
0.00029011 -9917
0.000311911 -9712
0.000332332 -9510
0.000356043 -9311
0.000376807 -9118
0.000398696 -8929
0.000418833 -8742
0.000442721 -8560
0.000461613 -8380
0.000480359 -8204
0.000499409 -8030
0.000517547 -7860
0.000535451 -7690
0.000556988 -7523
0.000577017 -7358
0.000599729 -7193
0.000620796 -7036
0.000639425 -6879
0.000655751 -6723
0.000673479 -6568
0.000691784 -6416
0.000712459 -6269
0.000730774 -6125
0.000749157 -5981
0.000767619 -5839
0.000786659 -5698
0.00080467 -5557
0.000823661 -5418
0.000842426 -5279
0.000858714 -5146
0.000876441 -5017
0.000893943 -4888
0.00091028 -4762
0.000932003 -4638
0.000958721 -4515
0.000977036 -4392
0.000995723 -4270
0.00101317 -4149
0.00103726 -4031
0.00105379 -3917
0.0010732 -3804
0.00109131 -3692
0.00110909 -3580
0.001127 -3469
0.00114516 -3361
0.00116435 -3257
0.00118107 -3160
0.00120038 -3065
0.00121894 -2971
0.00123446 -2878
0.00125201 -2787
0.001269 -2697
0.00128915 -2609
0.00130574 -2522
0.00132082 -2436
0.00133885 -2351
0.00135577 -2266
0.00137249 -2181
0.00138894 -2097
0.00140513 -2014
0.00142348 -1932
0.00144121 -1851
0.00145994 -1770
0.00147746 -1691
0.00149471 -1612
0.0015116 -1535
0.00152994 -1462
0.00154735 -1391
0.00156832 -1320
0.00158571 -1249
0.00160196 -1179
0.0016191 -1112
0.001637 -1046
0.00165283 -980
0.00169441 -915
0.00173535 -851
0.00175861 -787
0.00177661 -723
0.00179329 -659
0.00180989 -599
0.00182478 -542
0.00184033 -489
0.00185667 -437
0.00187386 -385
0.00189212 -336
0.00191097 -287
0.00192917 -240
0.00194695 -193
0.00196271 -148
0.00197899 -104
0.00199264 -62
0.00200704 -21
0.00202263 17
0.00203738 55
0.00205538 91
0.00207463 127
0.00209055 162
0.0021085 196
0.00212636 229
0.00214121 262
0.00215636 294
0.00217147 326
0.00218685 358
0.00220325 387
0.00221771 416
0.0022328 445
0.00225002 473
0.0022643 501
0.00227921 529
0.00229408 556
0.0023107 583
0.00232678 611
0.00234204 637
0.00235774 663
0.00237253 688
0.0023883 710
0.00240421 730
0.00242013 749
0.00243565 768
0.00245476 787
0.00247311 805
0.00248888 822
0.0025032 839
0.0025177 859
0.00253331 879
0.00255214 904
0.00256807 921
0.00258457 937
0.00260003 954
0.00261435 974
0.00263021 990
0.00264527 1008
0.00266278 1032
0.00267721 1059
0.00269341 1075
0.00271138 1103
0.00272849 1118
0.00274389 1133
0.0027601 1147
0.00277545 1170
0.00279081 1182
0.0028059 1205
0.00282318 1221
0.00283972 1233
0.00285344 1245
0.00286821 1271
0.00288574 1286
0.00290507 1298
0.00291962 1319
0.00293715 1330
0.00295068 1341
0.00296683 1352
0.00298099 1364
0.00299627 1380
0.00301357 1390
0.00303065 1410
0.00304792 1429
0.00306438 1439
0.00308103 1449
0.00309586 1459
0.0031116 1469
0.00312654 1479
0.00314213 1496
0.00315976 1506
0.00317741 1516
0.00321158 1525
0.00323887 1540
0.00325997 1548
0.00327369 1556
0.00328473 1563
0.00329881 1570
0.00331545 1575
0.00332404 1581
0.00333473 1589
0.00333969 1594
0.00334495 1598
0.00335412 1602
0.00335741 1605
0.0033622 1608
0.00336691 1631
0.00337945 1633
0.00338297 1634
0.00338795 1635
0.00339441 1636
0.00340074 1652
0.00341435 1653
0.00341853 1654
0.00342597 1666
0.00345387 1675
0.00354834 1677
0.00355165 1679
0.00356098 1683
0.00357953 1684
0.00365654 1686
0.00366033 1688
0.0037381 1693
0.00374047 1696
0.00374391 1697
0.00374648 1701
0.00376895 1703
0.00377159 1705
0.00440406 1707
0.00494172 1708
2 1708
