0 -20321
5.4e-08 -19938
7.72e-06 -19570
1.3375e-05 -19224
1.9977e-05 -18904
2.5145e-05 -18591
3.7997e-05 -18280
4.4896e-05 -17970
5.2039e-05 -17665
6.6542e-05 -17382
7.7689e-05 -17102
8.632e-05 -16828
9.441e-05 -16557
0.00010269 -16292
0.000110599 -16028
0.000119483 -15765
0.000127654 -15506
0.000151681 -15248
0.000166833 -14993
0.000175788 -14741
0.000184726 -14489
0.000193709 -14241
0.000201456 -13993
0.000209591 -13751
0.000217411 -13511
0.000226538 -13271
0.000234845 -13032
0.000242709 -12797
0.000250592 -12564
0.00025888 -12337
0.000267466 -12110
0.000276052 -11884
0.000283655 -11660
0.000291024 -11442
0.000299628 -11227
0.000308295 -11014
0.000315988 -10803
0.000324403 -10596
0.000333521 -10389
0.000341863 -10184
0.000350657 -9979
0.000360767 -9778
0.000370435 -9578
0.000386201 -9378
0.000395084 -9183
0.00040386 -8988
0.000413492 -8794
0.000421456 -8600
0.000429591 -8409
0.000437446 -8221
0.000446736 -8034
0.000454618 -7849
0.000464269 -7665
0.000473829 -7481
0.000483389 -7297
0.000492877 -7116
0.000500858 -6940
0.000510067 -6768
0.000519329 -6597
0.000528754 -6431
0.000538828 -6265
0.000548911 -6100
0.00055968 -5936
0.000568095 -5774
0.000579233 -5612
0.000590101 -5453
0.000599345 -5298
0.000609447 -5145
0.000620621 -4995
0.0006313 -4846
0.000641428 -4697
0.000653486 -4548
0.00066421 -4407
0.000674049 -4268
0.000686423 -4129
0.000698346 -3991
0.00070843 -3856
0.000720037 -3727
0.000735324 -3600
0.000747049 -3474
0.00078188 -3348
0.000795733 -3222
0.000809956 -3099
0.00082463 -2981
0.000836436 -2864
0.000849531 -2750
0.000861328 -2637
0.000873855 -2526
0.000886301 -2416
0.000900849 -2309
0.000913467 -2202
0.00092796 -2100
0.00094248 -2000
0.000955774 -1901
0.000967535 -1803
0.000981424 -1706
0.000994114 -1614
0.00100862 -1525
0.00102207 -1438
0.00103685 -1353
0.00105302 -1270
0.00106641 -1188
0.00107877 -1108
0.00109372 -1031
0.00111025 -955
0.00112772 -882
0.00114229 -813
0.00115655 -745
0.00116853 -677
0.00118157 -612
0.00119914 -556
0.00121612 -502
0.0012326 -451
0.00124861 -400
0.00126332 -350
0.00127615 -300
0.00129211 -252
0.00130568 -204
0.00132489 -157
0.00134048 -118
0.00135586 -80
0.00137197 -43
0.00138739 -6
0.00140068 26
0.00141488 57
0.00143047 83
0.00144518 109
0.00146083 131
0.00147372 149
0.0014875 166
0.00149924 184
0.00151298 199
0.00152638 215
0.00154067 238
0.00155411 253
0.00156827 271
0.00158236 287
0.0015954 301
0.00160861 314
0.00162036 333
0.00163226 345
0.00164406 361
0.00165827 373
0.00167394 383
0.00168867 395
0.00170266 405
0.00171539 414
0.00172891 427
0.00174182 436
0.00175406 444
0.00176681 452
0.00177988 460
0.00179419 467
0.0018084 475
0.00182186 482
0.00183332 489
0.00184611 509
0.00185896 515
0.0018698 530
0.00188314 533
0.00189432 536
0.00190825 548
0.00192055 561
0.00193513 564
0.00195873 567
0.00197328 574
0.00198657 577
0.0019989 579
0.00202713 583
0.00204008 588
0.00205323 590
0.00206833 597
0.00208046 599
0.00209315 601
0.00213351 602
0.00215907 604
0.00218558 611
0.00220025 617
0.0022144 622
0.0022282 626
0.00224094 630
0.00225756 633
0.00228429 639
0.00231349 644
0.00232779 652
0.00234221 657
0.00235594 661
0.00237088 665
0.00238246 669
0.00239689 672
0.00241099 673
0.00243687 681
0.00246151 685
0.00247553 691
0.00251664 692
0.00252973 694
0.00254318 696
0.00255671 703
0.00258212 706
0.00259641 711
0.00266125 715
0.00267555 719
0.00268931 721
0.00275633 723
0.00280666 725
0.00373533 731
0.0037577 732
0.00383163 734
0.00384598 736
0.00433607 737
0.00434989 738
0.00438946 741
0.00440295 748
0.0044181 749
0.00443095 752
0.00446909 765
0.00449509 766
0.00515649 770
0.00517072 771
0.00519524 774
0.00527196 776
0.00581157 777
0.00582538 779
0.00589317 780
0.00590631 781
0.00609208 782
0.00610616 785
0.00615836 786
0.00670123 787
0.00671617 788
0.00690935 789
0.00693622 792
0.00693995 793
0.00928164 796
2 796
