0 -17739
7.6e-08 -17481
5.638e-06 -17234
1.137e-05 -16990
1.8988e-05 -16752
2.6804e-05 -16516
3.9852e-05 -16280
5.4428e-05 -16057
6.4261e-05 -15835
7.3548e-05 -15613
8.3023e-05 -15392
9.2583e-05 -15173
0.000101757 -14954
0.000110374 -14741
0.000119368 -14528
0.000129418 -14316
0.000139544 -14105
0.000148614 -13894
0.000157815 -13684
0.000167489 -13479
0.00017636 -13279
0.000185213 -13080
0.000194123 -12881
0.000203843 -12682
0.000212969 -12484
0.00022202 -12287
0.000231146 -12092
0.000240376 -11901
0.000250841 -11712
0.000260034 -11523
0.000269858 -11335
0.00027954 -11147
0.000288318 -10960
0.000297614 -10776
0.000307702 -10600
0.000316715 -10427
0.000326077 -10255
0.000335486 -10084
0.000345074 -9914
0.000355049 -9745
0.000364062 -9576
0.000374254 -9407
0.000384323 -9241
0.000394665 -9075
0.000405187 -8909
0.000416274 -8744
0.000425712 -8581
0.000436243 -8421
0.000446151 -8262
0.000456805 -8105
0.000466733 -7948
0.000476802 -7791
0.00048656 -7634
0.000496101 -7479
0.000505152 -7324
0.000515343 -7170
0.000525271 -7018
0.000535878 -6868
0.000546729 -6719
0.000557128 -6570
0.000568866 -6422
0.00058248 -6275
0.000592059 -6129
0.000603278 -5983
0.000614894 -5838
0.000625792 -5698
0.00063474 -5559
0.000646195 -5423
0.000656999 -5288
0.000667511 -5156
0.000678099 -5024
0.000689186 -4892
0.000700057 -4761
0.00071072 -4630
0.000720911 -4500
0.000732593 -4370
0.000746225 -4240
0.000759198 -4110
0.000770616 -3984
0.000781609 -3859
0.00079445 -3736
0.000808205 -3613
0.000821225 -3491
0.000834537 -3369
0.000846058 -3248
0.000855995 -3132
0.000868808 -3017
0.000882696 -2905
0.000893509 -2795
0.000906096 -2687
0.000919399 -2579
0.000931985 -2472
0.000946495 -2365
0.000961891 -2259
0.000992032 -2157
0.00102138 -2055
0.00103815 -1955
0.00105293 -1859
0.00107057 -1765
0.00108801 -1676
0.00110222 -1588
0.00112189 -1502
0.00114149 -1417
0.00115975 -1334
0.00117525 -1252
0.00119582 -1175
0.00121666 -1099
0.00123643 -1024
0.00126747 -953
0.00130743 -883
0.00133662 -815
0.00136077 -749
0.00138462 -684
0.00140628 -620
0.00142727 -557
0.00145368 -498
0.00150994 -439
0.0015551 -386
0.00159051 -333
0.00161914 -285
0.00165324 -237
0.00168709 -195
0.00171896 -154
0.00175256 -115
0.00178497 -80
0.00182086 -48
0.00185628 -22
0.00188444 4
0.0019147 26
0.00195125 48
0.0019836 70
0.00201358 88
0.00204232 102
0.00207039 122
0.0020997 135
0.00212985 150
0.00215991 163
0.00219127 172
0.00221965 182
0.0022501 195
0.00228144 208
0.00231384 223
0.00234147 239
0.0023696 247
0.00239545 261
0.00242519 269
0.00245948 277
0.00248995 292
0.00252317 302
0.00255258 315
0.00258244 330
0.00261112 339
0.00264133 344
0.00267207 348
0.00270571 352
0.00273292 357
0.00276603 360
0.00279961 371
0.00283037 378
0.00287109 380
0.00291879 384
0.00295745 407
0.00299089 409
0.00302179 412
0.00305465 414
0.00309101 418
0.00312641 421
0.00315875 424
0.00319015 426
0.00322362 429
0.00328837 432
0.00345896 434
0.00349112 438
0.00468459 442
0.00471688 446
0.00666563 447
0.00678342 448
0.00710595 449
0.00713963 450
0.00940976 452
0.00943877 455
0.00962405 457
0.023513 460
0.0235456 462
0.0236146 463
0.0287792 466
2 466
