0 -29464
5.7e-08 -29221
8.985e-06 -28983
1.7234e-05 -28754
2.6021e-05 -28525
3.7175e-05 -28296
5.2523e-05 -28069
7.0616e-05 -27847
9.3837e-05 -27631
0.000113598 -27416
0.000131266 -27201
0.000156665 -26986
0.000181413 -26774
0.000203371 -26562
0.000222397 -26351
0.000240282 -26140
0.000257893 -25933
0.000275495 -25727
0.000292485 -25523
0.000309125 -25319
0.000326227 -25116
0.000343113 -24914
0.000359961 -24712
0.000376997 -24513
0.00039392 -24314
0.000410542 -24116
0.000427211 -23920
0.000444417 -23725
0.000461444 -23531
0.00047848 -23338
0.000495893 -23146
0.00051293 -22954
0.000529834 -22762
0.000547455 -22571
0.000564558 -22380
0.000582028 -22190
0.00059962 -22001
0.000616666 -21812
0.000633618 -21624
0.000650541 -21436
0.0006677 -21248
0.000685377 -21061
0.000703498 -20874
0.000721543 -20687
0.00073907 -20502
0.000756172 -20317
0.000773303 -20132
0.000791056 -19948
0.000809063 -19764
0.000826212 -19580
0.000843136 -19397
0.000860955 -19214
0.000878538 -19032
0.000899864 -18852
0.000917513 -18672
0.00093504 -18492
0.000952708 -18312
0.000970112 -18133
0.000988129 -17954
0.00100622 -17775
0.00102415 -17598
0.00104217 -17422
0.00105975 -17246
0.00107788 -17070
0.00109689 -16894
0.00111571 -16718
0.00113359 -16543
0.00115115 -16369
0.00116882 -16195
0.00118775 -16022
0.00120608 -15850
0.00122454 -15678
0.00124457 -15507
0.00126392 -15336
0.00128249 -15165
0.00130128 -14994
0.00132007 -14824
0.00133864 -14655
0.00135772 -14486
0.00137706 -14317
0.00139675 -14149
0.00141579 -13981
0.00143411 -13813
0.00146408 -13646
0.00148248 -13479
0.00150057 -13313
0.00151828 -13147
0.00153895 -12982
0.0015587 -12818
0.00157834 -12656
0.00159714 -12494
0.00161541 -12332
0.0016337 -12171
0.00165299 -12011
0.00167222 -11853
0.001691 -11696
0.00171131 -11540
0.00173054 -11384
0.00174852 -11230
0.00176867 -11076
0.00178889 -10922
0.00180792 -10769
0.00182655 -10616
0.00185099 -10463
0.00187266 -10310
0.00189416 -10160
0.00191737 -10011
0.00193967 -9862
0.00196145 -9713
0.00198064 -9565
0.00200184 -9417
0.00202484 -9271
0.00204436 -9125
0.00206426 -8980
0.00208436 -8835
0.00210681 -8691
0.0021279 -8547
0.00214954 -8404
0.00217171 -8262
0.00219386 -8121
0.00221305 -7981
0.00223478 -7842
0.00226118 -7703
0.00228447 -7565
0.00230623 -7427
0.00232536 -7290
0.00234814 -7153
0.00237765 -7016
0.00240221 -6880
0.00243171 -6746
0.00245344 -6612
0.00248648 -6479
0.00250799 -6346
0.00253334 -6215
0.00255947 -6085
0.00258368 -5955
0.00261123 -5827
0.00263713 -5699
0.0026582 -5572
0.00268622 -5445
0.00271756 -5319
0.00274422 -5194
0.00277269 -5070
0.00280342 -4947
0.00283005 -4824
0.00285744 -4701
0.00288378 -4579
0.00291445 -4458
0.00294619 -4338
0.00297297 -4219
0.00300248 -4101
0.0030277 -3984
0.00305496 -3867
0.00308486 -3753
0.00311148 -3640
0.00314233 -3527
0.00317329 -3417
0.00320705 -3307
0.00323751 -3199
0.00326535 -3095
0.00329581 -2992
0.00333578 -2889
0.00337069 -2789
0.00340232 -2689
0.00343151 -2590
0.00346396 -2493
0.00349786 -2397
0.00352811 -2303
0.00356237 -2210
0.003599 -2117
0.00363823 -2026
0.00367538 -1937
0.00370782 -1848
0.00375212 -1760
0.00378894 -1673
0.003826 -1589
0.00386986 -1505
0.0039164 -1422
0.00396341 -1340
0.00400386 -1260
0.00404623 -1184
0.00408735 -1110
0.00413874 -1037
0.00418548 -968
0.00423793 -901
0.00429524 -834
0.00435032 -768
0.00441225 -703
0.00448153 -640
0.00454803 -581
0.00461885 -524
0.0046996 -468
0.00477586 -416
0.00485067 -366
0.00492924 -320
0.00501008 -277
0.0050928 -235
0.0051801 -194
0.00527683 -157
0.00536553 -121
0.00545537 -87
0.00554305 -57
0.0056267 -29
0.00571145 -5
0.00579498 18
0.00587769 38
0.00595787 57
0.00603432 73
0.00610604 88
0.00616987 106
0.00623068 119
0.00630629 133
0.0063695 149
0.00644699 163
0.00652724 173
0.00661039 183
0.00668389 191
0.00675995 199
0.00683066 211
0.00689873 218
0.00697507 228
0.00704895 234
0.00713222 246
0.00720479 253
0.00728002 258
0.00735772 265
0.00743914 269
0.00751914 275
0.00759481 282
0.00767009 286
0.00774639 290
0.00782638 295
0.00791093 301
0.00798915 309
0.00806915 318
0.00814702 326
0.00823066 334
0.00831123 337
0.00839063 339
0.00846616 341
0.00854252 343
0.00862368 346
0.0087858 348
0.00886855 349
0.00938037 350
0.0094693 352
0.0095574 353
0.0102327 355
0.0121666 361
0.012331 363
0.0124173 367
0.0198651 372
0.0199605 375
0.0200501 376
0.0204071 377
0.0204956 378
0.020581 381
0.023147 382
0.0232326 388
0.0233188 392
0.0272025 393
0.0305517 395
2 395
