0 -3561
4.7e-08 -3378
6.357e-06 -3217
1.2563e-05 -3056
2.5729e-05 -2898
3.3818e-05 -2755
4.2059e-05 -2618
4.9527e-05 -2490
5.5187e-05 -2366
6.0988e-05 -2246
6.5377e-05 -2129
7.0302e-05 -2018
7.5208e-05 -1908
8.035e-05 -1802
8.5003e-05 -1696
8.9533e-05 -1595
9.5531e-05 -1501
0.00012935 -1411
0.000138579 -1321
0.000143655 -1232
0.000148053 -1144
0.000151735 -1061
0.000155775 -980
0.000160136 -902
0.000164261 -829
0.000167905 -758
0.000172425 -690
0.000176889 -627
0.000181768 -565
0.00018593 -505
0.000189641 -446
0.00019401 -388
0.000198258 -331
0.000202383 -275
0.000207186 -223
0.00021148 -175
0.00021568 -128
0.000221048 -86
0.000226124 -47
0.000230532 -10
0.000235495 27
0.000240693 62
0.000246532 96
0.000252719 130
0.000257965 163
0.000263474 195
0.000268899 226
0.000273532 255
0.000278815 282
0.000284635 308
0.000290427 334
0.000295833 358
0.000299505 381
0.000303188 409
0.000307379 432
0.000310712 454
0.000314517 476
0.000318425 497
0.000322192 516
0.000326166 545
0.000330517 571
0.000334482 590
0.000337759 607
0.000341244 623
0.000345416 639
0.000354061 653
0.000358271 669
0.000362641 683
0.000380562 697
0.00039078 710
0.000392758 723
0.000395084 733
0.000398785 747
0.000402128 757
0.000403418 765
0.000404888 771
0.000406743 777
0.000408334 782
0.000410783 795
0.00041374 802
0.000414945 806
0.000416433 810
0.00041892 842
0.000425832 845
0.000429543 851
0.000438678 855
0.000442162 861
0.000444083 863
0.000459971 872
0.000467994 876
0.000475604 879
0.000478589 880
0.000479418 894
2 894
