0 -7285
6.4e-08 -7016
1.8402e-05 -6788
3.0751e-05 -6581
3.9569e-05 -6381
6.6952e-05 -6187
0.000104701 -5997
0.000136425 -5814
0.00020729 -5632
0.000245148 -5453
0.000268773 -5280
0.000284944 -5126
0.000299341 -4978
0.000314075 -4831
0.000327625 -4686
0.000341931 -4542
0.00035732 -4399
0.000379534 -4257
0.000396916 -4118
0.000409529 -3982
0.000428312 -3850
0.000442919 -3721
0.000457325 -3595
0.000471949 -3470
0.000484453 -3346
0.000500916 -3227
0.000513993 -3111
0.00052667 -2998
0.000540794 -2886
0.000554108 -2777
0.00057047 -2671
0.000588207 -2565
0.000604005 -2466
0.000623635 -2369
0.000640653 -2273
0.000660483 -2177
0.000678028 -2084
0.000698368 -1993
0.000714567 -1903
0.000734242 -1819
0.000754272 -1736
0.000773665 -1654
0.000792785 -1576
0.000810039 -1499
0.000827157 -1430
0.000844166 -1361
0.000860811 -1293
0.000878784 -1228
0.000896466 -1165
0.000910217 -1103
0.000926407 -1041
0.00093932 -983
0.000952115 -925
0.000965156 -869
0.000976086 -814
0.000988917 -760
0.00100111 -706
0.00101431 -653
0.00102607 -601
0.00103899 -549
0.00105062 -502
0.00106458 -455
0.00107464 -410
0.00108882 -366
0.00110054 -322
0.00111327 -279
0.00112508 -237
0.00113625 -197
0.00114932 -159
0.00116179 -121
0.00117377 -83
0.00118701 -46
0.0011991 -10
0.00121139 25
0.00122275 60
0.00123351 95
0.00124399 129
0.00125671 162
0.00126727 194
0.00128119 223
0.0012914 252
0.00130324 276
0.00131637 299
0.00132962 321
0.00133975 341
0.00135047 364
0.00136356 389
0.0013744 409
0.00138422 428
0.00139645 447
0.00140847 466
0.00141862 485
0.00142851 504
0.00143872 528
0.00144989 547
0.0014633 565
0.00147836 583
0.00149474 606
0.00151149 627
0.00152782 650
0.00154592 670
0.00155932 687
0.00157408 711
0.00159028 728
0.00160392 744
0.00162071 760
0.00163587 782
0.00165224 799
0.00166832 814
0.0016791 830
0.00168985 845
0.0016997 860
0.00170941 875
0.00172047 890
0.0017319 905
0.00174084 919
0.00175183 936
0.00178834 948
0.00180808 966
0.00182198 978
0.00182954 989
0.00183691 999
0.00184681 1017
0.00186388 1029
0.00186886 1039
0.00187458 1048
0.0018788 1057
0.00188616 1069
0.00188852 1075
0.00189982 1081
0.00190495 1095
0.00191809 1100
0.00192068 1104
0.00192587 1107
0.00193343 1118
0.00193918 1121
0.00194151 1123
0.00194607 1125
0.00195041 1134
0.00195614 1142
0.00195815 1143
0.00196123 1146
0.00196535 1148
0.00196846 1149
0.00197378 1152
0.00199031 1158
0.00199196 1159
0.00199688 1160
0.00199997 1170
0.00200692 1175
0.00200866 1184
0.00207146 1187
0.00207889 1191
0.00208764 1192
0.00209426 1193
0.00224861 1194
0.00230985 1195
0.00237941 1197
0.00270227 1200
0.00270616 1202
0.00270877 1204
0.00287913 1205
0.00288077 1208
0.0029959 1209
0.00300093 1210
2 1210
