0 -15232
1.04e-07 -14904
2.7791e-05 -14595
7.6564e-05 -14303
0.000112926 -14035
0.000158083 -13774
0.000189575 -13514
0.000227245 -13274
0.000263389 -13035
0.000298743 -12798
0.000329152 -12564
0.000353769 -12334
0.000374959 -12107
0.000399877 -11888
0.000421575 -11673
0.000444441 -11461
0.000466968 -11255
0.000488892 -11052
0.000513716 -10849
0.000538861 -10651
0.000565296 -10457
0.000592579 -10267
0.000615699 -10077
0.000637538 -9889
0.000662023 -9704
0.000683297 -9520
0.000706408 -9337
0.000729688 -9155
0.000757752 -8974
0.000780741 -8797
0.000804237 -8621
0.000826924 -8456
0.000848528 -8293
0.000871497 -8130
0.000893619 -7967
0.000914498 -7809
0.000937749 -7651
0.000959363 -7497
0.000981965 -7344
0.00100465 -7192
0.00102781 -7043
0.00105209 -6898
0.00108127 -6757
0.00110994 -6616
0.00113477 -6477
0.00115747 -6339
0.00117988 -6201
0.00119916 -6065
0.00121933 -5931
0.0012386 -5798
0.00125779 -5670
0.00127768 -5542
0.0013258 -5415
0.00138498 -5289
0.00142078 -5165
0.00144923 -5041
0.00147447 -4921
0.00152475 -4802
0.00157731 -4683
0.00161289 -4566
0.00164561 -4450
0.00167705 -4334
0.00170392 -4220
0.00172793 -4106
0.0017448 -3993
0.00176561 -3884
0.00178703 -3775
0.00180644 -3667
0.00183031 -3559
0.00185668 -3457
0.0018796 -3356
0.00190017 -3257
0.00191845 -3159
0.00193799 -3062
0.00195637 -2965
0.00197449 -2871
0.00199268 -2780
0.00201076 -2689
0.00202954 -2600
0.00204683 -2511
0.00206623 -2426
0.00208649 -2343
0.0021048 -2260
0.00213007 -2178
0.00215406 -2096
0.00217402 -2016
0.00219458 -1936
0.0022124 -1857
0.00223007 -1780
0.00224769 -1705
0.00226601 -1631
0.00228525 -1559
0.0023016 -1488
0.00231772 -1418
0.00233591 -1348
0.00235423 -1279
0.00237124 -1211
0.00239073 -1145
0.00241263 -1080
0.00243742 -1015
0.00245818 -950
0.00248371 -885
0.00250778 -822
0.00253063 -760
0.00255344 -701
0.0025759 -643
0.00259724 -586
0.00262018 -531
0.00264135 -476
0.00267182 -422
0.00269413 -369
0.00271426 -316
0.00273303 -267
0.00274991 -219
0.00276839 -173
0.00278627 -129
0.00280377 -88
0.00282757 -48
0.00284967 -10
0.00287291 26
0.00291523 62
0.00293473 97
0.00295456 131
0.00297284 165
0.00299182 198
0.00301335 231
0.00303509 271
0.00305778 304
0.00307772 334
0.00310395 364
0.00312227 393
0.00313983 422
0.00315724 449
0.00318234 475
0.00324542 500
0.0032872 525
0.00332063 549
0.00334953 572
0.00337717 595
0.00340612 618
0.00343466 640
0.00346278 662
0.00348891 684
0.00351576 705
0.00353937 726
0.00356673 747
0.00359384 769
0.00361912 789
0.00364771 809
0.00367651 828
0.00370369 847
0.00373054 864
0.00375633 888
0.00378411 909
0.0038091 933
0.0038344 950
0.00388264 965
0.00391908 987
0.00395139 1001
0.00398834 1021
0.00401679 1036
0.00403696 1049
0.00405924 1067
0.00408956 1080
0.0041134 1094
0.00413906 1106
0.00416923 1118
0.00419661 1138
0.00422358 1151
0.00424863 1163
0.0042714 1175
0.00428922 1187
0.00430745 1207
0.00432494 1219
0.00434242 1231
0.00436072 1243
0.0043776 1254
0.00439497 1272
0.00441278 1286
0.00443209 1297
0.00445052 1313
0.00447307 1332
0.00449186 1347
0.00451186 1362
0.00453102 1375
0.00455146 1386
0.00457566 1406
0.00460474 1417
0.00463056 1428
0.00465804 1438
0.00468332 1450
0.00471045 1459
0.00473572 1467
0.00476337 1478
0.004791 1486
0.00481878 1493
0.00484614 1503
0.00487165 1511
0.00489623 1524
0.0049268 1533
0.00494919 1541
0.00497241 1546
0.005001 1556
0.00503083 1560
0.00504478 1562
0.00505717 1564
0.00506971 1571
0.00509824 1584
0.00510457 1585
0.00511092 1588
0.00512522 1595
0.00513705 1599
0.00516933 1602
0.00517236 1603
0.00517956 1604
0.00522246 1606
0.00523041 1608
0.00523299 1611
0.00525177 1612
0.00526117 1615
0.00681957 1616
0.00683393 1618
0.00683953 1620
0.00748447 1621
2 1621
