0 -8425
5.6e-08 -8117
5.349e-06 -7869
9.323e-06 -7637
1.3664e-05 -7413
1.6857e-05 -7196
2.2338e-05 -6981
2.6387e-05 -6775
3.4901e-05 -6577
4.1672e-05 -6382
4.5919e-05 -6189
5.0534e-05 -5996
5.4809e-05 -5803
5.8972e-05 -5611
6.305e-05 -5420
6.8013e-05 -5237
7.259e-05 -5057
7.7289e-05 -4883
8.0981e-05 -4709
8.552e-05 -4540
8.9786e-05 -4374
9.4843e-05 -4216
9.9608e-05 -4062
0.000103799 -3910
0.000108809 -3758
0.000113132 -3610
0.000117925 -3469
0.000122992 -3329
0.000128285 -3197
0.000133031 -3065
0.000138022 -2937
0.000142628 -2810
0.000147826 -2685
0.000152855 -2561
0.000157196 -2438
0.000161387 -2316
0.000166209 -2197
0.000171699 -2081
0.000176785 -1973
0.000180891 -1865
0.000186626 -1759
0.000192691 -1654
0.00019788 -1552
0.000203907 -1451
0.000209416 -1350
0.000214577 -1251
0.000219681 -1154
0.000225605 -1065
0.000231689 -980
0.000238074 -897
0.000244157 -815
0.000250618 -734
0.000256532 -656
0.000262663 -587
0.000268615 -518
0.000274331 -451
0.000280048 -390
0.000286329 -330
0.000292836 -272
0.000298967 -218
0.000304797 -165
0.000309788 -115
0.000314939 -66
0.000320938 -26
0.000327173 10
0.000338172 44
0.000345348 75
0.00035179 105
0.00035938 134
0.000365615 161
0.000371294 186
0.000376925 211
0.000383009 239
0.00039011 262
0.000395007 280
0.000401185 297
0.000407061 310
0.000414077 322
0.000421056 334
0.000428382 357
0.000434626 377
0.000439881 389
0.000444825 408
0.000451116 422
0.00045736 433
0.000462285 443
0.000467437 452
0.000472287 459
0.000476892 471
0.000482589 482
0.000506519 489
0.00052106 497
0.000530346 504
0.000537851 510
0.000545197 515
0.000551422 528
0.000558344 538
0.000566104 549
0.000573044 562
0.000579957 572
0.000587491 581
0.000595289 592
0.00060981 599
0.000619878 612
0.000624407 615
0.000628146 617
0.000632233 619
0.000637375 620
0.000655504 628
0.000668133 638
0.000680912 640
0.00068402 643
0.000687599 644
0.00068984 645
0.000704908 649
0.000707149 652
0.000768062 663
0.000771009 664
0.00077424 665
0.000777573 666
0.000927528 674
0.00100273 675
0.00170556 677
0.00170837 680
0.00171365 687
0.00178444 688
0.00178762 711
0.00180148 715
2 715
