0 -74925
5.7e-08 -74270
1.3081e-05 -73635
2.4938e-05 -73006
3.2434e-05 -72400
4.4112e-05 -71800
6.9803e-05 -71208
9.2104e-05 -70620
0.000120968 -70033
0.000145039 -69451
0.000173546 -68869
0.000195338 -68291
0.000214823 -67714
0.000233272 -67152
0.000252935 -66594
0.000271978 -66042
0.000290869 -65491
0.000310043 -64946
0.000328784 -64401
0.000347421 -63857
0.000365851 -63314
0.0003851 -62779
0.00040386 -62248
0.000421998 -61719
0.000440946 -61191
0.000459932 -60666
0.000479473 -60148
0.00049892 -59631
0.000517972 -59115
0.00053675 -58605
0.000555369 -58097
0.00057458 -57590
0.000595063 -57094
0.000615593 -56600
0.000636237 -56107
0.000657341 -55614
0.000678248 -55122
0.000697262 -54631
0.000717415 -54143
0.00073852 -53657
0.000764305 -53173
0.000786982 -52690
0.000806985 -52210
0.000828965 -51730
0.000885536 -51251
0.000921172 -50776
0.000946138 -50306
0.00096777 -49839
0.0010142 -49372
0.00103986 -48906
0.00106185 -48441
0.00108367 -47976
0.00110336 -47512
0.00112301 -47048
0.00114155 -46585
0.0011609 -46125
0.00117993 -45665
0.00120081 -45211
0.00121975 -44760
0.00124043 -44310
0.00126049 -43863
0.0012799 -43417
0.00130816 -42973
0.00133674 -42530
0.00135695 -42087
0.00137645 -41646
0.00139723 -41206
0.00141891 -40771
0.0014411 -40337
0.00146118 -39906
0.00148339 -39476
0.00150612 -39046
0.00152632 -38617
0.00154686 -38192
0.00156657 -37768
0.0015881 -37344
0.0016082 -36922
0.00162842 -36502
0.00164793 -36082
0.00167011 -35663
0.00169183 -35245
0.00171154 -34827
0.00173324 -34410
0.00175264 -33997
0.00177464 -33589
0.00179682 -33181
0.00181826 -32774
0.00184122 -32371
0.00186501 -31970
0.0018868 -31570
0.00190829 -31171
0.00192872 -30774
0.00194925 -30379
0.00197179 -29985
0.00199389 -29594
0.00201777 -29203
0.0020453 -28813
0.00207109 -28425
0.00209895 -28038
0.0021306 -27654
0.0021754 -27271
0.00220099 -26888
0.00222157 -26506
0.00224403 -26129
0.00226491 -25754
0.00228632 -25379
0.00230804 -25007
0.00233165 -24636
0.00235406 -24268
0.00237519 -23901
0.00239896 -23537
0.00242414 -23174
0.00244781 -22814
0.00247139 -22460
0.00249339 -22108
0.00251748 -21757
0.00253746 -21406
0.0025619 -21057
0.00258866 -20713
0.00260993 -20370
0.00263354 -20028
0.0026625 -19687
0.00268585 -19351
0.00270828 -19018
0.00273207 -18685
0.00275533 -18352
0.0027816 -18024
0.00280459 -17697
0.00282985 -17370
0.0028616 -17045
0.00288706 -16723
0.00291422 -16402
0.00294191 -16085
0.00296902 -15769
0.00299512 -15454
0.00302017 -15142
0.00304828 -14842
0.00307731 -14547
0.00310534 -14252
0.00313333 -13958
0.00316338 -13666
0.00320248 -13384
0.00323564 -13103
0.00326364 -12822
0.00329839 -12552
0.00333635 -12282
0.00336553 -12012
0.00339688 -11747
0.00342499 -11483
0.00345531 -11220
0.00348628 -10959
0.00351499 -10698
0.00354377 -10437
0.00357658 -10180
0.00360493 -9923
0.00363864 -9669
0.00366842 -9420
0.00370164 -9171
0.00373797 -8925
0.00377941 -8686
0.00381766 -8449
0.00385647 -8214
0.0038966 -7983
0.00393216 -7753
0.00396793 -7529
0.00400406 -7306
0.00404929 -7086
0.00409343 -6867
0.00413707 -6650
0.00417988 -6433
0.00421633 -6226
0.0042539 -6023
0.00429711 -5824
0.00434795 -5628
0.00439012 -5434
0.00443921 -5243
0.00449608 -5053
0.00454901 -4868
0.00460851 -4686
0.00465918 -4506
0.00470303 -4333
0.00474655 -4160
0.00479499 -3988
0.00484153 -3818
0.00489066 -3650
0.00494573 -3485
0.00503144 -3329
0.00511676 -3176
0.00522397 -3026
0.00532216 -2876
0.00541385 -2738
0.00550524 -2605
0.0055932 -2473
0.00567687 -2342
0.0057644 -2212
0.0058437 -2089
0.00592159 -1968
0.00599955 -1856
0.00606947 -1745
0.00613307 -1635
0.00619286 -1526
0.0062516 -1420
0.00631231 -1315
0.00636861 -1213
0.00642467 -1114
0.00647914 -1016
0.00653331 -921
0.00658739 -834
0.00663786 -749
0.00668564 -665
0.0067431 -583
0.00679817 -504
0.0068547 -432
0.00690987 -364
0.00696011 -297
0.0070232 -236
0.00706937 -181
0.00711209 -128
0.00715587 -84
0.00719798 -44
0.00723859 -6
0.0072793 30
0.00731719 64
0.00735652 89
0.00739877 110
0.00743948 131
0.00747692 152
0.00751574 173
0.00755234 189
0.00758702 204
0.00762801 224
0.0076652 238
0.00770557 251
0.00774123 268
0.00778006 284
0.0078208 300
0.00786167 313
0.00790461 324
0.00794578 329
0.00798341 333
0.00802064 339
0.00807777 344
0.00811629 346
0.00815759 351
0.00819793 368
0.00823692 378
0.0082758 383
0.00831684 393
0.00835658 410
0.00839721 416
0.00843638 427
0.00847316 439
0.00850895 443
0.00854699 445
0.0085855 452
0.00862539 464
0.00869763 471
0.0087521 475
0.00879744 476
0.00883637 486
0.00888734 497
0.00892548 502
0.00901677 513
0.00977583 523
0.00981423 527
0.0098511 533
0.00988561 534
0.00992195 537
0.00999885 538
0.0100352 540
0.0100739 542
0.0101406 551
0.0101767 559
0.0102935 560
0.0103344 562
0.0104135 563
0.0104514 573
0.0104952 575
0.0124616 579
0.0125015 586
0.0125446 588
0.0134987 591
0.0136146 595
0.0136511 597
0.013685 601
0.0137155 616
0.0137548 621
0.0137989 622
0.018751 624
0.0187892 626
0.0190897 629
0.0191381 630
0.0191826 631
2 631
