0 -18145
4.8e-08 -17844
3.0871e-05 -17565
5.1872e-05 -17292
8.2498e-05 -17023
0.000113934 -16755
0.000162679 -16493
0.000230513 -16234
0.000295899 -15976
0.000339879 -15721
0.000373085 -15471
0.000402788 -15229
0.000429609 -14991
0.000457814 -14753
0.000485125 -14517
0.000512191 -14289
0.000539888 -14062
0.000570146 -13838
0.000600678 -13616
0.000635061 -13397
0.00066532 -13180
0.000697 -12964
0.000722559 -12749
0.000747233 -12539
0.000772774 -12329
0.000801864 -12121
0.000828761 -11914
0.000850864 -11718
0.000878363 -11524
0.000904741 -11331
0.000938644 -11139
0.000964571 -10949
0.000985393 -10759
0.00100913 -10575
0.00103527 -10391
0.00112045 -10214
0.00118232 -10037
0.00122771 -9861
0.00126459 -9688
0.0012967 -9517
0.00132212 -9350
0.00134683 -9185
0.00137158 -9020
0.00139557 -8858
0.00141675 -8697
0.00143967 -8539
0.00146406 -8385
0.0014905 -8231
0.00151511 -8080
0.00153777 -7929
0.00156282 -7779
0.00158566 -7629
0.0016117 -7479
0.00163556 -7331
0.0016655 -7183
0.00168918 -7036
0.00171377 -6890
0.00173703 -6744
0.00175749 -6599
0.00177921 -6456
0.00180102 -6313
0.0018241 -6170
0.00185126 -6030
0.00187422 -5897
0.00190459 -5766
0.0019322 -5635
0.00196257 -5505
0.00199132 -5377
0.00201946 -5249
0.00205124 -5122
0.00208461 -5000
0.00211282 -4878
0.00213709 -4758
0.00215661 -4639
0.00217651 -4522
0.00219753 -4406
0.00222876 -4292
0.00225951 -4178
0.00229335 -4068
0.00232609 -3959
0.00235783 -3850
0.00238802 -3741
0.00241658 -3632
0.00244957 -3526
0.00248026 -3420
0.00250744 -3316
0.00253045 -3213
0.00255417 -3112
0.00257559 -3012
0.00259816 -2912
0.00261873 -2816
0.00263798 -2722
0.00266041 -2629
0.00268214 -2540
0.00270256 -2451
0.00272446 -2364
0.00274542 -2277
0.0027672 -2193
0.00278791 -2110
0.00280998 -2027
0.00283524 -1946
0.00285526 -1867
0.00287729 -1790
0.00289785 -1714
0.00291931 -1641
0.00297751 -1570
0.00302194 -1503
0.00305371 -1437
0.00311175 -1371
0.00314164 -1306
0.00316372 -1243
0.00318412 -1180
0.00320447 -1117
0.00322399 -1054
0.00324616 -992
0.00326561 -931
0.00328765 -873
0.00330883 -816
0.00332971 -759
0.00335066 -702
0.00336964 -646
0.00339096 -590
0.00341313 -536
0.00343192 -482
0.00345025 -428
0.00346958 -378
0.00349131 -329
0.00351446 -280
0.00353553 -233
0.00356088 -187
0.00358216 -146
0.0036035 -107
0.00362277 -68
0.00364151 -30
0.00366353 7
0.0036856 44
0.00370773 79
0.00372716 115
0.00374798 149
0.00377116 183
0.00379237 217
0.00381004 247
0.0038264 277
0.00384513 307
0.00386271 336
0.00388169 364
0.00390126 391
0.00392565 417
0.00395566 448
0.00398465 473
0.00401623 497
0.00403775 521
0.00405696 549
0.0040758 573
0.0040986 597
0.00411918 620
0.00414045 643
0.00416031 666
0.00418153 689
0.0041998 711
0.00421974 733
0.0042393 754
0.00426268 775
0.00429296 797
0.00431362 817
0.00433785 837
0.00436941 857
0.00439061 881
0.00441231 901
0.00443333 930
0.00445337 949
0.00447477 968
0.00449496 986
0.00451531 1004
0.00453568 1028
0.00455502 1046
0.00457346 1062
0.00459227 1078
0.00461095 1096
0.00463025 1122
0.00465108 1137
0.00467082 1153
0.00469008 1176
0.00471087 1193
0.00473122 1217
0.00475082 1231
0.00477287 1246
0.00479279 1263
0.00482548 1283
0.00485636 1297
0.00488141 1311
0.00490316 1331
0.00492261 1345
0.00494241 1362
0.00496225 1375
0.00498198 1388
0.00500387 1409
0.00502405 1422
0.00504859 1437
0.0050747 1453
0.00509436 1468
0.0051161 1487
0.00513507 1499
0.00515503 1511
0.0051763 1522
0.00519512 1543
0.00521319 1553
0.0052334 1563
0.00525488 1573
0.00527372 1586
0.00529416 1604
0.00531381 1613
0.0053418 1625
0.00536569 1638
0.0053721 1646
0.00538345 1653
0.00539712 1661
0.00540997 1666
0.00541729 1670
0.00542294 1674
0.00543119 1683
0.00544442 1689
0.00544879 1693
0.00545678 1709
0.00547049 1712
0.00547548 1720
0.00548242 1722
0.00548801 1729
0.00550761 1744
0.00554173 1753
0.00556313 1760
0.0055675 1761
0.00557419 1762
0.00572901 1764
0.00575347 1769
0.00575779 1770
0.00581419 1778
0.00582992 1779
0.00585103 1780
0.00585859 1782
0.00602391 1784
0.00602797 1810
0.00607986 1815
0.00609006 1818
0.00609383 1822
0.00610454 1825
0.00614261 1826
0.00614541 1827
0.0064798 1830
0.00648532 1836
0.00649823 1839
0.00650978 1841
0.00651841 1842
0.00680338 1846
0.00681184 1848
0.00681756 1849
0.00704248 1850
0.00709111 1852
0.00722768 1853
0.00723261 1854
0.00723834 1855
0.0072564 1857
0.00743513 1866
0.00755076 1868
0.0075572 1869
0.00756819 1871
0.00757211 1872
0.00760934 1876
0.0076532 1877
0.00770184 1881
0.00772906 1883
0.00785625 1884
0.00923486 1887
0.00924437 1888
0.0119543 1891
0.0119615 1894
0.0121715 1895
2 1895
