0 -49810
6.6e-08 -49193
6.044e-06 -48610
1.1541e-05 -48033
2.1244e-05 -47489
3.2502e-05 -46951
5.4727e-05 -46426
7.0606e-05 -45903
8.8851e-05 -45392
0.000101939 -44893
0.000112829 -44401
0.000125106 -43910
0.000137723 -43424
0.000148981 -42940
0.000161248 -42459
0.000173289 -41982
0.000185057 -41508
0.000196957 -41040
0.000221491 -40575
0.000235673 -40113
0.000248572 -39653
0.000260934 -39193
0.000273097 -38738
0.000285233 -38285
0.000297613 -37833
0.000309136 -37382
0.00031997 -36932
0.00033202 -36483
0.000344288 -36034
0.000355876 -35586
0.000366673 -35139
0.000377639 -34695
0.000389105 -34252
0.000401118 -33810
0.000412602 -33369
0.000424983 -32932
0.000440871 -32497
0.000452082 -32063
0.000464039 -31629
0.00047525 -31197
0.00048615 -30767
0.000499785 -30337
0.000512816 -29908
0.000523631 -29479
0.000534824 -29050
0.000545959 -28622
0.00055686 -28194
0.000567251 -27768
0.00057865 -27344
0.000590729 -26925
0.000602629 -26508
0.000617584 -26093
0.000629474 -25680
0.000641298 -25276
0.00066638 -24874
0.000679373 -24473
0.00069215 -24075
0.000703936 -23677
0.000715996 -23280
0.000728245 -22885
0.000740738 -22491
0.000752874 -22099
0.000765037 -21707
0.000777361 -21317
0.000789459 -20929
0.000802103 -20542
0.000814314 -20156
0.00082875 -19772
0.000853747 -19396
0.000865524 -19027
0.00087634 -18659
0.000888249 -18299
0.000902996 -17939
0.000916338 -17580
0.000929218 -17224
0.000942297 -16873
0.000956063 -16524
0.00097032 -16180
0.00098436 -15836
0.00099758 -15495
0.00101059 -15154
0.00102289 -14817
0.00103642 -14482
0.00105165 -14148
0.00106507 -13815
0.001079 -13482
0.00109109 -13152
0.00110524 -12824
0.00111757 -12497
0.00113065 -12171
0.00114405 -11846
0.00115789 -11522
0.00117219 -11202
0.0011851 -10883
0.00119715 -10568
0.00121108 -10253
0.00122283 -9951
0.00123645 -9650
0.00125067 -9351
0.00126367 -9054
0.00127849 -8758
0.00129163 -8462
0.00130762 -8168
0.00132154 -7875
0.00133814 -7588
0.00135453 -7303
0.00137122 -7021
0.00139017 -6757
0.00140934 -6495
0.00143046 -6235
0.00145191 -5975
0.00146742 -5716
0.00148192 -5458
0.00149708 -5214
0.00151114 -4976
0.0015256 -4741
0.00154181 -4510
0.00155843 -4284
0.00157874 -4065
0.00159702 -3852
0.00161504 -3642
0.00163574 -3432
0.00165547 -3223
0.00167669 -3025
0.00169663 -2830
0.00171766 -2636
0.0017385 -2443
0.00175983 -2265
0.00178088 -2088
0.00180821 -1922
0.00183397 -1761
0.00186117 -1604
0.00189238 -1456
0.00192407 -1314
0.00196775 -1173
0.0020041 -1047
0.00203684 -930
0.00207201 -821
0.0021081 -715
0.00214525 -616
0.00218141 -520
0.00221799 -424
0.00225697 -337
0.00229512 -255
0.00233643 -180
0.00237764 -114
0.002417 -52
0.00245027 -9
0.00248369 31
0.00251737 61
0.00254808 86
0.00257732 105
0.00260875 122
0.00263847 138
0.00267121 154
0.00270726 169
0.00273956 181
0.0027682 187
0.00279907 192
0.0028252 195
0.0028545 196
0.00288203 217
0.00290961 221
0.00293963 239
0.00296926 247
0.00302844 250
0.00305704 254
0.00317186 255
0.00320249 257
0.00340685 264
0.00355563 266
0.00363222 268
0.00487614 271
0.00494995 278
0.00499555 279
0.0051217 285
0.00516252 294
0.00520804 301
0.00634739 302
0.00645243 318
0.00648757 324
2 324
