433 0.364302
429 0.423119
446 0.462924
437 0.439388
410 0.441905
460 0.354707
465 0.660528
459 0.484305
410 0.376907
429 0.567101
174 0.737998
166 0.955004
163 0.513889
167 0.731991
168 1.00142
161 0.967713
160 0.595997
173 0.460394
158 0.857137
181 0.592987
1704 0.654845
1615 0.609196
1558 0.650782
1653 0.403753
1738 0.371199
1712 0.729363
1710 0.773916
1691 2.00087
1577 0.65365
1742 0.404487
1495 0.617006
1440 0.972467
1315 0.481145
1344 0.461708
1471 0.881134
1281 0.732298
1258 0.69897
1426 1.02762
1326 0.980354
1277 0.858588
