461 0.0900514
474 0.0938001
492 0.124703
464 0.150476
438 0.075036
494 0.0930864
495 0.0867172
469 0.115587
507 0.0793762
483 0.0918222
181 0.154675
181 0.121527
175 0.161316
196 0.179805
173 0.110124
156 0.181038
165 0.125206
173 0.236144
185 0.167069
185 2.00053
1487 0.00590723
1631 0.0146018
1580 0.0109968
1575 0.0162111
1647 0.0110813
1424 0.00920076
1571 0.00831793
1477 0.0067799
1574 0.00995294
1575 0.00686367
1297 0.00799509
1310 0.104359
1452 0.147299
1376 0.0627693
1249 0.0781152
1505 0.0096514
1327 0.0117129
1431 0.0128962
1309 0.0179423
1422 0.0153126
