680 0.0142521
697 0.0179703
688 0.0177621
696 0.0175179
681 0.0255376
669 0.021871
652 0.0132525
675 0.0140686
654 0.023417
677 0.0267807
399 0.00717362
387 0.00677895
430 0.00699193
370 0.00686247
368 0.00702594
393 0.00700167
391 0.00705913
424 0.00698892
357 0.00692082
441 0.0072415
802 0.0187457
829 0.0179814
842 0.0180206
859 0.0179467
846 0.0172301
829 0.0163644
798 0.0197786
850 0.015965
826 0.0179843
811 0.0189936
770 0.0212859
783 0.0172587
775 0.0181958
795 0.0157552
780 0.0184106
843 0.0134313
790 0.0148922
814 0.0166562
752 0.0156633
779 0.0216726
