447 0.42271
451 0.308763
475 0.430817
452 0.248948
445 0.376023
479 0.910305
480 0.243298
492 0.404005
502 1.1646
472 0.55765
181 0.361427
181 0.366918
175 0.440113
171 0.428688
182 0.356409
167 0.719149
164 0.459181
179 0.458638
169 0.349898
175 0.418314
1471 0.234828
1547 0.342202
1584 0.453278
1551 0.294318
1561 0.583145
1411 0.282444
1545 0.222612
1446 0.296058
1565 0.294541
1616 0.251478
1265 0.299579
1251 0.326157
1389 0.973392
1330 0.574733
1223 0.622201
1469 0.464589
1320 0.652167
1377 0.359576
1247 0.512636
1388 0.829047
