0 -7334
6.6e-08 -7084
1.5836e-05 -6860
3.6384e-05 -6648
5.9285e-05 -6440
7.5813e-05 -6251
8.9847e-05 -6069
0.000115459 -5893
0.00013048 -5721
0.000142209 -5552
0.000152432 -5383
0.000163725 -5220
0.000175541 -5058
0.00018581 -4902
0.000197616 -4750
0.000209716 -4602
0.00022044 -4455
0.000232275 -4308
0.000243322 -4167
0.000257242 -4027
0.000270631 -3899
0.00028128 -3772
0.000291123 -3645
0.000301222 -3519
0.000310828 -3393
0.000320737 -3267
0.000330732 -3146
0.000343258 -3027
0.000354722 -2910
0.000363826 -2796
0.00037438 -2683
0.000383606 -2572
0.000392928 -2464
0.000402704 -2356
0.000412405 -2253
0.000421593 -2153
0.000432631 -2054
0.000442635 -1958
0.000453654 -1866
0.000462937 -1774
0.000472571 -1688
0.000483182 -1602
0.00049422 -1519
0.000521748 -1438
0.000546753 -1360
0.000560778 -1282
0.000572356 -1205
0.000582455 -1131
0.000592374 -1057
0.00060124 -984
0.000610684 -911
0.000619996 -841
0.000629356 -777
0.000638952 -714
0.000648946 -652
0.000658808 -591
0.000669296 -532
0.000679537 -474
0.000689532 -416
0.000699289 -364
0.000708383 -313
0.000717562 -265
0.000727348 -218
0.000736508 -171
0.000745479 -128
0.000755397 -88
0.000764795 -48
0.000774173 -9
0.000783523 29
0.000793024 67
0.000801549 102
0.000811278 134
0.000821661 165
0.000832064 195
0.000842902 223
0.000853731 249
0.000862882 275
0.000872241 301
0.000881657 327
0.000890979 353
0.000899162 379
0.000908151 405
0.000917606 430
0.000927202 454
0.000937026 477
0.000945797 500
0.000954104 526
0.000962562 557
0.0009714 579
0.000980124 600
0.000989123 621
0.000997676 643
0.00100579 671
0.00101456 691
0.00102299 712
0.00103253 732
0.00104126 760
0.00104947 780
0.00105828 799
0.0010682 817
0.00107837 835
0.00108804 860
0.00109801 882
0.00110667 913
0.00111579 935
0.0011243 953
0.00113385 971
0.00114328 992
0.00115243 1009
0.00116209 1026
0.00117156 1042
0.0011811 1058
0.00118971 1075
0.00119948 1101
0.001209 1121
0.00121825 1135
0.00122694 1146
0.00124156 1172
0.00124429 1183
0.00124672 1194
0.00125177 1203
0.00125803 1226
0.00126516 1235
0.00126726 1241
0.00127028 1261
0.00127503 1266
0.00127717 1268
0.00128112 1280
0.00128936 1281
0.00129163 1282
0.00129588 1283
0.00129988 1295
0.00133434 1296
0.00134392 1308
0.00136446 1309
0.00136733 1310
0.00138571 1320
0.00139189 1321
0.00139376 1326
0.0014557 1329
0.0014623 1346
0.00160611 1348
0.00175158 1349
2 1349
