0 -74925
4.7e-08 -74270
1.2972e-05 -73635
2.4949e-05 -73006
3.3721e-05 -72400
4.5849e-05 -71800
7.1842e-05 -71208
9.6554e-05 -70620
0.000126871 -70033
0.000154855 -69451
0.000186632 -68869
0.000213193 -68291
0.000240608 -67714
0.000266819 -67152
0.000292527 -66594
0.000316765 -66042
0.000342274 -65491
0.000368114 -64946
0.000393443 -64401
0.000418885 -63857
0.000470946 -63314
0.000510916 -62779
0.000541318 -62248
0.000569454 -61719
0.000596878 -61191
0.00062381 -60666
0.000677938 -60148
0.000705959 -59631
0.00072997 -59115
0.000754464 -58605
0.000779139 -58097
0.000801935 -57590
0.000827435 -57094
0.000851768 -56600
0.00087721 -56107
0.000900045 -55614
0.000924691 -55122
0.000949507 -54631
0.000973954 -54143
0.000997073 -53657
0.0010223 -53173
0.00104555 -52690
0.00107036 -52210
0.00109513 -51730
0.00113203 -51251
0.00115574 -50776
0.00118037 -50306
0.00120482 -49839
0.00122789 -49372
0.00125225 -48906
0.00127622 -48441
0.00130076 -47976
0.00132492 -47512
0.00134485 -47048
0.00136471 -46585
0.00138726 -46125
0.00140937 -45665
0.00143361 -45211
0.00145484 -44760
0.00147951 -44310
0.00150364 -43863
0.00152305 -43417
0.00154732 -42973
0.00157121 -42530
0.00159472 -42087
0.00161868 -41646
0.00164267 -41206
0.00166805 -40771
0.00170207 -40337
0.00172863 -39906
0.00175538 -39476
0.00177936 -39046
0.00180053 -38617
0.00182569 -38192
0.00184788 -37768
0.00187315 -37344
0.0018971 -36922
0.00191979 -36502
0.00194326 -36082
0.00196716 -35663
0.00199075 -35245
0.00201436 -34827
0.00203774 -34410
0.00205969 -33997
0.00208423 -33589
0.00210678 -33181
0.00213122 -32774
0.00215596 -32371
0.0021821 -31970
0.00220689 -31570
0.00223072 -31171
0.00225301 -30774
0.00227534 -30379
0.00229927 -29985
0.00232356 -29594
0.00234745 -29203
0.00237341 -28813
0.0023938 -28425
0.00241643 -28038
0.00244093 -27654
0.00246366 -27271
0.00248724 -26888
0.00251041 -26506
0.00253341 -26129
0.00255587 -25754
0.00257826 -25379
0.00260185 -25007
0.00262671 -24636
0.00265095 -24268
0.00267429 -23901
0.00269994 -23537
0.00272565 -23174
0.00275071 -22814
0.0027744 -22460
0.00279869 -22108
0.002824 -21757
0.00284661 -21406
0.00287322 -21057
0.00290124 -20713
0.00292468 -20370
0.00295045 -20028
0.00297721 -19687
0.00300249 -19351
0.00304309 -19018
0.0030814 -18685
0.0031118 -18352
0.0031405 -18024
0.00316721 -17697
0.00319387 -17370
0.00322246 -17045
0.00325047 -16723
0.0032779 -16402
0.00330548 -16085
0.00333839 -15769
0.00336647 -15454
0.00339322 -15142
0.00342249 -14842
0.0034525 -14547
0.00348247 -14252
0.00351427 -13958
0.00354839 -13666
0.00358004 -13384
0.00361109 -13103
0.00363776 -12822
0.00366573 -12552
0.00369768 -12282
0.00372748 -12012
0.00375931 -11747
0.00378898 -11483
0.00382135 -11220
0.00385382 -10959
0.00388391 -10698
0.0039146 -10437
0.00394766 -10180
0.00397691 -9923
0.00400988 -9669
0.00404218 -9420
0.00407501 -9171
0.00410867 -8925
0.00414516 -8686
0.00418012 -8449
0.00422759 -8214
0.00427758 -7983
0.00432439 -7753
0.00436468 -7529
0.00441195 -7306
0.00446697 -7086
0.00451206 -6867
0.00455514 -6650
0.00460576 -6433
0.00468935 -6226
0.0047694 -6023
0.00483715 -5824
0.00489874 -5628
0.00497753 -5434
0.00504231 -5243
0.00510871 -5053
0.00516694 -4868
0.00522742 -4686
0.00529234 -4506
0.00535331 -4333
0.00540409 -4160
0.00545216 -3988
0.00550247 -3818
0.00555452 -3650
0.00561263 -3485
0.00566915 -3329
0.0057293 -3176
0.00579172 -3026
0.00585423 -2876
0.00593602 -2738
0.00604836 -2605
0.00613947 -2473
0.00622404 -2342
0.00630442 -2212
0.00637696 -2089
0.0064444 -1968
0.00650676 -1856
0.00656646 -1745
0.00662937 -1635
0.0066894 -1526
0.00675355 -1420
0.00683891 -1315
0.00692944 -1213
0.00700927 -1114
0.00708116 -1016
0.0071488 -921
0.00721255 -834
0.00726882 -749
0.00731935 -665
0.00737164 -583
0.00742283 -504
0.00747226 -432
0.00752581 -364
0.00757604 -297
0.00762218 -236
0.00766814 -181
0.00771226 -128
0.00775838 -84
0.0078024 -44
0.00784499 -6
0.00788672 30
0.00792749 64
0.00796798 89
0.00801097 110
0.0080568 131
0.00809628 152
0.00813629 173
0.00817277 189
0.0082104 204
0.00825252 224
0.00829701 238
0.00834471 251
0.00838301 268
0.00842334 284
0.00847635 300
0.00853635 313
0.00859218 324
0.00865456 329
0.00872774 333
0.00879727 339
0.00885457 344
0.00890172 346
0.00894433 351
0.00898414 368
0.00902598 378
0.00906409 383
0.00910407 393
0.00914282 410
0.00918175 416
0.00923733 427
0.00928161 439
0.00932096 443
0.00935966 445
0.00939696 452
0.00943702 464
0.00951131 471
0.00956104 475
0.00960733 476
0.00965318 486
0.00969499 497
0.00973287 502
0.00982294 513
0.0105372 523
0.0105769 527
0.0106313 533
0.0106716 534
0.0107133 537
0.0107926 538
0.0108373 540
0.0108879 542
0.0109606 551
0.0109971 559
0.0111152 560
0.0111567 562
0.0112381 563
0.0112804 573
0.0113227 575
0.0135547 579
0.0135958 586
0.0136408 588
0.0146738 591
0.0147992 595
0.0148377 597
0.0148729 601
0.0149057 616
0.0149473 621
0.0149958 622
0.0200345 624
0.0200724 626
0.0203447 629
0.0203867 630
0.0204266 631
2 631
