0 -14067
4.8e-08 -13659
3.509e-06 -13272
6.496e-06 -12904
1.0564e-05 -12555
1.5675e-05 -12210
2.2863e-05 -11871
4.6693e-05 -11548
5.3739e-05 -11226
5.9666e-05 -10909
6.4426e-05 -10609
6.9072e-05 -10322
7.3833e-05 -10039
7.9371e-05 -9758
8.5601e-05 -9478
9.1129e-05 -9205
9.552e-05 -8947
0.000100308 -8689
0.00010504 -8431
0.000109867 -8183
0.000114409 -7937
0.000119132 -7691
0.000127059 -7446
0.000131307 -7204
0.0001362 -6966
0.000141046 -6731
0.000146603 -6499
0.000152312 -6274
0.000157897 -6051
0.000163918 -5828
0.00016938 -5607
0.000174681 -5391
0.000179783 -5175
0.000184998 -4961
0.000189948 -4748
0.000195173 -4540
0.000199858 -4333
0.000204476 -4131
0.000210109 -3937
0.000216974 -3744
0.000224788 -3556
0.00024052 -3369
0.00024821 -3188
0.000253444 -3016
0.000259447 -2844
0.000266322 -2674
0.000272381 -2505
0.000278052 -2338
0.000283656 -2173
0.000290114 -2022
0.00029606 -1877
0.000302309 -1737
0.000310141 -1598
0.00031806 -1466
0.0003263 -1337
0.000334759 -1218
0.000343796 -1101
0.000353629 -986
0.000362543 -881
0.000370366 -776
0.000377269 -677
0.000386439 -588
0.000394044 -503
0.000400531 -429
0.000421611 -355
0.000436024 -285
0.000445554 -219
0.000456573 -154
0.000468493 -98
0.000481152 -50
0.000491896 -11
0.000501834 25
0.000514664 60
0.000527077 87
0.000540827 102
0.000552804 132
0.000564752 145
0.00057779 165
0.000589331 177
0.000601146 197
0.00061263 203
0.000624123 222
0.000636479 233
0.000647687 247
0.000657549 258
0.000668815 276
0.000680052 289
0.000703303 293
0.000712786 302
0.000724402 304
0.000732946 310
0.000764628 319
0.000774585 320
0.000841713 324
0.00085349 328
0.000864443 336
0.000875566 338
0.000886111 347
0.000898087 355
0.00103771 372
0.00105041 374
0.00106174 376
0.00107236 378
0.00110479 387
0.00111445 389
0.0011331 395
0.00115471 396
0.00116544 397
0.00117497 398
0.00119509 404
0.00120548 405
0.00123358 406
0.00124402 416
0.0012552 424
0.00126654 426
0.00127694 428
0.00131625 432
0.00132689 447
0.00142589 453
0.00144122 458
0.00719105 459
0.00720132 464
2 464
