327 0.00903257
394 0.00888334
347 0.0091594
378 0.00891525
397 0.00880167
355 0.00878473
454 0.00893372
410 0.00929408
429 0.00904903
366 0.00886749
141 0.00961181
143 0.00926632
153 0.0097035
120 0.00943994
166 0.0097893
123 0.00898336
133 0.00979834
132 0.00983738
92 0.00965316
133 0.00951988
1519 0.010503
1485 0.0234665
1516 0.0169556
1543 0.010178
1565 0.0164008
1372 0.013707
1488 0.0129085
1373 0.0170048
1411 0.0210366
1615 0.0107058
1218 0.00966966
1182 0.0096182
1324 0.00948648
1207 0.00922475
1184 0.00948805
1427 0.0100906
1213 0.00949833
1354 0.00979932
1209 0.00964184
1319 0.0101207
