587 0.0100287
567 0.00990071
624 0.00959918
550 0.00973653
539 0.00989538
600 0.0103131
513 0.00956527
578 0.00960405
562 0.00935834
579 0.00996997
167 0.00968536
188 0.0107882
223 0.0113959
168 0.0108172
163 0.0102353
184 0.0101243
190 0.0103336
210 0.0100914
194 0.01026
200 0.0101638
1777 0.0172496
1774 0.0261868
1745 0.0266485
1744 0.0287374
1715 0.0169108
1805 0.0265944
1718 0.0163917
1795 0.0196859
1773 0.0190782
1751 0.0129471
1681 0.0137587
1674 0.0325697
1624 0.0244179
1596 0.0126617
1696 0.0207196
1579 0.0253435
1628 0.0282081
1640 0.023478
1594 0.03302
1583 0.0123163
