734 0.400876
674 0.196397
699 0.209281
702 0.201164
686 0.182843
729 0.259196
696 0.21117
676 0.290252
660 0.198806
713 0.191771
455 0.502098
439 0.343562
401 0.345437
442 0.621532
413 0.619281
410 0.392385
447 0.352109
403 0.370065
424 0.378248
416 0.319539
1997 0.00756964
2055 0.00892307
2101 0.00784919
2121 0.00751965
2106 0.00951175
2208 0.0132382
2064 0.00773875
2119 0.0113233
2094 0.0117343
2071 0.00780543
2042 0.0149412
2015 0.012758
2003 0.014188
2060 0.0141045
2016 0.0200839
2007 0.00957823
1999 0.011043
2104 0.0135401
2044 0.013102
2006 0.0100595
