0 -60891
5.7e-08 -60203
1.2994e-05 -59558
2.0886e-05 -58942
3.1984e-05 -58344
4.56e-05 -57757
5.6142e-05 -57181
8.3892e-05 -56614
0.000107276 -56058
0.000144022 -55506
0.000170782 -54961
0.000193082 -54420
0.00021608 -53879
0.000240652 -53344
0.000262085 -52812
0.000281226 -52284
0.000303865 -51756
0.000349785 -51229
0.000393744 -50705
0.000425238 -50185
0.000458372 -49668
0.000487782 -49159
0.000517295 -48653
0.000543961 -48148
0.000573003 -47646
0.000599669 -47149
0.000629116 -46652
0.00070339 -46160
0.00074501 -45670
0.00077672 -45184
0.000805885 -44702
0.000834795 -44220
0.000864855 -43738
0.000894793 -43259
0.000924476 -42782
0.00095364 -42306
0.000981051 -41838
0.00100192 -41370
0.001022 -40906
0.00104327 -40444
0.00106494 -39982
0.00108558 -39526
0.00110772 -39072
0.00112815 -38618
0.00115001 -38171
0.00117014 -37724
0.00119085 -37278
0.00121115 -36838
0.00123059 -36398
0.00125334 -35960
0.00127547 -35524
0.00129828 -35096
0.00132076 -34668
0.00134352 -34245
0.0013656 -33823
0.00138709 -33401
0.0014152 -32983
0.00144408 -32567
0.00147284 -32151
0.00150156 -31738
0.00152547 -31329
0.00155024 -30920
0.00157409 -30512
0.00159765 -30105
0.00162271 -29698
0.00165156 -29291
0.00171575 -28884
0.00174842 -28478
0.00177477 -28077
0.00180447 -27678
0.00183365 -27279
0.00186369 -26881
0.00189345 -26485
0.00192114 -26091
0.00195068 -25703
0.00198063 -25315
0.00200979 -24935
0.00204104 -24556
0.00207102 -24180
0.00210369 -23815
0.00213549 -23451
0.00216698 -23088
0.00226595 -22727
0.00230224 -22371
0.00233294 -22016
0.00236146 -21663
0.00239072 -21311
0.00242296 -20960
0.00245487 -20611
0.00248419 -20265
0.00250818 -19922
0.00253318 -19584
0.00258825 -19249
0.00263206 -18917
0.00266477 -18587
0.00269779 -18258
0.00272288 -17931
0.00274861 -17606
0.00277574 -17282
0.00280138 -16960
0.00283181 -16641
0.00286278 -16323
0.00289573 -16012
0.00292802 -15704
0.00296304 -15398
0.00299995 -15095
0.00304571 -14794
0.00309286 -14495
0.00313393 -14199
0.00317501 -13905
0.00323547 -13611
0.00328141 -13318
0.00332254 -13028
0.00336474 -12744
0.00341023 -12461
0.00345485 -12181
0.00350456 -11901
0.00355592 -11624
0.00361016 -11352
0.00365792 -11080
0.00370417 -10813
0.00374873 -10550
0.00379453 -10288
0.00384028 -10027
0.00388583 -9767
0.00393301 -9508
0.00398226 -9252
0.00403026 -9003
0.00408055 -8754
0.00415747 -8506
0.00421215 -8260
0.00425767 -8017
0.00429936 -7774
0.00435033 -7534
0.00439081 -7300
0.00442913 -7079
0.00447692 -6859
0.00451606 -6641
0.00456173 -6425
0.00460766 -6210
0.00465035 -5996
0.00469374 -5783
0.00474004 -5577
0.00489227 -5372
0.00499959 -5177
0.00508245 -4983
0.00516256 -4790
0.00523633 -4598
0.00530191 -4410
0.00536681 -4225
0.0054314 -4041
0.00549839 -3860
0.0055605 -3687
0.00562484 -3515
0.00568433 -3345
0.00574089 -3178
0.00580285 -3015
0.0058669 -2855
0.00610834 -2695
0.00626052 -2543
0.00636093 -2404
0.0064478 -2266
0.00656421 -2131
0.00668968 -1996
0.00679514 -1866
0.00688085 -1737
0.00694815 -1608
0.00701472 -1482
0.00711239 -1360
0.0072437 -1248
0.00735042 -1143
0.00743931 -1040
0.00751317 -951
0.00758283 -864
0.0076456 -779
0.00770574 -694
0.0077644 -613
0.00782536 -533
0.00788955 -454
0.00794815 -381
0.00800284 -311
0.00805331 -247
0.00810583 -194
0.00816309 -142
0.00830348 -91
0.00838989 -46
0.00845251 -10
0.00850204 26
0.00854505 62
0.00858569 93
0.00862248 123
0.00866165 149
0.00870028 174
0.00873858 199
0.00877418 219
0.00885074 236
0.00890773 250
0.00896215 257
0.00900762 266
0.00904501 273
0.00908431 285
0.00912242 292
0.00916873 302
0.00920288 305
0.00924395 308
0.00933209 315
0.00939367 322
0.00943826 325
0.00947981 327
0.00951652 345
0.00962126 360
0.0096679 367
0.00970928 377
0.00975039 379
0.00979286 383
0.00982862 385
0.00986662 395
0.00994455 396
0.0102785 402
0.0105126 406
0.0111718 407
0.0113882 410
0.0114578 417
2 417
