0 -5358
4.8e-08 -5101
1.1895e-05 -4913
1.8854e-05 -4726
3.4092e-05 -4558
5.401e-05 -4396
7.0217e-05 -4238
9.1379e-05 -4084
0.000111033 -3933
0.00012386 -3788
0.000137911 -3649
0.000152253 -3511
0.000167208 -3375
0.000181175 -3240
0.000191826 -3107
0.000202016 -2974
0.000211979 -2850
0.000222244 -2727
0.000231963 -2606
0.000242972 -2486
0.000251985 -2369
0.000262212 -2255
0.000274681 -2143
0.00028504 -2033
0.000295155 -1924
0.000304365 -1817
0.000314216 -1712
0.000324396 -1610
0.000334228 -1509
0.000344474 -1409
0.000356896 -1311
0.000370665 -1213
0.000382342 -1120
0.000395018 -1029
0.000406969 -938
0.000418232 -853
0.000428968 -771
0.000438989 -691
0.000448124 -613
0.000456976 -535
0.000465367 -459
0.000476141 -385
0.000485163 -313
0.000493177 -247
0.000502095 -184
0.00051286 -122
0.00052287 -61
0.000532147 -3
0.000542261 55
0.000552093 113
0.000561737 167
0.000573188 217
0.000584734 266
0.000597259 311
0.000609606 356
0.000621444 400
0.000630936 443
0.000639921 485
0.000650252 526
0.000662815 566
0.000672458 604
0.000681631 641
0.000690954 674
0.000699261 705
0.000709215 734
0.000718783 762
0.000727249 790
0.000737232 816
0.00074971 841
0.000764175 866
0.00077881 889
0.000790356 910
0.00079886 930
0.000807647 950
0.000817206 969
0.000826604 985
0.000835523 1001
0.000844356 1016
0.000852794 1030
0.00086159 1040
0.000870923 1050
0.000879954 1059
0.000891208 1069
0.000903997 1079
0.00091608 1088
0.000928643 1096
0.000940792 1116
0.000950266 1124
0.000959919 1137
0.000969459 1145
0.000978622 1152
0.000987512 1158
0.00100023 1164
0.0010089 1170
0.00101715 1175
0.00102553 1180
0.00103512 1185
0.00104451 1193
0.00105435 1203
0.0010637 1208
0.00107225 1212
0.00107991 1216
0.00108828 1218
0.00109415 1220
0.00109736 1222
0.00110062 1238
0.00111856 1240
0.00112892 1246
0.0011373 1252
0.00113941 1254
0.00114278 1256
0.00114918 1257
0.00115925 1260
0.00116893 1261
0.00118569 1263
0.00118879 1264
0.00119398 1265
0.00120147 1288
0.00122354 1291
0.00125933 1292
0.00126389 1294
0.0012661 1295
0.00133797 1297
0.00134345 1299
0.00134645 1301
0.00135143 1302
0.00139159 1306
0.00143774 1309
0.00145397 1313
0.00145968 1315
0.0014635 1325
0.00147404 1328
0.00156096 1332
0.00156359 1338
0.00157614 1340
0.00158581 1342
0.00159179 1345
0.00170142 1347
0.00172289 1348
0.00367187 1349
0.00385602 1351
0.00395815 1355
0.00397192 1358
0.00407972 1360
2 1360
