0 -7380
4.6e-08 -7154
1.3569e-05 -6934
2.9559e-05 -6731
3.8477e-05 -6530
4.6922e-05 -6331
5.8089e-05 -6139
8.3479e-05 -5947
0.000115913 -5757
0.000133313 -5568
0.000146427 -5384
0.000159795 -5205
0.00017249 -5031
0.000186559 -4863
0.0001996 -4696
0.000213451 -4539
0.000230815 -4385
0.000249944 -4233
0.000263822 -4086
0.000276262 -3944
0.00028934 -3804
0.000302863 -3667
0.000314712 -3536
0.00032717 -3406
0.00034164 -3277
0.000354035 -3148
0.000365083 -3023
0.00037543 -2899
0.000385158 -2777
0.000398108 -2657
0.00041144 -2539
0.000423371 -2424
0.000436785 -2312
0.000448088 -2201
0.000460455 -2093
0.000470866 -1985
0.000484308 -1878
0.000497503 -1776
0.000508815 -1674
0.0005209 -1572
0.000533614 -1472
0.000546191 -1379
0.000558058 -1289
0.000572555 -1200
0.000588835 -1114
0.000606454 -1030
0.000621033 -947
0.000635147 -866
0.000650017 -785
0.00066618 -708
0.000683225 -636
0.000700234 -565
0.00071717 -497
0.000756238 -429
0.000783767 -362
0.000800566 -295
0.000814044 -230
0.000827221 -165
0.000838396 -101
0.000850791 -38
0.000861703 22
0.000871477 78
0.000883953 132
0.000895675 185
0.000906386 238
0.000919454 288
0.000931157 334
0.000942342 377
0.000957885 413
0.000974466 448
0.000988272 481
0.00100066 514
0.00101358 544
0.00102514 573
0.00103708 601
0.00104875 629
0.00105977 654
0.00107673 677
0.0010895 696
0.00110187 715
0.0011144 733
0.00112479 750
0.00113868 767
0.00115202 783
0.00116435 798
0.00117758 813
0.00119012 826
0.00120272 838
0.00121522 859
0.00122846 868
0.00124019 877
0.00125206 886
0.00126392 893
0.0012761 900
0.00128805 907
0.00129975 915
0.00131225 921
0.00132894 934
0.00134366 945
0.00136008 960
0.00137641 970
0.00139372 976
0.00141156 984
0.00142902 989
0.00144652 997
0.00146401 1001
0.00148243 1009
0.00149907 1013
0.00151516 1016
0.00153121 1022
0.00156029 1025
0.00157813 1027
0.00159137 1028
0.0016018 1042
0.00161283 1045
0.00163741 1048
0.0016497 1057
0.00168566 1068
0.00169803 1071
0.00170989 1073
0.00174171 1081
0.00175244 1083
0.00179681 1085
0.0018093 1087
0.00182213 1089
0.00183507 1093
0.00185074 1097
0.00186336 1100
0.00187688 1108
0.00190724 1109
0.00191822 1111
0.00202595 1114
0.00203972 1116
0.00223489 1117
0.00225044 1119
0.00225978 1121
0.00229227 1124
0.00231279 1127
0.00236686 1128
0.00238695 1129
0.00240329 1139
0.00243091 1146
0.00336309 1147
0.00369023 1148
0.00370355 1151
0.00370693 1154
0.00373297 1156
0.00373549 1158
0.0040447 1160
0.00405307 1163
0.00456438 1164
2 1164
