0 -36239
6.4e-08 -35762
5.2883e-05 -35324
0.000111298 -34900
0.000188488 -34497
0.000302653 -34094
0.000424089 -33692
0.00058939 -33291
0.000749639 -32890
0.000905093 -32498
0.00105564 -32106
0.0012022 -31714
0.00134538 -31334
0.00148639 -30955
0.00165787 -30581
0.00182508 -30211
0.00198197 -29849
0.0021329 -29490
0.0022855 -29135
0.00242685 -28781
0.00257688 -28429
0.00273252 -28080
0.00287283 -27734
0.00302651 -27389
0.0031595 -27046
0.00329451 -26705
0.00341919 -26364
0.00357076 -26026
0.00372832 -25688
0.00388388 -25359
0.00404551 -25032
0.00421249 -24707
0.00437721 -24385
0.00453748 -24064
0.00468868 -23750
0.00483464 -23437
0.00497658 -23126
0.00511679 -22817
0.00525761 -22511
0.0054324 -22206
0.0056057 -21901
0.00577209 -21603
0.00593291 -21308
0.00608751 -21023
0.00623645 -20743
0.0063794 -20464
0.00652234 -20188
0.0066591 -19915
0.0068221 -19642
0.00698541 -19370
0.00715404 -19099
0.00730669 -18831
0.00745225 -18566
0.00758975 -18305
0.0077216 -18045
0.0078722 -17786
0.0080048 -17528
0.00814823 -17270
0.00837778 -17016
0.00851219 -16767
0.00864033 -16519
0.00879781 -16272
0.00891649 -16025
0.00903734 -15779
0.00914214 -15534
0.00924307 -15291
0.00933956 -15049
0.00943374 -14809
0.00952598 -14570
0.00961291 -14333
0.00969706 -14096
0.00977765 -13860
0.00985558 -13631
0.00993216 -13403
0.0100092 -13177
0.0100858 -12954
0.01016 -12733
0.0102353 -12515
0.0103107 -12300
0.0103849 -12088
0.0104961 -11877
0.0105703 -11668
0.01064 -11460
0.0107058 -11256
0.0107699 -11053
0.0108928 -10851
0.0110063 -10650
0.0111181 -10452
0.0112213 -10261
0.0113117 -10073
0.0115082 -9887
0.0115931 -9701
0.0117445 -9515
0.011891 -9331
0.0120442 -9148
0.0122069 -8967
0.0123142 -8788
0.0124188 -8609
0.0125254 -8431
0.0126048 -8253
0.0126794 -8076
0.0127993 -7901
0.0128943 -7726
0.0129773 -7553
0.0130582 -7382
0.0131352 -7214
0.0132042 -7050
0.0135976 -6889
0.0137445 -6730
0.0138773 -6575
0.0139985 -6420
0.0141134 -6266
0.0142218 -6114
0.0143103 -5963
0.014377 -5812
0.0144375 -5664
0.0144886 -5516
0.0145442 -5368
0.0145937 -5221
0.0146424 -5076
0.0146941 -4935
0.0147401 -4795
0.0147864 -4658
0.0148545 -4524
0.0149072 -4394
0.0149608 -4270
0.0150175 -4147
0.0150713 -4029
0.0151255 -3912
0.0151992 -3796
0.0152474 -3681
0.0152919 -3569
0.0153438 -3459
0.0153971 -3349
0.015446 -3239
0.0155016 -3130
0.015552 -3021
0.01562 -2913
0.0156758 -2806
0.0157228 -2700
0.0157946 -2597
0.0158458 -2494
0.0159021 -2394
0.0159502 -2295
0.0159998 -2198
0.0160493 -2101
0.016152 -2009
0.0162136 -1919
0.0162659 -1830
0.0163224 -1742
0.0163747 -1654
0.0164271 -1569
0.0164943 -1486
0.0165577 -1404
0.01661 -1324
0.016675 -1245
0.0167311 -1170
0.0167884 -1095
0.0168455 -1021
0.0168986 -948
0.0169495 -879
0.0170025 -811
0.0170578 -746
0.0171097 -682
0.0171615 -618
0.0172189 -556
0.0172804 -494
0.0173321 -434
0.0173826 -374
0.0174365 -316
0.01749 -262
0.0175421 -209
0.017595 -158
0.0176497 -108
0.0177038 -58
0.0177558 -9
0.0178071 40
0.0178576 87
0.0179061 132
0.0179645 176
0.0180165 219
0.0180654 261
0.0181149 302
0.0181662 342
0.0182145 381
0.018265 419
0.0183142 456
0.0183602 490
0.0184119 524
0.0184984 558
0.0185685 590
0.0186492 620
0.0187086 647
0.0187648 674
0.0188187 700
0.0188713 724
0.018922 747
0.0189728 769
0.0190239 788
0.0190711 806
0.0191174 824
0.0191627 841
0.0192052 858
0.0192536 874
0.0193088 889
0.0193546 916
0.0194011 931
0.0194443 944
0.0194891 957
0.0195349 971
0.0195888 983
0.019655 999
0.0197211 1010
0.0197924 1018
0.019838 1036
0.0198854 1048
0.0199332 1058
0.0199866 1066
0.020035 1072
0.0201198 1078
0.0201913 1084
0.0202572 1090
0.0203307 1097
0.0203927 1119
0.0204513 1124
0.0205076 1129
0.0205608 1133
0.0206129 1138
0.0206652 1142
0.0207146 1153
0.0207611 1171
0.0208059 1181
0.0208559 1190
0.0209196 1202
0.0209828 1215
0.0210429 1218
0.0210944 1219
0.0211453 1222
0.0212883 1224
0.0215757 1227
0.0216222 1232
0.0216697 1239
0.0217163 1240
0.0217637 1241
0.0218102 1242
0.021896 1244
0.0219413 1253
0.0224858 1256
0.0225368 1259
0.0225863 1260
0.0239068 1262
0.0239858 1266
0.0240658 1269
0.0241696 1276
0.0242332 1280
0.0242925 1287
0.0243497 1288
0.0244165 1289
0.0247614 1292
0.0248123 1293
0.0248658 1294
0.0266588 1296
0.0267476 1297
0.0276835 1300
0.0277552 1302
0.0302546 1303
0.0316552 1308
0.0317141 1309
0.0317789 1310
0.0326898 1320
0.0327615 1325
0.0328299 1328
0.0328944 1331
0.0329636 1332
0.0330528 1333
0.0338577 1337
0.0339063 1340
0.0340072 1342
0.0340645 1343
0.0341278 1347
0.0341824 1352
0.0394185 1353
0.0411367 1357
0.0411882 1360
0.041238 1362
0.0412884 1364
0.0413447 1382
0.0414005 1383
0.0416596 1384
0.0417417 1387
0.0418261 1388
0.0419871 1389
0.0448561 1392
0.0449649 1401
2 1401
