822 0.0288899
819 0.0259895
848 0.042519
796 0.0194447
782 0.0290363
838 0.0189054
785 0.0122649
790 0.0286707
849 0.0117528
822 0.0215712
412 0.0411719
448 0.028013
462 0.0344572
472 0.0441959
466 0.0591448
449 0.0393819
459 0.0261091
451 0.0434955
439 0.0411965
442 0.0255956
1287 0.00287642
1332 0.00557918
1346 0.00506474
1263 0.00428857
1369 0.0040314
1369 0.00857552
1298 0.00675159
1311 0.00474752
1329 0.00411113
1321 0.00396531
1180 0.00876441
1175 0.00702219
1227 0.00893777
1242 0.00391936
1206 0.00510968
1255 0.00487675
1218 0.00530404
1155 0.00556508
1188 0.00591335
1210 0.00555759
