0 -7361
5.6e-08 -7125
1.319e-05 -6917
2.2465e-05 -6714
3.3589e-05 -6515
4.4169e-05 -6323
6.056e-05 -6135
7.7974e-05 -5951
9.7538e-05 -5773
0.000116013 -5597
0.000127888 -5425
0.000139501 -5255
0.000150278 -5087
0.000159703 -4923
0.00016864 -4761
0.000179032 -4604
0.000189781 -4450
0.00019976 -4300
0.000210331 -4152
0.000220488 -4012
0.000230758 -3873
0.000258762 -3739
0.000285442 -3608
0.000298575 -3480
0.000309127 -3357
0.000319369 -3242
0.00032978 -3130
0.000340172 -3022
0.000349663 -2914
0.000359661 -2808
0.00036918 -2704
0.000378389 -2602
0.000387692 -2503
0.000395944 -2406
0.000405313 -2309
0.000415067 -2213
0.000424501 -2118
0.000433579 -2028
0.000442582 -1939
0.000452805 -1852
0.000461733 -1765
0.000470642 -1681
0.000480011 -1598
0.0004906 -1515
0.000500119 -1433
0.000509516 -1354
0.000518068 -1276
0.000526649 -1199
0.000534825 -1123
0.000543359 -1048
0.000552493 -977
0.0005602 -907
0.000569118 -840
0.00057891 -774
0.000588776 -711
0.000597798 -649
0.000606416 -587
0.000615306 -526
0.000623567 -466
0.0006318 -406
0.000641141 -349
0.000650979 -294
0.000659099 -247
0.000666994 -201
0.000675594 -156
0.000683226 -111
0.000691975 -68
0.000699617 -25
0.000708441 18
0.000717021 61
0.000725461 103
0.000733337 140
0.000741279 176
0.000749944 210
0.000759022 243
0.000768297 276
0.000776192 308
0.000784331 338
0.00079309 366
0.000802365 394
0.000810588 422
0.000819572 447
0.000827373 472
0.000835137 496
0.000843314 520
0.000850533 544
0.000858916 568
0.000867891 598
0.000876912 621
0.000885136 644
0.000892918 667
0.000900222 689
0.000908924 709
0.000915871 728
0.000923935 745
0.00093199 761
0.000939575 777
0.000948747 804
0.000957074 822
0.00096602 837
0.00097368 856
0.00098242 871
0.000990888 892
0.000998332 906
0.00100646 920
0.00101376 934
0.0010218 962
0.00103014 976
0.0010381 989
0.0010455 1017
0.00105276 1041
0.00106154 1058
0.00107039 1072
0.00107819 1084
0.0010861 1097
0.00109253 1108
0.00109517 1118
0.00109891 1126
0.00110323 1133
0.00110786 1159
0.00112176 1166
0.00112418 1173
0.00112751 1189
0.00113409 1196
0.00113633 1201
0.00113868 1204
0.00114199 1211
0.00114696 1214
0.00114893 1217
0.00115211 1220
0.00115458 1223
0.00115751 1237
0.00116268 1238
0.00116805 1250
0.00117399 1256
0.00118254 1258
0.00121117 1259
0.00121254 1263
0.00121518 1264
0.00126084 1265
0.00126389 1269
0.00127651 1272
0.00128022 1274
0.00175484 1278
0.00175613 1284
0.00179498 1286
0.00233144 1288
0.00242513 1290
0.00242649 1291
0.0024304 1296
2 1296
