0 -129344
4.7e-08 -128531
1.6188e-05 -127759
2.8145e-05 -127013
5.6157e-05 -126272
9.7578e-05 -125538
0.000132893 -124814
0.000173939 -124101
0.000209498 -123393
0.000245123 -122686
0.000275205 -121981
0.000303424 -121276
0.000332523 -120576
0.000362109 -119878
0.000393081 -119183
0.000422573 -118489
0.000451204 -117796
0.000480537 -117109
0.00051192 -116423
0.000542611 -115738
0.000571373 -115053
0.000600472 -114369
0.000629824 -113691
0.000658305 -113014
0.000687441 -112339
0.000718591 -111672
0.00077221 -111007
0.000816664 -110345
0.000855594 -109687
0.000890732 -109030
0.000922424 -108374
0.000952066 -107718
0.000980501 -107062
0.00100894 -106406
0.0010375 -105751
0.00106724 -105097
0.00109792 -104444
0.00112754 -103795
0.001158 -103151
0.00119044 -102509
0.00121812 -101868
0.00124544 -101233
0.00127472 -100601
0.00130413 -99969
0.00133234 -99339
0.00136095 -98710
0.00139615 -98086
0.00143443 -97462
0.00146946 -96840
0.00149959 -96220
0.00152869 -95601
0.00155746 -94985
0.00158648 -94369
0.00161541 -93753
0.0016449 -93137
0.00167366 -92521
0.00170442 -91909
0.00175558 -91298
0.00178634 -90688
0.00181596 -90079
0.00184669 -89471
0.00189484 -88865
0.00192664 -88262
0.00195757 -87660
0.00198688 -87060
0.00201559 -86460
0.0020448 -85860
0.00207365 -85261
0.0021029 -84667
0.00213564 -84074
0.00216452 -83483
0.00219321 -82894
0.00222163 -82306
0.00225042 -81719
0.00228059 -81133
0.00231299 -80549
0.00234385 -79966
0.00237595 -79384
0.00240677 -78804
0.00243752 -78224
0.00246565 -77645
0.00249553 -77067
0.00252472 -76490
0.00255443 -75915
0.00258274 -75341
0.00262354 -74768
0.00265662 -74195
0.0026864 -73623
0.00271862 -73052
0.0027504 -72482
0.00278227 -71915
0.00281694 -71348
0.00285062 -70786
0.00288347 -70225
0.00291423 -69666
0.00295466 -69107
0.00298852 -68550
0.00301969 -67994
0.00305392 -67439
0.00308484 -66886
0.0031169 -66334
0.00314696 -65782
0.00317785 -65231
0.00320754 -64680
0.00323716 -64131
0.00326712 -63582
0.00329927 -63033
0.00333397 -62485
0.00336532 -61938
0.00339458 -61394
0.00342375 -60850
0.00345357 -60309
0.00348389 -59768
0.00351404 -59227
0.00354486 -58691
0.00357608 -58159
0.00360746 -57628
0.00363971 -57099
0.00367112 -56570
0.00370187 -56046
0.00373573 -55522
0.00377009 -54999
0.003805 -54479
0.00384068 -53959
0.00387196 -53440
0.00390424 -52921
0.00393761 -52405
0.00397199 -51890
0.00400376 -51378
0.00404128 -50866
0.0040732 -50357
0.00410687 -49848
0.00413932 -49340
0.00417297 -48833
0.00420407 -48327
0.0042347 -47823
0.0042713 -47321
0.00430491 -46824
0.00433811 -46329
0.00437268 -45834
0.00440638 -45343
0.00444047 -44853
0.0044738 -44365
0.00452694 -43878
0.00456826 -43392
0.00460808 -42907
0.00464406 -42422
0.00467832 -41938
0.00471459 -41459
0.00474838 -40980
0.00478089 -40503
0.00481458 -40028
0.004845 -39554
0.00487889 -39083
0.00491637 -38615
0.00494963 -38152
0.00498642 -37690
0.00502466 -37228
0.00506172 -36767
0.00510191 -36310
0.00513739 -35853
0.00517197 -35399
0.00521116 -34947
0.00524656 -34503
0.00528304 -34059
0.00531857 -33620
0.00535543 -33181
0.00538862 -32749
0.00542162 -32317
0.0054581 -31886
0.00550309 -31455
0.0055429 -31027
0.00558254 -30603
0.00562399 -30179
0.00566238 -29757
0.00569957 -29335
0.00576631 -28916
0.00581889 -28498
0.00586378 -28081
0.0059042 -27669
0.00594247 -27257
0.00597825 -26848
0.00601587 -26444
0.00605661 -26041
0.0060986 -25639
0.0061345 -25238
0.00617253 -24839
0.00621 -24447
0.00624704 -24055
0.00628871 -23664
0.00633422 -23274
0.00640189 -22886
0.00646587 -22499
0.00651983 -22116
0.00656591 -21738
0.00661053 -21361
0.00665045 -20984
0.00669081 -20607
0.00673066 -20244
0.00676882 -19882
0.00681331 -19521
0.00685623 -19165
0.00690155 -18809
0.00694806 -18454
0.00699201 -18105
0.00703871 -17756
0.00708636 -17412
0.00713499 -17069
0.00719057 -16727
0.00724864 -16386
0.00730485 -16047
0.00737575 -15709
0.00743671 -15377
0.00749468 -15045
0.0075492 -14717
0.00760304 -14393
0.00765842 -14073
0.00771844 -13754
0.0077791 -13438
0.00784501 -13122
0.0079105 -12814
0.00797295 -12508
0.00803421 -12202
0.00809053 -11897
0.008153 -11595
0.00822327 -11297
0.00833258 -10999
0.00843504 -10701
0.00853594 -10408
0.00863413 -10120
0.00872851 -9835
0.00882068 -9555
0.00891257 -9280
0.00900466 -9006
0.00909728 -8733
0.00919078 -8460
0.00929016 -8191
0.00938907 -7922
0.00949293 -7664
0.00959603 -7413
0.00970635 -7163
0.00982024 -6913
0.00992955 -6669
0.010041 -6435
0.0101719 -6207
0.0103116 -5980
0.0104473 -5759
0.0105845 -5540
0.010714 -5321
0.0108391 -5106
0.0109628 -4895
0.0110853 -4691
0.0112068 -4491
0.0113284 -4291
0.0114494 -4101
0.0115717 -3914
0.011691 -3730
0.011818 -3550
0.0119388 -3370
0.0120909 -3191
0.0122365 -3021
0.012378 -2856
0.0125163 -2693
0.0126482 -2537
0.012777 -2388
0.0129035 -2240
0.0130277 -2093
0.0131484 -1946
0.0132684 -1809
0.0133855 -1679
0.0135059 -1550
0.0136217 -1424
0.0137726 -1304
0.0139007 -1186
0.0140313 -1079
0.014154 -985
0.0142682 -891
0.0143782 -799
0.01448 -714
0.0145743 -631
0.0146679 -548
0.014757 -465
0.0148423 -397
0.0149234 -333
0.0150055 -271
0.0150866 -211
0.0151652 -153
0.0152401 -97
0.0153132 -49
0.0153871 -10
0.0154565 27
0.0155431 62
0.015613 96
0.015681 130
0.0157555 147
0.0158197 160
0.0158819 177
0.0159448 190
0.0160071 203
0.0160673 215
0.0161293 228
0.0161949 239
0.0162567 245
0.016319 250
0.0163853 257
0.0164456 261
0.0165461 265
0.0166328 273
0.016709 279
0.0167785 295
0.016844 305
0.0169314 319
0.0170091 324
0.0170846 334
0.0171527 336
0.0172163 340
0.0172808 341
0.0173462 345
0.0174109 347
0.0174785 349
0.0175437 350
0.017618 362
0.0176892 366
0.0177865 372
0.0178618 373
0.0179321 375
0.0180011 382
0.0180669 387
0.018199 390
0.0182648 395
0.0185243 396
0.0185858 401
0.0186503 412
0.0187168 415
0.0188429 424
0.0189756 428
0.0190469 429
0.0193445 430
0.0194213 432
0.0194929 434
0.019559 435
0.0208759 437
0.0209398 438
0.0210096 439
0.0211514 440
0.0212952 443
0.0213619 445
0.0214269 454
0.0214952 457
0.0222072 459
0.0222736 462
0.0223362 464
0.0228041 466
0.0228689 471
0.0229304 479
0.0229936 480
0.0233879 485
0.0234569 492
0.023524 494
0.0235951 502
0.0238019 506
0.0240728 508
0.0242061 512
0.0264379 517
0.0265315 521
0.0354491 522
0.0355218 527
0.0355859 532
0.0356512 536
0.0366954 546
0.0367693 550
0.0368356 557
0.0626563 569
0.0627254 570
0.0628626 578
0.0721982 582
0.0885289 583
0.0996451 591
0.0997132 594
0.0999243 595
2 595
