0 -52070
5.6e-08 -51455
7.4866e-05 -50893
0.000132159 -50334
0.0001694 -49798
0.000216357 -49271
0.00029114 -48767
0.000380689 -48266
0.000458973 -47765
0.000599938 -47266
0.000807424 -46775
0.000988231 -46290
0.0011674 -45818
0.00134447 -45348
0.00150959 -44898
0.00167366 -44449
0.00184651 -44003
0.00201008 -43557
0.00217968 -43112
0.00234182 -42670
0.00250226 -42228
0.00266236 -41790
0.00282313 -41357
0.0029863 -40927
0.00314647 -40498
0.00330541 -40081
0.00346416 -39667
0.00363156 -39257
0.00381282 -38849
0.00399228 -38441
0.00416872 -38035
0.00435827 -37637
0.00452853 -37240
0.00469105 -36848
0.0048506 -36458
0.00500826 -36070
0.00516522 -35682
0.00533342 -35299
0.00550045 -34919
0.00565519 -34542
0.0058085 -34167
0.00595924 -33794
0.00610806 -33427
0.00625757 -33060
0.00640469 -32693
0.0065494 -32329
0.00669285 -31965
0.00683323 -31603
0.00697257 -31244
0.00711017 -30887
0.00725916 -30532
0.00739604 -30179
0.00753232 -29828
0.00766952 -29478
0.00780701 -29130
0.00794126 -28784
0.00807896 -28439
0.00821445 -28096
0.00836526 -27754
0.00850032 -27412
0.00863081 -27078
0.00876036 -26750
0.00888964 -26426
0.00902562 -26103
0.00919278 -25781
0.00935499 -25466
0.00949945 -25151
0.00963996 -24838
0.00977452 -24526
0.00990619 -24214
0.01004 -23904
0.01017 -23604
0.0103004 -23307
0.0104287 -23018
0.0105575 -22730
0.0106828 -22444
0.0108059 -22163
0.0109359 -21886
0.0110572 -21609
0.0111781 -21332
0.0112963 -21056
0.0114895 -20781
0.0116756 -20506
0.0118405 -20236
0.0119938 -19967
0.0121441 -19701
0.0122894 -19436
0.0124461 -19174
0.0125775 -18918
0.0127037 -18664
0.0128259 -18415
0.012946 -18167
0.0130623 -17921
0.0132143 -17678
0.0133523 -17436
0.0134827 -17194
0.013605 -16958
0.0137209 -16724
0.0138307 -16491
0.0139365 -16259
0.0140398 -16028
0.0141375 -15797
0.0142336 -15571
0.0143271 -15346
0.0144176 -15122
0.0145027 -14899
0.0145866 -14680
0.0146667 -14461
0.0147516 -14243
0.0148334 -14026
0.0149056 -13810
0.0150011 -13596
0.0151318 -13382
0.0152544 -13172
0.0153679 -12964
0.0154742 -12756
0.0155719 -12548
0.0156651 -12343
0.0157526 -12142
0.0158384 -11944
0.0159189 -11747
0.0159978 -11551
0.016079 -11357
0.0161552 -11164
0.0162256 -10976
0.0163063 -10790
0.0163786 -10604
0.0164451 -10422
0.0165077 -10242
0.0166155 -10062
0.016728 -9882
0.0168427 -9703
0.0169466 -9526
0.0170408 -9352
0.01713 -9178
0.0172138 -9012
0.0172918 -8847
0.0173643 -8684
0.0174294 -8522
0.0174922 -8360
0.017554 -8198
0.0176137 -8039
0.0176705 -7882
0.0177291 -7726
0.0177869 -7571
0.0178419 -7417
0.0178984 -7264
0.0179517 -7111
0.0180063 -6959
0.0180585 -6808
0.0181059 -6659
0.0181535 -6512
0.0182095 -6366
0.0182625 -6222
0.0183143 -6079
0.0183709 -5936
0.0184297 -5795
0.0184852 -5656
0.0185408 -5519
0.0185934 -5385
0.0186443 -5255
0.0186931 -5125
0.0187887 -4996
0.01889 -4870
0.0189829 -4746
0.0190678 -4623
0.0191439 -4502
0.0192109 -4389
0.01927 -4277
0.01933 -4165
0.0193821 -4056
0.019438 -3948
0.0194926 -3841
0.0195417 -3734
0.0195938 -3628
0.0196444 -3523
0.0196968 -3418
0.0197547 -3315
0.0198144 -3218
0.019874 -3122
0.019929 -3026
0.0199837 -2930
0.0200359 -2836
0.0200908 -2742
0.0201462 -2649
0.0202015 -2557
0.0202575 -2467
0.0203302 -2378
0.0204136 -2289
0.020473 -2200
0.02053 -2112
0.0205832 -2026
0.0206541 -1942
0.0207117 -1859
0.0207683 -1779
0.0208194 -1700
0.0208684 -1624
0.0209155 -1552
0.0209646 -1481
0.0210176 -1414
0.0210656 -1348
0.0211178 -1283
0.0211698 -1218
0.0212226 -1154
0.0212757 -1092
0.0213299 -1031
0.0213809 -971
0.0214321 -911
0.0214839 -853
0.021537 -795
0.0215908 -739
0.0216435 -684
0.0216983 -630
0.0217468 -576
0.0217987 -523
0.0218511 -472
0.0219044 -422
0.0219576 -375
0.0220106 -332
0.022064 -290
0.022118 -249
0.0221727 -209
0.0222226 -170
0.0222698 -131
0.0223167 -92
0.0223639 -54
0.0224081 -19
0.0224548 15
0.0225163 48
0.0225664 81
0.0226177 114
0.0226716 147
0.0227241 182
0.0227749 214
0.0228299 244
0.0228836 273
0.0229334 299
0.0229968 324
0.0230482 359
0.023096 381
0.0231442 403
0.0231918 424
0.0232407 449
0.0232885 470
0.0233361 491
0.0233852 517
0.0234355 539
0.0234836 559
0.02353 578
0.0235762 604
0.0236265 622
0.0236757 640
0.0237249 661
0.0237747 680
0.0238242 698
0.0238717 725
0.0239196 742
0.0239712 760
0.0240199 777
0.0240722 793
0.0241199 809
0.0241685 825
0.0242183 842
0.0242695 862
0.0243268 880
0.0243885 896
0.0244443 910
0.0244947 927
0.024542 941
0.0245928 954
0.0246415 967
0.0246888 981
0.0247383 996
0.0247868 1009
0.0248356 1021
0.0248881 1036
0.0249383 1048
0.0249896 1071
0.0250442 1083
0.0250946 1094
0.0251455 1108
0.0251969 1119
0.0252481 1130
0.025294 1140
0.0253396 1159
0.0253878 1176
0.025434 1186
0.0254865 1196
0.0255393 1208
0.0255893 1218
0.0256386 1239
0.025689 1249
0.0257414 1258
0.025792 1280
0.0258445 1289
0.0258966 1297
0.0259503 1304
0.0260036 1315
0.0260551 1327
0.0261079 1334
0.0261595 1352
0.026209 1361
0.0262803 1368
0.0263545 1378
0.0264224 1386
0.0264841 1391
0.0265425 1395
0.0265992 1404
0.0266538 1417
0.0267052 1434
0.0267548 1451
0.0268066 1459
0.026858 1472
0.0269079 1488
0.0269596 1495
0.0270128 1503
0.0270686 1513
0.0271221 1517
0.0271757 1523
0.0272308 1527
0.0272831 1529
0.0273349 1532
0.0273855 1536
0.0274392 1538
0.0274903 1543
0.0275399 1544
0.0275891 1545
0.0276351 1546
0.0276798 1552
0.0277699 1555
0.0278444 1564
0.0279137 1568
0.0279792 1571
0.0280408 1572
0.028103 1578
0.0281715 1579
0.0282248 1589
0.0282916 1596
0.0283672 1603
0.0284245 1612
0.0284769 1627
0.0285275 1638
0.0285816 1643
0.028631 1648
0.0286814 1655
0.0287291 1673
0.0287791 1676
0.0288782 1678
0.0289285 1690
0.0290295 1700
0.0290809 1709
0.0291344 1725
0.0291871 1738
0.0292396 1744
0.0292892 1765
0.0293646 1769
0.0294415 1776
0.0295124 1785
0.0295772 1790
0.0296384 1796
0.0296963 1798
0.0298072 1803
0.0298618 1806
0.0299162 1807
0.0299694 1821
0.030042 1828
0.0302503 1829
0.0303096 1831
0.0303666 1832
0.0305788 1841
0.0306136 1845
0.0306795 1847
0.0308428 1854
0.0308612 1860
0.0308949 1863
0.0313061 1877
0.0313682 1878
0.0314189 1881
0.0314747 1883
0.0314975 1886
0.0315085 1896
0.0316266 1901
0.0316558 1912
0.0317257 1916
0.0317318 1918
0.031778 1921
0.0318651 1925
0.0319395 1929
0.0323652 1931
0.0330401 1932
0.0331071 1934
0.0331585 1935
0.0337918 1937
0.0344498 1945
0.0346261 1948
0.0346858 1954
0.035191 1955
0.0352835 1958
0.0355236 1967
0.0355893 1970
0.0355993 1972
0.0356216 1973
0.0356256 1977
0.0356641 1980
0.0357169 1983
0.0357264 1989
0.0357416 1991
0.0357502 1992
0.0357567 1996
0.0358005 2006
0.035846 2007
0.0360115 2010
0.0360982 2023
0.0361803 2028
0.0361956 2029
0.0362052 2030
0.036253 2032
0.0363812 2033
0.0373155 2034
0.0373438 2036
0.0382657 2037
0.040729 2038
0.0407464 2041
0.0407959 2043
0.0465703 2046
0.0465792 2047
0.046585 2050
0.0476835 2052
0.047697 2057
0.0477968 2059
0.0509366 2062
0.0510188 2063
0.0520202 2065
0.0520235 2067
0.052032 2069
2 2069
