0 -11689
5.6e-08 -11375
1.7592e-05 -11067
4.031e-05 -10773
5.6344e-05 -10504
8.3043e-05 -10238
0.000118876 -9987
0.00014012 -9741
0.000189049 -9495
0.000218986 -9253
0.000237517 -9013
0.000254509 -8781
0.000272533 -8557
0.000288596 -8336
0.000302151 -8123
0.000316571 -7910
0.000331647 -7704
0.000348442 -7499
0.000361603 -7294
0.000379271 -7096
0.000393052 -6899
0.000407153 -6703
0.000419957 -6515
0.000432039 -6334
0.000444938 -6160
0.000460024 -5986
0.000474528 -5823
0.000491266 -5661
0.000502757 -5501
0.000516566 -5341
0.000530009 -5182
0.00054441 -5028
0.000557233 -4876
0.000573343 -4727
0.000587969 -4579
0.000603646 -4432
0.000617408 -4288
0.000629866 -4146
0.000641244 -4007
0.000653607 -3869
0.000666234 -3735
0.000679207 -3602
0.000694706 -3471
0.000708112 -3346
0.000720382 -3222
0.000734736 -3098
0.00074862 -2976
0.000760514 -2861
0.000771798 -2746
0.000784218 -2632
0.000796197 -2519
0.000808203 -2410
0.000821966 -2302
0.00083432 -2194
0.000847097 -2086
0.000860774 -1980
0.000873917 -1875
0.000884563 -1773
0.00089795 -1677
0.000911337 -1582
0.000924714 -1490
0.000938091 -1398
0.000949657 -1309
0.000961429 -1228
0.000973577 -1149
0.000985058 -1076
0.000996164 -1004
0.0010066 -935
0.00101878 -868
0.00103067 -802
0.00104279 -737
0.00105576 -678
0.00106865 -622
0.00107991 -566
0.00109131 -511
0.00110419 -456
0.00111563 -405
0.00112758 -354
0.00113914 -304
0.00115197 -254
0.00116287 -208
0.00117556 -162
0.00118935 -117
0.00119846 -75
0.00121097 -33
0.00122165 9
0.00123456 48
0.00124481 87
0.00125591 122
0.00126638 157
0.00127861 190
0.00128811 223
0.00129735 252
0.00130815 280
0.00131996 311
0.00133221 339
0.00134411 364
0.00135337 388
0.00136341 412
0.00137437 435
0.00138693 466
0.00139919 489
0.00140993 519
0.00142057 541
0.00143054 563
0.00144103 584
0.00145516 604
0.00146542 623
0.00147696 640
0.00148745 662
0.00149887 679
0.00151539 699
0.00153266 716
0.00154962 732
0.00156254 747
0.00157171 769
0.0015829 783
0.00159466 797
0.00160619 810
0.00161553 837
0.00162667 858
0.0016369 871
0.00166029 883
0.00167999 903
0.00169325 915
0.00170425 936
0.00171694 947
0.00172873 957
0.00174056 973
0.00176333 984
0.00177447 994
0.00178401 1012
0.00179302 1022
0.00180348 1032
0.00181259 1042
0.00182457 1060
0.00183595 1073
0.00184543 1094
0.0018549 1105
0.00186778 1127
0.00188086 1143
0.00189223 1149
0.00190071 1152
0.00190304 1153
0.00190826 1164
0.00192046 1169
0.00192951 1182
0.0019432 1197
0.00201469 1198
0.00204855 1210
0.00209477 1216
0.00211083 1218
0.00251458 1219
0.00307815 1221
0.00308809 1222
0.00314943 1224
0.00340739 1225
0.00348731 1228
0.00360859 1237
0.00367738 1240
0.00422135 1243
0.00422303 1245
0.0048838 1247
0.00490255 1253
0.00542521 1255
0.0054331 1257
2 1257
