0 -32944
4.7e-08 -32516
4.3165e-05 -32100
7.4257e-05 -31690
9.3473e-05 -31286
0.000124641 -30892
0.000161027 -30501
0.000231435 -30115
0.000317435 -29733
0.000409256 -29353
0.000501659 -28981
0.000578356 -28611
0.000688981 -28242
0.000797108 -27882
0.000889802 -27527
0.000979389 -27172
0.00105747 -26822
0.00115362 -26485
0.00124684 -26148
0.00132779 -25818
0.00140428 -25489
0.00147357 -25160
0.00153467 -24833
0.00158862 -24507
0.0016416 -24190
0.00168594 -23874
0.00173912 -23560
0.00179082 -23249
0.00183903 -22942
0.00188796 -22635
0.00193664 -22336
0.00197729 -22040
0.00201326 -21747
0.00206305 -21455
0.00210173 -21167
0.00214054 -20882
0.00218457 -20600
0.00223052 -20319
0.0022747 -20040
0.00232044 -19764
0.00235749 -19490
0.00239369 -19219
0.00243078 -18949
0.00246713 -18680
0.00250642 -18411
0.00254367 -18144
0.00257894 -17881
0.00261389 -17618
0.00265127 -17358
0.0026876 -17098
0.00272717 -16844
0.00276911 -16591
0.00281516 -16339
0.00285488 -16093
0.00289031 -15852
0.00293061 -15612
0.00298733 -15373
0.0030748 -15134
0.00315195 -14897
0.00322146 -14662
0.00328464 -14427
0.0033354 -14196
0.00337873 -13967
0.00340974 -13740
0.00344839 -13514
0.00348698 -13289
0.00351958 -13065
0.00355613 -12843
0.00358701 -12625
0.00361974 -12409
0.00365689 -12194
0.00368987 -11983
0.00372352 -11775
0.00376191 -11573
0.00380199 -11372
0.00383585 -11174
0.0038694 -10979
0.00391109 -10786
0.00394472 -10595
0.00397403 -10404
0.00400399 -10215
0.00403675 -10030
0.00406896 -9846
0.00409881 -9665
0.00412653 -9484
0.00415625 -9305
0.00418947 -9126
0.00421958 -8949
0.00425191 -8773
0.00428114 -8597
0.00430859 -8422
0.00433449 -8248
0.00436582 -8076
0.00441069 -7907
0.00445766 -7741
0.00449116 -7577
0.00452125 -7414
0.00455211 -7254
0.00458428 -7095
0.00461717 -6937
0.00467516 -6781
0.00470643 -6625
0.00473455 -6473
0.00476673 -6323
0.00479862 -6176
0.00483033 -6030
0.00489185 -5885
0.0049614 -5740
0.00501601 -5596
0.00506556 -5456
0.0051096 -5320
0.00514937 -5190
0.00518368 -5060
0.00521674 -4931
0.00524753 -4803
0.00527645 -4678
0.00530179 -4553
0.00532698 -4428
0.00535509 -4304
0.00538293 -4182
0.00540792 -4060
0.00543193 -3940
0.00546036 -3821
0.00549026 -3708
0.00551464 -3596
0.00553828 -3485
0.0055676 -3375
0.00559952 -3267
0.00563126 -3161
0.00566055 -3055
0.00568724 -2949
0.00571442 -2844
0.00574292 -2743
0.00576777 -2642
0.00579627 -2542
0.00582307 -2444
0.00584792 -2347
0.00587827 -2253
0.00590235 -2163
0.00592946 -2074
0.00595678 -1986
0.00597787 -1898
0.0060011 -1810
0.00602978 -1722
0.00605605 -1635
0.00607966 -1550
0.00610626 -1465
0.00613266 -1381
0.00616217 -1299
0.00618775 -1218
0.00621885 -1138
0.00624749 -1061
0.00627608 -986
0.0063031 -913
0.00633095 -842
0.00635571 -772
0.0063804 -703
0.00640345 -637
0.00643054 -573
0.00645887 -512
0.00649129 -452
0.00652026 -394
0.00655025 -340
0.00658384 -288
0.00661428 -241
0.00664348 -195
0.0066703 -150
0.00670209 -106
0.00676823 -63
0.00682293 -21
0.00686642 21
0.00690383 59
0.0069356 96
0.00696248 133
0.00698718 169
0.00701147 203
0.00703549 236
0.00706294 266
0.00708955 296
0.0071185 325
0.00714448 354
0.00717302 383
0.00720265 410
0.00722769 435
0.00725415 461
0.00728302 489
0.00731444 513
0.00734114 536
0.00736813 555
0.00739533 571
0.00742363 586
0.0074508 608
0.00747353 623
0.00750142 645
0.00752948 660
0.00755613 677
0.00758357 692
0.00760859 714
0.00763543 730
0.00766543 759
0.00769581 773
0.00772299 791
0.0077527 809
0.00778153 831
0.00780845 851
0.00783806 868
0.00786656 886
0.00789381 907
0.00792514 927
0.00795527 947
0.00798275 967
0.00801395 986
0.00804711 1000
0.00807868 1016
0.0081071 1029
0.00814279 1050
0.00817762 1067
0.00820951 1082
0.008241 1094
0.00826987 1106
0.00829556 1117
0.00832244 1130
0.00835466 1142
0.00838163 1152
0.00841627 1162
0.0084474 1171
0.00847847 1180
0.00850172 1195
0.00853058 1210
0.00856004 1221
0.00858654 1233
0.00862353 1239
0.00867739 1244
0.00871122 1250
0.00873907 1259
0.00876981 1265
0.00879778 1276
0.00882665 1286
0.00885658 1289
0.00888348 1298
0.0089113 1303
0.00893499 1308
0.00896079 1322
0.00900085 1342
0.00903167 1351
0.00905941 1363
0.00909192 1366
0.0091219 1368
0.00915208 1377
0.00917923 1384
0.00921025 1393
0.00924132 1400
0.00926996 1404
0.00929405 1416
0.00932548 1419
0.0093548 1425
0.00938619 1429
0.0094207 1443
0.00944694 1452
0.00947868 1457
0.00951143 1468
0.00953884 1476
0.00956484 1486
0.00959503 1491
0.00962577 1506
0.00965389 1514
0.00968739 1522
0.00971864 1528
0.00975244 1534
0.00979471 1544
0.00984199 1547
0.00985586 1550
0.00988212 1563
0.00992584 1567
0.00994091 1569
0.00996089 1571
0.00998216 1578
0.0100436 1594
0.0100903 1614
0.0102518 1617
0.0102626 1620
0.0102737 1627
0.0102912 1636
0.0103213 1645
0.0103369 1649
0.0103784 1655
0.0104129 1659
0.0104229 1662
0.0104289 1664
0.0105723 1669
0.0106177 1671
0.0106243 1675
0.0106419 1684
0.0107021 1687
0.010723 1688
0.0107477 1693
0.0109996 1708
0.0110467 1710
0.0110994 1718
0.0111221 1721
0.0111311 1724
0.0114626 1732
0.0117634 1741
0.0118308 1748
0.0118706 1750
0.0118745 1757
0.0119912 1762
0.0142754 1767
0.0182825 1770
2 1770
