648 0.0117619
683 0.0133258
665 0.0184817
670 0.0256789
650 0.0164514
656 0.0256345
655 0.0242593
664 0.0216999
681 0.0157066
653 0.0259232
374 0.00728422
399 0.00730764
409 0.00747756
389 0.00762288
443 0.00807536
447 0.00822095
372 0.00751057
429 0.00827778
377 0.00742446
425 0.00805175
810 0.0176865
845 0.0148374
854 0.0164398
825 0.0133527
804 0.0175949
825 0.0191114
763 0.0195187
778 0.0150406
854 0.0185201
843 0.0190967
771 0.0206228
785 0.0204336
773 0.0220632
792 0.0209711
779 0.0168642
805 0.0177066
738 0.0219165
767 0.0175948
766 0.022991
761 0.021568
