0 -96691
1.43e-07 -95958
1.9911e-05 -95228
4.4122e-05 -94528
8.7846e-05 -93829
0.000144862 -93144
0.000227504 -92459
0.000298088 -91775
0.000349369 -91096
0.000404334 -90428
0.000470142 -89766
0.000539216 -89106
0.000591285 -88446
0.00064269 -87788
0.000685976 -87131
0.000743828 -86478
0.000791587 -85825
0.000838984 -85173
0.00088773 -84523
0.000968777 -83876
0.00101353 -83235
0.00105703 -82604
0.00109959 -81973
0.00113835 -81345
0.00117507 -80717
0.00121718 -80090
0.00125937 -79465
0.00130068 -78841
0.00134394 -78224
0.00138537 -77614
0.00142884 -77006
0.00147246 -76399
0.00151581 -75793
0.00155948 -75189
0.00160516 -74585
0.00164928 -73987
0.00169188 -73391
0.00173489 -72798
0.00177706 -72207
0.00182131 -71617
0.00186537 -71028
0.00190937 -70440
0.00195345 -69853
0.00207648 -69268
0.00213097 -68683
0.00217531 -68101
0.00221692 -67519
0.00226048 -66942
0.00230439 -66366
0.00236247 -65792
0.00240893 -65219
0.0024572 -64652
0.0025054 -64088
0.00255337 -63526
0.00259654 -62964
0.00264053 -62405
0.00267979 -61850
0.0027199 -61295
0.00277281 -60745
0.00282192 -60195
0.00286875 -59646
0.00291536 -59098
0.00296333 -58550
0.00302086 -58004
0.00307607 -57461
0.00312564 -56919
0.0031722 -56377
0.00322947 -55836
0.00328807 -55295
0.00333888 -54755
0.00338278 -54215
0.00343017 -53675
0.00348743 -53135
0.00354358 -52595
0.00360067 -52064
0.00365433 -51535
0.00370312 -51007
0.00375264 -50479
0.00381303 -49957
0.00387741 -49435
0.0039366 -48915
0.00399542 -48396
0.0040506 -47885
0.00409633 -47375
0.00414047 -46865
0.00419449 -46358
0.00426794 -45852
0.00432712 -45347
0.00438728 -44843
0.00444714 -44341
0.00450668 -43841
0.00456625 -43344
0.00462283 -42847
0.00468358 -42355
0.00476059 -41865
0.00482955 -41378
0.00489354 -40892
0.004979 -40413
0.00505222 -39935
0.00512296 -39457
0.00518629 -38982
0.0052337 -38507
0.00528139 -38035
0.00532858 -37565
0.00537395 -37097
0.00542478 -36632
0.005472 -36168
0.00552253 -35705
0.00557371 -35243
0.00562282 -34782
0.00567941 -34324
0.00572773 -33868
0.00577335 -33415
0.00582173 -32965
0.0058652 -32518
0.00593588 -32074
0.00599447 -31630
0.0060456 -31189
0.00609791 -30749
0.00616481 -30309
0.00622159 -29870
0.00627084 -29435
0.00632225 -29001
0.00638206 -28571
0.00644815 -28143
0.00650017 -27718
0.00655057 -27295
0.00659916 -26873
0.00664699 -26452
0.00670973 -26033
0.00676389 -25614
0.00681335 -25197
0.00686869 -24786
0.00691944 -24376
0.00697223 -23967
0.00702734 -23560
0.00708193 -23156
0.00713338 -22755
0.0071833 -22355
0.00723959 -21962
0.00729895 -21572
0.00735623 -21184
0.0074177 -20797
0.00747746 -20414
0.00753682 -20033
0.00759639 -19657
0.00765266 -19285
0.00771238 -18917
0.00777279 -18551
0.00783327 -18186
0.00790123 -17822
0.00797007 -17468
0.00805625 -17114
0.00813022 -16763
0.00820317 -16412
0.00827764 -16067
0.00835221 -15723
0.00842984 -15386
0.00851243 -15057
0.00859468 -14731
0.00867661 -14406
0.00876857 -14082
0.00884968 -13758
0.0089514 -13434
0.00904222 -13113
0.00913559 -12793
0.00923348 -12475
0.00932705 -12159
0.00941695 -11849
0.00950691 -11541
0.00959944 -11235
0.00969846 -10943
0.00980114 -10651
0.00990468 -10359
0.0100392 -10075
0.0101718 -9792
0.0103814 -9509
0.0105082 -9232
0.0106257 -8957
0.0107295 -8688
0.0108285 -8421
0.010925 -8154
0.0110206 -7894
0.0111142 -7635
0.0112079 -7383
0.0113046 -7140
0.0114051 -6897
0.0115122 -6655
0.0116135 -6415
0.0117181 -6183
0.0118944 -5954
0.0120812 -5728
0.0123183 -5505
0.0125509 -5286
0.0128061 -5069
0.0130228 -4856
0.0134178 -4645
0.0136352 -4440
0.0138345 -4237
0.0140137 -4036
0.0141694 -3839
0.0143178 -3651
0.0144575 -3464
0.014594 -3293
0.0147287 -3124
0.0148982 -2955
0.0150474 -2787
0.0151923 -2624
0.0153328 -2461
0.0154695 -2303
0.0156032 -2147
0.0157313 -1998
0.0158568 -1852
0.0159812 -1715
0.016105 -1581
0.0162285 -1448
0.0163488 -1316
0.0164677 -1192
0.0165854 -1072
0.0167128 -954
0.0168372 -841
0.0169766 -738
0.0171075 -635
0.0172311 -542
0.0173457 -453
0.0174532 -374
0.0175551 -302
0.0176484 -236
0.0177338 -172
0.0178173 -116
0.0179 -60
0.0179821 -4
0.018063 43
0.0181401 86
0.0182166 122
0.0182926 151
0.018386 177
0.0184599 199
0.0185294 220
0.0186217 235
0.0187102 248
0.0187829 257
0.0188507 263
0.0189149 265
0.0189844 267
0.0190554 272
0.0191249 274
0.019197 287
0.0192684 299
0.0193361 301
0.0194047 303
0.0194725 304
0.0195434 308
0.0203554 312
0.0204254 313
0.0205063 314
0.0205754 315
0.0208253 333
0.0214351 335
0.0268447 347
0.0269189 348
0.0271262 349
0.0271943 355
0.0272669 357
0.0274819 368
0.0277043 371
0.0302195 380
0.0302951 381
0.0326335 385
0.032705 387
0.0327766 390
2 390
