0 -37983
4.7e-08 -37424
6.5383e-05 -36916
0.000110273 -36460
0.000149803 -36023
0.000228523 -35596
0.000361209 -35174
0.000501184 -34759
0.000680575 -34348
0.000866362 -33939
0.00107375 -33533
0.0012944 -33130
0.00148424 -32729
0.00166864 -32329
0.00183648 -31930
0.0020323 -31536
0.00218959 -31146
0.00235852 -30757
0.00255049 -30372
0.00273114 -29993
0.00288186 -29616
0.0030295 -29254
0.00318428 -28892
0.00332981 -28530
0.00348901 -28169
0.00366365 -27817
0.00388582 -27470
0.00404928 -27124
0.00420715 -26781
0.00435987 -26438
0.00450824 -26100
0.00465355 -25762
0.00479461 -25426
0.00493386 -25092
0.00506861 -24767
0.00520066 -24443
0.00532986 -24119
0.00545767 -23802
0.00558562 -23486
0.0057463 -23171
0.00589976 -22857
0.00604752 -22545
0.00618961 -22235
0.00632705 -21936
0.00645809 -21639
0.0065857 -21347
0.00671114 -21058
0.00683462 -20769
0.0069581 -20480
0.00711088 -20195
0.00726167 -19913
0.00740129 -19639
0.00754087 -19367
0.00770793 -19097
0.00786422 -18828
0.00799721 -18559
0.0081241 -18290
0.00824532 -18023
0.00836252 -17763
0.00847636 -17505
0.0085878 -17249
0.00869813 -16993
0.00881535 -16740
0.00892368 -16488
0.00902722 -16236
0.00912929 -15986
0.00923125 -15736
0.00933436 -15486
0.00943254 -15237
0.00963184 -14993
0.00980137 -14749
0.0100582 -14507
0.0101685 -14268
0.0102694 -14030
0.0103636 -13794
0.0104524 -13560
0.0106101 -13331
0.010718 -13106
0.0108079 -12881
0.0108912 -12656
0.0109653 -12435
0.0110454 -12214
0.0111659 -11996
0.0112449 -11779
0.0113174 -11562
0.0113853 -11347
0.0114479 -11133
0.0116568 -10922
0.0118525 -10714
0.0119907 -10507
0.0121147 -10300
0.0122317 -10093
0.0123921 -9887
0.0125108 -9683
0.0126106 -9482
0.0127026 -9284
0.0128122 -9090
0.0129132 -8896
0.0129945 -8702
0.013073 -8509
0.0131604 -8324
0.0132359 -8140
0.0133114 -7957
0.0133845 -7783
0.0134558 -7610
0.0135298 -7441
0.0135975 -7274
0.0136695 -7108
0.0137411 -6942
0.0138114 -6778
0.0138848 -6614
0.0139718 -6450
0.0140441 -6289
0.0141138 -6129
0.0141817 -5973
0.0142525 -5818
0.0143249 -5667
0.0144467 -5516
0.0145523 -5366
0.0146482 -5223
0.014739 -5081
0.0148243 -4941
0.0149066 -4804
0.0149839 -4668
0.0150628 -4532
0.0151398 -4398
0.0152164 -4264
0.0152914 -4130
0.0153847 -3997
0.015509 -3864
0.0156068 -3738
0.0156945 -3612
0.0158025 -3487
0.0159085 -3364
0.0159997 -3247
0.0160827 -3131
0.0161601 -3016
0.0162327 -2903
0.0163057 -2792
0.0163893 -2681
0.0164621 -2574
0.0165338 -2467
0.0166042 -2360
0.0166969 -2254
0.0167919 -2149
0.0168804 -2047
0.0169613 -1951
0.0170377 -1856
0.0171098 -1762
0.0171797 -1671
0.0172485 -1581
0.0173163 -1497
0.0173833 -1419
0.0174481 -1342
0.017514 -1268
0.0175801 -1195
0.0176455 -1123
0.0177301 -1052
0.0178188 -983
0.0179013 -917
0.0179889 -853
0.0180832 -791
0.0181612 -731
0.0182344 -672
0.0183052 -613
0.0183722 -556
0.0184379 -501
0.0185066 -447
0.0185715 -393
0.018635 -341
0.0187014 -291
0.0187689 -241
0.0188532 -193
0.0189198 -146
0.0189836 -99
0.0190546 -53
0.0191434 -8
0.0192339 36
0.0193 79
0.0193636 121
0.0194261 162
0.0194971 202
0.0195702 241
0.0196471 279
0.0197288 317
0.0198045 355
0.0198905 391
0.0199763 426
0.0200551 459
0.0201182 491
0.0201795 523
0.020275 555
0.020364 587
0.0204339 614
0.0204952 638
0.0205555 662
0.0206157 686
0.0206963 708
0.0207819 726
0.0208679 744
0.0209486 762
0.0210078 785
0.0210658 802
0.0211251 818
0.0211839 832
0.0212421 846
0.0213059 859
0.021381 872
0.0214397 884
0.021517 900
0.0215913 912
0.0216843 924
0.0217715 935
0.021832 952
0.0218921 961
0.0219516 970
0.0220104 978
0.0220693 1001
0.0221286 1011
0.0221876 1019
0.0222456 1031
0.0223036 1038
0.0223618 1046
0.0224197 1053
0.022478 1069
0.0225357 1076
0.0225928 1083
0.0226497 1101
0.0227074 1112
0.0227651 1121
0.0228264 1136
0.022893 1142
0.0229539 1148
0.0230126 1159
0.0230718 1169
0.0231308 1174
0.0231889 1188
0.0232472 1198
0.0233068 1202
0.0233852 1206
0.0234613 1209
0.0235366 1212
0.0236043 1217
0.0236696 1221
0.023761 1232
0.0238282 1236
0.0238911 1250
0.0239541 1255
0.0240158 1259
0.024078 1274
0.0241407 1289
0.0243281 1291
0.0243898 1302
0.0244524 1308
0.0245152 1319
0.0245776 1321
0.0246401 1326
0.0247157 1328
0.0247785 1329
0.024839 1330
0.0252104 1339
0.025291 1341
0.0253665 1342
0.0255075 1343
0.02572 1344
0.0261316 1345
0.026199 1347
0.0262645 1348
0.0263274 1349
0.026454 1353
0.0265172 1357
0.0265793 1362
0.0266426 1363
0.0280169 1365
0.0281427 1366
0.0282081 1369
0.029944 1370
0.0307218 1371
0.030779 1374
0.0308328 1377
0.0308852 1379
0.0309367 1380
0.0309845 1381
0.0310401 1382
0.0311561 1385
0.031213 1386
0.0323024 1389
0.0323767 1394
0.0324407 1395
0.0325168 1397
0.033249 1401
0.0333116 1405
0.0333736 1407
0.0334495 1408
0.0335233 1413
0.0336031 1414
0.0353884 1415
0.0354522 1424
0.0355207 1426
0.0355848 1428
0.0356536 1429
0.0357307 1434
0.0360471 1437
0.0361093 1439
0.0363075 1440
0.0368455 1453
0.0369138 1457
0.0369784 1460
0.0370439 1462
0.0371083 1464
0.0371724 1466
0.0372356 1467
0.0374397 1468
0.0375116 1469
0.037595 1470
0.0378083 1471
0.0462785 1472
0.0465358 1473
0.0486071 1476
0.0527062 1482
0.0527802 1485
0.0597548 1486
0.0645449 1487
0.0675722 1488
0.0722335 1490
0.0723595 1495
0.0725995 1500
0.0726588 1502
0.0740366 1510
0.0740908 1517
2 1517
