0 -11282
4.7e-08 -10945
3.222e-06 -10625
6.453e-06 -10305
9.167e-06 -9990
1.5601e-05 -9677
2.365e-05 -9368
2.9361e-05 -9063
3.6038e-05 -8760
4.2265e-05 -8471
4.6905e-05 -8184
5.2118e-05 -7898
5.6983e-05 -7614
6.1482e-05 -7335
6.6666e-05 -7069
7.2903e-05 -6813
7.9214e-05 -6557
8.6766e-05 -6313
9.3509e-05 -6075
9.9971e-05 -5838
0.000106151 -5614
0.000112876 -5392
0.000118991 -5173
0.000125706 -4961
0.00013182 -4763
0.000139822 -4567
0.000146143 -4371
0.000152643 -4176
0.000158222 -3983
0.000163303 -3790
0.000168704 -3599
0.000174959 -3414
0.000181759 -3234
0.000188174 -3061
0.000195669 -2892
0.000201792 -2726
0.0002091 -2561
0.000216463 -2400
0.000222615 -2240
0.000229124 -2084
0.00023613 -1930
0.000242977 -1778
0.000251158 -1632
0.000257282 -1489
0.000265105 -1353
0.000273023 -1226
0.000280311 -1101
0.000289375 -979
0.000298297 -876
0.000306281 -777
0.000327301 -690
0.000347344 -603
0.000361648 -521
0.000372055 -448
0.000384631 -378
0.000394887 -312
0.000406505 -247
0.000418283 -191
0.000431188 -137
0.000445934 -86
0.000459393 -38
0.000472448 7
0.000484865 52
0.000499498 87
0.000511332 121
0.000522668 154
0.000536531 172
0.000552207 187
0.000565224 203
0.000578195 219
0.000599506 233
0.000611584 247
0.000623175 256
0.000654516 260
0.000666341 262
0.000691437 267
0.00128266 276
0.0013569 279
0.00142133 280
0.0014799 281
0.0019076 282
0.00191871 285
0.00194934 289
0.00195981 293
0.00197233 294
0.00198219 297
0.00236599 298
0.00252761 302
0.00253885 306
2 306
