0 -4563
4.7e-08 -4384
1.1036e-05 -4219
2.0944e-05 -4057
3.1736e-05 -3902
3.9128e-05 -3749
4.5862e-05 -3600
8.1289e-05 -3458
9.4918e-05 -3323
0.000117271 -3189
0.000128091 -3056
0.000136957 -2929
0.000144997 -2803
0.000154661 -2681
0.000164335 -2559
0.000173596 -2437
0.000182106 -2317
0.000191958 -2199
0.000201547 -2088
0.000211043 -1984
0.000220473 -1881
0.000229658 -1780
0.000238816 -1681
0.000249269 -1583
0.000258746 -1486
0.000268213 -1389
0.000281353 -1293
0.00031663 -1198
0.000344657 -1104
0.000357045 -1011
0.000365414 -918
0.000375698 -836
0.000384226 -756
0.000394539 -682
0.000403048 -609
0.000411905 -539
0.000420706 -471
0.00042945 -404
0.000439828 -338
0.000449155 -273
0.000458631 -209
0.000468249 -145
0.000476326 -81
0.000485653 -19
0.000493524 41
0.000502099 97
0.000510815 152
0.000519033 205
0.000527514 258
0.000536455 310
0.000545406 354
0.000554338 394
0.000563129 433
0.000570718 472
0.000579932 507
0.000588019 540
0.000597298 573
0.000606343 605
0.000615134 635
0.000623305 663
0.000630547 691
0.00063884 720
0.000647349 746
0.000657502 771
0.00066558 795
0.000673347 816
0.00068257 837
0.000690835 857
0.000698838 877
0.000707788 897
0.00071565 914
0.00072399 931
0.000732659 948
0.000741112 963
0.000748626 977
0.000756581 990
0.000764217 1003
0.000771778 1014
0.00077947 1032
0.000787688 1042
0.000795728 1052
0.000805308 1072
0.000814043 1082
0.000822449 1091
0.000830319 1100
0.000842294 1108
0.00085334 1116
0.000863671 1124
0.000871091 1138
0.000879948 1149
0.000888072 1157
0.000895548 1169
0.000902959 1176
0.000911271 1183
0.000919555 1192
0.000931192 1206
0.000941796 1217
0.000953461 1221
0.000958176 1224
0.00096445 1226
0.000975457 1229
0.000981731 1231
0.000984098 1232
0.000987911 1233
0.000996186 1243
0.000999473 1246
0.00100433 1248
0.00101809 1251
0.00102247 1252
0.00103171 1271
0.00104536 1272
0.00105771 1285
0.00146338 1287
0.00146765 1288
0.00163534 1290
0.00165459 1291
0.00166479 1295
0.00166949 1296
0.00167187 1300
0.00167366 1302
0.00167528 1307
0.00193642 1308
0.00193803 1311
0.00195263 1315
0.00196032 1321
0.00196621 1325
0.00229261 1328
0.002295 1337
0.00230757 1338
0.00234395 1344
0.00239826 1347
0.00242171 1348
0.00242588 1351
0.00260587 1353
0.00261802 1354
2 1354
