0 -2373
6.1e-08 -2194
6.696e-06 -2045
1.1313e-05 -1928
1.8774e-05 -1814
2.5093e-05 -1701
3.5693e-05 -1588
4.612e-05 -1479
5.2623e-05 -1370
5.7423e-05 -1270
6.2122e-05 -1170
6.7259e-05 -1074
7.2059e-05 -987
7.6962e-05 -903
8.166e-05 -824
8.6267e-05 -745
9.0324e-05 -667
9.5012e-05 -592
9.9925e-05 -521
0.000104685 -452
0.000109068 -389
0.000113705 -326
0.000118495 -267
0.000123062 -208
0.0001272 -152
0.000131908 -100
0.000136495 -48
0.000142213 2
0.000146616 51
0.000151365 98
0.000156655 143
0.000161018 188
0.000165268 232
0.000169661 273
0.000174431 311
0.000179211 348
0.000183818 381
0.000187895 413
0.000193521 445
0.00019881 475
0.000202561 505
0.000207209 532
0.000211113 557
0.000215088 581
0.000219409 605
0.00022317 627
0.000227685 649
0.000231283 671
0.000235645 692
0.000239967 710
0.000244686 727
0.000250078 744
0.000252687 758
0.000254756 770
0.000257029 780
0.000259974 794
0.000261921 807
0.000263348 815
0.00026506 823
0.00026665 829
0.000269117 846
0.000273693 851
0.000275263 855
0.0002767 858
0.000278422 860
0.000280145 861
0.000282387 879
0.000301977 881
0.000303556 883
0.000304616 894
0.000307786 895
0.000314758 899
0.000360124 900
0.000363426 903
0.000366912 909
0.00037055 914
0.000372375 916
0.000376706 924
0.00041401 925
0.000601507 926
0.000653365 929
0.000734343 930
2 930
