0 -30269
8.1e-08 -29810
4.7383e-05 -29380
7.9866e-05 -28968
0.000101759 -28560
0.000119942 -28165
0.00016062 -27774
0.000202663 -27392
0.000243646 -27019
0.000309998 -26656
0.000365372 -26295
0.000469568 -25942
0.000563887 -25600
0.000649594 -25263
0.00073525 -24934
0.000808573 -24605
0.0008731 -24276
0.000933571 -23951
0.000991229 -23628
0.00104527 -23310
0.00110162 -22998
0.0011588 -22687
0.00126339 -22380
0.00136995 -22073
0.00146965 -21768
0.00156455 -21465
0.00164937 -21165
0.00172331 -20874
0.00179003 -20587
0.00184362 -20300
0.00189362 -20014
0.00195352 -19730
0.00200415 -19451
0.00204877 -19174
0.00209691 -18898
0.00213456 -18623
0.00217809 -18358
0.00221976 -18093
0.00225512 -17828
0.00229322 -17567
0.0023303 -17308
0.0023755 -17049
0.00242325 -16792
0.00246523 -16539
0.00250519 -16287
0.00255544 -16038
0.00260487 -15795
0.00264637 -15553
0.00268484 -15312
0.00272574 -15075
0.00277193 -14843
0.00282382 -14616
0.00287232 -14390
0.0029105 -14164
0.00294215 -13939
0.00297352 -13714
0.00301088 -13495
0.00304675 -13277
0.00307651 -13059
0.00310762 -12844
0.00319872 -12630
0.00325213 -12417
0.00328859 -12204
0.00331765 -11992
0.00335343 -11781
0.00338488 -11573
0.00341775 -11365
0.00344901 -11163
0.00347967 -10961
0.00351302 -10760
0.00354443 -10559
0.00357775 -10362
0.0036097 -10171
0.00364427 -9982
0.00367957 -9798
0.00371463 -9616
0.00375584 -9436
0.00380062 -9256
0.00384859 -9079
0.0038915 -8904
0.00392987 -8730
0.00396698 -8563
0.00399583 -8396
0.00402711 -8230
0.00406345 -8066
0.00410604 -7903
0.00414118 -7743
0.00417774 -7585
0.0042169 -7429
0.00425015 -7274
0.00428541 -7119
0.0043448 -6965
0.00438476 -6811
0.00442263 -6658
0.00445652 -6511
0.00449176 -6367
0.00451991 -6227
0.00454611 -6088
0.00457733 -5949
0.00460912 -5811
0.00464359 -5675
0.00467866 -5540
0.00470894 -5405
0.00473912 -5272
0.00476983 -5139
0.00479755 -5007
0.00482906 -4877
0.00485401 -4747
0.00487903 -4617
0.00490997 -4488
0.00494303 -4359
0.00497315 -4231
0.00500309 -4105
0.00503084 -3984
0.00505608 -3864
0.00508348 -3746
0.00511804 -3631
0.00514912 -3516
0.00517637 -3402
0.00520867 -3291
0.00524275 -3180
0.00528708 -3071
0.00532374 -2963
0.00535554 -2858
0.00538939 -2754
0.00541809 -2653
0.00544591 -2553
0.00547687 -2456
0.00550466 -2359
0.00554329 -2266
0.0055756 -2173
0.00560506 -2080
0.00563923 -1990
0.00567112 -1900
0.00570332 -1811
0.0057346 -1727
0.00576359 -1645
0.00579199 -1564
0.00582883 -1484
0.00586173 -1404
0.00589081 -1326
0.00592072 -1248
0.00594773 -1173
0.00597351 -1098
0.00599632 -1023
0.00602248 -952
0.00604927 -881
0.00607593 -810
0.00610339 -739
0.00613258 -671
0.00616454 -604
0.00619558 -544
0.00622432 -484
0.00625496 -427
0.00628234 -371
0.00631257 -316
0.00634592 -262
0.00637685 -209
0.00640485 -159
0.00643302 -110
0.00646276 -62
0.00649174 -15
0.0065189 32
0.00654842 73
0.00657838 112
0.00660951 150
0.00664146 186
0.00667178 222
0.00670325 258
0.00672936 293
0.00675811 327
0.00679658 361
0.00682965 394
0.00685666 426
0.00688368 457
0.00691501 485
0.00694719 513
0.00697663 539
0.00700208 564
0.00702814 589
0.00705598 613
0.00708346 637
0.0071094 660
0.00716139 691
0.00719971 713
0.00723639 734
0.00726891 757
0.00729791 778
0.00736085 799
0.00739612 818
0.00742567 836
0.00745551 854
0.00748359 874
0.00751191 895
0.00754995 912
0.00758209 931
0.00761166 948
0.00764051 964
0.00766941 980
0.00770334 1000
0.00773257 1016
0.00776028 1036
0.0077901 1054
0.00781693 1075
0.00784645 1093
0.00787382 1110
0.00790249 1126
0.00793119 1141
0.00795847 1156
0.00798642 1170
0.00801222 1184
0.00803758 1204
0.00806649 1219
0.00809794 1232
0.00812541 1254
0.00815494 1267
0.0081903 1280
0.0082184 1294
0.00824851 1307
0.00827413 1325
0.008303 1351
0.00833269 1365
0.00836121 1377
0.00838945 1388
0.00841861 1399
0.00844848 1409
0.00847794 1425
0.00851024 1439
0.00854534 1448
0.00860288 1457
0.00865216 1468
0.00868545 1476
0.00871116 1496
0.00873668 1514
0.00876403 1526
0.00879183 1537
0.00881975 1556
0.00884856 1566
0.00887418 1582
0.00890463 1597
0.00893575 1609
0.00896387 1619
0.00899276 1636
0.00902002 1645
0.00905 1655
0.0091012 1663
0.00915552 1670
0.00918075 1677
0.00921202 1683
0.00925406 1699
0.0092956 1705
0.00931283 1709
0.0093268 1719
0.00935755 1728
0.00936512 1731
0.00937398 1735
0.00939189 1737
0.00940995 1748
0.00942661 1750
0.00943086 1766
0.00946839 1768
0.00949104 1771
0.00950607 1777
0.00951016 1778
0.00952204 1779
0.00954022 1783
0.00956226 1797
0.00959448 1806
0.00997667 1810
0.0100825 1812
0.0100859 1813
0.0101213 1816
0.0101384 1823
0.0103892 1825
0.0105433 1827
0.011061 1837
0.0112107 1841
0.0112405 1848
0.0114477 1849
2 1849
