0 -10434
5.1e-08 -10098
1.7225e-05 -9778
5.0564e-05 -9478
8.5289e-05 -9223
0.00013408 -8985
0.00016911 -8752
0.000192247 -8533
0.00020992 -8314
0.00022897 -8098
0.000246072 -7883
0.000260127 -7671
0.000271716 -7462
0.000286974 -7254
0.00030109 -7053
0.0003159 -6855
0.000330434 -6671
0.000347434 -6490
0.000363477 -6310
0.000377053 -6132
0.000391057 -5961
0.000405051 -5790
0.000421318 -5621
0.000436821 -5454
0.000451518 -5289
0.000466042 -5127
0.000481748 -4967
0.000497944 -4808
0.000511122 -4652
0.000527155 -4496
0.000542127 -4342
0.000558527 -4191
0.00056929 -4041
0.00058837 -3896
0.000602669 -3761
0.00061805 -3627
0.000630352 -3494
0.00064354 -3365
0.000659155 -3240
0.000672191 -3119
0.000687245 -2998
0.000702126 -2878
0.000719982 -2764
0.000732947 -2652
0.000747369 -2541
0.000759783 -2432
0.000772462 -2325
0.000791135 -2221
0.00080572 -2122
0.00082055 -2027
0.000834116 -1933
0.000848915 -1839
0.000861981 -1746
0.00087466 -1655
0.000887054 -1565
0.000899407 -1479
0.000912076 -1397
0.000926886 -1316
0.000938332 -1236
0.000952438 -1156
0.000964271 -1083
0.000977398 -1011
0.000988253 -940
0.001003 -874
0.00101641 -809
0.00103027 -746
0.00104305 -684
0.00105449 -622
0.00106563 -561
0.0010757 -503
0.00108649 -446
0.00109942 -391
0.00111349 -336
0.00112438 -283
0.00113585 -231
0.00114542 -179
0.00115775 -134
0.00117015 -89
0.00118255 -44
0.00119614 0
0.00120912 44
0.0012202 87
0.00123193 125
0.00124309 162
0.00125524 198
0.00126848 234
0.00128131 269
0.00129325 299
0.00130761 328
0.00132166 356
0.00133298 383
0.00134532 410
0.00135629 435
0.00136895 460
0.0013818 493
0.00139348 514
0.00140293 535
0.00141376 559
0.00142458 578
0.00143649 597
0.00144875 616
0.00146137 634
0.00147145 652
0.00148381 668
0.00149585 685
0.00151026 701
0.00152059 721
0.00153275 743
0.00154423 759
0.00155482 781
0.00156828 800
0.00157927 818
0.00158882 841
0.00160082 863
0.00161186 878
0.00162169 892
0.00163292 906
0.00164317 919
0.00165369 944
0.00166488 974
0.00167764 987
0.00168884 998
0.0017008 1008
0.00171205 1016
0.00172584 1026
0.00173981 1039
0.00175232 1066
0.00176768 1091
0.00178051 1100
0.00179047 1110
0.0018066 1118
0.00181048 1126
0.00181502 1132
0.00182341 1158
0.0018387 1164
0.00184084 1169
0.00184463 1179
0.00185312 1180
0.0018606 1184
0.00186806 1189
0.00197706 1191
0.00200057 1193
0.00200951 1200
0.00207443 1208
0.00221073 1213
0.00222199 1221
2 1221
