0 -106
1.51e-07 -51
3.58e-07 -37
0.000465373 -28
0.000465778 -11
0.000466004 15
0.000466079 24
0.000466626 32
0.000472325 33
0.000472862 41
0.000473041 56
0.000473192 76
0.000506718 155
0.000506916 190
0.000508206 207
0.0005083 250
0.000508555 262
0.000508687 303
0.000529279 315
0.000530975 318
0.000531059 331
0.000531691 390
0.000532877 430
0.000533584 436
0.000563898 462
0.000564011 470
0.000564849 496
0.000567299 507
0.0005702 528
0.000570445 594
0.000580995 596
0.00058174 606
0.000582182 613
0.000582795 633
0.000582955 651
0.000583803 653
0.000584057 654
0.000586148 656
0.000586987 695
0.000587166 706
0.000587524 708
0.000587778 714
0.000588145 717
0.000588306 725
0.000588522 738
0.00059018 756
0.000593779 772
0.000594692 776
0.000595079 779
0.000596868 786
0.000598432 792
0.000606062 810
0.000606496 820
0.000607108 826
0.000607815 835
0.000607909 848
0.000608257 854
0.000610094 864
0.000610236 866
0.00061179 870
0.000614559 874
0.000616905 886
0.000617197 890
0.000618817 894
0.000620146 899
0.000620927 911
0.000621973 926
0.000622614 928
0.000622802 939
0.000627569 941
0.000655301 953
0.000655838 961
0.000656177 964
0.000658834 965
0.000669253 970
0.000670967 979
0.000673124 993
0.000674594 994
0.000686303 999
0.000689252 1003
0.000693076 1008
0.000693472 1012
0.000707423 1013
0.000710079 1031
0.000713527 1032
0.000716579 1033
0.000734044 1044
0.00073785 1049
0.000738481 1058
0.000739423 1060
0.000740582 1061
0.000741288 1064
0.00076661 1069
0.000768475 1074
0.000770161 1076
0.000781107 1077
0.000792195 1084
0.000798695 1087
0.000804874 1088
0.000804959 1090
0.000913055 1091
0.000920176 1092
2 1092
