0 -681
4.33e-07 -625
0.000498523 -619
0.000500313 -547
0.000500708 -527
0.000505634 -516
0.000505842 -504
0.000506143 -471
0.000508422 -428
0.000508564 -422
0.000508912 -370
0.000509242 -333
0.000510099 -327
0.000510561 -308
0.00051203 -290
0.000513801 -288
0.000514112 -278
0.000514554 -214
0.000514837 -200
0.000522532 -189
0.000522636 -90
0.000524953 -84
0.000525509 -59
0.000526206 -48
0.000526705 -42
0.000527958 -30
0.000528278 -9
0.000533534 -8
0.00053391 18
0.000533995 45
0.000534805 94
0.000534928 107
0.000553333 143
0.000553992 147
0.000559389 188
0.000560397 215
0.000561254 232
0.000561489 257
0.000562064 275
0.000562544 284
0.000562978 301
0.000563345 310
0.000563976 320
0.00056408 365
0.000565125 378
0.00056554 392
0.000565653 431
0.00056635 432
0.000566604 518
0.000567103 543
0.000567781 557
0.00056846 577
0.000568629 589
0.000569797 594
0.000570447 595
0.000570626 616
0.00057073 630
0.000570909 636
0.000571681 637
0.000571869 645
0.000572387 684
0.000572849 694
0.000576447 714
0.000577718 741
0.000580883 752
0.000581251 768
0.000582334 776
0.000583134 799
0.000585678 802
0.000587062 808
0.000587448 816
0.000589087 894
0.000597282 906
0.000597753 925
0.000597941 928
0.000598582 938
0.000598902 940
0.000599693 951
0.000600174 974
0.000600418 994
0.000601464 1046
0.000601671 1051
0.000602312 1074
0.000602886 1082
0.000603235 1088
0.000603856 1103
0.000603932 1113
0.000607002 1117
0.000610365 1118
0.000612004 1133
0.00061304 1146
0.000655869 1151
0.000656104 1160
0.000665165 1183
0.000665504 1187
0.000665768 1188
0.000665938 1203
0.00066963 1210
0.000669818 1223
0.000672333 1224
0.000673021 1236
0.000673878 1238
0.000674848 1243
0.000675733 1254
0.000682082 1255
0.00068293 1258
0.000683005 1262
0.000683627 1273
0.000683956 1297
0.000685039 1305
0.000685944 1318
0.000687667 1325
0.000688628 1343
0.000693328 1365
0.000693988 1383
0.000699149 1387
0.000700628 1390
0.000701089 1393
0.000701523 1395
0.000701815 1406
0.00071325 1410
0.00071389 1429
0.000715585 1442
0.00071811 1456
0.000718176 1457
0.000721708 1479
0.000722603 1482
0.000722706 1491
0.000723902 1503
0.000725259 1515
0.000727896 1525
0.000728527 1527
0.000728725 1556
0.000732634 1576
0.000732747 1589
0.000733011 1591
0.000736797 1598
0.000740329 1605
0.000743136 1609
0.000748948 1618
0.000758819 1621
0.000763557 1624
0.000764715 1633
0.000766204 1648
0.000767984 1665
0.000769218 1667
0.00077015 1670
0.000772316 1677
0.000773739 1680
0.00077388 1686
0.000774276 1692
0.000776046 1696
0.000781359 1699
0.000792775 1710
0.000797739 1722
0.000798643 1723
0.000800103 1729
0.000800536 1736
0.000819977 1737
0.000832109 1751
0.000865867 1760
0.00090992 1761
0.000927712 1773
0.000928127 1788
0.000934805 1797
0.000936755 1800
0.00094639 1813
0.000993052 1819
2 1819
