0 -8221
2.17e-07 -8014
7.027e-06 -7883
7.243e-06 -7750
0.00036919 -7586
0.000369604 -7378
0.000369896 -7238
0.000370631 -7198
0.000372242 -7194
0.000384534 -7089
0.000385993 -7027
0.000387953 -6991
0.000392191 -6956
0.00039448 -6760
0.000409268 -6704
0.000409965 -6523
0.000414571 -6284
0.000414788 -6094
0.00042917 -6082
0.000431959 -5849
0.000433456 -5662
0.00043372 -5524
0.000434615 -5415
0.000447641 -5224
0.000448319 -5073
0.000449026 -4892
0.000450994 -4849
0.000452812 -4700
0.000454225 -4484
0.00045448 -4241
0.000456702 -4047
0.000456853 -3845
0.000457418 -3723
0.000457663 -3598
0.00045787 -3446
0.000458765 -3367
0.000471123 -3235
0.000472724 -2927
0.000473939 -2922
0.00047799 -2851
0.000479242 -2760
0.000480128 -2715
0.000481079 -2623
0.000482784 -2508
0.000483867 -2505
0.000484338 -2349
0.000485092 -2247
0.000487644 -2175
0.000491525 -2164
0.000492156 -2079
0.000494595 -1965
0.000494934 -1856
0.000495057 -1760
0.00050327 -1666
0.000524134 -1649
0.00052517 -1567
0.000527298 -1451
0.000528947 -1276
0.000555066 -1251
0.000555339 -1143
0.000556714 -1083
0.000567876 -918
0.000568347 -880
0.000570259 -757
0.000574422 -710
0.000576664 -596
0.000587825 -586
0.00058937 -519
0.000594824 -455
0.000595502 -418
0.000597725 -364
0.000598648 -283
0.00060591 -275
0.000611138 -252
0.000611721 -229
0.000614604 -207
0.00061644 -177
0.000617618 -113
0.000622553 -45
0.000624447 54
0.000625247 125
0.000625897 126
0.000627451 131
0.000637417 133
0.000640968 145
0.000649765 163
0.000651423 217
0.000665825 249
0.000666154 254
0.000666927 259
0.000671316 272
0.000687432 292
0.000694628 325
0.000695335 334
0.000696248 335
0.000696342 358
0.00069963 390
0.000707287 395
0.000708163 414
0.000713438 440
0.000715736 450
0.00072394 460
0.000731278 470
0.000731428 506
0.000733915 516
0.000745632 522
0.000747648 542
0.000748015 559
0.000751472 561
0.000762266 568
0.000763114 571
0.000763208 576
0.000783356 581
0.000834247 589
0.000903835 590
0.000947191 594
0.00105328 598
0.00114558 601
0.00117827 605
2 605
