0 -2648
2.73e-07 -2564
7.668e-06 -2529
0.00050619 -2527
0.000507151 -2499
0.000508941 -2484
0.000511183 -2473
0.000511475 -2381
0.000515177 -2321
0.000517023 -2223
0.000517805 -2140
0.000518747 -2139
0.000518945 -2076
0.000519482 -2006
0.000519642 -1915
0.000521046 -1910
0.000525982 -1889
0.000529373 -1874
0.000529495 -1753
0.000529627 -1726
0.000529722 -1656
0.000530098 -1617
0.000531624 -1564
0.00053267 -1549
0.000533367 -1500
0.000533565 -1466
0.000539989 -1423
0.000540592 -1412
0.00054096 -1376
0.000541732 -1349
0.000544012 -1343
0.000544294 -1332
0.000545491 -1306
0.000545717 -1253
0.000546028 -1234
0.000546141 -1233
0.000556164 -1205
0.000557746 -1161
0.000557897 -1153
0.000559715 -1146
0.000561514 -1144
0.000564972 -1108
0.000565584 -1095
0.000566008 -1082
0.000579262 -1068
0.000594127 -981
0.000594843 -964
0.000595041 -875
0.000595173 -857
0.000595615 -841
0.000595709 -776
0.000601446 -743
0.000601757 -703
0.000602925 -671
0.000603962 -636
0.000604338 -540
0.000604772 -512
0.00060593 -504
0.000606138 -479
0.000609811 -423
0.000611083 -418
0.000612609 -394
0.000612732 -352
0.000613099 -351
0.000615661 -324
0.000621068 -321
0.000622378 -312
0.000622679 -255
0.000623103 -206
0.000632015 -175
0.000633484 -148
0.000634021 -72
0.000634247 -48
0.000634775 -33
0.000636065 -18
0.0006368 -1
0.000637017 3
0.00063794 59
0.000638185 62
0.000644025 112
0.000644383 170
0.000644873 232
0.000647106 235
0.000649536 266
0.000651684 267
0.000652362 272
0.000652984 279
0.000653794 315
0.000653992 321
0.000654642 340
0.000657289 367
0.00065808 432
0.000658316 440
0.000666568 461
0.000668518 479
0.000668697 486
0.000669111 539
0.000669365 545
0.000672521 552
0.000672634 572
0.000673605 626
0.000674433 635
0.000679549 649
0.000680396 663
0.000682356 674
0.000683241 695
0.000683552 702
0.000684278 709
0.000687019 719
0.000687443 779
0.000692398 853
0.000692991 872
0.000695101 888
0.000697145 907
0.000697277 927
0.000698106 959
0.000698361 991
0.000699387 1001
0.000700301 1006
0.000707856 1015
0.00070991 1017
0.000713047 1020
0.000716202 1036
0.000717088 1045
0.000717276 1049
0.000717832 1072
0.000718105 1079
0.00072209 1112
0.000722212 1117
0.000726612 1129
0.000728232 1142
0.00072874 1145
0.000730116 1148
0.000731529 1149
0.000733611 1156
0.000737181 1161
0.000737906 1172
0.000739715 1182
0.000739913 1196
0.00074094 1201
0.000743408 1210
0.000743492 1225
0.000744764 1244
0.00074971 1251
0.000751622 1282
0.000753327 1321
0.000753817 1328
0.000754269 1333
0.000755456 1339
0.000756916 1351
0.000757312 1354
0.000758122 1370
0.000759186 1391
0.000759968 1398
0.000762248 1401
0.000763209 1412
0.000765243 1456
0.000767533 1462
0.000770189 1468
0.000773015 1473
0.000773967 1492
0.000775285 1500
0.000777254 1505
0.000777904 1517
0.000780683 1523
0.000782661 1536
0.000786184 1550
0.000786947 1578
0.00078739 1579
0.000789227 1580
0.000789368 1596
0.000792505 1601
0.000794022 1608
0.000794408 1615
0.000795586 1641
0.000796424 1642
0.000797969 1707
0.000799194 1711
0.000799778 1713
0.000816564 1722
0.000817403 1727
0.000826889 1729
0.000827284 1744
0.000829168 1745
0.000839728 1746
0.000840228 1750
0.000840454 1777
0.000840727 1794
0.000841565 1802
0.00084231 1820
0.000853114 1826
0.000853576 1827
0.00086099 1830
0.000864098 1832
0.00088291 1846
0.000888195 1854
0.000895072 1857
0.000900922 1859
0.000906932 1865
0.000909927 1873
0.000915212 1878
0.000916295 1880
0.000925753 1892
0.000928165 1895
0.00093067 1907
0.000937792 1916
0.000992014 1923
0.00105379 1924
0.0010541 1939
0.00105565 1957
0.00108361 1976
2 1976
