0 -22320
1.88e-07 -21737
1.1689e-05 -21580
0.000185075 -21509
0.000187035 -21388
0.000187722 -20851
0.000189832 -20808
0.000192761 -20472
0.000192893 -20033
0.000193289 -19543
0.00019441 -19036
0.000194777 -18461
0.000194899 -18059
0.000196067 -17691
0.000204479 -17298
0.000209452 -16945
0.000209866 -16547
0.000213276 -16358
0.000215895 -15851
0.000222026 -15828
0.000222328 -15495
0.000223486 -15130
0.000225502 -14619
0.000236117 -14602
0.000237436 -14277
0.000241175 -14106
0.000241788 -13806
0.000242108 -13297
0.00024288 -12985
0.000245056 -12595
0.000250585 -12580
0.000254588 -12203
0.000254701 -11620
0.000259665 -11267
0.000264186 -11181
0.000285483 -10835
0.00028747 -10773
0.000288318 -10487
0.000289392 -10022
0.000292604 -9711
0.000292754 -9469
0.000294139 -8916
0.000301391 -8906
0.000301523 -8397
0.000302993 -8010
0.000312996 -7667
0.000313533 -7216
0.000315746 -6876
0.000316057 -6625
0.000318299 -6383
0.000318713 -6024
0.000320522 -6009
0.000322632 -5654
0.000330788 -5591
0.000331551 -5305
0.000332032 -5008
0.000332531 -4676
0.000333925 -4349
0.000346452 -4074
0.000353601 -3763
0.000358612 -3406
0.000361278 -3204
0.000364933 -3025
0.000375237 -2824
0.000377808 -2525
0.000394066 -2352
0.000394621 -2165
0.000400264 -1892
0.000402392 -1738
0.000416163 -1723
0.000422709 -1655
0.000427871 -1446
0.00042902 -1191
0.000457334 -913
0.000459613 -689
0.000464558 -560
0.000534014 -481
0.000544771 -428
0.000559465 -347
0.000587967 -335
0.000594485 -285
0.000598789 -255
0.000625087 -224
0.000631605 -150
0.000640657 -79
0.000643624 -33
0.000657376 10
0.000681941 19
0.000718741 27
0.000728659 67
0.000732013 70
0.000746188 73
0.000747808 92
0.000784675 97
0.00079512 130
0.000800122 141
0.000801007 150
0.000885044 176
0.000887616 186
0.000897769 194
0.000929587 202
0.000957053 208
0.00099747 221
0.00106003 239
2 239
