0 457
1.79e-07 501
4.8e-07 530
0.000740817 540
0.000741232 555
0.000742089 573
0.000743887 581
0.000744132 583
0.000744603 587
0.000745648 593
0.000745865 609
0.000745969 617
0.000748558 624
0.000750885 662
0.000751007 671
0.000756036 699
0.0007563 733
0.00075726 745
0.000757373 778
0.000757543 786
0.000762214 789
0.000762346 797
0.000762704 808
0.000762882 822
0.000767563 842
0.000768401 847
0.000768524 861
0.000769418 894
0.000770059 919
0.000770586 922
0.000770746 939
0.000771142 947
0.000771688 958
0.000772262 960
0.000775945 972
0.000776773 1014
0.000792246 1017
0.0007925 1018
0.00079493 1042
0.000795184 1049
0.000795486 1053
0.000797868 1057
0.000798132 1059
0.000805713 1060
0.000813087 1075
0.000822373 1084
0.000822495 1099
0.000823126 1117
0.000826488 1122
0.000828259 1130
0.000828579 1131
0.000828701 1153
0.000851435 1158
0.000851633 1162
0.000852 1172
0.000859101 1184
0.000861653 1193
0.000864799 1200
0.000868726 1204
0.000874696 1228
0.000874951 1231
0.000875421 1239
0.000875836 1241
0.000876636 1247
0.000876778 1254
0.000877484 1263
0.000895434 1267
0.000896206 1270
0.000896404 1274
0.000898297 1285
0.000900255 1287
0.000903589 1293
0.000903721 1294
0.000903815 1302
0.000905171 1305
0.000908854 1311
0.000908967 1320
0.000914692 1327
0.000915465 1328
0.00091586 1333
0.000915973 1337
0.00092055 1339
0.000920804 1350
0.000921963 1379
0.000938424 1380
0.000939686 1394
0.000940091 1397
0.000946844 1400
0.00095029 1401
0.000963993 1420
0.000964294 1422
0.000968231 1426
0.000971508 1427
0.000973947 1433
0.000974842 1436
0.000974955 1449
0.000983459 1450
0.000991313 1457
0.000991445 1458
0.000991699 1467
0.000998414 1468
0.00100049 1469
0.00100125 1471
0.00100335 1475
0.00100348 1485
0.00104015 1490
0.00104028 1492
0.0010409 1496
0.0010411 1499
0.00106819 1503
0.00108606 1505
0.0010864 1520
0.00110044 1522
0.001103 1529
0.00110887 1530
0.00111721 1532
0.00112052 1537
0.00112176 1538
0.00112236 1542
0.00112337 1543
0.00112745 1545
0.00114131 1548
0.00114233 1569
0.00114509 1578
0.00114849 1580
0.00116285 1582
0.00116442 1583
0.0011735 1587
0.00118074 1603
0.00119373 1609
0.00119496 1615
0.00121134 1617
0.00123272 1618
0.00124167 1619
0.00150592 1620
0.00155981 1621
2 1621
