0 -2060
1.2e-07 -1983
0.000481007 -1963
0.000481951 -1883
0.000483736 -1875
0.000484569 -1819
0.000484744 -1732
0.000485975 -1627
0.000486521 -1605
0.000494504 -1591
0.000495485 -1507
0.000500526 -1440
0.000503339 -1378
0.000503588 -1300
0.000503838 -1248
0.000504125 -1143
0.00050567 -1066
0.000507122 -1056
0.000607485 -1055
0.000652259 -1017
0.000655654 -992
0.00065607 -909
0.000657865 -887
0.000658799 -824
0.00066027 -786
0.000660955 -691
0.000661806 -599
0.000665617 -507
0.000672046 -456
0.000672527 -392
0.000674341 -358
0.00067484 -321
0.000676616 -264
0.000678235 -256
0.00067867 -233
0.000694174 -216
0.000697311 -188
0.000699947 -149
0.000700937 -61
0.000703555 -56
0.000703971 -38
0.000713324 4
0.000714193 13
0.000715266 57
0.000716293 71
0.000718921 116
0.000795573 128
0.000798136 150
0.000800448 180
0.000801309 203
0.000802363 227
0.000835528 237
0.000844214 247
0.000846841 248
0.000892642 256
0.000894261 259
0.000911644 274
0.000925326 284
0.000965049 308
0.000987214 324
0.000995641 325
0.000998213 345
0.00100024 347
0.00101507 348
0.00102164 354
0.00103658 363
0.00103751 365
0.00104133 370
0.0011437 384
0.00114659 385
0.0011529 390
0.00116712 391
0.00155513 394
0.00158401 396
2 396
