0 -11761
4.43e-07 -11582
1.3345e-05 -11580
0.000536827 -11492
0.000537383 -11382
0.000541206 -11151
0.000543881 -11029
0.00055117 -10948
0.000551339 -10726
0.000553345 -10562
0.000555069 -10369
0.000555756 -10177
0.000556246 -9999
0.000556613 -9789
0.000595357 -9717
0.000596741 -9569
0.000597947 -9431
0.000599576 -9356
0.000600489 -9209
0.00060258 -9070
0.000605066 -8929
0.000606328 -8785
0.000615793 -8740
0.000616753 -8549
0.000618882 -8348
0.000632848 -8308
0.000635221 -8219
0.000640241 -8051
0.000642369 -7899
0.000643876 -7750
0.000644639 -7529
0.000655365 -7453
0.000655733 -7268
0.000656345 -7115
0.000658982 -7000
0.000659801 -6896
0.000661863 -6673
0.000662946 -6528
0.000666327 -6374
0.000666855 -6243
0.000668371 -6079
0.000670678 -5924
0.000673569 -5794
0.000675001 -5733
0.000675613 -5657
0.000679022 -5527
0.000695908 -5484
0.000697443 -5383
0.000697641 -5216
0.000703451 -5188
0.000707501 -5151
0.000709638 -5020
0.000712577 -4953
0.000714639 -4862
0.000717643 -4771
0.000719282 -4655
0.000720054 -4536
0.000720892 -4388
0.000722004 -4236
0.000724848 -4149
0.000728408 -4126
0.000737486 -4105
0.00073872 -3953
0.000742637 -3943
0.000746131 -3821
0.000758242 -3716
0.000759212 -3638
0.000759636 -3521
0.000762056 -3397
0.000762753 -3258
0.000763177 -3143
0.000766473 -3072
0.000767575 -2952
0.000768536 -2879
0.000774968 -2813
0.000780684 -2790
0.000781946 -2691
0.000785412 -2613
0.000786532 -2552
0.000789631 -2478
0.000792757 -2352
0.000810283 -2255
0.000817742 -2181
0.000820181 -2135
0.000823072 -2029
0.000826482 -1946
0.000833319 -1868
0.000835814 -1740
0.000845251 -1691
0.000850619 -1625
0.000859876 -1523
0.000863003 -1441
0.000867985 -1393
0.000872373 -1313
0.000874643 -1244
0.000875707 -1214
0.00087809 -1138
0.000879239 -1075
0.000881838 -1015
0.000886368 -896
0.000892489 -796
0.000899703 -729
0.000900682 -658
0.000912294 -583
0.000922616 -551
0.000928398 -545
0.000944521 -516
0.000947619 -475
0.000951348 -438
0.000957668 -416
0.000960342 -380
0.00101189 -368
0.00101233 -363
0.00101851 -288
0.00102902 -234
0.00103265 -212
0.00103327 -198
0.00103357 -158
0.00103389 -83
0.00103453 -38
0.00104304 -30
0.00106221 -26
0.00106654 -23
0.00108491 23
0.00108635 122
0.00108737 141
0.00109004 158
0.00110173 160
0.00111216 186
0.00111536 189
0.0011168 197
0.00114009 215
0.00114333 220
0.00115059 226
0.0011516 233
0.00115633 241
0.00118477 264
0.00118505 265
0.0011858 269
0.001194 324
0.00119774 330
0.00121155 337
0.00124714 359
0.00125104 365
0.00125779 370
0.00126768 420
0.00127582 437
0.00128359 446
0.00129142 465
0.00132005 468
0.00133168 503
0.00133799 513
0.00134058 522
0.00134265 529
0.00134768 541
0.00135262 546
0.00139926 549
0.00141976 565
0.00147481 567
0.00149077 568
0.00153274 577
0.00156516 582
0.00160598 583
0.00161564 590
0.00168195 592
0.00188196 597
0.00193713 601
0.00193874 603
0.00202362 612
0.0021383 614
0.00215461 615
0.00218834 620
0.00220556 622
0.00224021 623
0.00226072 625
2 625
