0 -4741
1.76e-07 -4617
1.0565e-05 -4580
0.000378323 -4513
0.000379091 -4433
0.000380562 -4353
0.000381265 -4215
0.000385687 -4156
0.000387435 -4025
0.000389027 -3907
0.000391663 -3884
0.000392264 -3769
0.000393328 -3752
0.000395058 -3623
0.00039726 -3597
0.000440471 -3479
0.000443699 -3357
0.0004443 -3245
0.000445013 -3174
0.000447686 -3073
0.000448954 -3030
0.000451942 -2948
0.000454412 -2895
0.000455216 -2826
0.000456752 -2784
0.000461988 -2697
0.000462256 -2586
0.00046728 -2578
0.000471294 -2478
0.000478566 -2451
0.000478686 -2360
0.000484384 -2284
0.000485985 -2196
0.00048876 -2140
0.000489704 -2124
0.000504579 -2046
0.000504699 -1943
0.000505273 -1872
0.000509741 -1768
0.00051161 -1681
0.000513747 -1582
0.000515162 -1514
0.000527882 -1437
0.00053037 -1358
0.000536735 -1271
0.000537706 -1183
0.000545866 -1088
0.000547531 -1009
0.000547975 -947
0.000550251 -936
0.000552258 -855
0.00055297 -794
0.000553895 -684
0.000554145 -628
0.00055507 -581
0.000555366 -536
0.000556319 -484
0.000564321 -482
0.000565903 -424
0.000568678 -377
0.000599826 -362
0.000600205 -284
0.000609345 -256
0.000610612 -153
0.000617421 -120
0.000620853 -97
0.000624637 -92
0.000629586 -37
0.00063348 25
0.000641566 39
0.000653287 60
0.000654989 61
0.000657385 72
0.000658597 107
0.000665248 121
0.000691964 133
0.000696904 158
0.000752974 175
0.000755869 189
0.000794658 239
0.000798072 244
0.000823632 248
0.000876621 258
0.000908721 260
0.000916843 267
0.00093973 290
0.000940822 291
0.000943578 317
0.000955345 334
0.000962811 336
0.000968713 338
0.00097739 340
0.000982608 353
0.000991489 369
0.00100523 376
0.00102126 380
0.00104792 386
0.0010909 389
0.0011111 390
0.00117449 391
0.00118238 394
0.00121317 396
0.00122222 399
0.00122318 402
0.00138066 406
0.00138196 410
0.00142942 416
0.00144954 417
0.00147247 420
0.00150785 423
0.00153177 426
0.00153216 429
0.00154446 438
0.00160068 442
0.00163717 444
0.00189482 446
2 446
