0 -52430
6.3e-08 -51844
6.5882e-05 -51267
0.000150168 -50715
0.000264588 -50182
0.000445321 -49649
0.000634397 -49119
0.000827226 -48594
0.0010208 -48083
0.00120127 -47576
0.00137815 -47072
0.00155111 -46582
0.001738 -46107
0.00190701 -45636
0.00207317 -45167
0.00224272 -44701
0.0024038 -44240
0.002564 -43783
0.00273544 -43335
0.002911 -42887
0.00308332 -42445
0.00325242 -42006
0.00341755 -41568
0.00358035 -41135
0.00374015 -40714
0.00389832 -40296
0.00405434 -39879
0.00420901 -39466
0.00438049 -39055
0.00454273 -38648
0.00470189 -38243
0.00485828 -37838
0.00501051 -37434
0.00516263 -37030
0.00531466 -36628
0.00546291 -36230
0.0056087 -35837
0.0057555 -35448
0.00590824 -35062
0.00605265 -34678
0.00621527 -34303
0.00635421 -33933
0.00649254 -33563
0.00663039 -33194
0.00679658 -32825
0.00695225 -32457
0.00710427 -32091
0.0072533 -31726
0.00739909 -31363
0.00753956 -31002
0.00770443 -30645
0.00785188 -30288
0.00799299 -29932
0.00813038 -29583
0.00826387 -29236
0.00839478 -28889
0.00852335 -28544
0.00864995 -28203
0.00877443 -27863
0.00889726 -27527
0.00901999 -27196
0.00914051 -26867
0.00925896 -26539
0.00937579 -26213
0.00950319 -25888
0.0096195 -25563
0.00975855 -25238
0.00987273 -24916
0.00998462 -24596
0.0101036 -24280
0.0102136 -23966
0.0103192 -23658
0.0104224 -23351
0.0105252 -23046
0.0106286 -22746
0.01073 -22450
0.0108292 -22155
0.0109298 -21865
0.0110274 -21579
0.0111248 -21294
0.0112381 -21016
0.0113453 -20739
0.0114427 -20464
0.0115385 -20189
0.0116326 -19914
0.0117264 -19643
0.0118191 -19376
0.011909 -19119
0.0119976 -18864
0.0120824 -18610
0.0121662 -18357
0.0122504 -18105
0.0123336 -17854
0.0124156 -17604
0.0124963 -17356
0.0125756 -17109
0.0126548 -16863
0.0127334 -16618
0.0128069 -16375
0.0128769 -16136
0.0129494 -15898
0.0130307 -15660
0.0131049 -15423
0.0131812 -15188
0.0132577 -14953
0.0133326 -14721
0.0134086 -14491
0.0134815 -14263
0.0135524 -14036
0.0136212 -13809
0.0136913 -13583
0.0137557 -13357
0.0138207 -13132
0.0138879 -12909
0.013952 -12688
0.0140134 -12472
0.014073 -12257
0.014193 -12045
0.0143016 -11835
0.0144043 -11627
0.0145021 -11420
0.0146144 -11215
0.0147219 -11015
0.0148216 -10815
0.0149127 -10615
0.0149948 -10421
0.0150714 -10227
0.0151423 -10034
0.0152127 -9843
0.0152844 -9653
0.0153536 -9463
0.0154178 -9275
0.0154749 -9087
0.0155293 -8901
0.0155856 -8718
0.0156369 -8537
0.0156923 -8360
0.0157498 -8183
0.0158037 -8006
0.0158562 -7832
0.0159026 -7658
0.0159535 -7491
0.0160045 -7327
0.0160554 -7168
0.0161021 -7009
0.0161522 -6851
0.0162024 -6697
0.0162497 -6548
0.0163021 -6400
0.0163571 -6253
0.0164252 -6107
0.0164826 -5963
0.0165372 -5819
0.0165858 -5675
0.016638 -5532
0.0166899 -5392
0.0167441 -5253
0.0167982 -5115
0.0168524 -4977
0.016908 -4840
0.0169612 -4704
0.0170078 -4569
0.0170515 -4434
0.017095 -4299
0.0171381 -4166
0.0171835 -4035
0.017232 -3908
0.0172857 -3790
0.0173378 -3672
0.0173875 -3556
0.0174339 -3443
0.0174823 -3331
0.0175361 -3219
0.0175892 -3109
0.0176461 -2999
0.0177041 -2889
0.0177597 -2779
0.0178119 -2670
0.0178686 -2562
0.0179213 -2454
0.0179872 -2347
0.0180438 -2241
0.0181065 -2137
0.0181604 -2035
0.0182104 -1937
0.0182646 -1840
0.0183174 -1750
0.0183958 -1660
0.0184539 -1571
0.0185072 -1482
0.0185646 -1396
0.0186194 -1314
0.0186737 -1233
0.018726 -1152
0.0187773 -1073
0.0188291 -999
0.0188788 -927
0.0189291 -861
0.0189789 -796
0.0190268 -733
0.0190752 -670
0.0191269 -611
0.0191796 -554
0.0192329 -498
0.0192854 -442
0.0193376 -386
0.019389 -333
0.0194382 -282
0.0194895 -233
0.0195587 -185
0.0196361 -138
0.019706 -92
0.01979 -51
0.0198579 -11
0.0199174 28
0.0199731 66
0.0200281 102
0.020083 138
0.0201371 174
0.0201887 208
0.020243 242
0.0202943 275
0.0203439 307
0.0203911 339
0.0204408 371
0.0204919 402
0.020541 432
0.0205898 462
0.0206382 491
0.0206851 518
0.0207324 545
0.0207801 571
0.0208284 599
0.0208767 624
0.0209232 649
0.0209714 674
0.0210215 697
0.0210701 720
0.0211179 748
0.0211654 774
0.0212145 796
0.02126 818
0.0213031 844
0.0213719 866
0.021442 888
0.0215059 912
0.0215648 936
0.0216202 954
0.0216747 972
0.021729 989
0.0217813 1011
0.0218332 1031
0.0218821 1051
0.0219289 1071
0.0219762 1088
0.0220212 1104
0.0220664 1122
0.0222476 1137
0.0223491 1155
0.0224282 1170
0.0225002 1193
0.0225686 1215
0.0226352 1229
0.0226975 1252
0.0227574 1266
0.0228175 1279
0.0228786 1290
0.02294 1301
0.0230049 1312
0.0230665 1326
0.0231309 1337
0.0231941 1346
0.0232562 1364
0.0233187 1372
0.0233747 1380
0.0234337 1389
0.0234954 1399
0.0235593 1409
0.0236205 1418
0.0237086 1431
0.0237995 1440
0.0238819 1450
0.0239596 1463
0.0240306 1487
0.0240921 1499
0.0241438 1517
0.02419 1530
0.0242357 1542
0.024284 1552
0.0243298 1567
0.0243811 1584
0.0244322 1595
0.0244837 1604
0.0245383 1611
0.024591 1617
0.0246436 1623
0.0246942 1628
0.0247483 1635
0.0247994 1640
0.0248516 1645
0.0249013 1650
0.0249506 1655
0.0249937 1662
0.0250415 1676
0.0250932 1682
0.0251439 1689
0.0251948 1694
0.0252476 1698
0.0253302 1715
0.025405 1720
0.0254808 1730
0.0255467 1734
0.0256049 1748
0.0256609 1764
0.0257132 1772
0.0257664 1776
0.0258166 1786
0.0258659 1791
0.0259159 1794
0.0259655 1799
0.0260196 1802
0.0260694 1813
0.0261449 1826
0.0262008 1838
0.0262553 1842
0.0263079 1849
0.0263573 1855
0.0264048 1865
0.026454 1878
0.0265067 1883
0.0265612 1886
0.0266183 1896
0.0266738 1900
0.0267257 1908
0.0267791 1910
0.0268364 1921
0.0268749 1933
0.0269256 1943
0.0269351 1946
0.0269572 1958
0.0269811 1959
0.0270856 1964
0.0271025 1968
0.0271269 1974
0.027238 1979
0.0273191 1982
0.0274681 1991
0.0275357 1995
0.0275457 1999
0.027572 2001
0.0275793 2002
0.0276244 2014
0.0279141 2019
0.0279182 2024
0.0281322 2026
0.0281545 2031
0.0282171 2036
0.0285414 2040
0.0286047 2049
0.028659 2054
0.0287823 2057
0.0287935 2059
0.0289016 2064
0.0289633 2077
0.0290299 2081
0.0293634 2083
0.0301568 2085
0.0305994 2090
0.0309567 2091
0.0309832 2092
0.0310145 2095
0.0335288 2096
0.033551 2099
0.0344759 2101
0.0345711 2102
0.0345764 2109
0.0425486 2115
0.0439971 2117
0.0440311 2122
0.0440365 2128
0.0447454 2131
0.0447991 2132
0.0484435 2136
0.0529825 2151
0.0529955 2153
0.0539211 2154
0.0539417 2156
2 2156
