0 -32467
4.5e-08 -32079
4.6486e-05 -31694
8.678e-05 -31315
0.000185368 -30953
0.000281508 -30591
0.000395406 -30236
0.000505613 -29881
0.000611374 -29527
0.000708846 -29197
0.000817064 -28869
0.000949493 -28545
0.00106741 -28224
0.00117735 -27904
0.00127933 -27589
0.00137351 -27275
0.0014582 -26969
0.00153824 -26664
0.00160392 -26363
0.00166595 -26063
0.00172229 -25766
0.00177382 -25469
0.00182027 -25175
0.00186928 -24885
0.0019153 -24598
0.00196172 -24313
0.00200486 -24030
0.0020473 -23748
0.0020891 -23469
0.00213351 -23195
0.00218372 -22921
0.00223224 -22648
0.00228014 -22380
0.00233257 -22114
0.00238423 -21849
0.00243638 -21588
0.00248912 -21330
0.00254084 -21073
0.00260961 -20818
0.0027103 -20569
0.00280474 -20320
0.00289487 -20075
0.00297864 -19831
0.00305414 -19588
0.00312008 -19345
0.00317843 -19103
0.00322714 -18861
0.00327065 -18620
0.00330974 -18381
0.00334929 -18143
0.00339087 -17907
0.00343308 -17672
0.00347192 -17439
0.00351487 -17207
0.00355396 -16975
0.00359576 -16745
0.0036355 -16517
0.0036727 -16290
0.00370828 -16066
0.00375746 -15846
0.00379963 -15629
0.00384333 -15412
0.00388154 -15198
0.00392286 -14984
0.00396771 -14771
0.00400923 -14558
0.00404689 -14354
0.00408551 -14150
0.00414792 -13950
0.00421198 -13751
0.00425649 -13553
0.00429605 -13355
0.00433705 -13160
0.0043797 -12967
0.00443177 -12774
0.00447365 -12581
0.00451624 -12390
0.00455374 -12200
0.0045916 -12012
0.00462568 -11824
0.0046644 -11637
0.00470474 -11450
0.00474146 -11266
0.00477906 -11083
0.00481564 -10900
0.00485108 -10719
0.00488764 -10539
0.00492356 -10359
0.00496001 -10182
0.00499538 -10008
0.00502906 -9840
0.00506618 -9673
0.00510556 -9506
0.00513686 -9341
0.0051666 -9182
0.00520028 -9024
0.00523254 -8866
0.00526652 -8710
0.00530666 -8556
0.00534386 -8406
0.00537819 -8257
0.00541159 -8108
0.00544277 -7960
0.00547727 -7813
0.00550992 -7667
0.00554679 -7523
0.0055832 -7381
0.00561593 -7241
0.00564948 -7102
0.0056826 -6964
0.00571372 -6828
0.0057489 -6694
0.00578453 -6560
0.00581638 -6427
0.00584842 -6295
0.00588091 -6164
0.005911 -6033
0.00594451 -5903
0.00601848 -5773
0.00609821 -5645
0.00617339 -5518
0.00622336 -5393
0.00626106 -5268
0.00629265 -5145
0.00632623 -5023
0.00635836 -4908
0.00639109 -4793
0.00641852 -4679
0.00644963 -4566
0.00649123 -4453
0.00652478 -4340
0.00655784 -4227
0.00659159 -4116
0.00662639 -4006
0.00665813 -3897
0.00669035 -3789
0.00671981 -3684
0.00675071 -3580
0.00678068 -3478
0.00681147 -3379
0.00684456 -3281
0.00687736 -3186
0.00690719 -3093
0.00693696 -3000
0.00696933 -2908
0.0070028 -2816
0.00703652 -2724
0.00706845 -2632
0.00710215 -2540
0.00713661 -2449
0.00716898 -2362
0.00719927 -2277
0.00722797 -2194
0.00725842 -2112
0.00728836 -2033
0.00731914 -1954
0.00734816 -1877
0.00738074 -1800
0.0074151 -1725
0.0074474 -1653
0.00747942 -1582
0.00751025 -1511
0.00753768 -1440
0.00756696 -1372
0.00759942 -1308
0.00762997 -1245
0.00765994 -1184
0.00768856 -1126
0.00771999 -1070
0.00775272 -1014
0.007825 -958
0.00788979 -903
0.00794289 -848
0.00798807 -793
0.00802858 -738
0.00806122 -684
0.00809662 -632
0.00812508 -582
0.00816184 -532
0.00819384 -482
0.00822671 -433
0.00825767 -385
0.00829338 -337
0.00832448 -290
0.00835682 -243
0.0083878 -196
0.00842097 -152
0.00844757 -109
0.00847851 -67
0.00851098 -26
0.00854504 15
0.00857396 55
0.00860343 95
0.00863444 134
0.00866683 170
0.00869786 206
0.008729 242
0.008756 278
0.00878584 313
0.0088118 347
0.00883816 380
0.00886484 412
0.00889835 439
0.00892625 466
0.00895403 493
0.00898371 520
0.00901542 544
0.00904876 569
0.00907966 593
0.00910749 616
0.00913613 639
0.00916791 661
0.00919733 683
0.009227 704
0.00926035 726
0.00929463 747
0.00932979 767
0.00936329 787
0.00939164 814
0.00941916 834
0.00945093 854
0.00948163 878
0.00951098 897
0.00953863 916
0.00958023 935
0.00964354 954
0.0096919 973
0.00973075 994
0.00976596 1028
0.00979708 1046
0.00982873 1064
0.00986054 1080
0.00989159 1095
0.00992137 1116
0.00995372 1131
0.00998407 1146
0.0100155 1161
0.0100465 1175
0.0100728 1189
0.0101031 1203
0.0101341 1216
0.0101682 1237
0.0102026 1260
0.010232 1273
0.0102594 1297
0.0102861 1320
0.0103166 1341
0.0103489 1357
0.0103772 1377
0.0104069 1395
0.0104372 1411
0.0104648 1428
0.0104907 1443
0.0105207 1457
0.0105517 1469
0.0105849 1484
0.0106161 1504
0.0106504 1526
0.0106804 1545
0.0107144 1560
0.0107469 1574
0.0107763 1601
0.0108071 1617
0.0108361 1638
0.0108664 1661
0.0108966 1673
0.0109264 1687
0.0109566 1699
0.0109871 1710
0.0110179 1720
0.0110469 1735
0.011079 1745
0.0111124 1754
0.0111473 1773
0.0111792 1785
0.01121 1795
0.0112397 1809
0.0112706 1823
0.0112987 1850
0.0113295 1861
0.0113608 1870
0.0113979 1885
0.0114283 1894
0.0114986 1903
0.0115551 1918
0.0116017 1931
0.011644 1939
0.011679 1947
0.0117094 1961
0.0117452 1979
0.0117758 1993
0.0118062 2005
0.0118392 2017
0.0118698 2032
0.011901 2043
0.0119301 2053
0.0119594 2061
0.0119879 2067
0.0120155 2077
0.0120463 2086
0.0120823 2092
0.0121202 2098
0.0121942 2107
0.0122423 2118
0.0123074 2132
0.0123566 2142
0.0124021 2146
0.0124225 2150
0.0124474 2154
0.0124734 2163
0.0125146 2178
0.0125196 2182
0.0125337 2185
0.0125491 2194
0.0125799 2204
0.0125872 2214
0.012601 2218
0.01261 2221
0.0126183 2222
0.0126294 2230
0.0126459 2239
0.0126501 2246
0.0126764 2255
0.012697 2260
0.0127276 2264
0.0127324 2265
0.0128282 2269
0.0130066 2274
0.01301 2278
0.0148197 2282
0.0148263 2283
0.0148315 2284
0.01513 2287
0.0151398 2288
0.0151527 2293
0.0163627 2313
0.0164217 2323
0.0164443 2324
0.0170862 2325
0.0170941 2327
0.0171425 2330
0.0177127 2331
0.0212022 2336
0.0215715 2339
0.0215789 2340
0.0216179 2343
0.0216274 2344
0.0229736 2345
0.0229863 2349
0.023008 2354
0.0234376 2359
0.0236525 2361
0.0238286 2365
0.026929 2366
2 2366
