0 -23349
4.8e-08 -22919
8.022e-06 -22523
1.4119e-05 -22129
2.2407e-05 -21757
2.8399e-05 -21404
4.1523e-05 -21054
5.1441e-05 -20711
6.0696e-05 -20370
6.8964e-05 -20033
7.8816e-05 -19700
9.2215e-05 -19370
0.000100664 -19048
0.000109179 -18730
0.000117893 -18416
0.000125924 -18102
0.000154873 -17797
0.000165806 -17493
0.000174502 -17193
0.000183605 -16893
0.00019211 -16598
0.000200692 -16303
0.00020969 -16014
0.000218784 -15728
0.000227915 -15443
0.000236544 -15167
0.000244699 -14894
0.000252986 -14624
0.00026097 -14358
0.000269893 -14094
0.000279906 -13832
0.000288383 -13574
0.000296822 -13316
0.000306191 -13060
0.000315294 -12806
0.000324548 -12553
0.0003335 -12300
0.000341721 -12048
0.000350406 -11796
0.000359045 -11546
0.000368546 -11299
0.000378047 -11056
0.000387852 -10822
0.000398017 -10591
0.000406911 -10361
0.000416934 -10132
0.000427137 -9905
0.00043549 -9679
0.00044538 -9456
0.000455877 -9234
0.000466573 -9015
0.000477573 -8797
0.000487519 -8581
0.0004974 -8367
0.000506266 -8157
0.000516431 -7948
0.000527942 -7743
0.000537785 -7538
0.000547817 -7336
0.000558209 -7138
0.000568346 -6940
0.00058091 -6744
0.000591663 -6552
0.000602719 -6361
0.000614429 -6170
0.000626064 -5984
0.000637007 -5806
0.000648575 -5629
0.000659404 -5455
0.000669863 -5283
0.000681355 -5114
0.000692402 -4946
0.000704311 -4778
0.000714884 -4614
0.000727296 -4451
0.000740287 -4291
0.000751049 -4133
0.000764628 -3983
0.000778036 -3835
0.000789604 -3688
0.000802965 -3545
0.000816287 -3406
0.000828965 -3268
0.000842193 -3130
0.000857193 -2995
0.000870753 -2866
0.000884417 -2743
0.000898726 -2620
0.000912674 -2497
0.000929192 -2374
0.000944221 -2251
0.000957165 -2130
0.000973692 -2013
0.000987868 -1903
0.00100284 -1799
0.00101845 -1700
0.00103486 -1604
0.0010491 -1508
0.00106363 -1415
0.00108093 -1323
0.00109852 -1231
0.00111459 -1141
0.00113162 -1060
0.00114826 -981
0.00116494 -903
0.00118345 -827
0.00120069 -752
0.00122025 -681
0.00123565 -611
0.00125346 -541
0.00127194 -474
0.00128896 -414
0.0013091 -356
0.00132503 -302
0.00134454 -248
0.00136075 -195
0.00137798 -143
0.00139811 -91
0.00141351 -39
0.00143051 1
0.00144405 41
0.00145812 78
0.00146965 113
0.0014845 140
0.00149728 166
0.00151047 192
0.00152462 217
0.00153787 240
0.0015528 266
0.00156723 287
0.00158178 308
0.00159596 331
0.00160989 350
0.00162497 366
0.00164175 379
0.00165483 395
0.00166972 409
0.00168399 422
0.00169856 434
0.00171226 444
0.00172604 467
0.00173926 483
0.00175386 498
0.00176816 504
0.00178101 511
0.00179661 515
0.00181052 532
0.00182519 542
0.00183892 545
0.00185479 561
0.00186924 572
0.00188095 575
0.00189456 582
0.00190651 595
0.00191925 598
0.00193279 601
0.00194861 606
0.00196234 620
0.0019756 627
0.0019924 633
0.00200732 641
0.00202172 648
0.00205503 659
0.00208254 664
0.00210034 675
0.0021166 678
0.00213104 697
0.00217151 700
0.00219003 707
0.00220403 724
0.00221916 728
0.00223385 737
0.0022784 745
0.00254497 746
0.00255992 752
0.00257368 756
0.00258757 759
0.00260151 761
0.00267033 763
0.00295408 767
0.00296707 772
0.0031533 774
0.00316651 775
0.0031782 776
0.00318903 779
0.00322764 782
0.00351498 788
0.00354248 798
0.00390544 810
0.0044791 814
0.00506129 816
0.00507794 821
0.00509207 823
0.00510697 825
0.00513606 827
0.00519528 828
0.00520825 829
0.00522511 831
0.00525199 833
0.00526693 841
2 841
