0 -9179
4.5e-08 -8923
1.3888e-05 -8673
2.818e-05 -8431
3.9817e-05 -8206
6.1688e-05 -7989
7.6853e-05 -7775
8.8193e-05 -7563
0.000102521 -7359
0.000122106 -7158
0.000134643 -6961
0.00014637 -6769
0.000156514 -6578
0.000166738 -6389
0.000175603 -6207
0.000185989 -6026
0.000195493 -5847
0.000206375 -5673
0.000216095 -5505
0.000224762 -5349
0.000236921 -5194
0.000246371 -5041
0.000256587 -4890
0.000266136 -4743
0.000276828 -4596
0.000312127 -4449
0.000336022 -4304
0.000350414 -4163
0.000360602 -4028
0.000370349 -3895
0.000381581 -3763
0.000392463 -3636
0.000402462 -3509
0.000413154 -3383
0.000424341 -3258
0.000434529 -3133
0.000445789 -3015
0.00045559 -2898
0.000465859 -2782
0.000475597 -2667
0.000486659 -2555
0.0004961 -2444
0.000505856 -2335
0.000517403 -2229
0.000527222 -2124
0.000536565 -2020
0.000546996 -1917
0.000557616 -1816
0.000567435 -1716
0.000576633 -1618
0.000587002 -1520
0.000596758 -1423
0.000608161 -1332
0.000618313 -1245
0.000628691 -1164
0.000638366 -1085
0.00064895 -1009
0.000657698 -933
0.000667193 -863
0.000676086 -793
0.00068613 -726
0.000694806 -659
0.000703905 -594
0.000711744 -529
0.000719592 -468
0.000727522 -407
0.000735271 -349
0.000743632 -293
0.000751471 -238
0.000760138 -185
0.000768284 -132
0.000777617 -81
0.000788516 -33
0.000797066 14
0.00080594 58
0.000814004 99
0.000822501 137
0.000830421 175
0.000839115 212
0.000847341 247
0.000859005 278
0.000866953 309
0.000874549 339
0.00088246 369
0.000892036 398
0.000900343 427
0.000908218 456
0.00091649 485
0.00092585 513
0.000933617 541
0.000942266 567
0.000950654 593
0.000958089 621
0.000966288 647
0.000973245 672
0.000981282 698
0.000988878 723
0.000997023 748
0.00100561 773
0.00101474 795
0.00102289 817
0.00103098 837
0.00103988 862
0.00104931 882
0.00105761 901
0.00106538 920
0.00107376 938
0.00108083 955
0.0010888 980
0.00109843 999
0.00110576 1016
0.00111357 1044
0.00112159 1061
0.001143 1076
0.0011604 1090
0.00116931 1104
0.00117513 1117
0.00118381 1133
0.00119498 1143
0.00119755 1152
0.00120036 1160
0.00120392 1167
0.00120666 1176
0.00121101 1183
0.00121277 1190
0.0012159 1200
0.00122258 1206
0.00122485 1212
0.00122749 1218
0.00123199 1228
0.00123373 1233
0.00123693 1244
0.00124132 1249
0.00124286 1250
0.00124498 1260
0.00124799 1261
0.00125416 1275
0.00127003 1286
0.00127901 1291
0.00128487 1297
0.00137994 1298
0.00138289 1300
0.00138888 1302
0.00143684 1304
0.00147305 1306
0.00147565 1309
0.00147883 1310
0.00164244 1313
0.00174968 1314
0.0018369 1316
0.00222129 1318
0.00222428 1319
0.00222572 1320
0.00228297 1321
0.00305283 1322
0.00333413 1325
0.00335182 1327
0.0033624 1328
0.00344986 1329
0.00347133 1333
0.00354873 1335
0.003554 1338
0.00407886 1342
0.00408003 1343
0.00408881 1350
0.00420152 1351
2 1351
