0 -133914
6.1e-08 -133042
1.1704e-05 -132171
2.2989e-05 -131315
4.2362e-05 -130463
6.1481e-05 -129628
8.4541e-05 -128793
0.000114772 -127978
0.000143363 -127168
0.000169113 -126369
0.000193426 -125572
0.000217392 -124780
0.000241543 -123991
0.000265448 -123203
0.000289436 -122422
0.000313514 -121642
0.000337685 -120864
0.000361713 -120090
0.000385853 -119317
0.000409799 -118545
0.000434102 -117778
0.000457967 -117011
0.0004817 -116244
0.000505992 -115478
0.000530428 -114713
0.000554374 -113962
0.000578249 -113212
0.000602033 -112463
0.000643865 -111725
0.000671305 -110989
0.000695792 -110255
0.000720237 -109524
0.000746995 -108794
0.000773274 -108070
0.000799176 -107346
0.000824548 -106624
0.000849666 -105905
0.00087455 -105186
0.000899219 -104467
0.000923706 -103749
0.000948477 -103031
0.000973096 -102313
0.000997918 -101596
0.00102276 -100880
0.0010475 -100165
0.00107214 -99458
0.00109692 -98755
0.00112191 -98053
0.00114706 -97352
0.00117256 -96655
0.0011984 -95963
0.00122379 -95272
0.00124888 -94581
0.00127369 -93899
0.00129846 -93218
0.00132294 -92539
0.00134739 -91861
0.00137203 -91185
0.00139677 -90509
0.00142145 -89835
0.00144601 -89161
0.00147099 -88487
0.00149717 -87814
0.00152347 -87143
0.00154885 -86473
0.00157404 -85806
0.00159888 -85139
0.00162345 -84473
0.00164834 -83807
0.00167714 -83142
0.00170175 -82477
0.00172747 -81816
0.00175401 -81158
0.00178043 -80502
0.00180564 -79846
0.00183086 -79200
0.0018567 -78557
0.00188202 -77915
0.00190686 -77275
0.00193282 -76642
0.0019743 -76010
0.00201078 -75380
0.00204304 -74751
0.00207245 -74123
0.00210081 -73496
0.0021272 -72871
0.00215314 -72246
0.00217874 -71622
0.00220421 -70998
0.002229 -70375
0.0022546 -69752
0.00228045 -69132
0.00230756 -68512
0.00233464 -67893
0.00236025 -67274
0.00238674 -66656
0.00241322 -66039
0.00244069 -65423
0.00246771 -64807
0.00249439 -64192
0.00252107 -63577
0.00254637 -62964
0.00257251 -62353
0.00259923 -61742
0.00262536 -61132
0.002651 -60524
0.00267719 -59916
0.00270531 -59310
0.0027324 -58705
0.00275694 -58101
0.00278204 -57497
0.00280933 -56894
0.0028359 -56295
0.00286404 -55697
0.00289089 -55100
0.00291765 -54505
0.0029431 -53911
0.00297068 -53317
0.00299868 -52724
0.00302616 -52132
0.00305351 -51543
0.00308014 -50955
0.00310756 -50367
0.00313531 -49781
0.00316098 -49195
0.0031866 -48610
0.0032125 -48026
0.00323871 -47442
0.00326659 -46861
0.00331633 -46281
0.00334984 -45705
0.003377 -45130
0.00340383 -44556
0.00342985 -43983
0.00345941 -43411
0.00348756 -42839
0.00351612 -42268
0.00354393 -41697
0.00357176 -41127
0.00359795 -40559
0.00362554 -39994
0.00365205 -39429
0.00368028 -38868
0.00370753 -38309
0.00374322 -37750
0.00377138 -37191
0.00380059 -36633
0.00383089 -36076
0.00385991 -35519
0.00388907 -34964
0.00391748 -34409
0.00394361 -33857
0.00397289 -33311
0.0040198 -32765
0.00405475 -32225
0.00408368 -31688
0.00411203 -31152
0.00413826 -30617
0.00416726 -30084
0.00420018 -29551
0.00423463 -29019
0.00426858 -28489
0.00430453 -27960
0.00433942 -27433
0.00437579 -26906
0.00440717 -26382
0.00444099 -25859
0.00447533 -25345
0.00451103 -24835
0.00454606 -24325
0.00458456 -23817
0.00465894 -23311
0.00469576 -22812
0.00472674 -22314
0.00476777 -21820
0.00480693 -21326
0.00484744 -20834
0.00487911 -20346
0.00490819 -19859
0.00494208 -19374
0.0049797 -18893
0.00501745 -18419
0.00505385 -17948
0.00509436 -17479
0.0051335 -17012
0.00517477 -16548
0.00521666 -16087
0.00525826 -15630
0.0053041 -15176
0.00536059 -14729
0.00541756 -14285
0.00546878 -13846
0.00551292 -13410
0.00555229 -12976
0.00559675 -12548
0.00564234 -12129
0.00568397 -11715
0.00573076 -11303
0.00577627 -10896
0.00582585 -10497
0.00587736 -10099
0.00592046 -9708
0.00596742 -9325
0.00601967 -8946
0.00609945 -8572
0.00616396 -8199
0.00622877 -7831
0.00629284 -7463
0.00636032 -7095
0.00643196 -6729
0.00650077 -6374
0.0065734 -6022
0.0066393 -5688
0.00670739 -5364
0.00677721 -5045
0.0068528 -4750
0.00693431 -4456
0.00701854 -4174
0.00710557 -3899
0.0071975 -3630
0.00729337 -3377
0.0073979 -3126
0.00750646 -2884
0.00761849 -2647
0.0077344 -2419
0.00786936 -2202
0.00800841 -2001
0.00814236 -1804
0.00827413 -1611
0.00840697 -1423
0.00853602 -1247
0.00866911 -1077
0.00880078 -927
0.0089275 -779
0.00905428 -640
0.00917814 -521
0.00929708 -409
0.00941098 -303
0.00952053 -226
0.00962418 -157
0.00972047 -92
0.00981102 -35
0.00990358 13
0.00998433 58
0.0100594 74
0.0101296 96
0.0102046 113
0.0102751 116
0.0103501 126
0.010421 133
0.010497 137
0.0105686 153
0.0106456 154
0.0107173 164
0.0107839 166
0.0108563 177
0.0111509 190
0.0112278 192
0.0113005 194
0.0116121 203
0.0116825 205
0.0117599 213
0.0229054 222
0.0229798 224
0.023288 230
0.0306715 234
0.0308334 236
0.0486655 237
0.0488352 238
0.0521436 242
2 242
