0 -2433
5.4e-08 -2289
5.922e-06 -2148
9.405e-06 -2013
1.2366e-05 -1886
1.7442e-05 -1767
2.1258e-05 -1660
2.5371e-05 -1553
2.9997e-05 -1453
3.7485e-05 -1356
4.8619e-05 -1265
6.1282e-05 -1176
6.6556e-05 -1095
7.1182e-05 -1015
7.5106e-05 -936
7.9174e-05 -857
8.3062e-05 -778
8.7085e-05 -701
9.1829e-05 -625
9.6221e-05 -552
0.000100622 -481
0.000105104 -410
0.000109388 -345
0.000113258 -280
0.000116912 -227
0.000120971 -176
0.000124985 -126
0.0001289 -83
0.000132383 -40
0.000136722 2
0.000140547 42
0.000144669 80
0.000149196 117
0.000154596 151
0.000158916 185
0.000162669 218
0.000166449 250
0.000170265 282
0.000174261 314
0.000178284 345
0.000182235 376
0.000186052 403
0.000189877 427
0.000193477 450
0.000196951 472
0.000200326 494
0.000203998 515
0.000207436 536
0.000211954 556
0.000214708 575
0.000218911 606
0.000223753 622
0.000226084 636
0.000227749 651
0.000231242 664
0.000232763 676
0.00023414 688
0.000235724 700
0.000237776 718
0.000240107 730
0.000241511 741
0.000243293 751
0.000246929 761
0.000248378 771
0.000249908 779
0.000256829 786
0.000258134 793
0.000259718 807
0.000261131 813
0.000262643 816
0.000263939 817
0.000265487 834
0.000270347 835
0.000274739 856
0.000294126 865
0.000358765 868
0.000362788 869
0.000365461 870
0.000366829 875
0.000370438 877
0.000555275 882
0.0005826 883
0.000584562 886
2 886
