0 -32513
4.5e-08 -32007
4.0861e-05 -31561
7.5089e-05 -31125
0.000108929 -30692
0.000177358 -30261
0.000238478 -29848
0.00033289 -29439
0.000416295 -29033
0.00052697 -28630
0.000612139 -28229
0.000689595 -27830
0.000759022 -27433
0.000821915 -27044
0.000879967 -26665
0.000937334 -26290
0.000985143 -25926
0.00103327 -25573
0.00108458 -25221
0.00112506 -24881
0.00116925 -24545
0.00121338 -24211
0.00126413 -23881
0.00131397 -23553
0.00136128 -23227
0.00140761 -22905
0.00145422 -22584
0.00150429 -22272
0.00155943 -21965
0.00160976 -21658
0.00166085 -21358
0.00171127 -21059
0.00176919 -20761
0.00182085 -20465
0.00186099 -20171
0.00190116 -19878
0.00195038 -19585
0.0019961 -19296
0.00204258 -19009
0.00208706 -18722
0.00213329 -18443
0.00217192 -18166
0.00221206 -17889
0.00225371 -17614
0.00229554 -17342
0.00233418 -17076
0.00237302 -16810
0.00240915 -16547
0.00245099 -16289
0.00249068 -16034
0.00258089 -15780
0.00266226 -15531
0.00273313 -15282
0.00279747 -15036
0.00285469 -14793
0.00291368 -14551
0.00295898 -14310
0.00299884 -14069
0.00303137 -13829
0.00306005 -13591
0.00309363 -13357
0.00312784 -13124
0.00316 -12896
0.00319651 -12669
0.0032303 -12446
0.00326521 -12226
0.00329934 -12008
0.0033355 -11791
0.00336547 -11577
0.00339368 -11371
0.00342497 -11168
0.00345849 -10967
0.00349203 -10767
0.00352254 -10569
0.00355943 -10373
0.00359627 -10181
0.00362845 -9990
0.00365676 -9800
0.00368518 -9611
0.00370954 -9425
0.00373463 -9241
0.003765 -9058
0.00379342 -8876
0.00383002 -8695
0.00386465 -8514
0.00389607 -8334
0.00392325 -8155
0.00395 -7977
0.00397873 -7802
0.00401104 -7630
0.00404152 -7458
0.00406912 -7286
0.00409322 -7115
0.00412222 -6947
0.00415244 -6787
0.00417767 -6629
0.00420629 -6471
0.00423433 -6314
0.00426012 -6161
0.00429006 -6009
0.00432147 -5859
0.00434778 -5715
0.0043722 -5573
0.00440065 -5431
0.00442903 -5292
0.0044562 -5154
0.00448666 -5017
0.0045157 -4882
0.00453937 -4748
0.00457039 -4614
0.00459623 -4482
0.00462891 -4350
0.00465964 -4219
0.00472489 -4089
0.00478393 -3964
0.00483143 -3841
0.00486922 -3721
0.00490113 -3601
0.0049361 -3482
0.00496449 -3367
0.00499136 -3252
0.00501641 -3137
0.00504047 -3028
0.00506506 -2920
0.00509004 -2814
0.00511433 -2711
0.00514135 -2609
0.0051693 -2510
0.00519416 -2411
0.005223 -2312
0.0052528 -2214
0.00527754 -2119
0.00530427 -2026
0.00532902 -1936
0.00535316 -1847
0.00537988 -1762
0.00540536 -1677
0.00543504 -1594
0.00546292 -1512
0.00548946 -1433
0.00551758 -1359
0.0055436 -1288
0.00557055 -1218
0.00559553 -1150
0.00562047 -1083
0.00564608 -1017
0.00567256 -951
0.00570085 -887
0.00572904 -823
0.00579055 -760
0.00583818 -698
0.00587718 -637
0.00591527 -577
0.00594673 -522
0.00597733 -469
0.00600494 -420
0.00603103 -371
0.00605688 -323
0.00608384 -275
0.00611282 -227
0.00614126 -182
0.00616778 -138
0.0061975 -96
0.00622696 -55
0.00625151 -15
0.00627881 24
0.00630394 62
0.00633162 96
0.0063582 130
0.00638428 163
0.00641053 195
0.00643497 225
0.00646125 255
0.00653102 285
0.00657662 314
0.00661767 341
0.00665072 367
0.00667698 393
0.00670033 417
0.00672792 441
0.00675784 464
0.0067859 487
0.00681229 509
0.00684272 531
0.00686735 553
0.00689231 573
0.00691512 592
0.0069407 611
0.00696621 631
0.00698959 652
0.00701512 673
0.00703792 696
0.00706329 713
0.00708664 730
0.00711076 747
0.00713808 770
0.00716714 791
0.00719671 809
0.00722475 825
0.00725208 840
0.00727802 855
0.00730516 869
0.00732832 883
0.0073526 900
0.00737626 913
0.00740232 938
0.00742518 951
0.00744994 976
0.00747854 988
0.00750774 999
0.00753418 1010
0.00755593 1023
0.00758111 1034
0.0076097 1044
0.00763749 1063
0.00766138 1075
0.00768531 1085
0.0077074 1094
0.00772934 1106
0.00775559 1115
0.00778331 1124
0.00781272 1134
0.00783845 1144
0.00786666 1151
0.0078959 1162
0.00792264 1175
0.00794885 1184
0.00797178 1191
0.00799806 1202
0.00802988 1224
0.00808063 1237
0.00813199 1245
0.00817368 1262
0.0082105 1270
0.00824116 1283
0.00826993 1294
0.00830153 1302
0.00833203 1323
0.00836021 1332
0.00838628 1347
0.00841346 1355
0.00844173 1360
0.00847389 1368
0.00850169 1373
0.00852961 1387
0.00856032 1392
0.00858683 1397
0.0086083 1407
0.00863222 1418
0.00865976 1427
0.00868811 1435
0.0087135 1445
0.00874083 1453
0.00876525 1457
0.00878725 1461
0.00881333 1479
0.00884033 1488
0.00887449 1495
0.00890618 1500
0.00893137 1513
0.00895956 1521
0.00898575 1537
0.00901202 1542
0.00906131 1550
0.00908684 1555
0.00913139 1557
0.00916857 1579
0.00920237 1583
0.00923086 1594
0.00926331 1598
0.00928617 1612
0.00929001 1613
0.00930031 1617
0.00931705 1618
0.00932259 1619
0.00936964 1626
0.00937286 1628
0.00939362 1629
0.00943792 1630
0.00949604 1635
0.00951375 1640
0.00951678 1642
0.00952702 1651
0.00955037 1653
0.00965918 1658
0.00966758 1665
0.00968137 1668
0.00969287 1671
0.00989883 1679
0.00993933 1686
2 1686
