0 -23014
4.5e-08 -22647
3.2995e-05 -22335
6.8438e-05 -22023
0.000105663 -21722
0.000132231 -21422
0.000193451 -21126
0.000256029 -20832
0.000307492 -20538
0.000344672 -20253
0.000377126 -19973
0.00040491 -19694
0.000429742 -19418
0.000454645 -19143
0.000478451 -18870
0.000499142 -18599
0.000571324 -18329
0.000639023 -18060
0.000693465 -17792
0.000740653 -17527
0.000784358 -17267
0.000816705 -17008
0.000845595 -16750
0.000874954 -16495
0.000901639 -16245
0.00093854 -15996
0.000966378 -15748
0.000991767 -15500
0.00101595 -15256
0.00103939 -15025
0.00106346 -14794
0.00108712 -14569
0.00111226 -14346
0.00113819 -14128
0.00116528 -13912
0.00119056 -13701
0.00121734 -13490
0.00124274 -13287
0.00126855 -13084
0.00129731 -12883
0.00132366 -12682
0.00136136 -12481
0.00142416 -12281
0.00147358 -12086
0.0015181 -11892
0.00154919 -11699
0.00157419 -11509
0.00160231 -11321
0.00162824 -11133
0.00165598 -10945
0.00168505 -10757
0.00170672 -10570
0.0017301 -10384
0.00175183 -10204
0.00177368 -10024
0.00179619 -9847
0.00181919 -9671
0.00184375 -9497
0.00186666 -9324
0.00189614 -9154
0.00198204 -8986
0.0020359 -8818
0.00207379 -8651
0.00210374 -8487
0.00213233 -8324
0.00215608 -8166
0.00217868 -8008
0.00220307 -7852
0.00222775 -7697
0.00225127 -7543
0.00227531 -7389
0.00229844 -7236
0.00232097 -7086
0.00234305 -6939
0.00236474 -6793
0.00238783 -6654
0.00241046 -6517
0.0024322 -6381
0.00245501 -6247
0.00247862 -6114
0.00249942 -5981
0.00252277 -5850
0.00254389 -5720
0.00256437 -5592
0.00258269 -5464
0.00260201 -5341
0.00262431 -5218
0.00264423 -5096
0.00266469 -4976
0.00268499 -4857
0.0027045 -4739
0.00272597 -4621
0.00274737 -4505
0.00276715 -4394
0.00278954 -4285
0.00280988 -4176
0.00282965 -4068
0.00285047 -3960
0.00286969 -3853
0.00288991 -3748
0.0029111 -3645
0.00293118 -3543
0.00295035 -3442
0.00296923 -3342
0.00298886 -3243
0.00301001 -3145
0.00302972 -3050
0.0030498 -2956
0.00307136 -2863
0.00308934 -2771
0.00310968 -2680
0.00312706 -2590
0.00314724 -2500
0.00320956 -2411
0.00324725 -2323
0.00327352 -2236
0.00329447 -2151
0.00331182 -2068
0.00333182 -1986
0.00335292 -1906
0.00337378 -1828
0.00339277 -1750
0.00341261 -1674
0.00343158 -1600
0.0034522 -1527
0.00347127 -1454
0.00348944 -1384
0.00350861 -1314
0.00352559 -1246
0.00354752 -1179
0.00356615 -1113
0.0035852 -1048
0.00360384 -983
0.00362286 -919
0.00364097 -855
0.00365921 -792
0.00367768 -731
0.00369723 -673
0.00371423 -617
0.0037334 -562
0.00375171 -509
0.00377025 -456
0.00378925 -405
0.00380803 -354
0.00382711 -304
0.00384527 -254
0.00386413 -205
0.00388228 -157
0.00389894 -111
0.0039184 -65
0.00393601 -19
0.00395549 23
0.00397331 62
0.00399145 100
0.00401065 136
0.0040277 172
0.00404379 207
0.00406067 242
0.00407873 275
0.00409705 308
0.00411526 341
0.00413391 373
0.00415097 404
0.00416996 435
0.00419127 465
0.00421164 494
0.00422886 522
0.00424886 550
0.00426657 576
0.00428489 601
0.00430301 626
0.00432264 651
0.00434179 676
0.00436352 700
0.00438139 724
0.00439812 748
0.00441616 770
0.00443493 791
0.00445312 812
0.00446976 832
0.00448822 851
0.00450675 870
0.00452225 889
0.00453948 908
0.00455696 933
0.00457608 956
0.00459608 977
0.00461522 996
0.00463254 1014
0.00465134 1030
0.00466924 1049
0.00468719 1065
0.00470443 1081
0.00472253 1096
0.00473986 1114
0.00475821 1129
0.00477871 1153
0.00479774 1167
0.00481531 1181
0.00483314 1195
0.00485219 1210
0.00486887 1229
0.00488952 1242
0.00491001 1260
0.00492994 1273
0.00494838 1289
0.0049803 1305
0.00500132 1325
0.00502044 1339
0.00503875 1352
0.00505709 1364
0.00507461 1388
0.00509561 1400
0.00511702 1412
0.00514 1424
0.00516166 1439
0.00517879 1450
0.00520035 1461
0.00522021 1472
0.00523704 1482
0.00525589 1492
0.00527699 1513
0.00529367 1525
0.00531307 1534
0.00533182 1553
0.00535071 1566
0.00537091 1574
0.00538853 1581
0.00540677 1607
0.0054264 1620
0.00544631 1628
0.00546549 1635
0.0054857 1647
0.00551273 1659
0.00553453 1673
0.00555397 1691
0.00557445 1701
0.00559686 1707
0.00561883 1713
0.00564154 1719
0.00566174 1728
0.00566781 1735
0.0056731 1740
0.0056849 1745
0.0056938 1750
0.00570518 1760
0.00572577 1769
0.00573174 1773
0.00573951 1778
0.0057555 1781
0.00576052 1783
0.00576692 1785
0.00577507 1800
0.00578616 1802
0.00579887 1812
0.00582039 1831
0.00583936 1840
0.00585404 1841
0.0059196 1843
0.00592694 1857
0.0061007 1871
0.00612359 1887
0.00617354 1895
0.00621471 1898
0.00621938 1900
0.00622333 1902
0.00622783 1903
0.00623921 1906
0.00632535 1907
0.00637637 1909
0.00638039 1911
0.00638426 1912
0.00639568 1914
0.00639793 1919
0.00642461 1933
0.00645298 1935
0.00645742 1936
0.00646494 1937
0.00648258 1946
0.00727318 1947
0.00727612 1949
2 1949
