0 -1104
1.39e-07 -939
3.58e-07 -895
0.000390868 -876
0.000419122 -850
0.000425 -803
0.000425657 -737
0.00042686 -652
0.000427954 -613
0.000428451 -534
0.00046127 -509
0.000461977 -499
0.000462056 -428
0.000462265 -369
0.000548003 -357
0.000553612 -303
0.00055409 -258
0.000554975 -211
0.000555601 -168
0.000557431 -136
0.000558376 -119
0.000558903 -76
0.000560166 -54
0.00056121 -16
0.00056306 -7
0.000564094 7
0.000576506 39
0.000577172 72
0.000577381 114
0.000578883 129
0.00059224 149
0.000611692 183
0.000612538 185
0.000615591 187
0.000616426 188
0.000647267 194
0.00064855 198
0.000649276 202
0.000652657 215
0.000658883 236
0.000664681 264
0.000670519 267
0.000670916 269
0.00067212 270
0.000672448 278
0.00067395 303
0.000676018 306
0.000678594 315
0.000681936 323
0.000682274 355
0.000703517 357
0.000706262 363
0.000711841 365
0.000717719 371
0.000719917 378
0.000720683 394
0.000723109 397
0.000723596 413
0.000723666 415
0.000732328 417
0.000734884 419
0.000738972 424
0.000756466 427
0.000918563 432
0.000924023 436
2 436
