0 -599
1.98e-07 -569
8.622e-06 -568
9.099e-06 -566
0.000593796 -563
0.000594318 -543
0.000594426 -486
0.000594777 -474
0.000595695 -456
0.000596361 -426
0.000596568 -364
0.000598926 -352
0.000599268 -338
0.000599827 -335
0.000600358 -293
0.000601258 -267
0.000601645 -223
0.000604174 -217
0.00060439 -171
0.000605776 -137
0.000605983 -71
0.000606838 -64
0.000608107 -55
0.000608854 -40
0.000609997 -9
0.000610276 28
0.000611059 42
0.000616018 86
0.000616495 121
0.000617323 123
0.000617422 136
0.00061753 162
0.000618079 189
0.000619213 191
0.00061933 194
0.000619735 233
0.000630697 236
0.000630976 244
0.000633244 279
0.000634999 293
0.000635107 300
0.000635485 339
0.000635863 342
0.000636637 344
0.000637114 360
0.000638617 364
0.000639121 378
0.000641461 387
0.00064255 402
0.000642982 414
0.000645484 418
0.000645781 437
0.000646087 468
0.000646663 494
0.00064742 496
0.000648014 519
0.000648671 562
0.000649112 587
0.00064931 603
0.000649409 614
0.000657545 633
0.000657923 649
0.000658706 659
0.000659255 664
0.000666104 665
0.000666662 679
0.000667517 681
0.000668075 686
0.000668264 689
0.000672476 695
0.000672593 746
0.000681494 750
0.000681809 787
0.000687263 807
0.000689603 811
0.000689981 838
0.000691601 855
0.000693734 886
0.000693869 899
0.000694058 905
0.000695094 913
0.000695391 973
0.000698838 974
0.000704499 1008
0.000704625 1025
0.000705012 1049
0.000707946 1050
0.000708324 1070
0.00071034 1076
0.000710898 1098
0.000711006 1104
0.000714948 1117
0.000715047 1126
0.000715227 1127
0.000715929 1132
0.000721338 1146
0.000721518 1147
0.000721995 1151
0.000724443 1176
0.000725487 1181
0.000727836 1190
0.000727944 1203
0.000728304 1213
0.000728529 1232
0.000732849 1233
0.000733038 1244
0.000733587 1251
0.000736314 1258
0.000751615 1284
0.00075184 1298
0.000755188 1301
0.000756403 1306
0.000765061 1310
0.000765457 1311
0.000766384 1315
0.000775663 1325
0.000775843 1359
0.000776563 1368
0.000777121 1383
0.000777679 1384
0.000782719 1387
0.000784708 1389
0.000785491 1395
0.000785887 1404
0.000786229 1419
0.000786976 1420
0.000787633 1439
0.000787921 1451
0.000788029 1457
0.000794735 1460
0.000802871 1493
0.000808649 1502
0.000810044 1505
0.000811304 1517
0.000811448 1523
0.000815318 1553
0.000816398 1575
0.000817487 1577
0.00081908 1579
0.000820088 1590
0.000826478 1594
0.000826946 1595
0.000829178 1613
0.000829376 1617
0.000832688 1623
0.000833363 1626
0.000840222 1635
0.000847791 1638
0.000848106 1642
0.000848205 1646
0.00084861 1655
0.000850815 1665
0.000851823 1672
0.000852084 1680
0.000853461 1683
0.000853587 1704
0.000853794 1717
0.000856782 1727
0.000857673 1732
0.000858024 1747
0.000858123 1760
0.000869481 1761
0.000870111 1780
0.000873936 1786
0.000874593 1792
0.0008748 1806
0.000880533 1822
0.000880992 1824
0.000882252 1826
0.000886258 1827
0.000896977 1830
0.000906526 1831
0.000908461 1832
0.000909946 1849
0.000910621 1852
0.000912547 1853
0.000913942 1857
0.000915472 1862
0.000940655 1869
0.000942401 1875
0.00094304 1884
0.000943751 1886
0.00095708 1887
0.000957377 1889
0.000959006 1892
0.000970247 1895
0.000971696 1899
0.000980769 1900
0.000989904 1902
0.000997779 1909
0.00100345 1913
0.00100523 1925
0.00101701 1929
0.00102053 1938
0.00105046 1941
0.00106259 1943
0.00106698 1944
0.00109612 1945
0.00110845 1947
0.00111676 1948
0.00111752 1949
0.0011178 1972
0.00113382 1975
0.00115303 1977
0.00116185 1978
0.00118121 1987
0.00119656 1989
0.00130021 1992
0.0013036 1994
0.0013763 1997
0.00148927 1999
0.0015052 2001
0.00150828 2008
2 2008
