0 211
1.099e-05 221
1.1377e-05 239
1.1494e-05 273
1.2403e-05 277
0.000498746 297
0.000498836 348
0.00049907 359
0.000499385 362
0.000501428 393
0.000501986 401
0.000502679 425
0.000502859 427
0.000502922 480
0.000503579 502
0.000503984 519
0.000504119 524
0.000504335 545
0.000504524 554
0.000504614 620
0.000506108 643
0.000506189 651
0.000506504 656
0.000517844 662
0.000574878 674
0.000575274 686
0.000575895 698
0.00057612 714
0.000578299 722
0.00057874 739
0.00057883 741
0.000579028 753
0.000579622 759
0.000579982 795
0.000580198 802
0.000580279 815
0.000585598 827
0.000586462 845
0.000586534 846
0.000586804 851
0.000588406 857
0.000588865 860
0.000589117 910
0.000591538 914
0.000623191 925
0.00062338 927
0.000626567 933
0.000626648 945
0.000627062 960
0.000627215 978
0.000627683 981
0.000627836 985
0.000628565 989
0.000628826 999
0.00062915 1003
0.00062924 1009
0.000629564 1012
0.00063014 1020
0.000630941 1031
0.000631211 1049
0.000638483 1058
0.000638816 1064
0.000638978 1069
0.000639698 1076
0.00063977 1078
0.000639923 1085
0.00064013 1094
0.000645539 1097
0.000647042 1124
0.000647213 1135
0.000647996 1143
0.000648068 1154
0.000651578 1171
0.00065264 1185
0.000653738 1199
0.000653828 1217
0.000654395 1228
0.000654557 1230
0.000655187 1242
0.000675528 1243
0.000675726 1251
0.000676896 1276
0.00067758 1282
0.000681108 1285
0.000681369 1290
0.000682206 1294
0.000683169 1318
0.000683349 1325
0.000683538 1330
0.000683619 1333
0.000702276 1335
0.000702357 1336
0.000702591 1346
0.000703815 1362
0.000706065 1365
0.000706596 1367
0.000709845 1398
0.000710475 1400
0.000717612 1417
0.000718647 1419
0.000747853 1424
0.000748321 1426
0.000748645 1432
0.000748888 1444
0.000757798 1447
0.000758023 1448
0.000761992 1449
0.00076372 1452
0.000775376 1456
0.000775862 1459
0.000777248 1465
0.000777608 1478
0.000777878 1481
0.00078686 1482
0.000787814 1498
0.000791747 1504
0.000793169 1506
0.000795275 1509
0.000796895 1518
0.000799145 1538
0.000837819 1539
0.000848772 1548
0.000850932 1549
0.000851571 1554
0.000858564 1555
0.000859788 1560
0.000877051 1569
0.000916094 1570
2 1570
