0 -2850
2.89e-07 -2780
0.000383738 -2666
0.000405031 -2619
0.000405797 -2572
0.000413514 -2533
0.000413982 -2428
0.000417254 -2397
0.000418099 -2306
0.000418905 -2240
0.000422117 -2231
0.000422863 -2180
0.000423261 -2072
0.000448432 -2063
0.000454558 -2017
0.000454767 -1948
0.000456309 -1837
0.000457552 -1763
0.000460038 -1700
0.000460625 -1588
0.000461321 -1519
0.000467606 -1453
0.000475344 -1413
0.000482673 -1365
0.000484722 -1263
0.000485299 -1210
0.000496845 -1178
0.000497114 -1108
0.00049779 -1045
0.000502345 -1009
0.000505299 -1007
0.000505428 -941
0.000505886 -880
0.000509625 -870
0.000512191 -771
0.000513534 -708
0.000514667 -642
0.00051592 -556
0.000523578 -524
0.000524205 -523
0.000525279 -492
0.000525925 -459
0.000526691 -426
0.000530172 -370
0.000534697 -366
0.000545886 -359
0.000551873 -332
0.000553215 -306
0.00055597 -302
0.000569953 -296
0.000570888 -293
0.000577939 -271
0.000579341 -243
0.000585856 -181
0.000598118 -177
0.000600226 -153
0.000612439 -108
0.000612728 -76
0.000614796 -19
0.000619003 7
0.000623031 62
0.000632161 67
0.000642404 88
0.000646482 93
0.00066139 121
0.000664642 122
0.00069957 135
0.000702822 147
0.000704025 158
0.000705487 186
0.00070853 230
0.000713135 232
0.000715601 234
0.000743607 240
0.000754199 248
0.000758276 260
0.000761031 279
0.000762483 284
0.000763309 292
0.000768699 319
0.000791822 325
0.000822026 351
0.000861349 355
0.000872577 357
0.000875133 358
0.00087745 359
0.000913343 363
0.000918027 380
0.000921866 384
0.000931871 388
0.00093744 391
0.000942552 401
0.000944621 408
0.000949573 421
0.000980384 423
0.0010421 435
0.0010447 436
0.00106281 440
0.0011249 441
0.00114309 443
0.00115339 444
0.0011545 445
0.00115557 448
0.0011572 451
0.00120423 456
0.00121803 458
0.00133595 459
2 459
