0 -2631
5.17e-07 -2503
0.000580693 -2495
0.000581727 -2380
0.000590171 -2320
0.000592508 -2269
0.000597272 -2170
0.000597361 -2094
0.000597968 -2038
0.000598813 -1969
0.000599151 -1903
0.000602334 -1890
0.000605914 -1878
0.000610608 -1863
0.000611334 -1730
0.000614298 -1649
0.000616625 -1584
0.000618694 -1537
0.000619659 -1488
0.000620723 -1447
0.000625904 -1445
0.000627674 -1392
0.000627784 -1320
0.000628808 -1265
0.000629833 -1195
0.000630151 -1157
0.0006322 -1083
0.000651473 -1081
0.000651633 -1014
0.000661826 -975
0.000662105 -913
0.000662722 -823
0.000667068 -793
0.000667366 -718
0.000669902 -683
0.000672 -672
0.000673522 -605
0.000677391 -566
0.000692557 -520
0.000696496 -513
0.000697808 -463
0.000707774 -451
0.000717997 -398
0.000719777 -350
0.000720901 -345
0.000722274 -281
0.000727684 -271
0.000728122 -228
0.000732408 -185
0.000733393 -149
0.000734457 -124
0.000735024 -109
0.000738673 -90
0.000741985 -43
0.000761478 -7
0.00077205 19
0.000772418 26
0.000775013 52
0.000778494 65
0.000778703 74
0.000824869 75
0.000827316 88
0.000842979 103
0.000845714 105
0.000865207 120
0.000870408 131
0.000874973 136
0.000880443 138
0.00088274 139
0.000883287 156
0.000885097 177
0.000885744 179
0.000906281 202
0.000906957 208
0.00091379 234
0.000916047 237
0.000919548 246
0.000920194 251
0.000920741 256
0.000926848 291
0.000928329 299
0.000931164 304
0.000944709 305
0.000947872 306
0.000948986 313
0.000951104 316
0.000969294 321
0.000972626 326
0.00107898 327
0.0011118 330
0.00111948 333
0.00113228 334
0.00114099 337
0.00114657 355
0.0011659 359
0.00121946 362
0.00126169 363
0.00126714 373
0.0012709 376
0.00128553 378
0.0014034 379
0.0014675 382
2 382
