0 651
4.41e-07 674
0.000651532 693
0.000652468 697
0.000653701 717
0.000654061 725
0.000655259 757
0.000658337 809
0.000658715 833
0.000658922 848
0.000659273 871
0.00066965 875
0.000670442 890
0.000670568 894
0.000670712 909
0.000671054 920
0.000671288 935
0.00067163 936
0.000777751 938
0.000778057 945
0.000778615 950
0.000781288 951
0.00078136 966
0.000783115 983
0.000783457 986
0.000784312 990
0.000785212 1001
0.000785437 1009
0.000785707 1023
0.000795922 1026
0.000796922 1030
0.000799523 1036
0.000800162 1038
0.000801089 1047
0.000801575 1073
0.000802367 1082
0.000802529 1114
0.000802781 1115
0.000803213 1127
0.000806678 1134
0.000807101 1137
0.000807938 1148
0.000808991 1158
0.000843524 1166
0.000849519 1177
0.000849825 1189
0.000853335 1204
0.000853632 1210
0.000854541 1211
0.000855612 1213
0.000857025 1216
0.000857484 1225
0.000857835 1227
0.000870561 1230
0.000870741 1245
0.000871533 1262
0.000873423 1286
0.000874719 1296
0.000875043 1302
0.000891811 1303
0.000892594 1308
0.000892909 1312
0.000892999 1318
0.00089344 1330
0.000894475 1345
0.000897859 1352
0.000900892 1356
0.000902089 1361
0.000914014 1363
0.000917776 1372
0.000918442 1377
0.000924076 1383
0.000959798 1385
0.000965801 1386
0.000967961 1388
0.000968618 1391
0.000972002 1392
0.000973406 1396
0.000980948 1397
0.000983153 1400
0.000988068 1402
0.000990615 1408
0.0009921 1411
0.000993405 1412
0.000993495 1416
0.00101508 1417
0.0010153 1421
0.00101994 1432
0.00102016 1434
0.0010208 1437
0.00102153 1445
0.0010231 1446
0.00112063 1452
0.00112781 1453
0.00116922 1454
0.00118396 1457
0.00118453 1458
0.00118676 1459
0.00121937 1461
0.00122226 1462
0.0013461 1469
2 1469
