0 -5094
4.08e-07 -4936
0.000386622 -4927
0.000388372 -4792
0.000388491 -4681
0.000393971 -4582
0.000394926 -4433
0.000397631 -4424
0.00039774 -4285
0.000398297 -4196
0.000398556 -4062
0.000398745 -3962
0.000404255 -3886
0.000404851 -3784
0.000407487 -3701
0.000408561 -3599
0.000410381 -3524
0.000413524 -3515
0.000413623 -3417
0.000414518 -3316
0.000425816 -3311
0.000426751 -3233
0.000427904 -3136
0.000430311 -3094
0.000433066 -3034
0.000433782 -2908
0.000437034 -2847
0.00044328 -2743
0.000444254 -2636
0.000445388 -2532
0.000446989 -2417
0.000449605 -2332
0.000459998 -2314
0.000473255 -2245
0.000473434 -2151
0.000478695 -2106
0.000478973 -2033
0.000482454 -1931
0.000482802 -1871
0.000486054 -1807
0.000486472 -1727
0.000499868 -1714
0.000500127 -1631
0.000500286 -1560
0.000502534 -1493
0.000504672 -1428
0.000523031 -1412
0.000524214 -1366
0.000524712 -1282
0.0005413 -1206
0.000551017 -1202
0.00055218 -1139
0.000552857 -1066
0.00055583 -1020
0.000563647 -973
0.000564015 -911
0.000565437 -856
0.000566661 -774
0.000575422 -714
0.000576208 -656
0.000607367 -653
0.000609505 -581
0.000613821 -562
0.000615631 -478
0.000617809 -429
0.00061947 -393
0.000622523 -329
0.000628828 -269
0.00063215 -226
0.000642553 -204
0.000650091 -164
0.000651573 -124
0.000652518 -106
0.0006539 -95
0.000671334 -24
0.000676377 -5
0.000680295 -3
0.000681439 38
0.000684422 54
0.000693055 61
0.000693612 72
0.000710449 102
0.000711066 103
0.000712219 111
0.000716874 127
0.000717291 140
0.000731364 146
0.000762284 148
0.000766133 161
0.000767833 178
0.00077016 182
0.000779519 195
0.000792398 198
0.000860304 202
0.000866271 206
0.000869872 210
0.000882353 220
0.00090832 234
0.000912119 235
0.000938384 244
0.000941816 260
0.000990856 267
0.00100148 272
0.0010042 276
0.00102826 277
0.00103011 278
0.00103988 285
0.00106272 286
0.00107665 288
0.00108964 290
0.00111748 294
0.00113966 295
0.00116717 323
0.00117009 324
0.00117633 327
0.00117667 333
0.00119496 339
0.00121313 343
0.00123163 344
0.00124985 350
0.00126677 352
0.00127465 354
0.00131277 355
0.00131839 356
0.00131894 359
0.00139616 361
0.00150168 362
0.0017464 365
2 365
