0 681
0.000951573 692
0.000952356 694
0.000952527 705
0.000955146 716
0.000958719 722
0.000959385 774
0.000961626 813
0.00096222 815
0.000966639 839
0.000966792 850
0.000966954 851
0.000967386 858
0.000968808 866
0.000969321 896
0.000971103 905
0.000972588 907
0.000973056 935
0.000973227 936
0.000973488 966
0.000974028 970
0.000976206 978
0.000983253 988
0.000983712 992
0.000983883 995
0.000984207 1008
0.000984468 1020
0.000984729 1047
0.000985359 1056
0.00098553 1098
0.000985944 1103
0.000987402 1107
0.000987519 1116
0.000988572 1126
0.000988716 1173
0.00101433 1181
0.00103496 1198
0.00103527 1223
0.00103544 1226
0.00103925 1228
0.00103999 1232
0.00104021 1238
0.00104115 1244
0.00104172 1256
0.00104275 1267
0.00104316 1269
0.00104702 1275
0.00104738 1281
0.00104757 1313
0.00105036 1317
0.00105052 1326
0.00105167 1332
0.00105235 1333
0.00105402 1351
0.00105482 1362
0.00106289 1369
0.00106332 1381
0.00106381 1383
0.00106398 1393
0.00106427 1397
0.00106441 1407
0.00106506 1412
0.00106518 1417
0.00106605 1423
0.00106634 1424
0.00107274 1425
0.00107325 1438
0.0010769 1449
0.00107703 1451
0.00107841 1454
0.00107926 1473
0.00107994 1479
0.00108428 1482
0.00108471 1486
0.00108537 1490
0.00108827 1497
0.00108859 1502
0.00109708 1503
0.00109737 1507
0.00109816 1518
0.00109972 1520
0.0011009 1524
0.00110287 1531
0.00110302 1553
0.00110501 1556
0.00110515 1557
0.00112348 1558
0.00112376 1585
0.0011246 1587
0.00112546 1594
0.00112677 1595
0.00113031 1598
0.00115013 1614
0.00116561 1618
0.00116841 1619
0.00117085 1625
0.00118826 1628
0.00118945 1635
0.0011901 1655
0.00119122 1662
0.00119137 1665
0.001195 1674
0.0012 1676
0.0012006 1679
0.00120705 1682
0.00120851 1688
0.00120963 1690
0.00121088 1698
0.00121165 1701
0.00121269 1718
0.00121319 1720
0.00121456 1737
0.00121511 1739
0.00121547 1740
0.00121995 1744
0.00122064 1748
0.00122152 1752
0.00122493 1759
0.00122882 1760
0.00122903 1761
0.00122953 1764
0.00123071 1766
0.00123301 1775
0.00123563 1777
0.00123886 1788
0.00123918 1790
0.0012406 1793
0.00125281 1807
0.00125709 1808
0.00131437 1809
0.00132522 1810
0.0013255 1815
0.00132656 1823
0.00133279 1824
0.00134431 1827
0.00134489 1832
0.00136244 1836
0.00136552 1837
0.00136741 1845
0.00136758 1855
0.0013713 1857
0.00137432 1859
0.00137919 1864
0.00138998 1866
0.00139223 1869
0.00139488 1870
0.00140079 1877
0.00140238 1883
0.00140272 1886
0.00140752 1887
0.00140918 1891
0.00140944 1899
0.00141374 1910
0.00141708 1917
0.00142824 1919
0.00142859 1925
0.00142957 1936
0.00143009 1937
0.0014314 1940
0.00144912 1941
0.00145455 1945
0.00146152 1947
0.00146199 1949
0.00146474 1952
0.00146573 1954
0.00146692 1956
0.00147529 1957
0.00149066 1966
0.00152081 1968
0.00157894 1969
2 1969
