0 503
2.61e-07 511
9.037e-06 524
9.244e-06 554
9.424e-06 560
0.000623696 577
0.000623885 592
0.000625451 604
0.000625595 628
0.000625892 632
0.000625991 675
0.000644252 683
0.000644882 745
0.000645305 763
0.000674241 778
0.000676203 782
0.000676896 797
0.000677229 800
0.000684213 809
0.000685617 819
0.000685743 822
0.000686022 849
0.000686598 865
0.000705768 884
0.000706623 901
0.000706749 931
0.000707091 935
0.000708487 951
0.000711106 958
0.000711241 970
0.000712411 975
0.000712519 977
0.000713815 978
0.000714328 979
0.000716623 987
0.000752497 988
0.000753037 1005
0.000753442 1007
0.000754334 1028
0.000754721 1034
0.000760346 1046
0.000760445 1054
0.000761138 1058
0.000761786 1077
0.000766016 1093
0.000770516 1100
0.000771236 1155
0.000771722 1157
0.000771911 1162
0.000772109 1164
0.000773126 1168
0.000773603 1169
0.000774926 1174
0.000794897 1181
0.000795554 1203
0.000797048 1213
0.000832743 1219
0.000832878 1233
0.000834102 1246
0.000835722 1248
0.000836838 1251
0.000837504 1280
0.000848755 1284
0.000849196 1300
0.00085249 1307
0.000874954 1328
0.000875413 1342
0.000876664 1356
0.000879328 1358
0.000880453 1363
0.000880903 1367
0.000881227 1370
0.00088201 1372
0.00088273 1386
0.000883792 1392
0.000884773 1405
0.000889606 1413
0.000890155 1414
0.000894764 1422
0.000898013 1425
0.000898256 1427
0.000898346 1440
0.00089948 1453
0.000899858 1462
0.000900083 1465
0.000903908 1473
0.000913421 1479
0.000913673 1481
0.00091388 1494
0.00091442 1497
0.000914762 1511
0.000917273 1521
0.000919289 1523
0.000919433 1530
0.000927407 1533
0.000927641 1537
0.000929603 1543
0.000974181 1545
0.000975216 1547
0.000978879 1549
0.000996178 1552
0.000997186 1556
0.00099904 1574
0.00101702 1578
0.00101754 1593
0.00101798 1596
0.00101891 1598
0.00102001 1601
0.00102015 1603
0.00102302 1604
0.00102834 1612
0.0010342 1623
0.00103927 1627
0.00105142 1631
0.00105664 1635
0.00106887 1642
0.00107059 1645
0.00108083 1649
0.00108386 1651
0.00110636 1653
0.00119061 1660
2 1660
