0 333
5.49e-07 354
0.000388592 376
0.000388925 379
0.000389168 404
0.000389519 428
0.000389969 463
0.000390167 482
0.000452214 511
0.000452403 512
0.000452565 516
0.000474085 537
0.00047548 559
0.000475705 561
0.000477343 572
0.000477451 589
0.000477712 597
0.000483364 603
0.000483463 608
0.00048358 640
0.000486442 641
0.000487423 643
0.000487675 645
0.000488143 662
0.000492922 668
0.000495802 678
0.000498772 686
0.000498862 693
0.000499006 709
0.000542531 718
0.000544511 726
0.000544637 731
0.000544844 733
0.000545159 735
0.000559847 737
0.000559973 759
0.000560297 762
0.000560693 769
0.000562403 784
0.000563159 785
0.000610095 789
0.0006187 791
0.000623704 797
0.000628177 799
0.000653647 805
0.000654151 807
0.000658174 808
0.000670595 812
2 812
