0 501
1.08e-07 522
0.000556248 524
0.000556383 544
0.000577417 551
0.000578416 588
0.000579046 593
0.000588109 609
0.000591997 617
0.000592186 643
0.00059386 687
0.000598369 708
0.000598486 715
0.000598954 722
0.000599053 775
0.00059917 779
0.000599467 788
0.000600295 792
0.000600502 793
0.000621851 808
0.000626981 847
0.000627305 856
0.000627566 884
0.00062789 912
0.000667617 924
0.00066813 956
0.000669084 970
0.000669183 981
0.000673863 988
0.000673944 1010
0.000674943 1020
0.000676401 1025
0.00067695 1027
0.000678066 1043
0.000678174 1056
0.000706516 1074
0.0007081 1076
0.000709954 1087
0.000710368 1091
0.000719323 1113
0.000741463 1114
0.000741895 1134
0.000742219 1144
0.0007423 1162
0.000743038 1167
0.000743137 1176
0.000743407 1190
0.000745594 1208
0.000747241 1219
0.000748385 1224
0.000748466 1239
0.000753119 1246
0.000754055 1250
0.000785285 1261
0.00078551 1266
0.000785609 1278
0.000786716 1297
0.000806553 1303
0.000807012 1307
0.000820557 1311
0.000822114 1313
0.000822492 1321
0.000822933 1323
0.000824472 1328
0.000838638 1334
0.00083979 1335
0.00084078 1337
0.000844651 1345
0.000865522 1348
0.000866035 1353
0.000866242 1361
0.00086707 1362
0.00086788 1366
0.000900524 1367
0.000910694 1376
0.000912836 1387
0.000917912 1388
0.000920351 1390
0.000926048 1393
0.000933806 1396
0.00093918 1402
0.000941223 1405
0.000942321 1421
0.000944589 1425
0.00102803 1428
0.00104326 1430
0.001045 1445
0.00108552 1447
2 1447
