0 275
1.8e-07 327
1.3734e-05 340
0.000626485 344
0.000626584 347
0.000626863 356
0.000631903 385
0.000632425 392
0.000633145 413
0.000633523 432
0.000646708 461
0.000648148 463
0.000648274 487
0.000648463 526
0.000653522 572
0.000654395 576
0.000654476 605
0.000655016 617
0.000658526 644
0.000662666 650
0.000663251 658
0.000685931 662
0.000686012 671
0.000686399 681
0.000686651 688
0.000686741 694
0.000687146 740
0.000687497 751
0.000687569 783
0.000692933 791
0.000693014 792
0.000695741 807
0.000696119 809
0.000697037 814
0.000697469 822
0.000698117 835
0.00069899 840
0.000699576 842
0.000699666 878
0.000700035 883
0.000701682 899
0.000701781 912
0.00071259 917
0.00071502 921
0.00071547 930
0.000715785 933
0.000716064 935
0.00071655 946
0.000716811 975
0.000717225 991
0.000718296 1034
0.000718485 1037
0.000718593 1046
0.000721977 1056
0.000722625 1090
0.000726981 1097
0.000727125 1101
0.000727701 1103
0.000742425 1112
0.000744477 1119
0.000749527 1124
0.000750517 1137
0.000751057 1152
0.000752146 1158
0.00075238 1159
0.000754549 1176
0.000755179 1179
0.000756385 1194
0.000756628 1237
0.00078055 1239
0.000781612 1243
0.00078406 1264
0.000784555 1289
0.000785455 1317
0.000785788 1332
0.000785923 1337
0.000786031 1339
0.000808262 1346
0.000808658 1349
0.000809531 1350
0.000814436 1353
0.000815147 1356
0.000816371 1358
0.000816722 1359
0.000818432 1369
0.000824642 1379
0.000827045 1389
0.000827774 1391
0.000830402 1395
0.00084384 1401
0.0008451 1402
0.00085878 1405
0.000858978 1415
0.000861624 1422
0.000863658 1430
0.000869967 1436
0.000871632 1450
0.000872361 1467
0.000873 1483
0.000874053 1495
0.000886383 1501
0.000888462 1514
0.000889372 1521
0.000891757 1522
0.000891919 1525
0.000892387 1527
0.000892585 1528
0.000894205 1534
0.000894403 1541
0.000894574 1559
0.000899974 1565
0.000900334 1573
0.000905878 1578
0.000906121 1582
0.000906211 1583
0.000912367 1584
0.000913105 1596
0.000929557 1597
0.000930241 1603
0.000947702 1607
0.000948089 1612
0.000952679 1616
0.000953183 1618
0.000965405 1620
0.000966881 1625
0.000991101 1633
0.000993468 1636
0.00101516 1639
0.0010214 1643
0.00102392 1644
0.00103084 1650
0.00104473 1651
0.0010448 1662
0.0010564 1668
0.00105858 1669
0.0010687 1673
0.00107167 1674
0.00111095 1676
0.00112375 1680
0.00115629 1691
0.00118438 1692
2 1692
