0 583
2.79e-07 622
5.22e-07 625
6.93e-07 628
9.658e-06 638
9.991e-06 649
0.000599422 654
0.000599539 658
0.000600637 689
0.000601114 698
0.000601618 732
0.00060196 757
0.000602473 766
0.000603157 785
0.000603553 825
0.00060817 838
0.000620123 839
0.00062042 840
0.000621239 845
0.000621761 852
0.000622463 878
0.000622895 886
0.000622967 896
0.000623156 911
0.000633605 919
0.000634172 922
0.000634532 944
0.000680379 974
0.000681162 977
0.000682224 982
0.000682305 988
0.000682602 1015
0.000683646 1028
0.000684321 1032
0.000685302 1058
0.000688263 1078
0.000689091 1092
0.000692097 1103
0.000693033 1107
0.000693213 1122
0.000693726 1137
0.000694149 1138
0.000694428 1142
0.000696057 1145
0.000696624 1156
0.000696795 1164
0.000697542 1181
0.000697866 1197
0.000698046 1206
0.000698613 1211
0.00069918 1212
0.000701556 1217
0.00070242 1240
0.000703905 1252
0.000704103 1257
0.000705192 1265
0.00070548 1274
0.000706893 1277
0.000715219 1297
0.000733336 1307
0.000733777 1310
0.000735622 1312
0.000736162 1318
0.000739186 1322
0.000739519 1333
0.000740491 1349
0.000741058 1352
0.000749797 1360
0.000752335 1361
0.000752524 1374
0.000753694 1379
0.000753955 1399
0.000754567 1405
0.000761921 1425
0.000762254 1436
0.000763694 1446
0.000764738 1451
0.000772064 1476
0.000773207 1478
0.000775088 1480
0.000775493 1493
0.000790352 1497
0.000795239 1499
0.000798461 1510
0.000804545 1516
0.00080955 1518
0.000815526 1529
0.0008163 1547
0.000817947 1550
0.000820296 1552
0.000821088 1560
0.000823635 1577
0.000827829 1586
0.000828045 1587
0.000828378 1595
0.000828567 1608
0.000828648 1609
0.000828792 1610
0.000839718 1619
0.000840546 1620
0.000842274 1624
0.000850491 1625
0.000851634 1626
0.000852435 1630
0.000872542 1631
0.000909272 1634
0.000916337 1638
0.00091838 1640
0.000920594 1645
0.000922043 1664
0.000957369 1680
0.000993558 1682
0.000996006 1688
0.000997816 1689
0.00105166 1692
2 1692
