695 0.00965318
633 0.0101648
669 0.0104463
689 0.0107219
712 0.0100553
673 0.0103477
737 0.0101929
704 0.0113972
697 0.0106054
679 0.0100836
449 0.0135791
354 0.0145584
372 0.0139874
422 0.0166258
441 0.0147963
421 0.0156999
383 0.0146791
383 0.0134284
348 0.0144021
402 0.0157391
1588 0.0221377
1554 0.022617
1598 0.0148348
1553 0.0306326
1611 0.0268241
1515 0.0194281
1544 0.0305997
1532 0.0229926
1618 0.024863
1505 0.0212867
1444 0.0222845
1479 0.0223598
1553 0.0242531
1398 0.0182753
1502 0.0292435
1522 0.0273557
1490 0.0189271
1499 0.0177636
1438 0.0235469
1556 0.0319961
