0 -38229
4.7e-08 -37699
1.1104e-05 -37193
2.2998e-05 -36688
4.1605e-05 -36190
6.3107e-05 -35693
9.4595e-05 -35200
0.00011573 -34717
0.000140336 -34244
0.000174239 -33772
0.000197886 -33305
0.000213954 -32850
0.000231216 -32398
0.000247745 -31963
0.00026292 -31529
0.000279448 -31098
0.000295582 -30676
0.000312769 -30260
0.000328819 -29845
0.000345376 -29432
0.000362469 -29025
0.00037959 -28618
0.00039547 -28221
0.000411472 -27831
0.000429148 -27443
0.000446862 -27060
0.000463362 -26678
0.000480098 -26299
0.000497285 -25922
0.00051325 -25546
0.000529036 -25173
0.000546693 -24801
0.000561943 -24432
0.000579008 -24065
0.000596787 -23700
0.000611698 -23337
0.000627644 -22977
0.000644389 -22617
0.000660711 -22261
0.0006807 -21906
0.000698959 -21559
0.000713833 -21212
0.000731782 -20868
0.00074816 -20527
0.000765027 -20187
0.000782872 -19852
0.000800445 -19517
0.000816917 -19187
0.000833277 -18859
0.00085115 -18531
0.000868892 -18208
0.000886295 -17892
0.000903538 -17577
0.000918901 -17263
0.000937527 -16950
0.000952683 -16637
0.000970378 -16328
0.000988091 -16023
0.00100546 -15723
0.0010205 -15427
0.00103553 -15132
0.00105363 -14838
0.00107364 -14545
0.00109095 -14256
0.00111007 -13969
0.00112913 -13683
0.00117068 -13399
0.00119255 -13121
0.00121376 -12844
0.00123686 -12576
0.00125765 -12309
0.00127531 -12042
0.00129565 -11776
0.00131711 -11511
0.00133741 -11246
0.00135557 -10989
0.00137455 -10734
0.00139791 -10481
0.00141985 -10229
0.0014415 -9978
0.00146218 -9728
0.0014797 -9480
0.00149959 -9244
0.0015251 -9010
0.0015489 -8779
0.00157619 -8549
0.00159808 -8321
0.00162058 -8094
0.00164242 -7869
0.00166391 -7649
0.00168692 -7430
0.0017085 -7213
0.00173447 -7000
0.00175695 -6790
0.00178127 -6580
0.00180733 -6370
0.00183024 -6165
0.00185117 -5964
0.00187491 -5767
0.00189725 -5571
0.00192329 -5375
0.00194703 -5180
0.00197125 -4986
0.00199942 -4792
0.00202722 -4606
0.00205725 -4420
0.00208929 -4236
0.00211765 -4063
0.00214563 -3891
0.00217721 -3726
0.00220691 -3563
0.00223797 -3405
0.00227342 -3248
0.0023066 -3094
0.00234302 -2942
0.00237506 -2791
0.00241016 -2642
0.00244441 -2495
0.00247803 -2354
0.00255786 -2218
0.002623 -2083
0.00273937 -1950
0.00281917 -1820
0.00287534 -1690
0.00293137 -1565
0.00297347 -1444
0.00302204 -1336
0.0030689 -1228
0.00311597 -1120
0.00317029 -1015
0.00321946 -914
0.00326844 -817
0.00335544 -724
0.00343226 -640
0.00349893 -562
0.00355671 -486
0.00360675 -415
0.00365671 -345
0.00370844 -276
0.00382235 -215
0.00390183 -155
0.0039751 -97
0.00402319 -42
0.00405964 7
0.00408904 53
0.00411752 97
0.00414887 140
0.00417543 180
0.00422733 210
0.0042651 237
0.00429945 260
0.00432891 281
0.0043621 300
0.00438868 318
0.00441688 333
0.00444295 346
0.0044701 356
0.00449901 361
0.00453695 365
0.00457407 370
0.00460577 375
0.00464327 378
0.00467594 384
0.00470655 388
0.00474028 394
0.0047786 398
0.00481622 401
0.00487833 404
0.00494548 407
0.00499427 414
0.00503637 416
0.00513038 424
0.00515919 428
0.00518539 429
0.00521504 432
0.00527761 433
0.00530502 436
0.00535539 447
0.00538437 457
0.00723207 458
0.00726079 459
0.0072847 462
0.00737105 469
0.00845794 472
0.00848939 475
0.00857718 477
0.00860658 479
0.00901812 482
0.00905531 486
0.01022 487
0.0125224 495
0.0176995 497
0.0177295 507
0.0177585 516
2 516
