0 -163994
6.4e-08 -162928
1.27e-05 -161886
2.6813e-05 -160926
5.5277e-05 -159966
0.000108147 -159013
0.000154403 -158061
0.000198603 -157112
0.000239491 -156171
0.000283894 -155235
0.000323648 -154305
0.000362876 -153379
0.000401855 -152454
0.000440585 -151531
0.000479343 -150609
0.000517851 -149688
0.000556102 -148769
0.000594647 -147850
0.000634106 -146935
0.000672587 -146022
0.000710921 -145113
0.000749355 -144209
0.000787744 -143308
0.000825773 -142408
0.000863996 -141508
0.000901979 -140613
0.000939418 -139722
0.000976995 -138832
0.00101511 -137945
0.00105369 -137059
0.00109262 -136174
0.00113106 -135293
0.00117147 -134413
0.00121293 -133534
0.00125199 -132657
0.00129114 -131782
0.00133015 -130907
0.00136899 -130034
0.00140729 -129163
0.00144547 -128294
0.00148407 -127428
0.00152273 -126564
0.00156178 -125700
0.00160043 -124837
0.00163858 -123977
0.00167705 -123118
0.00171645 -122260
0.00175704 -121408
0.00180534 -120556
0.00185408 -119707
0.00189984 -118859
0.00194326 -118012
0.00198465 -117169
0.00202652 -116326
0.00206768 -115483
0.00210752 -114647
0.00214638 -113812
0.00218487 -112977
0.00222412 -112143
0.002263 -111310
0.00230155 -110479
0.00233966 -109650
0.00237866 -108822
0.0024186 -107996
0.00246033 -107171
0.00250093 -106350
0.00254047 -105531
0.00257943 -104712
0.00261885 -103893
0.00265855 -103075
0.00269714 -102258
0.00273572 -101441
0.00277377 -100625
0.0028116 -99809
0.00285039 -98993
0.00288939 -98178
0.00292761 -97363
0.00296715 -96548
0.0030065 -95734
0.00304849 -94922
0.00308586 -94113
0.00312354 -93305
0.0031633 -92497
0.00320274 -91690
0.00324287 -90885
0.003282 -90080
0.00332137 -89275
0.00336962 -88475
0.00340962 -87677
0.00344894 -86880
0.00348723 -86084
0.00352445 -85288
0.00356141 -84493
0.00359876 -83699
0.00363675 -82907
0.00369554 -82116
0.00373726 -81327
0.00377682 -80540
0.0038152 -79753
0.00385277 -78967
0.00389098 -78182
0.00393212 -77397
0.00399373 -76613
0.00403477 -75830
0.00407652 -75047
0.00411553 -74267
0.00415288 -73496
0.00419112 -72727
0.00423251 -71961
0.00427414 -71197
0.00431428 -70433
0.00435283 -69669
0.00439161 -68907
0.00442998 -68147
0.00446746 -67389
0.00450576 -66634
0.0045477 -65885
0.00459063 -65139
0.00463254 -64398
0.00467399 -63658
0.00471741 -62918
0.00475954 -62179
0.00480139 -61440
0.00484456 -60703
0.00489215 -59966
0.00493492 -59232
0.00497847 -58499
0.0050207 -57767
0.00506164 -57035
0.00510631 -56304
0.00514698 -55573
0.00518746 -54849
0.00522621 -54129
0.00526734 -53410
0.00531149 -52691
0.00535602 -51972
0.00540226 -51256
0.0054628 -50541
0.0055263 -49826
0.00557746 -49111
0.00562438 -48399
0.00567107 -47687
0.00571786 -46978
0.00576194 -46274
0.0058097 -45573
0.00585207 -44872
0.00589417 -44175
0.005939 -43479
0.00598528 -42783
0.00607827 -42088
0.00613249 -41395
0.00618242 -40703
0.00623294 -40014
0.00628172 -39333
0.00633073 -38654
0.00638016 -37977
0.00642934 -37305
0.00647867 -36635
0.00653099 -35967
0.00658482 -35300
0.00663774 -34645
0.00668894 -33995
0.0067502 -33347
0.00680879 -32702
0.006867 -32057
0.00692644 -31416
0.00698367 -30778
0.00704045 -30141
0.00709927 -29504
0.00715818 -28869
0.00721594 -28237
0.00727225 -27616
0.00733194 -26996
0.00740965 -26381
0.00747851 -25774
0.00754711 -25170
0.00761369 -24566
0.00768561 -23963
0.00775256 -23363
0.00781878 -22766
0.00788651 -22179
0.00799806 -21593
0.0080771 -21007
0.00814585 -20426
0.0082165 -19846
0.00828588 -19270
0.0083558 -18696
0.00842791 -18133
0.00850101 -17581
0.00857396 -17036
0.00865136 -16502
0.00873202 -15971
0.00881593 -15443
0.0089018 -14927
0.00898579 -14413
0.00910611 -13900
0.00920826 -13401
0.00930935 -12912
0.009409 -12425
0.00950612 -11942
0.00960046 -11460
0.00969807 -11001
0.00979823 -10546
0.00990138 -10095
0.0100046 -9655
0.0101062 -9224
0.0102166 -8801
0.0103349 -8388
0.0104592 -7978
0.0105856 -7569
0.0107132 -7169
0.0108478 -6771
0.0109866 -6399
0.0111398 -6035
0.011292 -5671
0.0114487 -5312
0.0116098 -4957
0.0117789 -4604
0.0119717 -4260
0.0121718 -3940
0.0123601 -3637
0.0125515 -3343
0.0127554 -3068
0.0129538 -2800
0.0131511 -2536
0.0133499 -2283
0.0135521 -2038
0.0137554 -1810
0.0139589 -1605
0.0141712 -1400
0.0143745 -1208
0.0145843 -1027
0.0147844 -862
0.014976 -712
0.0151598 -566
0.0153359 -451
0.015505 -343
0.0156691 -245
0.0158215 -160
0.0159924 -87
0.0161428 -30
0.0162694 23
0.0163949 65
0.0165052 83
0.0166065 95
0.0166991 112
0.0167828 115
0.0189249 126
0.0192067 128
0.0193922 139
0.0257578 143
0.02586 162
2 162
