0 -10159
7.6e-08 -9845
2.134e-05 -9546
3.8386e-05 -9262
5.3802e-05 -9004
6.9576e-05 -8756
0.000101539 -8517
0.000122389 -8285
0.000146536 -8060
0.000169609 -7846
0.000186579 -7634
0.000202136 -7426
0.000214596 -7222
0.000229946 -7019
0.000242217 -6818
0.000257153 -6618
0.000271703 -6420
0.000285537 -6225
0.000300097 -6038
0.000313752 -5855
0.000326852 -5673
0.000342051 -5492
0.000354925 -5311
0.000416685 -5145
0.000446312 -4980
0.000462284 -4821
0.000474517 -4662
0.000487372 -4503
0.000499257 -4351
0.000513411 -4201
0.000528583 -4052
0.000542671 -3903
0.000556666 -3759
0.000569295 -3626
0.000584739 -3495
0.000602811 -3365
0.000617531 -3236
0.000630508 -3107
0.000642882 -2979
0.00065828 -2852
0.000671587 -2727
0.000685289 -2606
0.00069804 -2486
0.000713476 -2368
0.000727705 -2251
0.000740494 -2136
0.000754216 -2023
0.000765714 -1913
0.00077759 -1807
0.000794014 -1703
0.000810089 -1601
0.000823057 -1502
0.000835064 -1406
0.000847317 -1311
0.00086068 -1217
0.000874637 -1123
0.000887162 -1032
0.0008998 -943
0.000911996 -854
0.000923513 -770
0.000934334 -693
0.000948959 -617
0.000959723 -544
0.000971401 -476
0.000983879 -409
0.00100169 -343
0.00101665 -279
0.00102919 -216
0.00104156 -156
0.00105418 -98
0.00106682 -41
0.00107991 13
0.00109223 63
0.0011026 110
0.00111326 155
0.00112444 197
0.00113638 238
0.00114778 279
0.00115825 319
0.00116908 359
0.00118059 399
0.00119341 439
0.00120365 477
0.00121534 509
0.00122884 540
0.00124019 569
0.00125244 598
0.00126453 622
0.00127709 645
0.00128818 665
0.0012999 684
0.00132892 702
0.00135155 718
0.00136214 734
0.00137058 749
0.00138219 763
0.00139454 776
0.00140576 789
0.00141696 804
0.00142647 815
0.00143818 826
0.00145034 836
0.00146067 845
0.00147116 858
0.00148191 867
0.00149178 884
0.0015034 892
0.00151409 906
0.00152563 914
0.00153669 922
0.00154489 928
0.00155634 934
0.00156672 936
0.00157729 938
0.00158726 940
0.00159815 941
0.0016092 942
0.00162014 943
0.00163054 949
0.00163976 952
0.001651 953
0.00166176 958
0.00167304 959
0.00168271 967
0.00169519 974
0.00171757 981
0.00172914 992
0.00174026 998
0.00175216 999
0.00176637 1014
0.00179953 1019
0.00181121 1025
0.0018234 1028
0.00183348 1029
0.00186261 1038
0.00187264 1039
0.00189117 1049
0.00202961 1050
0.00205464 1051
0.00206782 1054
0.00207345 1058
0.0020818 1061
0.00213307 1064
0.00214774 1067
0.00215375 1070
0.00223945 1072
0.00224475 1073
0.00230371 1076
0.002312 1079
0.00231966 1084
0.00233023 1085
0.00233234 1089
0.00234154 1090
0.00235189 1095
0.00236406 1098
0.00239404 1099
0.00263439 1102
0.0026685 1105
0.0026843 1109
0.00269299 1114
0.00287031 1117
0.00287502 1122
0.00295949 1124
0.00296251 1130
0.0035371 1132
0.00355587 1133
2 1133
