0 -187106
4.6e-08 -185998
1.3079e-05 -184913
3.3546e-05 -183858
5.9511e-05 -182848
9.0945e-05 -181843
0.000126041 -180842
0.000165989 -179842
0.000208934 -178846
0.000250164 -177858
0.000289641 -176876
0.000328205 -175900
0.000366557 -174928
0.000404383 -173957
0.000441619 -172996
0.000478919 -172037
0.000516229 -171086
0.000554184 -170136
0.000592757 -169192
0.000631054 -168248
0.000669037 -167305
0.000706346 -166363
0.000743933 -165423
0.000781298 -164486
0.000818266 -163557
0.000878736 -162634
0.000929337 -161713
0.000974514 -160795
0.00101737 -159878
0.00106269 -158963
0.00110283 -158049
0.00114175 -157136
0.00118014 -156225
0.0012189 -155315
0.00125712 -154407
0.00129511 -153502
0.0013331 -152597
0.00137111 -151694
0.00140916 -150792
0.001447 -149893
0.00148497 -148996
0.00152263 -148103
0.00156039 -147211
0.0015985 -146319
0.00163692 -145428
0.00167492 -144538
0.00171266 -143649
0.0017505 -142762
0.00180139 -141877
0.00184371 -140992
0.00188264 -140108
0.00192786 -139225
0.00197246 -138347
0.00201208 -137473
0.00205197 -136600
0.00209144 -135728
0.00213068 -134856
0.0021697 -133985
0.00220819 -133115
0.00224652 -132246
0.00228465 -131378
0.00232263 -130510
0.00236048 -129648
0.00239849 -128786
0.0024412 -127925
0.0024798 -127065
0.00251796 -126205
0.00255653 -125346
0.00259519 -124487
0.00263361 -123628
0.00267266 -122772
0.00273212 -121919
0.00277595 -121066
0.00281616 -120214
0.0028569 -119363
0.00290056 -118516
0.0029418 -117669
0.00298268 -116822
0.00302199 -115977
0.00306125 -115134
0.00310294 -114291
0.00314323 -113448
0.00318281 -112606
0.0032224 -111765
0.0032618 -110924
0.00330132 -110083
0.00334011 -109242
0.00337857 -108401
0.00341758 -107562
0.0034565 -106723
0.0034948 -105888
0.00353384 -105055
0.00357377 -104222
0.00361503 -103389
0.00366564 -102557
0.0037074 -101726
0.00374733 -100896
0.00378668 -100067
0.00382914 -99239
0.00386696 -98411
0.00390546 -97584
0.00394441 -96759
0.00398312 -95934
0.00402177 -95110
0.00406047 -94286
0.00409859 -93463
0.00413725 -92641
0.0041753 -91821
0.00421267 -91001
0.00425026 -90181
0.00428922 -89365
0.0043278 -88549
0.00436668 -87735
0.0044053 -86922
0.00444307 -86109
0.00448081 -85296
0.00451997 -84484
0.00457162 -83673
0.00461269 -82863
0.00465243 -82060
0.00469151 -81259
0.00473105 -80459
0.00477033 -79660
0.00481027 -78862
0.00484888 -78067
0.00488672 -77273
0.00492493 -76479
0.00496385 -75686
0.00500297 -74893
0.00504568 -74100
0.0050857 -73308
0.00512562 -72516
0.00516602 -71727
0.00520559 -70949
0.00524718 -70171
0.00528835 -69396
0.00532884 -68622
0.00536969 -67849
0.00541061 -67078
0.00545247 -66311
0.00550749 -65549
0.00555166 -64790
0.00559464 -64032
0.00563984 -63276
0.00568036 -62520
0.00572254 -61764
0.00576584 -61010
0.00582362 -60259
0.00586999 -59509
0.00591318 -58765
0.00595817 -58023
0.00600363 -57284
0.00604887 -56549
0.00609408 -55814
0.00613994 -55081
0.00618615 -54348
0.00623083 -53618
0.00627437 -52889
0.0063204 -52160
0.00636675 -51434
0.00645169 -50709
0.00650081 -49991
0.00654712 -49273
0.00659728 -48556
0.00664149 -47841
0.00668884 -47128
0.00676419 -46419
0.0068164 -45710
0.00686656 -45005
0.00691551 -44301
0.00696514 -43597
0.00701471 -42894
0.00706422 -42197
0.00711239 -41503
0.007165 -40811
0.00721796 -40120
0.00727173 -39431
0.00732666 -38742
0.00738138 -38055
0.00743537 -37369
0.00748958 -36687
0.00754794 -36009
0.00760344 -35333
0.0076606 -34660
0.00771954 -33990
0.00777534 -33321
0.00784943 -32656
0.00790959 -31993
0.0079695 -31332
0.00803092 -30676
0.00809248 -30031
0.00815501 -29387
0.00821984 -28747
0.00828772 -28112
0.00835382 -27482
0.00842188 -26855
0.00849229 -26229
0.00856011 -25606
0.00862992 -24990
0.00869679 -24375
0.00878324 -23762
0.00885598 -23153
0.00892734 -22547
0.00899888 -21943
0.00907128 -21346
0.00914496 -20750
0.00921774 -20156
0.0092933 -19574
0.00936731 -18993
0.00944501 -18415
0.00953324 -17839
0.00962398 -17266
0.00971326 -16700
0.00980274 -16146
0.00988921 -15595
0.00997406 -15058
0.0100603 -14524
0.0101893 -13995
0.0102841 -13472
0.010374 -12963
0.0104835 -12466
0.0105963 -11972
0.01071 -11482
0.0108286 -10997
0.0109418 -10515
0.0110855 -10042
0.0112079 -9572
0.0113297 -9111
0.0114543 -8660
0.0115846 -8225
0.0117179 -7800
0.0118605 -7381
0.0120216 -6967
0.0121838 -6571
0.0123451 -6186
0.0125108 -5810
0.0126801 -5447
0.0128532 -5086
0.0130504 -4726
0.0132434 -4380
0.013435 -4050
0.0136289 -3724
0.013837 -3422
0.0140436 -3126
0.0142542 -2843
0.014469 -2568
0.0146799 -2307
0.0149212 -2050
0.0151355 -1807
0.0153458 -1584
0.0155519 -1368
0.0157658 -1161
0.0159623 -965
0.0161521 -802
0.0163358 -651
0.0165125 -521
0.0166911 -407
0.0168587 -308
0.0170134 -217
0.017173 -137
0.0173101 -72
0.017437 -14
0.0175537 39
0.0176633 82
0.0177649 92
0.0178582 101
0.0179441 104
0.0180534 107
0.0182555 108
0.0184553 110
0.0186332 116
0.0278511 117
0.0280484 120
0.0281591 122
2 122
