0 -1506
4.7e-08 -1355
5.338e-06 -1227
9.227e-06 -1113
1.4302e-05 -1004
1.9113e-05 -905
2.7926e-05 -808
3.6889e-05 -716
4.379e-05 -634
4.8733e-05 -554
5.378e-05 -476
5.8149e-05 -399
6.1887e-05 -323
6.6067e-05 -255
7.0445e-05 -190
7.3948e-05 -128
7.8806e-05 -68
8.3297e-05 -12
8.6781e-05 40
9.0942e-05 92
9.4859e-05 142
9.8465e-05 191
0.00010257 233
0.0001074 272
0.000112127 310
0.000116834 345
0.000120779 380
0.000124536 413
0.00012818 445
0.000134704 476
0.000138979 506
0.000181169 535
0.000189982 564
0.000194774 591
0.000199548 617
0.000203285 643
0.000207042 668
0.000210272 691
0.000213473 713
0.000217022 734
0.000220939 755
0.000224846 774
0.000228518 792
0.000232162 813
0.000236531 831
0.000239732 849
0.000243489 866
0.000247622 881
0.000251379 894
0.000255776 909
0.000259711 920
0.000263798 931
0.000267366 940
0.000272893 955
0.000279352 964
0.000281414 970
0.000283268 979
0.000287006 985
0.000288287 989
0.000289661 996
0.00029258 999
0.000293597 1001
0.000295348 1002
0.000311872 1003
0.000317691 1005
0.000321184 1008
0.000323462 1009
0.000393333 1010
0.00041882 1011
0.000430251 1014
0.000517728 1015
0.0005974 1018
0.000949965 1021
0.00101058 1024
0.00107888 1027
2 1027
