0 -45132
7.4e-08 -44586
1.0742e-05 -44070
2.0114e-05 -43580
3.6783e-05 -43090
5.9157e-05 -42602
7.8215e-05 -42116
0.000107987 -41637
0.000130777 -41160
0.000151123 -40693
0.000167356 -40231
0.000186757 -39776
0.000205788 -39323
0.000224466 -38872
0.000242006 -38425
0.00025998 -37981
0.000277492 -37539
0.000295365 -37101
0.000312793 -36673
0.00033199 -36246
0.000349354 -35820
0.000366958 -35396
0.000384516 -34973
0.000403213 -34556
0.0004209 -34146
0.000439431 -33737
0.000458109 -33329
0.000476797 -32921
0.000495448 -32516
0.000514876 -32115
0.000534453 -31716
0.000553187 -31320
0.000571069 -30926
0.000589757 -30537
0.000611686 -30150
0.000628327 -29765
0.000646598 -29381
0.000665702 -28999
0.000683186 -28618
0.000713625 -28239
0.000737064 -27861
0.000756215 -27486
0.00077343 -27115
0.000791284 -26745
0.000810833 -26377
0.000828687 -26013
0.000886093 -25650
0.000930183 -25289
0.000961946 -24928
0.00102471 -24569
0.00105641 -24214
0.00107744 -23862
0.00109522 -23510
0.00111467 -23159
0.00113302 -22808
0.00115075 -22459
0.00116987 -22113
0.00118593 -21775
0.00120359 -21440
0.00122262 -21107
0.00123896 -20777
0.00125537 -20448
0.00127271 -20121
0.00129212 -19798
0.00132089 -19480
0.00134789 -19164
0.00136744 -18851
0.00138781 -18539
0.00141651 -18228
0.00144049 -17920
0.00146332 -17618
0.00148336 -17317
0.00150685 -17018
0.0015322 -16719
0.00155451 -16424
0.00157526 -16133
0.00160128 -15843
0.0016288 -15554
0.00166185 -15270
0.00169039 -14987
0.00171894 -14705
0.00174243 -14424
0.00178728 -14146
0.00181497 -13868
0.00184087 -13592
0.00186986 -13318
0.00190772 -13045
0.0019366 -12772
0.00196677 -12503
0.00199384 -12235
0.00201998 -11971
0.00205031 -11711
0.00208141 -11453
0.00210992 -11196
0.00213909 -10941
0.00216965 -10687
0.00219971 -10433
0.0022306 -10180
0.00228985 -9928
0.00232907 -9678
0.00235676 -9429
0.002378 -9187
0.00240185 -8948
0.00242793 -8710
0.0024512 -8480
0.00247717 -8250
0.00250221 -8021
0.00253715 -7799
0.00256672 -7578
0.00259644 -7360
0.00262124 -7143
0.00264638 -6930
0.00267204 -6718
0.00269691 -6517
0.00274086 -6318
0.00276896 -6121
0.00280051 -5926
0.00282766 -5732
0.00285512 -5539
0.00288373 -5349
0.00291456 -5161
0.00294405 -4974
0.00297899 -4788
0.00301695 -4608
0.00305077 -4430
0.00308703 -4254
0.00312245 -4084
0.00316046 -3914
0.00321685 -3750
0.00326347 -3587
0.00330738 -3424
0.00334515 -3266
0.00338728 -3112
0.00343445 -2960
0.0034739 -2813
0.00351763 -2667
0.00356032 -2522
0.00360258 -2387
0.00367797 -2256
0.00376313 -2127
0.00383513 -2000
0.00390182 -1878
0.00396533 -1762
0.00401928 -1646
0.00407659 -1542
0.00416828 -1439
0.0042321 -1336
0.00428864 -1235
0.00433873 -1134
0.00438431 -1042
0.00442728 -951
0.00447045 -861
0.00451035 -773
0.00456967 -695
0.00464296 -617
0.00471416 -539
0.00476792 -463
0.0048155 -389
0.00485783 -317
0.00489756 -245
0.00493363 -181
0.00496928 -118
0.00510283 -65
0.00516218 -14
0.00520723 34
0.00524512 78
0.00527824 120
0.00530947 161
0.00534455 198
0.00537675 225
0.00540578 250
0.00543539 272
0.00546535 289
0.00551651 305
0.00555989 320
0.00559435 334
0.00562728 343
0.00565721 358
0.00568966 365
0.00572062 370
0.00575077 379
0.00578144 385
0.00580829 393
0.00586543 401
0.00589444 404
0.00592203 407
0.00596311 411
0.00600952 412
0.00604323 426
0.00614242 429
0.00623132 434
0.00763596 437
0.00767147 438
0.00796505 440
0.00812843 444
0.011593 456
0.0147439 460
0.0147747 463
0.0148058 464
0.0148607 465
0.0148931 470
0.0155332 472
0.0155655 474
0.0156286 481
0.0172021 482
2 482
