0 -61771
4.7e-08 -61141
1.2456e-05 -60516
2.5532e-05 -59903
4.0145e-05 -59299
5.46e-05 -58707
7.8456e-05 -58137
0.0001181 -57582
0.000157429 -57028
0.00018773 -56474
0.000218067 -55934
0.000246006 -55396
0.000273862 -54859
0.0002973 -54323
0.000323313 -53788
0.000351187 -53257
0.000377524 -52729
0.000404611 -52203
0.000430994 -51677
0.000456266 -51161
0.000480575 -50647
0.000507088 -50137
0.000533101 -49628
0.00055766 -49125
0.000581867 -48623
0.000608759 -48122
0.000633605 -47630
0.000659998 -47138
0.000686335 -46647
0.000713468 -46156
0.000738694 -45668
0.000764345 -45181
0.000791377 -44695
0.000816621 -44212
0.000841087 -43735
0.000866044 -43267
0.000892085 -42805
0.000917746 -42345
0.000942083 -41885
0.00096729 -41428
0.000994006 -40971
0.00102113 -40516
0.00105103 -40064
0.00107657 -39618
0.00110071 -39173
0.00112488 -38731
0.00114924 -38291
0.00117476 -37853
0.00120166 -37418
0.00122842 -36989
0.00125439 -36560
0.00128057 -36131
0.00130796 -35702
0.00133489 -35280
0.0013854 -34861
0.00142316 -34442
0.00145178 -34024
0.00147928 -33607
0.00150642 -33193
0.0015269 -32779
0.00155114 -32366
0.00157549 -31955
0.00159995 -31546
0.00161968 -31139
0.00164117 -30735
0.00166369 -30332
0.00168703 -29936
0.00170936 -29541
0.00173255 -29148
0.00175775 -28756
0.00178322 -28366
0.00180811 -27977
0.00183159 -27590
0.00185423 -27207
0.0018781 -26825
0.00190148 -26444
0.00192468 -26065
0.00195303 -25686
0.00197921 -25310
0.00200691 -24934
0.00203039 -24559
0.00205482 -24186
0.00208183 -23814
0.00210542 -23443
0.00213345 -23078
0.00216636 -22714
0.00219692 -22353
0.00222341 -21994
0.00224625 -21635
0.00227017 -21277
0.00229481 -20920
0.00232175 -20564
0.00234527 -20213
0.002369 -19864
0.0023926 -19515
0.00241944 -19168
0.00244781 -18827
0.00247256 -18488
0.00250006 -18149
0.00252639 -17812
0.00255477 -17479
0.00258623 -17147
0.00262446 -16822
0.00266025 -16498
0.00269435 -16175
0.00273114 -15853
0.00276728 -15531
0.00279834 -15209
0.00282608 -14888
0.00285441 -14581
0.00288656 -14275
0.00292033 -13970
0.00295142 -13670
0.00298242 -13373
0.00301876 -13077
0.00305282 -12787
0.00309199 -12504
0.00313404 -12222
0.00316756 -11940
0.0032135 -11658
0.00327652 -11378
0.0033309 -11099
0.00338474 -10821
0.00343235 -10543
0.00347574 -10265
0.00351732 -9997
0.00355207 -9729
0.0035947 -9462
0.00364802 -9196
0.00374629 -8931
0.00379969 -8668
0.00384943 -8419
0.00389283 -8174
0.00393547 -7929
0.00397842 -7686
0.00401902 -7445
0.00406958 -7207
0.00411034 -6975
0.00417913 -6743
0.00423147 -6515
0.00428398 -6287
0.00433789 -6061
0.00439691 -5838
0.00445609 -5621
0.00451027 -5412
0.00456094 -5205
0.00461233 -4998
0.00465993 -4798
0.00470663 -4602
0.00475399 -4407
0.00480775 -4213
0.0048787 -4021
0.00493946 -3832
0.00500202 -3647
0.00507578 -3467
0.00513882 -3288
0.00520651 -3111
0.00527094 -2943
0.00533565 -2783
0.0054005 -2626
0.0054659 -2470
0.00552874 -2315
0.0055968 -2165
0.00566206 -2020
0.00573083 -1887
0.00579307 -1755
0.00585495 -1628
0.00591962 -1503
0.00598506 -1379
0.00605342 -1260
0.00612519 -1151
0.00619563 -1046
0.00625807 -946
0.00632244 -848
0.00638712 -761
0.00645085 -677
0.00651636 -594
0.00658136 -512
0.00664976 -432
0.00671055 -356
0.00676065 -283
0.00680896 -213
0.00686344 -151
0.00693437 -93
0.00700748 -37
0.00707062 13
0.00712546 55
0.00718024 97
0.0072288 133
0.00727154 168
0.00731443 192
0.00735591 215
0.00739877 238
0.00743883 255
0.00748613 269
0.00753392 281
0.00757499 292
0.00761963 300
0.00769268 315
0.00773582 326
0.00777649 334
0.00781463 341
0.00785312 345
0.00789542 357
0.00793571 367
0.00797782 371
0.00835786 377
0.00840133 378
0.0112881 379
0.0113272 383
0.0175045 385
0.0188294 401
0.018883 405
0.0190936 407
0.0191685 410
0.0192573 415
0.0193126 422
0.0193605 425
0.0194115 428
0.0200491 433
0.020808 439
0.0208597 441
0.0209007 442
0.0209376 444
0.0229761 445
2 445
