0 -179040
4.8e-08 -177942
1.3663e-05 -176886
3.4857e-05 -175848
5.1366e-05 -174819
7.2972e-05 -173797
0.000126829 -172780
0.0001774 -171770
0.000278771 -170774
0.000334832 -169783
0.000381762 -168794
0.000428069 -167808
0.000474529 -166825
0.000520606 -165855
0.000566923 -164886
0.000613498 -163922
0.000659786 -162959
0.000706083 -161997
0.000752774 -161036
0.000799502 -160077
0.00084832 -159137
0.000911001 -158198
0.00096001 -157260
0.00100689 -156322
0.00105328 -155391
0.0011 -154464
0.00114663 -153542
0.00119299 -152622
0.00123972 -151703
0.00128653 -150785
0.00133345 -149868
0.00137985 -148953
0.00142607 -148040
0.00147997 -147140
0.00152704 -146242
0.00157405 -145345
0.00162075 -144448
0.00166729 -143552
0.00171368 -142658
0.00176054 -141769
0.001807 -140883
0.00185328 -139997
0.00190006 -139112
0.00194683 -138228
0.00199364 -137344
0.00204053 -136462
0.00208719 -135585
0.00213411 -134711
0.00219406 -133840
0.00224244 -132970
0.00228978 -132103
0.00233794 -131238
0.00238552 -130374
0.0024332 -129512
0.00248056 -128651
0.00252791 -127791
0.00257626 -126932
0.00262407 -126074
0.00267207 -125216
0.00272001 -124359
0.00276805 -123503
0.00281579 -122648
0.00286374 -121794
0.00291084 -120942
0.0029589 -120091
0.003007 -119241
0.00305488 -118392
0.00310291 -117545
0.00315458 -116699
0.00320316 -115855
0.00325136 -115013
0.00330021 -114172
0.00334848 -113331
0.00339615 -112491
0.00344194 -111654
0.003487 -110819
0.00353625 -109984
0.00358547 -109152
0.00363449 -108320
0.00368365 -107488
0.00373344 -106657
0.00378277 -105828
0.00383273 -104999
0.00388231 -104170
0.00393173 -103342
0.00398172 -102515
0.00403596 -101690
0.00408799 -100865
0.00414941 -100042
0.00422507 -99221
0.00427668 -98400
0.00432644 -97580
0.00437616 -96760
0.00442578 -95941
0.0044757 -95122
0.00452555 -94306
0.00457493 -93494
0.00462468 -92683
0.00467477 -91872
0.00472448 -91061
0.00477481 -90254
0.00482537 -89448
0.00487603 -88642
0.00492614 -87837
0.00497634 -87032
0.00502688 -86230
0.00508133 -85428
0.00513135 -84628
0.00518166 -83830
0.00524465 -83033
0.00529786 -82236
0.00534989 -81439
0.00540159 -80644
0.00545289 -79851
0.00550439 -79062
0.00555593 -78273
0.00560745 -77487
0.00565935 -76703
0.00571273 -75919
0.00578377 -75137
0.00585423 -74355
0.00591128 -73574
0.00597427 -72794
0.00607088 -72015
0.00613543 -71236
0.00619526 -70457
0.00625685 -69682
0.00631416 -68912
0.00637384 -68142
0.00644141 -67374
0.00651979 -66606
0.00657488 -65840
0.00663034 -65080
0.00668567 -64322
0.00674046 -63566
0.0067958 -62814
0.00685761 -62063
0.00693017 -61312
0.00700859 -60561
0.0070848 -59811
0.00714297 -59062
0.00719984 -58317
0.00725625 -57579
0.00731294 -56844
0.0073704 -56110
0.00742868 -55378
0.00748608 -54647
0.00754403 -53917
0.00760196 -53189
0.00765996 -52463
0.00771814 -51737
0.00777585 -51011
0.00783439 -50288
0.00789227 -49566
0.00796302 -48846
0.00802542 -48129
0.00808587 -47416
0.00815168 -46704
0.00824218 -45998
0.00830407 -45295
0.00836301 -44596
0.00842397 -43899
0.00848557 -43207
0.00854736 -42516
0.00861163 -41827
0.00867471 -41139
0.00873658 -40454
0.00880141 -39771
0.00887931 -39091
0.00894417 -38415
0.00900933 -37739
0.0090729 -37066
0.00913699 -36396
0.00920223 -35727
0.00926905 -35063
0.00933441 -34401
0.00940045 -33748
0.00946555 -33096
0.00953219 -32445
0.00959809 -31795
0.00966345 -31148
0.00973003 -30505
0.00979617 -29864
0.0098752 -29229
0.00994773 -28595
0.0100202 -27963
0.0100935 -27334
0.0101665 -26709
0.010241 -26092
0.0103177 -25479
0.0103927 -24871
0.010466 -24270
0.0105412 -23673
0.010618 -23077
0.0106974 -22484
0.0107783 -21892
0.0108568 -21310
0.0109346 -20731
0.0110159 -20156
0.011097 -19586
0.0111802 -19019
0.0112661 -18457
0.0113531 -17895
0.0114413 -17336
0.0115316 -16781
0.0116176 -16237
0.0117018 -15698
0.0117972 -15163
0.0119055 -14634
0.0120684 -14110
0.0122314 -13586
0.0123959 -13081
0.0125359 -12578
0.0126854 -12077
0.0128085 -11576
0.0129274 -11082
0.0130439 -10605
0.0131614 -10132
0.0132846 -9660
0.0134102 -9198
0.0135354 -8742
0.0136673 -8302
0.0138025 -7875
0.0139411 -7458
0.014104 -7049
0.0142628 -6659
0.0144267 -6273
0.014593 -5895
0.0147672 -5519
0.0149444 -5170
0.0151234 -4829
0.0153043 -4494
0.0154916 -4174
0.0156858 -3857
0.0158852 -3561
0.0161041 -3271
0.0164047 -2986
0.0166315 -2714
0.016854 -2462
0.0170717 -2220
0.0172898 -1987
0.0175199 -1760
0.0177623 -1549
0.0179863 -1349
0.0182079 -1176
0.0184391 -1005
0.0186461 -839
0.0188353 -688
0.0190165 -546
0.0191989 -422
0.0193644 -300
0.0195193 -187
0.0196647 -104
0.0198001 -28
0.0199391 21
0.020067 59
0.0202503 76
0.0203693 81
0.0204657 97
0.0205546 101
0.0206523 102
0.0211372 114
0.0212377 120
0.0661385 121
0.0775836 125
0.0930171 133
0.124352 135
0.124785 138
0.168121 139
2 139
