0 -40530
4.8e-08 -39924
5.682e-06 -39359
1.2303e-05 -38824
1.924e-05 -38295
2.6809e-05 -37767
3.3171e-05 -37246
4.4525e-05 -36726
5.8102e-05 -36211
8.3301e-05 -35700
0.000103412 -35191
0.000119241 -34684
0.000137158 -34180
0.000153897 -33680
0.000170607 -33182
0.000188218 -32691
0.000206058 -32211
0.000224656 -31733
0.000242755 -31255
0.000260203 -30777
0.000277756 -30301
0.000295137 -29830
0.00031657 -29360
0.000333424 -28893
0.000350795 -28433
0.000366825 -27983
0.000383391 -27534
0.000400149 -27086
0.000418603 -26639
0.000435447 -26198
0.00045414 -25760
0.000472067 -25325
0.000488212 -24890
0.000505727 -24458
0.000518824 -24028
0.000532248 -23602
0.000546045 -23180
0.00056013 -22761
0.000576543 -22344
0.000594364 -21931
0.000611505 -21526
0.000625485 -21122
0.000637615 -20719
0.000651086 -20318
0.000665104 -19920
0.000679821 -19525
0.000694184 -19133
0.00070776 -18742
0.000722669 -18354
0.000737175 -17973
0.000752266 -17592
0.000766523 -17213
0.000782266 -16842
0.000812476 -16475
0.000838269 -16112
0.00085678 -15751
0.00087144 -15391
0.000886578 -15032
0.000902829 -14676
0.00091676 -14322
0.000930183 -13974
0.000944134 -13627
0.00095796 -13282
0.000969889 -12939
0.000988764 -12598
0.0010059 -12260
0.00102323 -11923
0.0010387 -11586
0.00105219 -11262
0.00106478 -10938
0.00107656 -10614
0.00108926 -10293
0.00110178 -9978
0.00111582 -9665
0.00113315 -9359
0.00115062 -9053
0.00116836 -8747
0.00118867 -8447
0.00120452 -8156
0.0012197 -7865
0.00123629 -7576
0.00125286 -7292
0.00127256 -7009
0.00129013 -6727
0.00130561 -6453
0.0013238 -6180
0.00133889 -5910
0.00135737 -5650
0.00137237 -5395
0.00139078 -5140
0.00141179 -4886
0.00143021 -4635
0.00145389 -4391
0.0014744 -4153
0.0014949 -3916
0.00151554 -3682
0.00153652 -3451
0.00156187 -3240
0.00158548 -3038
0.00160525 -2839
0.00164219 -2643
0.00166943 -2447
0.00169158 -2256
0.00171803 -2082
0.00174587 -1910
0.00185566 -1739
0.0019036 -1583
0.00194335 -1429
0.00197984 -1278
0.00201381 -1135
0.00204762 -998
0.0020788 -871
0.00210927 -746
0.00214188 -635
0.00217627 -525
0.00221431 -433
0.00225423 -341
0.00229776 -257
0.00234099 -185
0.00238004 -122
0.00241997 -62
0.0024583 -12
0.00249615 36
0.00253105 77
0.00257164 114
0.00260641 140
0.00263609 165
0.00266458 172
0.00269193 177
0.00273047 181
0.0027693 202
0.00279841 205
0.0028283 209
0.00285988 212
0.00291979 223
0.00294707 231
0.00891116 239
2 239
