0 -57725
4.7e-08 -57084
1.2428e-05 -56493
2.0799e-05 -55907
3.0041e-05 -55334
4.8053e-05 -54778
6.5139e-05 -54235
8.6012e-05 -53693
0.000110849 -53154
0.000149873 -52615
0.000181646 -52080
0.000208723 -51555
0.000235783 -51040
0.000262027 -50528
0.000291586 -50020
0.000318072 -49513
0.000343862 -49010
0.00036806 -48508
0.000393054 -48011
0.00041765 -47516
0.000442079 -47022
0.000467083 -46530
0.00049229 -46043
0.00051846 -45556
0.000544714 -45072
0.000570828 -44591
0.000596582 -44111
0.000621048 -43633
0.000646274 -43164
0.0006715 -42698
0.000694855 -42236
0.000719849 -41777
0.000744426 -41322
0.000769244 -40868
0.000792192 -40415
0.000817205 -39968
0.00084005 -39521
0.000882214 -39080
0.000920339 -38646
0.000949834 -38212
0.000978532 -37778
0.00100846 -37346
0.00103324 -36915
0.00105793 -36484
0.00108242 -36057
0.00110233 -35631
0.00112501 -35207
0.00114902 -34784
0.00117272 -34365
0.00119666 -33949
0.00122242 -33534
0.00124667 -33122
0.00126965 -32710
0.00129304 -32298
0.00131668 -31892
0.00133804 -31489
0.00136038 -31086
0.00138383 -30683
0.00140733 -30281
0.00144355 -29881
0.00147244 -29488
0.00149877 -29097
0.00152453 -28709
0.00154975 -28321
0.00157608 -27933
0.00160176 -27545
0.00162573 -27158
0.00164946 -26771
0.00167801 -26385
0.00170195 -26000
0.00172326 -25616
0.00174821 -25233
0.0017722 -24850
0.0017974 -24468
0.00181914 -24088
0.00184289 -23714
0.00186695 -23342
0.00189105 -22971
0.00191445 -22606
0.00194341 -22242
0.00196827 -21881
0.00199161 -21521
0.00201699 -21163
0.00204371 -20807
0.00206587 -20451
0.00208942 -20098
0.00211064 -19746
0.00213998 -19394
0.00216765 -19049
0.00221224 -18706
0.00224954 -18364
0.00228255 -18025
0.00231104 -17691
0.00234216 -17361
0.00237107 -17033
0.00239999 -16706
0.00242988 -16381
0.00247244 -16061
0.00250129 -15744
0.00252824 -15428
0.00255774 -15114
0.00258805 -14802
0.00261515 -14492
0.00264175 -14184
0.00266863 -13877
0.00269751 -13572
0.00274372 -13275
0.00278625 -12982
0.00282519 -12693
0.00285755 -12407
0.00289583 -12121
0.00292703 -11837
0.00295661 -11554
0.00298367 -11274
0.00300893 -10997
0.00303895 -10722
0.00307332 -10448
0.00310629 -10178
0.00313955 -9918
0.00317268 -9659
0.00320687 -9404
0.00323969 -9151
0.00327535 -8899
0.00330993 -8647
0.00334314 -8399
0.00337496 -8152
0.00341379 -7909
0.0034524 -7669
0.00348731 -7429
0.00353276 -7190
0.00357214 -6955
0.00361048 -6731
0.00364893 -6510
0.00368596 -6291
0.00372651 -6072
0.00376852 -5870
0.00381369 -5671
0.00385734 -5474
0.00390461 -5279
0.00395167 -5085
0.00400146 -4898
0.00404893 -4712
0.00409975 -4530
0.00414948 -4348
0.00420099 -4167
0.00425457 -3991
0.0043171 -3818
0.00440497 -3648
0.00449386 -3483
0.00459469 -3319
0.00467947 -3155
0.00476546 -2994
0.00483926 -2836
0.00489777 -2682
0.00495635 -2529
0.00500999 -2387
0.00506404 -2247
0.00512792 -2110
0.00519117 -1979
0.00526108 -1852
0.00532909 -1726
0.00539637 -1603
0.0054672 -1481
0.0055423 -1364
0.00561899 -1257
0.0056896 -1150
0.005751 -1046
0.00581462 -948
0.00588359 -851
0.00596014 -756
0.00602464 -662
0.00608687 -577
0.00614179 -493
0.00620121 -411
0.00625456 -340
0.00630472 -270
0.00635598 -203
0.00640584 -144
0.0065066 -90
0.0065628 -38
0.00661378 13
0.00666323 61
0.0067093 104
0.00675123 147
0.00679576 181
0.00684291 213
0.00688971 241
0.00693233 267
0.00697071 285
0.00700902 299
0.00704794 309
0.0070882 317
0.00712864 323
0.00716615 333
0.00720508 338
0.00728526 345
0.00732512 348
0.00736058 356
0.00739892 361
0.00743641 366
0.00747208 374
0.00750951 380
0.00754729 384
0.00758587 385
0.00762244 386
0.00774362 403
0.00780134 409
0.00784969 411
0.0079465 413
0.00799324 414
0.00803753 417
0.00807845 419
0.00832028 426
0.00837827 433
0.00842586 434
0.00846714 443
0.00851016 446
0.00854409 452
2 452
