0 -2836
6e-08 -2640
6.767e-06 -2469
1.1319e-05 -2300
1.6889e-05 -2151
2.3167e-05 -2008
3.1202e-05 -1874
3.9267e-05 -1741
5.0935e-05 -1610
5.9499e-05 -1480
6.6387e-05 -1354
7.3084e-05 -1232
7.8035e-05 -1119
8.4054e-05 -1006
9.0292e-05 -901
0.000133971 -803
0.000147995 -705
0.000155032 -608
0.000160252 -511
0.00016675 -423
0.000172709 -347
0.000179037 -278
0.000184338 -212
0.000191454 -152
0.000197493 -93
0.000203682 -34
0.000208882 24
0.000214681 80
0.00022088 128
0.000226849 173
0.000232438 215
0.000237579 256
0.000243867 293
0.000249596 330
0.000255466 366
0.000261255 398
0.000266445 425
0.000271596 444
0.000276297 462
0.000281397 479
0.000287666 496
0.000292816 513
0.000296699 529
0.000301779 545
0.000307539 560
0.000313049 575
0.000318459 590
0.000323689 604
0.000328759 615
0.000334259 625
0.000339569 631
0.000344989 635
0.000351278 637
0.000355709 654
0.000360401 665
0.00036591 671
0.000370951 676
0.000376251 680
0.000381332 682
0.000386073 694
0.000391393 704
0.000404099 716
0.000412703 722
0.000417794 731
0.00041998 733
0.000422625 734
0.000426528 735
0.000429951 746
0.000437917 752
0.000444305 768
0.000497137 769
0.000500241 770
0.000502487 775
0.000514445 776
0.000542782 779
0.000547573 780
0.00054942 782
0.000555987 785
0.000569912 791
0.000576928 793
0.00058159 794
0.000583297 795
0.000668858 797
0.000670894 798
0.000672232 799
0.000956094 800
0.000994054 803
0.000996839 804
0.000997947 813
0.0010445 815
0.0010458 817
0.00108847 820
0.00123896 822
0.00124926 826
0.00148028 827
2 827
