0 -94708
5.8e-08 -93873
8.547e-06 -93061
2.2421e-05 -92277
4.4219e-05 -91516
6.6563e-05 -90757
9.1647e-05 -90014
0.000114566 -89273
0.000138941 -88540
0.000163153 -87811
0.000187212 -87090
0.000211156 -86370
0.000234803 -85652
0.000258785 -84935
0.000296929 -84221
0.000322712 -83514
0.000348802 -82812
0.000382069 -82111
0.000418411 -81414
0.000454543 -80723
0.000489966 -80033
0.00052534 -79347
0.000560686 -78666
0.000595706 -77994
0.000630209 -77322
0.000662546 -76651
0.000687381 -75986
0.000709313 -75321
0.000733698 -74657
0.000756798 -73994
0.000781116 -73333
0.000805098 -72673
0.000831419 -72014
0.000856531 -71355
0.00088082 -70696
0.000903222 -70037
0.000926064 -69384
0.000950219 -68737
0.000972093 -68090
0.000995357 -67444
0.00101864 -66799
0.00104322 -66155
0.00106669 -65512
0.00109128 -64870
0.00111964 -64235
0.00114385 -63601
0.00116794 -62968
0.00119249 -62335
0.00122621 -61704
0.00126596 -61074
0.00129207 -60448
0.0013171 -59822
0.00133941 -59201
0.00136401 -58580
0.00138745 -57960
0.00141195 -57341
0.00147041 -56722
0.00149608 -56104
0.00152087 -55486
0.00154508 -54868
0.00157009 -54251
0.00159472 -53635
0.00161959 -53019
0.00164456 -52404
0.00166983 -51791
0.00169508 -51180
0.00172075 -50573
0.00174592 -49966
0.00177571 -49360
0.00179939 -48754
0.00182421 -48150
0.00185027 -47546
0.00187625 -46945
0.0019019 -46346
0.0019276 -45747
0.00195392 -45149
0.00198009 -44555
0.00200612 -43963
0.00203139 -43373
0.00205929 -42784
0.00209002 -42195
0.00211616 -41607
0.00214328 -41024
0.00216994 -40442
0.00219458 -39862
0.00222138 -39288
0.00224783 -38716
0.00227753 -38146
0.00230602 -37576
0.00233395 -37009
0.00236129 -36446
0.00238805 -35885
0.00241579 -35325
0.00244286 -34765
0.00246808 -34210
0.00249517 -33656
0.00252314 -33106
0.00255221 -32559
0.002581 -32016
0.00261044 -31478
0.00263832 -30941
0.00266768 -30404
0.00269683 -29867
0.00272928 -29331
0.00275971 -28797
0.0027883 -28263
0.00281818 -27730
0.00284481 -27198
0.00287514 -26672
0.00290395 -26151
0.00293445 -25632
0.00296197 -25117
0.00299167 -24605
0.00302202 -24095
0.00305206 -23585
0.00308267 -23079
0.00311268 -22576
0.0031523 -22074
0.00319364 -21572
0.00322851 -21071
0.00326539 -20578
0.00330767 -20092
0.00335194 -19606
0.00339202 -19126
0.0034246 -18647
0.00350717 -18170
0.00354835 -17695
0.00358103 -17220
0.00362317 -16758
0.00366878 -16298
0.00370474 -15841
0.00373993 -15392
0.00377433 -14943
0.00381559 -14494
0.00385337 -14046
0.00388525 -13605
0.00392357 -13170
0.00395834 -12746
0.0041033 -12325
0.00419699 -11908
0.00425895 -11501
0.00431064 -11096
0.00436159 -10699
0.00440561 -10303
0.00445242 -9920
0.004495 -9539
0.00454438 -9160
0.00458958 -8789
0.00463655 -8426
0.00467911 -8064
0.00471668 -7705
0.00475417 -7348
0.00478815 -6992
0.00482618 -6648
0.00486713 -6310
0.00490714 -5979
0.00495357 -5653
0.00499747 -5332
0.00503867 -5020
0.00508189 -4717
0.00513483 -4417
0.00519527 -4120
0.00526315 -3823
0.00532831 -3529
0.00539206 -3262
0.00549887 -2995
0.00558427 -2744
0.0056827 -2515
0.0057739 -2294
0.00586029 -2090
0.00594568 -1887
0.00603741 -1699
0.00612654 -1512
0.0062136 -1325
0.0062971 -1147
0.00638859 -995
0.00648304 -843
0.00658099 -716
0.00667213 -602
0.00676754 -489
0.00685964 -385
0.00694834 -282
0.00703456 -184
0.00711497 -106
0.00719134 -32
0.00725696 26
0.00732583 70
0.00739335 100
0.00745536 114
0.00751272 125
0.00757707 137
0.00763026 153
0.00769127 169
0.00775196 173
0.00798514 178
0.00804124 183
2 183
