0 -23627
6.3e-08 -23284
4.5586e-05 -22952
7.8455e-05 -22638
0.00014331 -22329
0.000222773 -22033
0.000290742 -21737
0.000395576 -21444
0.00049906 -21151
0.00059439 -20859
0.000683753 -20574
0.000768544 -20307
0.000886969 -20043
0.0010055 -19779
0.00111485 -19520
0.00121887 -19266
0.00131539 -19021
0.00140396 -18778
0.00148335 -18539
0.00155791 -18300
0.00162434 -18066
0.00168312 -17836
0.00173868 -17607
0.00179204 -17378
0.00183897 -17149
0.00188441 -16924
0.00192601 -16701
0.00196949 -16479
0.0020079 -16261
0.00204589 -16043
0.00208339 -15826
0.00212481 -15610
0.00216565 -15396
0.00220907 -15182
0.00225601 -14969
0.00230037 -14757
0.00234047 -14549
0.00238284 -14343
0.00242327 -14140
0.00246095 -13940
0.00249898 -13743
0.00254343 -13550
0.00259101 -13359
0.00266706 -13168
0.00272066 -12978
0.00276831 -12788
0.00281196 -12598
0.00285535 -12414
0.00290131 -12231
0.00294639 -12049
0.00299117 -11868
0.00306924 -11687
0.00311948 -11508
0.00316575 -11330
0.00321166 -11156
0.00325786 -10983
0.00330051 -10811
0.00334024 -10640
0.00337984 -10470
0.00341766 -10301
0.00345412 -10132
0.00348906 -9967
0.00352943 -9803
0.00356803 -9642
0.00360353 -9482
0.00363898 -9325
0.00367152 -9169
0.00370336 -9013
0.00373624 -8859
0.0037683 -8711
0.00380304 -8563
0.00384222 -8416
0.00388342 -8273
0.00392329 -8131
0.00395783 -7990
0.0039929 -7850
0.00403303 -7713
0.00407328 -7577
0.0041118 -7444
0.00414739 -7311
0.00418146 -7179
0.00421704 -7048
0.00425231 -6918
0.0042824 -6789
0.00431798 -6665
0.00435141 -6541
0.004388 -6419
0.00447866 -6297
0.00456397 -6175
0.00464187 -6058
0.00471388 -5942
0.00477681 -5828
0.00482849 -5714
0.00487119 -5601
0.00491283 -5488
0.00495305 -5379
0.00498871 -5270
0.00502095 -5161
0.00505664 -5055
0.00508989 -4951
0.00511893 -4848
0.0051529 -4745
0.00518713 -4643
0.0052198 -4542
0.00524843 -4442
0.00527927 -4342
0.00531068 -4242
0.0053453 -4143
0.0053781 -4044
0.00541379 -3946
0.00544762 -3848
0.00548212 -3751
0.00551496 -3656
0.00554515 -3562
0.00557308 -3469
0.00560745 -3376
0.00563929 -3284
0.00566682 -3195
0.00570014 -3108
0.00573376 -3021
0.00576253 -2934
0.00579632 -2850
0.00582598 -2766
0.00585723 -2683
0.00588837 -2601
0.00591868 -2519
0.00594908 -2439
0.005981 -2360
0.00601118 -2283
0.00605198 -2209
0.0060834 -2136
0.00611304 -2063
0.00614565 -1990
0.00617801 -1918
0.00622096 -1850
0.00625521 -1783
0.00628861 -1717
0.00632167 -1651
0.00635132 -1585
0.00637921 -1520
0.00641124 -1455
0.006441 -1391
0.00647205 -1327
0.00655236 -1265
0.00662262 -1207
0.00667901 -1151
0.00672801 -1095
0.00676601 -1040
0.0068008 -987
0.00683421 -934
0.00686669 -882
0.00689945 -833
0.00694439 -784
0.00697871 -736
0.00701559 -689
0.00705203 -643
0.0070809 -597
0.00711228 -552
0.00714133 -508
0.0071682 -466
0.00719998 -424
0.00722953 -383
0.00725947 -342
0.00729312 -302
0.00732587 -262
0.00736077 -223
0.00739299 -185
0.00742342 -147
0.00745399 -109
0.00748256 -74
0.00751399 -39
0.00754219 -4
0.00758339 30
0.00761759 63
0.00764635 96
0.00768062 128
0.00771132 159
0.00773776 189
0.00776318 219
0.00779099 249
0.00782063 278
0.0078525 307
0.00788245 335
0.00791099 363
0.00793902 389
0.00796605 415
0.00799537 440
0.00803805 465
0.00807088 489
0.0080984 512
0.00812985 535
0.00816099 558
0.0081908 587
0.00822236 615
0.00825299 638
0.00828359 660
0.00831316 682
0.008339 705
0.00836576 727
0.00839732 749
0.00842997 771
0.00846004 799
0.00849064 821
0.0085212 847
0.00855174 871
0.00857907 892
0.00861117 913
0.00864244 934
0.00867257 954
0.00870204 974
0.00873283 994
0.00876266 1015
0.00879289 1039
0.00882141 1062
0.00885031 1080
0.00887992 1100
0.00891216 1125
0.00894429 1148
0.00897683 1165
0.00900584 1182
0.00903652 1198
0.00906514 1213
0.00909346 1232
0.00912317 1247
0.00915469 1270
0.00918356 1285
0.0092141 1300
0.00924033 1320
0.00926764 1334
0.00929477 1350
0.00932122 1364
0.00934868 1384
0.00937946 1402
0.00940787 1427
0.00943846 1443
0.00946723 1465
0.00949987 1478
0.00952921 1491
0.00955829 1504
0.00959052 1516
0.0096224 1530
0.00965348 1542
0.00968413 1554
0.00971435 1567
0.00974216 1588
0.0097704 1600
0.00979985 1614
0.00985429 1628
0.00989379 1639
0.00992784 1650
0.00996425 1661
0.00999614 1672
0.0100273 1701
0.0100576 1720
0.0100861 1735
0.0101165 1762
0.0101464 1773
0.0101812 1784
0.0102154 1797
0.0102498 1809
0.0102804 1821
0.010312 1833
0.0103415 1844
0.0103713 1855
0.0103969 1865
0.0104274 1879
0.0104605 1898
0.0104885 1910
0.0105187 1920
0.0105538 1930
0.0105849 1940
0.0106136 1950
0.0106464 1959
0.0106772 1971
0.0107097 1981
0.0107403 1992
0.0107731 2007
0.0108041 2018
0.0108314 2033
0.0108583 2043
0.0108885 2052
0.0109219 2070
0.0109539 2079
0.0109896 2091
0.0110566 2099
0.0110805 2107
0.0111226 2114
0.0111296 2121
0.0111421 2127
0.0111522 2132
0.0111624 2143
0.0111896 2147
0.0111984 2151
0.0112083 2155
0.01122 2163
0.0112478 2166
0.0112536 2169
0.0112594 2171
0.0112686 2179
0.011291 2180
0.011307 2187
0.0113398 2193
0.0115381 2196
0.01198 2207
0.0120101 2208
0.0140052 2210
0.0141413 2211
0.0142768 2213
0.0143097 2215
0.0144917 2216
0.0144965 2219
0.014762 2221
0.015023 2224
0.0150515 2226
0.0154223 2227
2 2227
