0 -58967
6.6e-08 -58577
1.7153e-05 -58191
3.5226e-05 -57805
5.4447e-05 -57428
7.875e-05 -57063
0.00010329 -56701
0.000144718 -56345
0.00018423 -55990
0.000228303 -55637
0.000265426 -55291
0.000299875 -54947
0.000330759 -54606
0.000359907 -54266
0.000390449 -53926
0.000420129 -53587
0.000449865 -53248
0.000479554 -52914
0.000509091 -52581
0.000538837 -52248
0.000568478 -51916
0.000598357 -51584
0.000628008 -51253
0.00065854 -50925
0.000689851 -50597
0.000721445 -50270
0.000768894 -49945
0.000819947 -49621
0.000864399 -49298
0.000901428 -48976
0.000933724 -48654
0.000963953 -48334
0.000993396 -48018
0.00102299 -47703
0.00105292 -47389
0.00108402 -47075
0.00111444 -46762
0.00114532 -46451
0.00117689 -46141
0.00120638 -45831
0.00123849 -45521
0.00126926 -45212
0.00129873 -44905
0.00132916 -44601
0.00135978 -44298
0.00139019 -43995
0.00141949 -43693
0.00144915 -43392
0.00147923 -43092
0.00150969 -42793
0.00154037 -42495
0.0015697 -42197
0.00160147 -41901
0.00163659 -41607
0.00166803 -41314
0.00170021 -41022
0.00173214 -40732
0.00176165 -40445
0.00181776 -40159
0.00185166 -39873
0.00188443 -39587
0.00192044 -39302
0.00195266 -39017
0.00198328 -38732
0.00201231 -38447
0.00204305 -38162
0.00207431 -37878
0.00210482 -37596
0.00214793 -37315
0.00218321 -37035
0.00221603 -36755
0.0022481 -36477
0.00228215 -36199
0.0023162 -35921
0.00234808 -35644
0.00237993 -35368
0.00241193 -35093
0.00244238 -34820
0.00247383 -34548
0.00250588 -34276
0.00253636 -34006
0.00256704 -33738
0.00259676 -33470
0.00262796 -33202
0.00267887 -32934
0.00271935 -32666
0.00275374 -32399
0.0027905 -32132
0.00284417 -31865
0.00288664 -31600
0.00291998 -31336
0.00295479 -31072
0.00298589 -30809
0.00301639 -30546
0.00304684 -30283
0.00307751 -30021
0.00310833 -29760
0.00313815 -29499
0.00317128 -29240
0.00320265 -28982
0.00323441 -28724
0.0032671 -28467
0.00329744 -28210
0.00332929 -27954
0.00336092 -27701
0.00339099 -27448
0.00342237 -27198
0.00345274 -26948
0.00348512 -26699
0.00351911 -26450
0.00355407 -26201
0.00359169 -25952
0.00362596 -25705
0.00365828 -25458
0.00369442 -25211
0.003729 -24965
0.00376115 -24720
0.00379527 -24476
0.00383149 -24233
0.00386328 -23990
0.00389336 -23747
0.00392503 -23508
0.00395738 -23270
0.00399172 -23032
0.00402264 -22794
0.00405245 -22556
0.0040823 -22319
0.00411528 -22082
0.00414906 -21847
0.00418935 -21614
0.00422477 -21381
0.00425502 -21148
0.00428963 -20916
0.00432286 -20685
0.00435832 -20455
0.00439116 -20225
0.00442267 -19996
0.00445485 -19767
0.00448719 -19538
0.00451875 -19310
0.00456666 -19082
0.0046119 -18855
0.0046486 -18628
0.00468154 -18402
0.00471334 -18177
0.00474647 -17953
0.00478155 -17731
0.00483515 -17509
0.00488397 -17287
0.00492132 -17067
0.00495499 -16848
0.00498795 -16629
0.00502382 -16413
0.00506151 -16198
0.00509578 -15983
0.00513411 -15768
0.00517014 -15555
0.00520136 -15345
0.0052339 -15135
0.00526742 -14927
0.00529914 -14719
0.00533505 -14512
0.00536843 -14307
0.00540364 -14102
0.0054403 -13898
0.00547646 -13694
0.00551041 -13493
0.00554952 -13293
0.00559034 -13095
0.00562964 -12898
0.00567087 -12701
0.00571331 -12504
0.00575303 -12307
0.00579285 -12113
0.00583544 -11920
0.00587561 -11727
0.00591031 -11534
0.0059515 -11342
0.00599081 -11152
0.00603248 -10967
0.00607135 -10783
0.00610669 -10599
0.00614356 -10416
0.00618412 -10233
0.00622464 -10051
0.00626169 -9872
0.00630288 -9693
0.00634771 -9515
0.00639288 -9337
0.00643497 -9160
0.00649151 -8983
0.00653725 -8807
0.0065829 -8633
0.00663235 -8460
0.00667742 -8287
0.0067268 -8116
0.00676867 -7948
0.00680944 -7782
0.0068668 -7616
0.00695113 -7451
0.00702595 -7290
0.0070944 -7130
0.007161 -6970
0.00722367 -6814
0.00728182 -6660
0.0073379 -6508
0.00739335 -6358
0.00744689 -6210
0.00750168 -6064
0.00755872 -5920
0.00761934 -5777
0.00768387 -5635
0.0077487 -5496
0.0078131 -5358
0.00787786 -5224
0.00794242 -5090
0.0080093 -4959
0.00807481 -4828
0.00814207 -4698
0.0082121 -4568
0.00828378 -4439
0.00836818 -4312
0.00845122 -4188
0.00853824 -4065
0.0086273 -3944
0.00871885 -3826
0.00880922 -3709
0.00890205 -3593
0.00899728 -3478
0.00909189 -3364
0.00919264 -3252
0.00929614 -3142
0.00940112 -3032
0.00950804 -2922
0.00961646 -2816
0.00972523 -2712
0.00983368 -2608
0.00994238 -2505
0.0100524 -2406
0.0101647 -2308
0.0102989 -2211
0.0104458 -2115
0.0105886 -2022
0.0107326 -1931
0.0108972 -1841
0.0110418 -1751
0.0111779 -1664
0.0113076 -1577
0.0114357 -1493
0.0115637 -1410
0.0117004 -1329
0.0118303 -1250
0.0119584 -1171
0.0120856 -1093
0.0122336 -1019
0.0123812 -947
0.0125216 -881
0.012672 -815
0.0128027 -749
0.0129312 -684
0.0130545 -620
0.0131756 -560
0.0132925 -501
0.0134058 -442
0.0135176 -386
0.0136255 -334
0.0137304 -282
0.0138359 -231
0.013938 -185
0.0140383 -141
0.014168 -99
0.0142829 -58
0.0143891 -23
0.0144892 11
0.0145847 40
0.0146773 66
0.0147621 92
0.0148616 114
0.0149766 134
0.0150695 158
0.0151544 177
0.0152394 195
0.0153189 211
0.0153959 227
0.0154731 241
0.0155507 259
0.015629 268
0.0157063 277
0.0157842 286
0.0158609 298
0.0159344 306
0.0160386 315
0.0161356 326
0.0162218 341
0.016302 350
0.0163783 363
0.0164656 374
0.0165442 379
0.016618 383
0.0166999 391
0.0167755 398
0.0168484 402
0.0169261 417
0.0170066 427
0.0170849 431
0.0171613 440
0.017235 444
0.0173089 450
0.0173785 453
0.0174524 459
0.0175295 465
0.0176016 467
0.0176731 469
0.0177485 477
0.017825 483
0.017918 488
0.0180019 491
0.0180823 503
0.0181635 510
0.0182396 515
0.0183154 519
0.0183896 529
0.0184615 537
0.0185364 540
0.0186077 546
0.0186853 549
0.0187619 552
0.0188838 554
0.0189907 556
0.0190946 561
0.0191879 564
0.0192729 567
0.0193514 568
0.0194262 570
0.0194973 572
0.0198886 573
0.019965 576
0.020714 578
0.0209429 582
0.0210146 583
0.0210837 589
0.0211613 592
0.0213667 596
0.0214617 600
0.0215496 602
0.021634 606
0.0217414 609
0.0220008 613
0.0220748 615
0.0221459 616
0.0222898 624
0.0226792 625
0.0227587 627
0.0228427 630
0.0229205 631
0.0229959 633
0.0238233 635
0.0238977 637
0.0243262 640
0.0250219 641
0.0250993 645
0.0252552 648
0.0253342 651
0.0254097 652
0.0257224 657
0.0257977 659
0.0259412 663
0.0262507 668
0.0264733 669
0.0265495 670
0.0266269 671
0.0281417 672
0.0282208 673
0.0282999 674
0.0303191 675
0.0304741 677
0.0307048 679
0.0307912 681
0.0315406 683
0.0317012 684
0.0318631 689
0.0589557 690
0.0592865 691
0.0597118 696
2 696
