0 -42009
1.04e-07 -41590
1.2801e-05 -41237
2.9556e-05 -40887
4.8757e-05 -40547
7.4833e-05 -40207
9.8605e-05 -39867
0.000129442 -39528
0.000152133 -39193
0.000171552 -38859
0.000190374 -38530
0.000209253 -38202
0.000228426 -37874
0.000247182 -37549
0.000265749 -37225
0.000285216 -36903
0.00030454 -36584
0.000322775 -36270
0.00034173 -35957
0.00036022 -35644
0.000382626 -35333
0.000401752 -35022
0.000420973 -34712
0.000440781 -34402
0.000460912 -34096
0.000481251 -33790
0.000500898 -33484
0.000520574 -33178
0.000540799 -32878
0.000560475 -32578
0.000579828 -32279
0.000599295 -31981
0.000618772 -31684
0.000638599 -31389
0.000658284 -31095
0.000676405 -30803
0.00069591 -30512
0.000715064 -30221
0.000734332 -29932
0.00075323 -29643
0.000773541 -29356
0.000794022 -29073
0.000815016 -28792
0.000835137 -28511
0.000853438 -28231
0.000873057 -27951
0.000893576 -27672
0.000913878 -27393
0.000933117 -27118
0.00095192 -26844
0.000971672 -26570
0.000990778 -26296
0.00101114 -26023
0.00103191 -25750
0.00105103 -25479
0.00107162 -25211
0.00109208 -24944
0.00111266 -24678
0.00113561 -24417
0.00115511 -24157
0.00117357 -23897
0.00119364 -23638
0.00121387 -23379
0.00123305 -23120
0.0012527 -22861
0.001272 -22603
0.00129085 -22345
0.00130996 -22091
0.00136709 -21837
0.00139882 -21584
0.00142163 -21335
0.00144389 -21086
0.00146523 -20838
0.00148681 -20590
0.00150854 -20345
0.00153141 -20101
0.00155436 -19859
0.00157432 -19619
0.00159601 -19379
0.00161756 -19140
0.00163972 -18902
0.00166037 -18664
0.00168105 -18429
0.00170422 -18195
0.00172424 -17962
0.00174659 -17730
0.00176824 -17498
0.00178857 -17269
0.00180909 -17040
0.00182933 -16812
0.00185008 -16585
0.00187347 -16359
0.00189659 -16134
0.00191919 -15909
0.00194044 -15685
0.00196117 -15461
0.0019844 -15238
0.00200838 -15015
0.00203122 -14794
0.00205327 -14576
0.00207475 -14358
0.00209768 -14141
0.00212204 -13924
0.00214916 -13712
0.00217115 -13502
0.00219589 -13294
0.00221965 -13086
0.00224329 -12880
0.00226772 -12675
0.00229125 -12470
0.00231672 -12266
0.00234106 -12063
0.00238366 -11861
0.00241035 -11662
0.00245174 -11464
0.00247743 -11266
0.00250294 -11072
0.00252733 -10878
0.00255051 -10688
0.00257493 -10502
0.00259901 -10317
0.00262629 -10133
0.00265514 -9952
0.00267904 -9771
0.00270268 -9591
0.00272832 -9412
0.00275464 -9233
0.00277775 -9055
0.00280097 -8877
0.00282978 -8702
0.00285665 -8527
0.00288013 -8352
0.00290919 -8177
0.00293321 -8008
0.00295767 -7839
0.00298519 -7672
0.00301254 -7507
0.00304212 -7342
0.00307134 -7178
0.00309927 -7016
0.00312375 -6857
0.00315068 -6699
0.0031806 -6544
0.00320749 -6391
0.00327234 -6238
0.00331856 -6086
0.00335398 -5934
0.0033846 -5785
0.00341674 -5637
0.0034507 -5492
0.00348442 -5348
0.00351803 -5205
0.0035496 -5064
0.00358414 -4923
0.00362159 -4783
0.0036568 -4644
0.0036885 -4506
0.00372396 -4373
0.00376097 -4242
0.00379746 -4113
0.00383473 -3987
0.00386857 -3865
0.0039052 -3743
0.00394648 -3621
0.00398308 -3500
0.00401717 -3383
0.00405813 -3268
0.00409492 -3157
0.00413724 -3046
0.00417824 -2938
0.00422184 -2831
0.00426189 -2724
0.00430592 -2618
0.00437042 -2515
0.00442042 -2413
0.00446472 -2312
0.00451349 -2212
0.00455957 -2115
0.00460829 -2019
0.00466177 -1923
0.00471593 -1831
0.00477016 -1745
0.00482825 -1659
0.00488683 -1574
0.00494193 -1489
0.00499994 -1406
0.00505378 -1328
0.00510727 -1250
0.00516964 -1174
0.00522801 -1098
0.00528741 -1029
0.00534127 -960
0.00540048 -892
0.00546087 -824
0.00551674 -758
0.00557651 -695
0.0056363 -635
0.00569368 -575
0.00575064 -518
0.00580857 -462
0.00586979 -406
0.00593468 -353
0.0059975 -310
0.00605602 -268
0.00611365 -227
0.00616949 -187
0.00622179 -151
0.00627094 -117
0.00631839 -83
0.00639158 -49
0.00646106 -17
0.0065207 14
0.00657403 39
0.0066226 63
0.00666918 92
0.00671212 116
0.00675431 139
0.00679605 157
0.00683593 176
0.0068742 200
0.00691031 219
0.00694527 240
0.00698204 257
0.00703257 274
0.00707135 289
0.00710931 304
0.00714971 317
0.00719286 330
0.00723559 343
0.00728135 353
0.00731617 364
0.00735766 372
0.00740245 385
0.00744691 397
0.00748836 408
0.00752737 421
0.00756785 428
0.00760947 443
0.00764777 450
0.00769275 462
0.00773101 470
0.00777218 477
0.00781045 482
0.00784997 489
0.00789055 495
0.00793042 500
0.00797207 504
0.00801342 514
0.00805764 517
0.00810028 523
0.0081811 527
0.00822026 531
0.00826515 535
0.00830799 539
0.00835022 547
0.00839472 552
0.00844848 560
0.00849506 568
0.00853296 571
0.00857474 575
0.00861475 576
0.00865495 581
0.00869699 586
0.0087376 590
0.00877641 595
0.00882143 598
0.00886694 599
0.00892185 602
0.0089931 605
0.00905619 614
0.00914982 618
0.00944187 621
0.00947939 623
0.00951817 624
0.00962853 625
0.00966598 632
0.00970862 640
0.00974705 644
0.00978763 650
0.00986404 651
0.00997848 653
0.0100162 655
0.0101358 660
0.0101806 663
0.0102224 665
0.0102643 670
0.0103075 677
0.0103649 682
0.0104095 684
0.0104514 687
0.0104864 691
0.0105711 693
0.0106101 695
0.0106519 698
0.0106918 706
0.0107287 711
0.0109507 714
0.0109937 715
0.011081 716
0.0112035 717
0.0112433 718
0.0113165 720
0.0113533 722
0.0113848 726
0.0114272 727
0.0114642 730
0.0117948 731
0.0118393 734
0.0118815 739
0.0119204 740
0.0119638 741
0.0121257 742
0.0121643 747
0.0122061 748
0.0123592 749
0.0130546 750
0.0130982 752
0.0229642 755
0.0300915 756
0.0301812 759
2 759
