0 -8556
5.7e-08 -8235
5.168e-06 -7957
9.018e-06 -7706
1.1369e-05 -7456
1.8244e-05 -7226
2.5981e-05 -7001
3.0391e-05 -6781
3.7237e-05 -6563
4.4216e-05 -6347
4.9099e-05 -6143
5.3148e-05 -5940
5.6884e-05 -5742
6.1853e-05 -5554
6.6167e-05 -5370
7.1629e-05 -5189
7.6047e-05 -5015
8.0874e-05 -4841
8.5795e-05 -4671
9.0081e-05 -4506
9.4339e-05 -4343
9.9061e-05 -4181
0.000104646 -4026
0.000109558 -3872
0.000114887 -3720
0.000119761 -3571
0.000124852 -3427
0.000129413 -3288
0.000133737 -3156
0.000138346 -3026
0.000143419 -2896
0.000170035 -2769
0.000179091 -2643
0.000185084 -2521
0.000191294 -2399
0.000196244 -2280
0.000201156 -2162
0.00020621 -2051
0.000212174 -1941
0.000219011 -1836
0.000225753 -1732
0.000230911 -1629
0.00023679 -1529
0.000242299 -1431
0.000247609 -1335
0.000253422 -1242
0.000259348 -1153
0.000264478 -1066
0.000270727 -982
0.000276103 -902
0.000281584 -822
0.00028734 -744
0.000292659 -673
0.00029832 -603
0.000304797 -543
0.000310334 -483
0.000316147 -425
0.000322035 -369
0.000327545 -314
0.00033367 -259
0.000340127 -208
0.000347343 -159
0.000352454 -111
0.000358637 -68
0.000363141 -32
0.000369124 0
0.000375771 32
0.000382693 63
0.000388032 93
0.000393655 118
0.000399069 140
0.000404578 161
0.000409272 182
0.000420413 202
0.00042908 220
0.000434599 236
0.000438999 251
0.000443673 273
0.000449391 287
0.000454616 302
0.000461215 317
0.000466838 329
0.000472983 340
0.000478416 353
0.000484362 364
0.000489653 376
0.000494953 393
0.00049977 404
0.000504682 426
0.000510514 438
0.000516032 453
0.000522063 476
0.000526245 497
0.00053163 517
0.000537547 524
0.000542791 533
0.00054739 535
0.000570299 539
0.000575334 541
0.000581213 551
0.000586874 554
0.000592099 555
0.000597096 563
0.000603667 572
0.000616515 573
0.00063437 578
0.000645171 579
0.000659432 581
0.000671967 582
0.000679051 587
0.000698963 598
0.000704397 604
0.000709252 612
0.000715396 615
0.000718307 621
0.000746251 622
0.000799627 629
0.000806843 630
0.000815159 638
0.000824489 639
0.000830264 641
0.000832198 643
0.000846184 649
0.000856074 656
0.00086019 682
0.000867036 685
0.000921559 692
0.000969842 695
0.00106217 701
0.00107233 704
0.00108506 705
0.00114981 709
0.00115223 710
0.00189029 711
0.00189376 713
0.00208856 714
2 714
