0 -17226
5.7e-08 -16969
5.557e-06 -16715
9.891e-06 -16477
1.5382e-05 -16247
2.5235e-05 -16023
3.5409e-05 -15800
4.5666e-05 -15577
6.008e-05 -15355
7.0497e-05 -15137
7.9683e-05 -14919
0.000103762 -14704
0.000116446 -14495
0.000126628 -14289
0.000135852 -14087
0.000145423 -13887
0.000154411 -13691
0.000164885 -13498
0.000173855 -13307
0.000182825 -13117
0.000192415 -12927
0.000201337 -12738
0.000210542 -12549
0.000219474 -12362
0.000228914 -12176
0.000238006 -11990
0.000246853 -11805
0.000256387 -11622
0.000266513 -11439
0.000276075 -11257
0.000285176 -11077
0.000294089 -10899
0.000303313 -10723
0.000313834 -10550
0.000323546 -10377
0.000333193 -10205
0.000342163 -10035
0.000350775 -9866
0.00036028 -9697
0.000370754 -9528
0.000380881 -9361
0.000390969 -9196
0.000400145 -9031
0.000409106 -8867
0.00041894 -8703
0.000427816 -8542
0.000437143 -8382
0.000446978 -8223
0.000456944 -8064
0.000466825 -7906
0.000475588 -7748
0.000484812 -7591
0.0004949 -7437
0.00050449 -7283
0.000513789 -7129
0.000523407 -6976
0.00053311 -6825
0.000543161 -6674
0.000553297 -6527
0.000568256 -6381
0.000578476 -6237
0.000589975 -6094
0.000601088 -5953
0.00061097 -5812
0.000622177 -5675
0.000638687 -5539
0.000649697 -5405
0.000661374 -5272
0.00067182 -5141
0.000682473 -5012
0.000694113 -4883
0.000706194 -4755
0.000717129 -4627
0.000727641 -4499
0.000738227 -4372
0.000748062 -4245
0.000760069 -4119
0.000770815 -3995
0.000784505 -3873
0.000799633 -3751
0.000812909 -3630
0.000824012 -3512
0.000837683 -3395
0.000850282 -3279
0.000863501 -3164
0.000875357 -3051
0.000887232 -2942
0.000901524 -2834
0.000915617 -2727
0.000929824 -2620
0.000944397 -2513
0.000961161 -2408
0.000975819 -2306
0.000988324 -2205
0.00100555 -2106
0.00102156 -2012
0.00103907 -1919
0.00105454 -1826
0.00107434 -1734
0.00109398 -1642
0.00110921 -1553
0.00112679 -1466
0.00114541 -1380
0.00116286 -1297
0.00118 -1216
0.00119736 -1136
0.00121711 -1060
0.00123857 -985
0.00125838 -910
0.00128367 -838
0.00131061 -767
0.00133587 -702
0.00135648 -638
0.00138008 -579
0.00140345 -521
0.00142639 -464
0.00145481 -409
0.00148082 -355
0.00151039 -304
0.00153842 -254
0.00156418 -207
0.00159723 -161
0.00163595 -121
0.00167016 -87
0.00170466 -54
0.00174217 -22
0.00177894 5
0.00181878 29
0.00185276 48
0.00189255 61
0.00192594 77
0.00196149 89
0.00201708 100
0.00205854 110
0.00209134 123
0.00212165 137
0.0021534 150
0.00218215 164
0.00221587 178
0.00224826 189
0.0022846 201
0.00231769 218
0.00234964 229
0.00238244 240
0.00241535 252
0.00244752 259
0.00248469 269
0.00251733 285
0.00255088 300
0.00257894 311
0.00260888 330
0.00263811 342
0.002669 347
0.00269869 357
0.00272958 361
0.00275997 364
0.00279125 372
0.00282686 381
0.00286357 389
0.00289974 395
0.00293435 400
0.00299701 401
0.00309799 403
0.00317083 410
0.00335278 426
0.00707781 428
0.0071103 430
0.00714479 432
0.00909437 433
0.0126529 435
0.0126873 439
2 439
