0 -2924
5.4e-08 -2774
5.535e-06 -2628
9.882e-06 -2485
1.7433e-05 -2351
2.6343e-05 -2217
3.2211e-05 -2091
3.915e-05 -1976
4.356e-05 -1862
4.9105e-05 -1750
5.3497e-05 -1638
5.7214e-05 -1529
6.2308e-05 -1431
6.6844e-05 -1335
7.0993e-05 -1243
7.5502e-05 -1152
7.9435e-05 -1065
8.3098e-05 -979
8.7472e-05 -896
9.1585e-05 -815
9.551e-05 -736
9.9407e-05 -660
0.00010289 -585
0.000106535 -512
0.000109784 -440
0.00011396 -381
0.000117758 -322
0.000121277 -265
0.000125174 -209
0.000128954 -153
0.000133166 -99
0.000136748 -49
0.000140168 -3
0.000144057 42
0.000147909 87
0.000152139 128
0.000156504 166
0.000160284 202
0.000163803 238
0.000166953 271
0.000170175 300
0.000174972 329
0.00017895 357
0.000182928 380
0.000186726 402
0.000190687 424
0.000194332 446
0.000197716 471
0.000201235 493
0.000204583 519
0.000208057 541
0.000211963 567
0.000215041 588
0.000218434 608
0.000222007 627
0.000225922 646
0.000229261 663
0.00023323 680
0.00023747 696
0.000239108 710
0.000240998 722
0.000243707 733
0.000246335 743
0.000247505 751
0.000249629 762
0.000252392 772
0.000253517 778
0.000254831 784
0.000256154 795
0.000258701 801
0.000259682 807
0.000261023 811
0.000263246 824
0.000268106 833
0.00026951 836
0.000271445 839
0.000273722 845
0.00027734 853
0.000287061 854
0.000288105 856
0.000289815 857
0.000290832 858
0.000299607 861
0.000310677 864
0.000312333 868
0.000313449 873
0.00044433 874
0.000475876 878
0.000486577 879
0.000487369 882
0.000553358 883
0.000557255 884
0.000557975 886
0.000770092 891
2 891
