0 -17298
1.17e-07 -16946
4.0609e-05 -16669
6.2434e-05 -16392
0.000106166 -16121
0.000158817 -15853
0.000232772 -15589
0.000288852 -15326
0.000329902 -15064
0.000372374 -14808
0.000402021 -14558
0.000430686 -14313
0.000460207 -14071
0.00048745 -13831
0.000511526 -13592
0.000539156 -13359
0.000565419 -13129
0.000590872 -12903
0.000617602 -12679
0.000642308 -12456
0.000672143 -12236
0.000695679 -12018
0.00072177 -11806
0.00074725 -11599
0.000775456 -11396
0.000803096 -11195
0.000827811 -10998
0.000857493 -10801
0.000885286 -10612
0.000912718 -10431
0.000936632 -10251
0.000966089 -10073
0.000990993 -9897
0.00101684 -9721
0.0010394 -9546
0.0010604 -9371
0.0010812 -9198
0.00110475 -9026
0.00113141 -8854
0.00115412 -8685
0.00117606 -8517
0.00120089 -8352
0.00122371 -8189
0.00124642 -8027
0.00127204 -7869
0.00129301 -7713
0.00131433 -7560
0.00136135 -7408
0.00142987 -7256
0.00148461 -7104
0.00152851 -6953
0.00156441 -6803
0.00159575 -6654
0.00162049 -6512
0.00164349 -6371
0.00166756 -6230
0.00169152 -6092
0.00171576 -5955
0.00173821 -5820
0.00175916 -5685
0.00177966 -5550
0.00180228 -5416
0.00182639 -5283
0.00184879 -5155
0.0018691 -5029
0.00189525 -4908
0.00191627 -4787
0.00193749 -4667
0.00195841 -4549
0.0019828 -4433
0.00201508 -4319
0.00203603 -4207
0.00205502 -4097
0.0020753 -3987
0.00209929 -3878
0.00212241 -3770
0.00214378 -3663
0.00216348 -3558
0.00218385 -3458
0.00220591 -3360
0.00222971 -3265
0.00225297 -3171
0.00227416 -3080
0.00229601 -2991
0.00231793 -2903
0.00233837 -2816
0.00235885 -2731
0.00237788 -2646
0.00239778 -2561
0.00242068 -2478
0.00243983 -2396
0.002459 -2315
0.00247781 -2234
0.00250058 -2157
0.00252253 -2080
0.00254421 -2004
0.00256298 -1928
0.00257938 -1853
0.002598 -1779
0.00261704 -1705
0.00263507 -1633
0.00265425 -1562
0.00267536 -1491
0.00269251 -1422
0.00270891 -1354
0.00272681 -1287
0.00274408 -1220
0.00276298 -1155
0.0027834 -1092
0.00280297 -1029
0.00282355 -966
0.00284317 -904
0.00286109 -842
0.00288021 -785
0.00289974 -732
0.00291803 -679
0.00293726 -628
0.0029561 -579
0.00297451 -532
0.00299182 -486
0.00300916 -440
0.00302993 -395
0.00304729 -351
0.00306618 -307
0.00308632 -264
0.00310668 -222
0.00312502 -180
0.00315668 -138
0.00318236 -97
0.00320639 -59
0.00322538 -21
0.0032433 17
0.00326162 51
0.00327856 84
0.00329736 116
0.00331736 148
0.00333592 180
0.00335226 210
0.00337333 240
0.00339157 270
0.00340978 299
0.00342829 327
0.00344384 355
0.00346194 382
0.00347831 409
0.00349641 435
0.00351611 459
0.0035337 483
0.00355134 504
0.00356888 531
0.00359104 560
0.0036114 580
0.00362949 599
0.0036477 617
0.00366553 635
0.00368341 665
0.00370106 683
0.00371837 701
0.00373616 719
0.00375589 736
0.0037737 762
0.00379211 779
0.00380984 796
0.00382607 817
0.00384493 834
0.00386456 854
0.00388313 880
0.00390107 902
0.00391983 919
0.00393876 934
0.00395815 949
0.00397861 964
0.003996 984
0.00401479 1001
0.00403416 1016
0.00405131 1037
0.00407113 1051
0.00408946 1066
0.00410729 1090
0.00412551 1104
0.00414425 1128
0.00416099 1142
0.00417962 1155
0.00419863 1172
0.00421734 1188
0.00423644 1200
0.00425258 1212
0.00426918 1231
0.00428757 1248
0.00430658 1267
0.00432414 1283
0.0043452 1299
0.00438398 1313
0.0044279 1326
0.00445704 1338
0.00448021 1350
0.00450229 1364
0.00452282 1384
0.00454131 1399
0.00456271 1413
0.0045822 1429
0.00459965 1442
0.00461852 1455
0.00463706 1466
0.00465355 1477
0.00467013 1497
0.00468919 1516
0.00470786 1527
0.0047266 1540
0.00474347 1551
0.00476249 1569
0.00478016 1579
0.00479776 1592
0.00481623 1611
0.00485531 1628
0.00488867 1637
0.00490204 1646
0.00492248 1657
0.00492666 1667
0.00493592 1675
0.00495983 1682
0.00497669 1689
0.00499011 1706
0.00501898 1712
0.0050262 1718
0.00503857 1730
0.00504349 1736
0.00505295 1747
0.00506671 1752
0.00507018 1757
0.00507801 1762
0.00508812 1767
0.00509294 1771
0.00509935 1775
0.00510788 1780
0.00512155 1783
0.00512532 1785
0.00513304 1787
0.0051401 1788
0.00515295 1789
0.00516017 1795
0.00516992 1814
0.00518604 1816
0.00520089 1825
0.0052956 1832
0.00530604 1834
0.00531152 1836
0.00532948 1837
0.00534553 1865
0.00545772 1866
0.00589087 1867
0.00589432 1868
0.00589652 1873
0.0060095 1874
0.00779474 1888
0.00780787 1889
2 1889
