0 -16290
4.5e-08 -15977
2.9791e-05 -15696
5.2615e-05 -15419
9.0785e-05 -15146
0.000119532 -14891
0.000179401 -14637
0.000233132 -14388
0.000282309 -14139
0.000316204 -13891
0.000378188 -13646
0.000447868 -13411
0.000501608 -13177
0.000543378 -12944
0.000574995 -12712
0.000645701 -12486
0.000699405 -12263
0.000738223 -12041
0.000770966 -11819
0.00079829 -11602
0.000823275 -11392
0.000846981 -11185
0.000870202 -10983
0.000891937 -10782
0.000916652 -10587
0.000941114 -10396
0.000967071 -10207
0.00103263 -10023
0.00109441 -9841
0.00113525 -9661
0.00116939 -9482
0.00119689 -9307
0.00122067 -9132
0.00126734 -8958
0.00131111 -8786
0.00134278 -8615
0.00136916 -8447
0.00139136 -8281
0.00141182 -8116
0.0014315 -7956
0.00145766 -7798
0.00147915 -7645
0.00150118 -7493
0.00152472 -7341
0.00154984 -7189
0.00157373 -7037
0.0015961 -6887
0.00161918 -6739
0.0016463 -6596
0.00166787 -6454
0.00169145 -6312
0.0017118 -6172
0.0017312 -6032
0.00175215 -5893
0.00177391 -5756
0.00179453 -5623
0.00181649 -5494
0.00183802 -5366
0.00186034 -5238
0.00188143 -5111
0.00190431 -4985
0.00192546 -4862
0.001944 -4740
0.00196529 -4618
0.00198575 -4499
0.00200863 -4382
0.00203087 -4265
0.00205139 -4151
0.00207119 -4038
0.00209182 -3926
0.00211198 -3815
0.00213144 -3709
0.00215048 -3606
0.00217305 -3508
0.00219497 -3410
0.00221614 -3316
0.00223614 -3224
0.0022593 -3134
0.0022796 -3044
0.00229913 -2955
0.0023192 -2866
0.0023391 -2777
0.00235803 -2689
0.00237759 -2601
0.00239746 -2515
0.0024175 -2431
0.00243619 -2349
0.00245754 -2267
0.00247717 -2187
0.00249795 -2108
0.00251591 -2033
0.00253386 -1960
0.00255416 -1887
0.00257599 -1816
0.0025933 -1746
0.0026108 -1681
0.00262969 -1617
0.0026492 -1554
0.00267022 -1491
0.0026892 -1429
0.00270914 -1369
0.00273008 -1310
0.0027507 -1251
0.002771 -1193
0.00279182 -1137
0.00281269 -1082
0.00283459 -1027
0.0028545 -974
0.00287157 -922
0.00289161 -870
0.00290794 -819
0.00292654 -768
0.00294532 -717
0.0029639 -667
0.00298255 -618
0.0030019 -569
0.00302263 -523
0.00305858 -477
0.00310266 -435
0.00313045 -394
0.00315198 -355
0.00317079 -316
0.00318993 -277
0.00320871 -239
0.00322637 -201
0.00324328 -164
0.00326397 -128
0.00328378 -93
0.00330455 -58
0.00332597 -23
0.00334772 11
0.00336883 45
0.00338894 78
0.00340627 111
0.00342661 143
0.00344472 175
0.0034628 206
0.00348246 234
0.00350351 262
0.00352133 289
0.00353895 316
0.00355642 343
0.00357265 369
0.00358962 395
0.00360695 421
0.00362336 446
0.00364176 470
0.00365812 494
0.0036733 518
0.0036921 542
0.003711 566
0.00372949 589
0.00374702 608
0.00376527 639
0.00378338 670
0.00380148 692
0.00381758 711
0.00383358 730
0.00385282 754
0.0038735 775
0.00389833 795
0.00391829 814
0.00393693 831
0.00395617 849
0.00397506 874
0.0039929 892
0.0040093 916
0.00402775 944
0.00404549 961
0.00406332 981
0.00408268 1000
0.00410008 1022
0.00411789 1039
0.00413848 1056
0.00415685 1072
0.00417721 1088
0.00419529 1107
0.00421295 1122
0.00422939 1143
0.00424563 1158
0.00426621 1175
0.00428424 1191
0.00430382 1206
0.00432228 1220
0.00434032 1233
0.00435868 1246
0.00437843 1259
0.0043965 1276
0.00441495 1297
0.00443276 1309
0.00445132 1325
0.00446962 1337
0.00448785 1351
0.00450553 1363
0.0045229 1374
0.00456149 1390
0.0045854 1404
0.00460692 1415
0.00462728 1426
0.00465924 1438
0.00467789 1449
0.00469435 1463
0.00471265 1473
0.00473052 1481
0.00474845 1490
0.00476587 1501
0.00478357 1515
0.00480719 1523
0.00482632 1531
0.00485718 1539
0.00488169 1546
0.00490237 1553
0.00492421 1569
0.00494319 1578
0.00496745 1586
0.00499006 1601
0.00504359 1608
0.00506633 1615
0.00508441 1622
0.00510166 1631
0.0051191 1641
0.00513832 1648
0.005155 1653
0.00518055 1662
0.00518896 1667
0.00519952 1671
0.00521222 1680
0.00524042 1694
0.00524744 1698
0.00525652 1704
0.00527287 1709
0.00527815 1712
0.0052832 1715
0.0052916 1718
0.00530365 1727
0.00531707 1730
0.00532197 1733
0.00532891 1735
0.00533981 1753
0.00535205 1755
0.00535633 1756
0.00536716 1757
0.00538305 1761
0.00539051 1766
0.00541235 1773
0.00542447 1776
0.00543352 1779
0.00545378 1783
0.00546387 1785
0.00546792 1787
0.00552538 1790
0.00553585 1791
0.00554143 1792
0.00608235 1793
0.0060848 1795
0.00609081 1796
0.00637541 1807
0.00669321 1812
0.00670559 1814
0.00672233 1815
0.00673212 1816
0.00680648 1817
0.00682955 1818
0.00732335 1821
0.00733555 1824
0.00936142 1826
0.00937143 1831
0.00972397 1832
0.00973016 1833
0.00974012 1837
2 1837
