0 -19121
3.8e-08 -18764
7.994e-06 -18416
1.446e-05 -18097
2.1923e-05 -17792
3.5094e-05 -17493
4.432e-05 -17198
5.6182e-05 -16904
6.7921e-05 -16619
7.9888e-05 -16335
8.8943e-05 -16057
9.7781e-05 -15779
0.000105879 -15511
0.000113739 -15246
0.000123174 -14983
0.000131253 -14720
0.000139474 -14461
0.000148264 -14204
0.000156713 -13952
0.00016556 -13705
0.000173847 -13462
0.000182173 -13220
0.000190327 -12982
0.000199079 -12749
0.000206826 -12516
0.000214877 -12285
0.000223202 -12059
0.000231253 -11834
0.00023935 -11609
0.00024778 -11385
0.000256532 -11161
0.00026518 -10939
0.00027378 -10721
0.000282106 -10504
0.00029118 -10290
0.000321381 -10081
0.000334315 -9873
0.000342906 -9666
0.000351791 -9461
0.000361965 -9257
0.0003714 -9057
0.000380199 -8858
0.000389369 -8663
0.000400197 -8473
0.000411007 -8283
0.000421144 -8094
0.00043165 -7909
0.000443048 -7725
0.000451762 -7542
0.000462069 -7360
0.000471561 -7179
0.000481479 -7000
0.000491663 -6824
0.000501553 -6652
0.000511822 -6481
0.000521219 -6313
0.000531213 -6147
0.000540497 -5981
0.000551249 -5820
0.000562287 -5661
0.000572499 -5502
0.000582806 -5347
0.000592706 -5192
0.000603515 -5043
0.000613311 -4896
0.000623931 -4750
0.000633508 -4606
0.000643853 -4462
0.000656265 -4318
0.000668601 -4175
0.00068071 -4042
0.000692516 -3909
0.000703278 -3779
0.000714334 -3650
0.000726234 -3523
0.000738628 -3397
0.000751723 -3272
0.000764125 -3148
0.00077668 -3029
0.000790733 -2911
0.000803278 -2794
0.000818259 -2678
0.000832378 -2565
0.000848479 -2455
0.000862532 -2349
0.000879078 -2244
0.000893871 -2140
0.000909924 -2037
0.000922014 -1938
0.000935621 -1840
0.000951494 -1742
0.0009653 -1647
0.000980643 -1552
0.000997274 -1462
0.0010109 -1373
0.00102396 -1289
0.00103991 -1210
0.00105627 -1134
0.00107169 -1062
0.00108624 -991
0.00110649 -920
0.00112272 -849
0.00113963 -780
0.00115852 -714
0.00117478 -651
0.00119247 -589
0.00120717 -530
0.0012232 -472
0.00123883 -416
0.00125777 -363
0.00127338 -311
0.00129224 -260
0.00131109 -210
0.00132852 -164
0.00134661 -119
0.0013615 -76
0.00137723 -34
0.00139459 7
0.0014104 43
0.00144901 76
0.00148437 104
0.0015047 127
0.00152034 149
0.00153368 168
0.00154785 187
0.00156119 202
0.00157446 217
0.00158642 232
0.00160069 249
0.00161526 269
0.00166117 284
0.00168259 299
0.00170045 314
0.00171331 336
0.0017281 350
0.0017401 363
0.00175163 377
0.00176452 390
0.00177822 402
0.00179372 415
0.00180635 426
0.00181961 435
0.00183438 448
0.00184866 460
0.00186197 470
0.00187543 485
0.0018884 493
0.0019024 501
0.00191599 508
0.00192845 525
0.00194206 539
0.00195691 546
0.00197036 557
0.00198546 565
0.00200613 573
0.00202076 580
0.00203888 585
0.00205253 591
0.00206524 598
0.0020787 611
0.00209178 614
0.00210577 616
0.00212012 620
0.00213531 621
0.00214698 635
0.00216076 641
0.00226719 646
0.00228169 652
0.0022939 655
0.00230662 674
0.00232132 680
0.00233297 681
0.00234782 685
0.00236267 689
0.00238387 691
0.00239726 692
0.00241259 698
0.00242568 704
0.00243751 710
0.0024522 715
0.00248073 716
0.00249413 721
0.00250884 723
0.00252345 725
0.00253865 726
0.00259542 736
0.00269786 740
0.00271294 751
0.00272551 753
0.00273827 761
0.00275049 762
0.00283663 769
0.00285435 771
0.00293957 775
0.00295207 777
0.00690654 778
0.00693539 779
0.00695441 780
0.00697897 781
0.0073064 787
0.00772789 790
0.00780212 793
0.00783045 796
0.00784603 798
0.00840555 799
0.00893844 803
0.00895213 806
0.00896733 807
0.0121312 809
0.0121526 811
0.0123096 813
0.0124841 817
0.0124969 819
0.0133049 820
0.0133151 822
2 822
