406 0.0840076
419 0.108268
408 0.118214
368 0.0683595
443 0.0745773
390 0.0673192
407 0.113234
390 0.0620595
376 0.0696275
420 0.128587
140 0.0748398
154 0.0918273
139 0.0774401
162 0.0833332
132 0.130345
122 0.0887871
139 0.211437
122 0.0750006
153 0.164886
147 0.106388
1806 0.0640102
1856 0.0438927
1858 0.0388988
1939 0.065024
1802 0.0471445
2102 0.0489828
1760 0.0472289
1681 0.0435985
1731 0.0402235
1900 0.0509564
1607 0.0844504
1595 0.085734
1517 0.112489
1441 0.151517
1507 0.0816472
1585 0.0755783
1409 0.0844017
1481 0.123342
1489 0.0782031
1401 0.0847985
