0 -95581
6.5e-08 -94761
1.0001e-05 -93951
1.9595e-05 -93169
2.8726e-05 -92409
3.9478e-05 -91668
5.4887e-05 -90930
7.6242e-05 -90196
9.7513e-05 -89464
0.000119785 -88733
0.000147455 -88004
0.000173163 -87283
0.000195527 -86584
0.000217641 -85887
0.000239783 -85190
0.000261452 -84496
0.000283798 -83805
0.000306079 -83117
0.000328554 -82432
0.000350465 -81753
0.000371171 -81079
0.000393387 -80405
0.000415742 -79731
0.000437263 -79062
0.000459572 -78394
0.00048202 -77733
0.000503689 -77076
0.000525924 -76423
0.000548668 -75770
0.000570726 -75118
0.000593155 -74466
0.000615936 -73815
0.000638532 -73170
0.000661155 -72534
0.000684603 -71900
0.000708939 -71267
0.000731591 -70635
0.000754242 -70004
0.000778745 -69379
0.000807388 -68757
0.000832392 -68138
0.000857367 -67520
0.000882084 -66903
0.00090705 -66287
0.000931988 -65676
0.000956325 -65067
0.000981384 -64460
0.00100698 -63853
0.00103244 -63251
0.00105759 -62650
0.00108272 -62050
0.00110709 -61453
0.00113224 -60856
0.00115691 -60260
0.00119325 -59665
0.0012209 -59072
0.00124643 -58484
0.00127164 -57896
0.00129391 -57308
0.00131883 -56725
0.00134321 -56143
0.00136759 -55561
0.00139198 -54980
0.0014164 -54401
0.00144092 -53822
0.00146463 -53245
0.00148929 -52670
0.00151409 -52095
0.0015387 -51521
0.00156331 -50947
0.00158811 -50373
0.00161282 -49799
0.00163717 -49226
0.00166215 -48656
0.00168296 -48087
0.00170656 -47520
0.00173262 -46958
0.00175688 -46400
0.00178162 -45847
0.00180487 -45301
0.0018295 -44757
0.00185458 -44215
0.00188504 -43674
0.00191104 -43133
0.00193607 -42593
0.00196139 -42055
0.00198701 -41519
0.00201205 -40984
0.00203711 -40449
0.00206233 -39915
0.00208728 -39382
0.00211283 -38849
0.00213825 -38319
0.00218343 -37790
0.00221038 -37263
0.00223667 -36736
0.00226248 -36209
0.00228496 -35682
0.00230686 -35155
0.00233184 -34630
0.00235758 -34107
0.00238255 -33587
0.00240885 -33069
0.00243347 -32554
0.00246015 -32039
0.00248715 -31524
0.00251209 -31010
0.00253902 -30501
0.00256598 -29992
0.00259122 -29485
0.00261808 -28978
0.00264517 -28475
0.00267655 -27974
0.00270357 -27484
0.0027319 -26994
0.00275939 -26507
0.00278636 -26024
0.0028137 -25543
0.00284272 -25062
0.00287219 -24584
0.00290017 -24108
0.00292774 -23633
0.00295538 -23159
0.00298288 -22687
0.00301084 -22217
0.00304539 -21748
0.00307703 -21280
0.00310369 -20821
0.00313277 -20364
0.00317055 -19911
0.00320011 -19464
0.00322941 -19020
0.00325764 -18578
0.00328756 -18136
0.00331768 -17696
0.00334728 -17256
0.00337754 -16818
0.00340664 -16383
0.00343696 -15948
0.00346772 -15516
0.00349507 -15097
0.00352421 -14679
0.0035567 -14265
0.0035943 -13854
0.00362709 -13449
0.00365695 -13047
0.00368961 -12646
0.00372353 -12253
0.00375767 -11861
0.0037942 -11470
0.00382908 -11080
0.00386358 -10705
0.0038967 -10330
0.00393077 -9960
0.00396379 -9593
0.00399883 -9234
0.00403668 -8884
0.00407555 -8534
0.00411354 -8188
0.00415416 -7845
0.00420571 -7510
0.00424917 -7178
0.00428911 -6852
0.00432925 -6538
0.00437141 -6226
0.00441629 -5929
0.00446129 -5633
0.0045103 -5341
0.00456373 -5049
0.00461494 -4762
0.00466746 -4486
0.0047256 -4213
0.00478508 -3940
0.00484186 -3678
0.00490988 -3436
0.00498462 -3195
0.00505221 -2962
0.00512038 -2734
0.00518531 -2511
0.00525891 -2297
0.00533132 -2083
0.00540213 -1886
0.00551719 -1693
0.00562484 -1504
0.0057263 -1325
0.00583311 -1152
0.00593515 -1004
0.00602281 -865
0.0061108 -746
0.00622834 -632
0.00631176 -528
0.00639763 -426
0.00647738 -341
0.00655651 -258
0.00663386 -179
0.00670371 -115
0.00678359 -60
0.00685634 -6
0.00692002 28
0.00697847 60
0.00703353 80
0.00708204 105
0.00712923 111
0.00718061 120
0.00724123 127
0.00729775 138
0.0073475 142
0.00740145 150
0.00745995 173
0.00751434 178
0.00757109 188
0.00763108 193
0.00768887 194
0.00779601 196
0.00823727 211
0.00829085 220
0.00846131 227
0.00852051 233
0.00857976 238
0.015767 244
0.0158354 257
0.0189719 261
0.0259894 264
0.0260531 271
0.0316529 273
0.0317643 280
2 280
