0 -137450
5.5e-08 -136547
1.0733e-05 -135683
2.1169e-05 -134827
3.2069e-05 -133976
4.6163e-05 -133127
6.586e-05 -132296
9.4707e-05 -131465
0.000123989 -130636
0.000152817 -129820
0.000186229 -129006
0.000228698 -128194
0.000278612 -127383
0.000316135 -126582
0.000348242 -125788
0.000377172 -124998
0.000405981 -124208
0.000435142 -123419
0.000473472 -122632
0.00051532 -121845
0.000544944 -121060
0.000574467 -120280
0.000603943 -119504
0.000633327 -118730
0.000662349 -117957
0.000700308 -117184
0.000730377 -116416
0.000759826 -115648
0.000788848 -114883
0.000816871 -114119
0.000846356 -113360
0.000874286 -112602
0.000903466 -111846
0.000933377 -111092
0.00096227 -110340
0.00099182 -109592
0.00102202 -108847
0.00105221 -108105
0.00109248 -107365
0.00112294 -106626
0.00115289 -105888
0.00118311 -105151
0.00121285 -104417
0.00124315 -103687
0.00127735 -102957
0.00130745 -102228
0.0013379 -101501
0.00136781 -100778
0.00139851 -100055
0.00142891 -99336
0.00145951 -98618
0.00149012 -97903
0.00152089 -97192
0.00155148 -96482
0.00158078 -95776
0.00161135 -95071
0.0016424 -94367
0.00167296 -93663
0.00170398 -92959
0.00173506 -92257
0.00176423 -91557
0.00179501 -90858
0.00182369 -90160
0.00185408 -89462
0.00188519 -88769
0.00191582 -88077
0.00194618 -87386
0.00197735 -86696
0.00200826 -86006
0.00203898 -85318
0.00207004 -84631
0.00210125 -83947
0.00213262 -83264
0.00216217 -82583
0.00219033 -81906
0.00222529 -81230
0.0022563 -80554
0.0022875 -79878
0.00231844 -79206
0.00234964 -78534
0.00238133 -77862
0.00241266 -77196
0.00244383 -76530
0.0024752 -75864
0.00250536 -75199
0.00253728 -74534
0.00257864 -73870
0.00260997 -73206
0.00264126 -72542
0.00267179 -71883
0.00270334 -71224
0.00273511 -70566
0.00276654 -69912
0.00279655 -69258
0.00282809 -68604
0.00285865 -67950
0.00289017 -67296
0.0029198 -66644
0.00295066 -65993
0.00298247 -65343
0.00301543 -64696
0.00304781 -64049
0.00308007 -63402
0.00311233 -62757
0.00314834 -62113
0.00318069 -61470
0.00320996 -60828
0.00324206 -60186
0.00327434 -59544
0.00330647 -58902
0.00333905 -58261
0.00337207 -57620
0.00340484 -56980
0.00343381 -56346
0.00346688 -55713
0.00349728 -55083
0.00353076 -54455
0.00356461 -53828
0.00359795 -53202
0.00363168 -52576
0.00366543 -51951
0.00369803 -51329
0.00373181 -50707
0.00376606 -50085
0.00379981 -49465
0.00383233 -48846
0.00386407 -48227
0.00389855 -47611
0.00393281 -46996
0.00397304 -46381
0.00400807 -45768
0.00404268 -45158
0.00408082 -44550
0.00411518 -43946
0.00414668 -43342
0.0041817 -42738
0.00421991 -42134
0.00425479 -41531
0.00428997 -40928
0.00432415 -40328
0.00435624 -39730
0.00439226 -39132
0.00443637 -38536
0.00447074 -37941
0.00453022 -37347
0.00456961 -36753
0.00460643 -36165
0.00464046 -35578
0.00467753 -34996
0.00471388 -34415
0.00476036 -33835
0.00479801 -33259
0.00484156 -32683
0.00487718 -32107
0.00492211 -31539
0.00496997 -30972
0.00501819 -30408
0.00505713 -29848
0.00510826 -29291
0.00515352 -28739
0.00519075 -28187
0.00522705 -27645
0.00526465 -27107
0.00530367 -26571
0.00534291 -26035
0.00538143 -25503
0.00541971 -24971
0.00545623 -24440
0.00549723 -23918
0.0055391 -23396
0.00557755 -22879
0.00562519 -22364
0.0056689 -21850
0.00572458 -21344
0.00578203 -20838
0.00582982 -20334
0.00587262 -19834
0.00591599 -19335
0.00595896 -18839
0.00600307 -18345
0.00604713 -17853
0.00609108 -17364
0.00613535 -16876
0.00618156 -16390
0.00622591 -15910
0.00628507 -15442
0.00633237 -14977
0.00637974 -14520
0.0064255 -14064
0.00647425 -13608
0.00652281 -13162
0.00656755 -12721
0.0066179 -12281
0.00667134 -11849
0.00672133 -11424
0.00677212 -11000
0.00682356 -10577
0.00687804 -10166
0.00693242 -9767
0.00698751 -9383
0.00703762 -8999
0.00708692 -8620
0.0071391 -8243
0.00719074 -7874
0.00724652 -7508
0.00730852 -7144
0.00739083 -6783
0.00747038 -6437
0.00754712 -6098
0.00762158 -5761
0.00770143 -5438
0.00777551 -5118
0.00785071 -4801
0.00793015 -4496
0.00801396 -4205
0.00810379 -3916
0.00822602 -3641
0.00832979 -3367
0.00843947 -3108
0.0085611 -2858
0.00867502 -2611
0.00878851 -2385
0.00890645 -2175
0.00902531 -1966
0.00914554 -1772
0.0092664 -1582
0.00938836 -1399
0.00950809 -1220
0.0096298 -1060
0.0097495 -903
0.00986706 -767
0.00999208 -648
0.0101186 -545
0.0102373 -446
0.0103508 -353
0.0104558 -268
0.0105537 -192
0.0106544 -119
0.0108001 -67
0.0109114 -32
0.011008 2
0.0110962 27
0.0111775 44
0.0112481 63
0.011395 72
0.0114795 88
0.011543 104
0.0116071 127
0.0116674 132
0.0117343 146
0.0117968 150
0.0118623 156
0.0119892 167
0.0120496 177
0.0121139 187
0.0122791 189
0.0123526 198
0.0125234 206
0.0125997 213
0.0126727 222
0.0127479 224
0.0147185 227
0.0192888 230
0.0395705 233
0.0616424 241
2 241
