0 -5210
5.4e-08 -4964
5.04e-06 -4782
8.748e-06 -4608
1.3995e-05 -4441
2.2851e-05 -4278
3.3409e-05 -4124
3.925e-05 -3974
4.3912e-05 -3828
4.8547e-05 -3685
5.3137e-05 -3543
5.7529e-05 -3405
6.2488e-05 -3267
6.7663e-05 -3133
7.1983e-05 -3001
7.7104e-05 -2871
8.174e-05 -2742
8.6906e-05 -2613
9.1478e-05 -2488
9.6653e-05 -2371
0.000101765 -2256
0.000107093 -2141
0.000112052 -2027
0.000116273 -1916
0.000121475 -1806
0.000126794 -1697
0.000131997 -1592
0.000137505 -1487
0.000142536 -1384
0.00014817 -1285
0.000153534 -1188
0.000160167 -1092
0.000165504 -1000
0.00017049 -911
0.000175387 -831
0.000181165 -751
0.000186142 -672
0.000190354 -596
0.000195934 -521
0.000202603 -447
0.000208282 -385
0.000213646 -324
0.000219037 -264
0.000224834 -208
0.000231152 -153
0.000237623 -99
0.000243122 -54
0.000248756 -10
0.000255146 32
0.000260645 74
0.000267287 112
0.000273012 148
0.000280086 179
0.000285765 208
0.000290976 235
0.000296268 261
0.000302478 284
0.000307698 306
0.000313521 326
0.000334546 347
0.000345409 364
0.000352546 386
0.000357973 402
0.000362833 417
0.000368378 432
0.000377666 447
0.000383174 461
0.000388979 474
0.000394397 487
0.00039923 503
0.000405395 518
0.000410426 529
0.000415575 540
0.000421623 561
0.000426672 571
0.000431316 581
0.00043686 596
0.000444843 605
0.000451926 615
0.000459298 623
0.000460819 630
0.0004627 635
0.000465931 642
0.000470854 649
0.000474382 650
0.000492463 652
0.000501967 653
0.000504631 667
0.000512939 675
0.000521525 680
0.000523199 691
0.000596991 700
0.000608854 702
0.000629446 704
0.000763666 707
2 707
