0 -15232
4.8e-08 -14904
2.8118e-05 -14595
7.998e-05 -14303
0.000117655 -14035
0.000163287 -13774
0.000193916 -13514
0.000231706 -13274
0.000288908 -13035
0.0003503 -12798
0.000391925 -12564
0.00042007 -12334
0.000443337 -12107
0.000467504 -11888
0.000487262 -11673
0.000508774 -11461
0.000530353 -11255
0.000549708 -11052
0.000568114 -10849
0.000593308 -10651
0.000613583 -10457
0.000636734 -10267
0.000657691 -10077
0.000677515 -9889
0.00070083 -9704
0.000728947 -9520
0.000749261 -9337
0.000769363 -9155
0.000790607 -8974
0.00081116 -8797
0.000832874 -8621
0.000852469 -8456
0.000872408 -8293
0.000924118 -8130
0.000953366 -7967
0.00097367 -7809
0.000994991 -7651
0.00101435 -7497
0.00103499 -7344
0.00105623 -7192
0.00107788 -7043
0.00111283 -6898
0.00113537 -6757
0.00116229 -6616
0.00118634 -6477
0.00121237 -6339
0.00123542 -6201
0.00125617 -6065
0.00127968 -5931
0.00130261 -5798
0.0013257 -5670
0.00134872 -5542
0.00137084 -5415
0.00139155 -5289
0.00141255 -5165
0.00143168 -5041
0.00145077 -4921
0.00147134 -4802
0.0014909 -4683
0.00151559 -4566
0.00154333 -4450
0.00156905 -4334
0.00159579 -4220
0.00162362 -4106
0.00164518 -3993
0.00166937 -3884
0.00169816 -3775
0.00173212 -3667
0.00176058 -3559
0.00180187 -3457
0.00183943 -3356
0.00187818 -3257
0.00189909 -3159
0.00191907 -3062
0.00193595 -2965
0.00195327 -2871
0.00197063 -2780
0.00198801 -2689
0.00200657 -2600
0.00202298 -2511
0.00204265 -2426
0.00206253 -2343
0.00207863 -2260
0.00209643 -2178
0.00211603 -2096
0.00213383 -2016
0.00215609 -1936
0.00217303 -1857
0.00219003 -1780
0.0022071 -1705
0.00222448 -1631
0.00224325 -1559
0.00225816 -1488
0.00227335 -1418
0.00229129 -1348
0.00230898 -1279
0.00232527 -1211
0.00234193 -1145
0.00235952 -1080
0.00237765 -1015
0.00239505 -950
0.00241327 -885
0.00243004 -822
0.0024463 -760
0.00246198 -701
0.00247758 -643
0.00249297 -586
0.00250948 -531
0.00252674 -476
0.00254274 -422
0.00255976 -369
0.00257624 -316
0.00259444 -267
0.00261185 -219
0.00263305 -173
0.00265008 -129
0.00266556 -88
0.0026878 -48
0.00270496 -10
0.00272777 26
0.00274491 62
0.00276193 97
0.00278059 131
0.00279857 165
0.00281578 198
0.00283639 231
0.0028535 271
0.00287163 304
0.00288891 334
0.0029137 364
0.00292909 393
0.00294434 422
0.00296086 449
0.00297795 475
0.00299667 500
0.00301354 525
0.00306011 549
0.00309184 572
0.00311176 595
0.00312981 618
0.00314617 640
0.00316209 662
0.00317747 684
0.00319313 705
0.00320978 726
0.00322614 747
0.00324184 769
0.00325716 789
0.00327456 809
0.0032912 828
0.00330786 847
0.00332419 864
0.00333911 888
0.00335539 909
0.00337156 933
0.00338762 950
0.00340299 965
0.00341913 987
0.003436 1001
0.00344952 1021
0.00346607 1036
0.00348335 1049
0.00349931 1067
0.00351484 1080
0.00352927 1094
0.00354637 1106
0.00356156 1118
0.00357857 1138
0.00359488 1151
0.00361063 1163
0.0036281 1175
0.00364291 1187
0.00365902 1207
0.00367439 1219
0.0036896 1231
0.00370633 1243
0.00372077 1254
0.00373634 1272
0.00375356 1286
0.00377099 1297
0.00378696 1313
0.00380339 1332
0.00381906 1347
0.00383645 1362
0.00385328 1375
0.00387128 1386
0.00388827 1406
0.00390606 1417
0.00392228 1428
0.00394008 1438
0.00395599 1450
0.00397187 1459
0.00398704 1467
0.00400402 1478
0.00402166 1486
0.00403967 1493
0.00405725 1503
0.00407325 1511
0.00408849 1524
0.00410523 1533
0.00412032 1541
0.0041373 1546
0.00416266 1556
0.00418992 1560
0.00420312 1562
0.00421475 1564
0.00422621 1571
0.00423924 1584
0.00424556 1585
0.0042516 1588
0.00426497 1595
0.00427602 1599
0.00430732 1602
0.00431008 1603
0.004317 1604
0.00435903 1606
0.00436682 1608
0.00436919 1611
0.00438655 1612
0.00439557 1615
0.00588135 1616
0.00589315 1618
0.00589813 1620
0.00647642 1621
2 1621
