0 -17298
4.8e-08 -16977
3.4655e-05 -16686
6.004e-05 -16408
7.3864e-05 -16131
0.000109535 -15866
0.000156892 -15608
0.00020632 -15360
0.000271844 -15116
0.000333887 -14879
0.000378493 -14644
0.000411231 -14410
0.00044231 -14179
0.000472671 -13949
0.00049912 -13721
0.000528694 -13498
0.000556265 -13278
0.000586922 -13064
0.000625307 -12854
0.000715774 -12644
0.000776696 -12436
0.000828722 -12232
0.000870452 -12031
0.00091131 -11836
0.000950634 -11641
0.000987935 -11448
0.0010274 -11258
0.00106429 -11068
0.00109782 -10878
0.00113599 -10689
0.00116335 -10503
0.00119166 -10317
0.00122403 -10131
0.00124782 -9948
0.00127258 -9769
0.00129892 -9590
0.00132793 -9417
0.00135409 -9244
0.00138188 -9071
0.00140777 -8901
0.00143141 -8731
0.00145594 -8562
0.00148286 -8395
0.00151121 -8232
0.00153909 -8069
0.0015644 -7908
0.00158991 -7749
0.00161334 -7591
0.00163791 -7436
0.00166425 -7281
0.00168809 -7127
0.00171264 -6975
0.001734 -6829
0.00175738 -6685
0.00178257 -6543
0.00180653 -6404
0.00183175 -6269
0.00185686 -6136
0.00188505 -6004
0.00190991 -5873
0.00193104 -5743
0.00195403 -5614
0.00197872 -5485
0.00200696 -5357
0.00203305 -5230
0.0020604 -5105
0.00208547 -4980
0.00210785 -4860
0.00213015 -4742
0.00215067 -4627
0.00217864 -4513
0.00220186 -4401
0.00222872 -4291
0.00225317 -4181
0.00228015 -4072
0.00230217 -3964
0.00232456 -3856
0.00235323 -3748
0.00238003 -3645
0.00240314 -3543
0.00242854 -3443
0.00245071 -3346
0.00247797 -3250
0.00250293 -3155
0.00252418 -3061
0.00254746 -2968
0.00261646 -2878
0.0026806 -2791
0.00275677 -2705
0.00280431 -2619
0.00283715 -2534
0.00286437 -2450
0.00288927 -2368
0.00291096 -2286
0.00293308 -2205
0.00295503 -2127
0.00297447 -2050
0.00299608 -1975
0.00301879 -1902
0.00304033 -1829
0.00306132 -1756
0.00308542 -1685
0.00311502 -1614
0.00313867 -1545
0.00315887 -1476
0.00318004 -1408
0.00320402 -1340
0.00322627 -1275
0.00324775 -1210
0.00326896 -1146
0.00328879 -1083
0.00330945 -1020
0.00333037 -957
0.00334858 -895
0.00336765 -833
0.00338973 -775
0.00341317 -721
0.00343338 -669
0.00345332 -617
0.00347458 -568
0.00349707 -520
0.00351878 -473
0.00354111 -426
0.00356163 -379
0.00358018 -333
0.0036015 -290
0.00362417 -248
0.00364501 -208
0.00366918 -169
0.00369736 -131
0.00371999 -93
0.00374036 -55
0.00375999 -18
0.00377894 19
0.00380116 56
0.00382037 91
0.00384057 126
0.00386079 161
0.00388865 196
0.00392023 229
0.00394248 260
0.00396323 288
0.00398357 316
0.00400528 344
0.00402613 371
0.00404644 397
0.00406849 423
0.00409341 449
0.00411655 473
0.0041389 499
0.00415855 522
0.00417964 550
0.00420009 571
0.00422027 592
0.00424163 613
0.00426074 634
0.00428114 654
0.00430164 673
0.00432664 691
0.00435201 709
0.00437202 729
0.00439347 746
0.00441644 763
0.00443641 780
0.0044564 801
0.004477 819
0.00452035 836
0.0045433 853
0.00456378 881
0.00458403 902
0.00460434 919
0.00462463 936
0.0046475 953
0.00466689 970
0.00468622 987
0.00470479 1004
0.00472506 1021
0.00475171 1037
0.00477223 1053
0.00479173 1071
0.00481105 1087
0.00483335 1102
0.00485357 1117
0.00487405 1132
0.00489306 1147
0.00491222 1162
0.00493147 1184
0.00494932 1200
0.00497013 1217
0.00498869 1231
0.0050081 1245
0.00502597 1259
0.00504926 1272
0.00506865 1284
0.00508779 1295
0.00510782 1306
0.00512827 1317
0.00514966 1328
0.00516862 1343
0.00518899 1363
0.00520972 1374
0.00522952 1384
0.00524913 1394
0.00526989 1406
0.00529093 1419
0.00531283 1433
0.00533551 1443
0.00535695 1453
0.00537639 1462
0.00539716 1477
0.00541943 1490
0.00544201 1499
0.00546452 1514
0.00548538 1529
0.00550606 1538
0.00552681 1558
0.00554718 1572
0.00556611 1581
0.00558603 1593
0.0056087 1606
0.0056575 1618
0.00569727 1628
0.00571821 1638
0.00573902 1648
0.00574693 1656
0.00575726 1663
0.00576911 1670
0.00578258 1675
0.00578678 1680
0.00579468 1684
0.00580695 1696
0.00582107 1700
0.00582544 1705
0.00583324 1708
0.00583675 1711
0.00584138 1718
0.00584847 1722
0.00585338 1725
0.00585885 1728
0.00586453 1731
0.00587102 1735
0.00588975 1737
0.0058932 1739
0.00589797 1740
0.00590491 1744
0.00591669 1745
0.00592194 1746
0.00593125 1752
0.00594469 1753
0.0059529 1754
0.0059787 1755
0.00598967 1756
0.0060164 1758
0.00602157 1777
0.0060855 1788
0.00611645 1791
0.00612752 1792
0.00619487 1795
0.0062072 1796
0.00622047 1804
0.00633907 1805
0.00634602 1809
0.00635778 1812
0.00731829 1820
0.00735152 1823
0.00735685 1824
0.00739905 1825
0.00740163 1827
0.00740464 1828
0.00748728 1830
0.00749209 1832
2 1832
