0 -7285
5.7e-08 -7016
1.9336e-05 -6788
3.2172e-05 -6581
4.1308e-05 -6381
6.9674e-05 -6187
0.00010895 -5997
0.000135275 -5814
0.000160065 -5632
0.000180609 -5453
0.00019843 -5280
0.000213366 -5126
0.000227583 -4978
0.000242384 -4831
0.000256132 -4686
0.00027448 -4542
0.000293979 -4399
0.000320783 -4257
0.000341998 -4118
0.000356598 -3982
0.000377726 -3850
0.000393122 -3721
0.000408183 -3595
0.000423607 -3470
0.000436386 -3346
0.00045391 -3227
0.000467379 -3111
0.000480417 -2998
0.000495103 -2886
0.00051048 -2777
0.000527812 -2671
0.000543525 -2565
0.000556112 -2466
0.000571297 -2369
0.000584737 -2273
0.000599836 -2177
0.000612825 -2084
0.000628154 -1993
0.000641566 -1903
0.000657537 -1819
0.000717356 -1736
0.000749672 -1654
0.000769325 -1576
0.000783282 -1499
0.000797461 -1430
0.000810681 -1361
0.000845968 -1293
0.00086331 -1228
0.000877048 -1165
0.000890939 -1103
0.000907974 -1041
0.00092173 -983
0.000935458 -925
0.000952887 -869
0.00096718 -814
0.000983678 -760
0.000999716 -706
0.00101723 -653
0.00103341 -601
0.00104647 -549
0.00105839 -502
0.001084 -455
0.00109514 -410
0.00110984 -366
0.00112206 -322
0.00113546 -279
0.00114762 -237
0.00115936 -197
0.00117321 -159
0.00118625 -121
0.00120106 -83
0.00121868 -46
0.00123524 -10
0.00125167 25
0.00127182 60
0.00128945 95
0.00130572 129
0.0013232 162
0.00133827 194
0.00135679 223
0.00137165 252
0.00138806 276
0.00140645 299
0.00142499 321
0.00145585 341
0.00147244 364
0.00149036 389
0.0015064 409
0.0015209 428
0.00153863 447
0.00155634 466
0.00157168 485
0.00158687 504
0.00160341 528
0.00162025 547
0.0016375 565
0.00165397 583
0.00167188 606
0.00169017 627
0.00170834 650
0.00172393 670
0.00173905 687
0.00175518 711
0.0017725 728
0.00178744 744
0.0018063 760
0.00182292 782
0.00183934 799
0.00185681 814
0.00187251 830
0.00188845 845
0.00190416 860
0.00192372 875
0.00194085 890
0.00195888 905
0.00197422 919
0.00198938 936
0.00201479 948
0.00203374 966
0.00204837 978
0.00205634 989
0.00206426 999
0.00207468 1017
0.0020921 1029
0.00209584 1039
0.00209997 1048
0.00210313 1057
0.00211027 1069
0.0021128 1075
0.0021246 1081
0.00213017 1095
0.00214403 1100
0.00214676 1104
0.00215228 1107
0.00216019 1118
0.00216639 1121
0.00216887 1123
0.00217377 1125
0.0021784 1134
0.00218453 1142
0.00218669 1143
0.00218994 1146
0.00219426 1148
0.00219747 1149
0.00220312 1152
0.0022256 1158
0.00222772 1159
0.0022339 1160
0.00223828 1170
0.00224769 1175
0.00224951 1184
0.00231667 1187
0.00232449 1191
0.00233366 1192
0.00234068 1193
0.00253741 1194
0.00263991 1195
0.00275374 1197
0.00321886 1200
0.00322523 1202
0.00322924 1204
0.00341732 1205
0.00341908 1208
0.00354524 1209
0.00355066 1210
2 1210
