0 -58967
6.3e-08 -58577
1.6443e-05 -58191
3.4363e-05 -57805
5.3434e-05 -57428
7.805e-05 -57063
0.000104276 -56701
0.000145992 -56345
0.000188014 -55990
0.000236003 -55637
0.000292938 -55291
0.000345805 -54947
0.000399815 -54606
0.000448101 -54266
0.000490015 -53926
0.000531587 -53587
0.000572835 -53248
0.000610906 -52914
0.000651974 -52581
0.000692601 -52248
0.000732867 -51916
0.000778894 -51584
0.000819611 -51253
0.00087057 -50925
0.00092927 -50597
0.00098643 -50270
0.00106303 -49945
0.00113552 -49621
0.00119828 -49298
0.00126269 -48976
0.00132233 -48654
0.00137959 -48334
0.00143743 -48018
0.0014962 -47703
0.00156303 -47389
0.00160535 -47075
0.00164606 -46762
0.00168618 -46451
0.00172622 -46141
0.00176589 -45831
0.00181394 -45521
0.00186996 -45212
0.00192946 -44905
0.00198707 -44601
0.0020414 -44298
0.00209922 -43995
0.00215633 -43693
0.00220804 -43392
0.00226505 -43092
0.00232218 -42793
0.00238005 -42495
0.00243724 -42197
0.00249528 -41901
0.0025527 -41607
0.00261038 -41314
0.00266584 -41022
0.00272418 -40732
0.00278128 -40445
0.00283594 -40159
0.00289366 -39873
0.00295135 -39587
0.00301344 -39302
0.00307203 -39017
0.00313023 -38732
0.00318182 -38447
0.00324039 -38162
0.00331099 -37878
0.0033692 -37596
0.00342784 -37315
0.00348705 -37035
0.00354433 -36755
0.00360296 -36477
0.00366291 -36199
0.00374452 -35921
0.00380721 -35644
0.00386862 -35368
0.0039338 -35093
0.00399586 -34820
0.00405786 -34548
0.00411945 -34276
0.00418174 -34006
0.00424379 -33738
0.00430476 -33470
0.0043648 -33202
0.00442813 -32934
0.0044908 -32666
0.00455308 -32399
0.00461575 -32132
0.00467818 -31865
0.00473986 -31600
0.00480181 -31336
0.00487142 -31072
0.00493667 -30809
0.00500081 -30546
0.00506353 -30283
0.00514799 -30021
0.00521308 -29760
0.00527654 -29499
0.0053451 -29240
0.0054163 -28982
0.00548307 -28724
0.00556966 -28467
0.00562837 -28210
0.00568933 -27954
0.00576866 -27701
0.0058169 -27448
0.00586543 -27198
0.0059096 -26948
0.00595486 -26699
0.00601136 -26450
0.00607863 -26201
0.00614466 -25952
0.00621174 -25705
0.00625832 -25458
0.00630456 -25211
0.00635147 -24965
0.00640931 -24720
0.0064704 -24476
0.00653083 -24233
0.00659188 -23990
0.00664512 -23747
0.00668651 -23508
0.00672834 -23270
0.00676966 -23032
0.00681789 -22794
0.00685912 -22556
0.00691343 -22319
0.00695623 -22082
0.00699885 -21847
0.00705564 -21614
0.00710087 -21381
0.00715985 -21148
0.00721543 -20916
0.00727001 -20685
0.00731609 -20455
0.00735887 -20225
0.0073986 -19996
0.00744037 -19767
0.00748274 -19538
0.00752407 -19310
0.0075685 -19082
0.00762645 -18855
0.00767857 -18628
0.00773539 -18402
0.00777537 -18177
0.00781733 -17953
0.00786054 -17731
0.00791349 -17509
0.00798194 -17287
0.00803686 -17067
0.00808986 -16848
0.00814151 -16629
0.00819435 -16413
0.00824712 -16198
0.00830141 -15983
0.0083571 -15768
0.00841658 -15555
0.00846657 -15345
0.00851966 -15135
0.00859112 -14927
0.00864105 -14719
0.00875583 -14512
0.00885683 -14307
0.0089453 -14102
0.00900791 -13898
0.00905441 -13694
0.00909009 -13493
0.00926876 -13293
0.0093494 -13095
0.00940973 -12898
0.00945524 -12701
0.00954957 -12504
0.00960616 -12307
0.0096517 -12113
0.00969502 -11920
0.00981261 -11727
0.00989987 -11534
0.00997197 -11342
0.0100544 -11152
0.010118 -10967
0.010172 -10783
0.0102157 -10599
0.0102532 -10416
0.0102963 -10233
0.0103365 -10051
0.0103725 -9872
0.010413 -9693
0.0104575 -9515
0.0105019 -9337
0.0105433 -9160
0.0105871 -8983
0.0106329 -8807
0.0106838 -8633
0.0107282 -8460
0.0107725 -8287
0.0109446 -8116
0.0110563 -7948
0.0111468 -7782
0.0114826 -7616
0.0115912 -7451
0.0116785 -7290
0.0117532 -7130
0.0118203 -6970
0.0118811 -6814
0.0119366 -6660
0.0119909 -6508
0.0120579 -6358
0.0121177 -6210
0.0121744 -6064
0.0122334 -5920
0.0122966 -5777
0.0123611 -5635
0.012426 -5496
0.0124894 -5358
0.0125531 -5224
0.0126165 -5090
0.0126831 -4959
0.0127776 -4828
0.0128796 -4698
0.0129811 -4568
0.0130759 -4439
0.0131731 -4312
0.0132657 -4188
0.0133579 -4065
0.0134498 -3944
0.0135554 -3826
0.0136457 -3709
0.0137562 -3593
0.013879 -3478
0.0140201 -3364
0.0141769 -3252
0.0143319 -3142
0.0144678 -3032
0.0145963 -2922
0.0147213 -2816
0.0148427 -2712
0.0149641 -2608
0.0150843 -2505
0.0152031 -2406
0.0153315 -2308
0.0154501 -2211
0.0155933 -2115
0.0157442 -2022
0.0159025 -1931
0.0160407 -1841
0.016175 -1751
0.0163173 -1664
0.0164636 -1577
0.0166313 -1493
0.0168107 -1410
0.0170488 -1329
0.0172992 -1250
0.0174674 -1171
0.0178099 -1093
0.0179843 -1019
0.0181338 -947
0.0182763 -881
0.0184205 -815
0.0185482 -749
0.0186723 -684
0.0187922 -620
0.0189088 -560
0.0190216 -501
0.0191311 -442
0.0192623 -386
0.0193999 -334
0.0195227 -282
0.0196443 -231
0.01978 -185
0.0199091 -141
0.0200174 -99
0.0201131 -58
0.0202018 -23
0.0202894 11
0.0203747 40
0.0204587 66
0.0205415 92
0.0206191 114
0.0207016 134
0.0207799 158
0.0208548 177
0.0209325 195
0.0210435 211
0.0211667 227
0.0212802 241
0.0213868 259
0.0214915 268
0.0215978 277
0.0216766 286
0.0217509 298
0.0218193 306
0.0218912 315
0.0219687 326
0.0220389 341
0.0221082 350
0.0221775 363
0.0222476 374
0.022318 379
0.022389 383
0.0224623 391
0.0225334 398
0.0226118 402
0.0226984 417
0.02278 427
0.0228838 431
0.0230091 440
0.0231283 444
0.0232433 450
0.0233447 453
0.0234324 459
0.0235138 465
0.0235881 467
0.0236604 469
0.023736 477
0.023812 483
0.023889 488
0.0239718 491
0.0240493 503
0.024131 510
0.0242091 515
0.0242873 519
0.0243636 529
0.0244375 537
0.0245125 540
0.0246167 546
0.0247205 549
0.0248082 552
0.0248907 554
0.0249729 556
0.0250503 561
0.0251488 564
0.025256 567
0.0253532 568
0.0254414 570
0.0255384 572
0.0259246 573
0.0259996 576
0.02684 578
0.0270727 582
0.0271502 583
0.0272449 589
0.0273542 592
0.027536 596
0.0276207 600
0.0277013 602
0.0278355 606
0.0279378 609
0.0284366 613
0.0285261 615
0.0286064 616
0.0287555 624
0.0291629 625
0.0292479 627
0.0293274 630
0.0294043 631
0.0294783 633
0.0303558 635
0.0304284 637
0.0308631 640
0.0316154 641
0.0317241 645
0.031925 648
0.0320143 651
0.032105 652
0.032421 657
0.0324986 659
0.0326976 663
0.0330929 668
0.0333589 669
0.033448 670
0.0335655 671
0.0352177 672
0.0352996 673
0.0353806 674
0.0377529 675
0.0379287 677
0.0381716 679
0.0382502 681
0.038899 683
0.0390596 684
0.0392176 689
0.0681022 690
0.0687119 691
0.0692763 696
2 696
