0 -21241
4.7e-08 -20883
3.2536e-05 -20554
5.0474e-05 -20234
7.3127e-05 -19930
9.7155e-05 -19633
0.000145002 -19339
0.000179467 -19045
0.000226788 -18756
0.00029631 -18469
0.000369691 -18188
0.000436588 -17908
0.000484445 -17633
0.000519794 -17360
0.000551276 -17088
0.000580668 -16823
0.000607537 -16568
0.000633503 -16316
0.00065931 -16065
0.000683356 -15818
0.000705209 -15573
0.00072918 -15329
0.000754478 -15089
0.000777433 -14852
0.000803982 -14621
0.000829167 -14395
0.000855538 -14175
0.000878916 -13956
0.000904779 -13741
0.00093066 -13526
0.000957521 -13315
0.000983026 -13104
0.00101103 -12896
0.00103674 -12691
0.00106433 -12487
0.00109082 -12285
0.00111727 -12088
0.0011416 -11894
0.00116558 -11702
0.00119174 -11510
0.00121388 -11323
0.00124193 -11138
0.00126784 -10953
0.00129155 -10769
0.00131215 -10585
0.00133732 -10407
0.00136278 -10229
0.00142488 -10052
0.00148573 -9878
0.00153169 -9704
0.00156633 -9531
0.00159402 -9363
0.00161756 -9195
0.0016457 -9030
0.00167055 -8865
0.00169219 -8701
0.00171892 -8541
0.00174575 -8381
0.00177169 -8224
0.00179482 -8068
0.00182055 -7913
0.00184321 -7759
0.00186631 -7609
0.00189184 -7461
0.00191566 -7313
0.001941 -7166
0.00196302 -7019
0.00198284 -6873
0.00200545 -6729
0.00202895 -6589
0.00205084 -6450
0.0020759 -6311
0.00209732 -6176
0.00211771 -6046
0.00214214 -5917
0.00216649 -5789
0.00219185 -5666
0.00221463 -5545
0.00223766 -5424
0.00226055 -5303
0.00228531 -5183
0.0023071 -5064
0.00233284 -4945
0.00235538 -4827
0.00237954 -4710
0.00240355 -4594
0.00242637 -4480
0.00244876 -4366
0.00247085 -4252
0.00249169 -4142
0.00251287 -4033
0.00253786 -3925
0.00259363 -3818
0.00261471 -3712
0.00263376 -3608
0.00265373 -3505
0.00267549 -3403
0.0026967 -3302
0.00271851 -3201
0.00273896 -3101
0.00275973 -3001
0.00278057 -2904
0.00280102 -2807
0.00282282 -2716
0.00284523 -2626
0.00286607 -2537
0.00288762 -2448
0.00291034 -2359
0.0029319 -2276
0.00295241 -2195
0.0029719 -2114
0.00299116 -2034
0.00301172 -1954
0.00304682 -1880
0.0030658 -1806
0.00308738 -1733
0.00310879 -1661
0.00312762 -1590
0.00314704 -1519
0.00316811 -1450
0.00318936 -1381
0.00320954 -1313
0.00322808 -1246
0.00324797 -1179
0.00327084 -1113
0.00329259 -1049
0.00331413 -987
0.00333538 -926
0.00335572 -865
0.00337828 -806
0.0033976 -751
0.00341635 -697
0.00343659 -644
0.00345434 -592
0.00347537 -540
0.00349489 -488
0.00351365 -437
0.00353263 -386
0.00354895 -339
0.00356784 -293
0.00358447 -248
0.00360291 -204
0.00362192 -162
0.00364104 -120
0.0036613 -79
0.00368132 -41
0.00370077 -4
0.00371919 33
0.00373823 69
0.00375943 105
0.00377784 140
0.00379767 174
0.00381963 208
0.00383875 241
0.0038593 271
0.00387796 301
0.003897 330
0.0039176 359
0.00393605 387
0.00395651 415
0.00397597 443
0.00399725 470
0.00401489 496
0.00403476 522
0.0040519 548
0.00407246 573
0.00409139 598
0.00411147 623
0.00413222 648
0.00415175 671
0.00417036 694
0.00418923 716
0.00420865 737
0.00424218 759
0.00426109 782
0.00427907 802
0.00429778 822
0.00431781 849
0.0043361 869
0.0043556 888
0.00437384 907
0.00439239 927
0.00441191 955
0.00443127 974
0.00444954 993
0.00446903 1012
0.00448887 1031
0.00450772 1049
0.00452535 1066
0.00454374 1085
0.00456456 1104
0.00458293 1119
0.00460342 1136
0.00462381 1154
0.00464473 1168
0.00466538 1182
0.00468659 1199
0.00470559 1221
0.00472571 1239
0.00474775 1255
0.0047684 1268
0.00478763 1281
0.00480416 1293
0.00482404 1312
0.00484374 1325
0.00486254 1346
0.00488152 1358
0.00491035 1387
0.00493557 1398
0.00495693 1421
0.00498113 1440
0.00500006 1455
0.00501888 1469
0.00503738 1482
0.00505822 1493
0.00507685 1511
0.00509787 1533
0.0051195 1551
0.00513915 1569
0.00516127 1580
0.00518123 1591
0.00520123 1601
0.00521984 1614
0.00524134 1634
0.00525996 1644
0.0052788 1653
0.00529808 1671
0.00531655 1679
0.00533427 1690
0.00535636 1698
0.00537568 1713
0.00539557 1718
0.00544062 1734
0.00545637 1739
0.00547064 1744
0.00549639 1750
0.00552089 1758
0.00552997 1771
0.00555972 1776
0.00556389 1781
0.00557706 1785
0.00558968 1800
0.00561005 1805
0.00561366 1809
0.00561883 1811
0.00562883 1820
0.00564469 1821
0.00564909 1822
0.00565935 1833
0.00567725 1835
0.00569035 1842
0.00572696 1855
0.00573906 1857
0.00586093 1860
0.00586503 1864
0.00589346 1870
0.0059097 1871
0.00593802 1874
0.00596536 1878
0.00597223 1884
0.00612944 1888
0.00613492 1889
0.00614357 1892
0.00615309 1895
0.00616744 1896
0.00617027 1901
0.0063277 1903
0.00633817 1904
0.00635509 1909
2 1909
