0 -16902
5.6e-08 -16590
2.5646e-05 -16291
4.3518e-05 -16004
6.6077e-05 -15719
8.4609e-05 -15442
0.000123553 -15180
0.000176888 -14932
0.000218307 -14691
0.000244923 -14452
0.000268433 -14215
0.00028958 -13978
0.000308469 -13741
0.000328487 -13507
0.000350868 -13280
0.000369982 -13059
0.000389746 -12839
0.000408118 -12622
0.000427411 -12410
0.000447871 -12201
0.000469179 -11993
0.000487192 -11785
0.00050594 -11579
0.000524763 -11382
0.000543689 -11187
0.000563745 -10992
0.000584074 -10799
0.000602511 -10607
0.000621974 -10416
0.00064203 -10227
0.000662838 -10039
0.000681492 -9854
0.000702856 -9671
0.000721057 -9490
0.000739551 -9310
0.000758411 -9133
0.000774844 -8959
0.000794457 -8786
0.000812405 -8614
0.000834315 -8442
0.000852441 -8270
0.000871631 -8098
0.000889871 -7929
0.000907649 -7764
0.000923742 -7601
0.000941718 -7440
0.000960278 -7280
0.000979392 -7122
0.00099813 -6964
0.00101652 -6809
0.00103375 -6656
0.00105114 -6508
0.00107239 -6361
0.00109229 -6215
0.00110996 -6069
0.0011263 -5927
0.0011461 -5786
0.00116324 -5646
0.00118284 -5506
0.00120135 -5368
0.00121791 -5230
0.00123922 -5092
0.00125595 -4955
0.00127076 -4820
0.00128852 -4689
0.00130784 -4560
0.00132375 -4431
0.00134137 -4302
0.00135848 -4179
0.00137791 -4058
0.0013934 -3939
0.00141101 -3827
0.00142624 -3717
0.00144206 -3608
0.00145898 -3499
0.00147569 -3391
0.00149072 -3286
0.00150607 -3186
0.00151912 -3087
0.00153584 -2988
0.00156748 -2889
0.00160973 -2792
0.00164248 -2701
0.00166246 -2612
0.00168056 -2523
0.00169991 -2434
0.00171583 -2348
0.00173064 -2262
0.00174678 -2177
0.00176412 -2092
0.00178057 -2010
0.00179654 -1928
0.00181403 -1847
0.00182992 -1768
0.00184517 -1690
0.00186251 -1613
0.00187844 -1537
0.00189371 -1463
0.0019062 -1390
0.00192221 -1318
0.00193825 -1246
0.00195247 -1175
0.0019689 -1107
0.00198504 -1040
0.00200057 -976
0.00201595 -913
0.00203141 -851
0.00204842 -789
0.00206646 -729
0.00208284 -669
0.0020978 -610
0.00211316 -552
0.00212817 -495
0.00214292 -440
0.00215963 -388
0.00217945 -338
0.00219373 -290
0.0022071 -243
0.00222312 -198
0.00223783 -154
0.00225333 -110
0.00226828 -67
0.0022836 -25
0.00229848 16
0.00231508 56
0.00233096 91
0.00234716 125
0.00236397 159
0.00237956 192
0.00239811 224
0.00241242 255
0.00242843 286
0.00244324 315
0.00245977 344
0.00247495 373
0.00249063 401
0.00250804 428
0.0025237 455
0.00253774 482
0.00255077 509
0.00256614 544
0.00258075 571
0.00259618 598
0.00261338 623
0.00264025 647
0.00267876 671
0.00270086 693
0.00271727 727
0.0027316 749
0.00274774 772
0.00276289 793
0.00277605 814
0.00279171 835
0.00280687 856
0.00282385 876
0.00283798 896
0.00285282 915
0.00286807 934
0.00288393 952
0.00289847 980
0.00291355 998
0.00292722 1016
0.00294204 1038
0.00295621 1056
0.0029691 1074
0.00298456 1102
0.00300023 1122
0.00301475 1139
0.00302947 1162
0.00304361 1178
0.00305846 1193
0.00307145 1207
0.00308618 1219
0.00309991 1230
0.00311839 1241
0.00313269 1255
0.0031484 1269
0.00316318 1285
0.00317817 1296
0.00319272 1306
0.00320894 1328
0.00322489 1340
0.00324065 1350
0.00325584 1360
0.0032713 1370
0.00329107 1396
0.00330954 1406
0.00332436 1415
0.00333888 1428
0.00335529 1437
0.0033707 1448
0.00338677 1457
0.00340314 1466
0.00343819 1484
0.00344426 1493
0.00345581 1502
0.0034637 1517
0.00348076 1525
0.00348558 1533
0.0034918 1543
0.00350493 1551
0.00352882 1557
0.00353634 1567
0.00354452 1572
0.00354735 1576
0.00355392 1580
0.00356064 1583
0.00356306 1586
0.00356915 1588
0.00357643 1590
0.00358658 1597
0.00359755 1598
0.0036009 1599
0.0036065 1603
0.00361534 1618
0.00363884 1636
0.00365258 1644
0.0037225 1659
0.00374731 1660
0.00377124 1662
0.00378672 1665
0.00380772 1667
0.0038107 1669
0.0038213 1675
0.00385913 1700
0.00487162 1703
2 1703
