0 -5485
5.6e-08 -5256
5.129e-06 -5030
8.855e-06 -4825
1.357e-05 -4630
1.9584e-05 -4436
2.3103e-05 -4245
3.0594e-05 -4067
4.1802e-05 -3895
4.7439e-05 -3725
5.3029e-05 -3556
5.8318e-05 -3394
6.3522e-05 -3234
6.8774e-05 -3077
7.2717e-05 -2929
7.794e-05 -2782
8.257e-05 -2638
8.8132e-05 -2507
9.3279e-05 -2378
9.8455e-05 -2251
0.00010381 -2127
0.000109334 -2004
0.000114661 -1882
0.000120091 -1766
0.000124711 -1658
0.000130715 -1551
0.000136644 -1447
0.000142582 -1352
0.000148379 -1257
0.00015475 -1165
0.000159616 -1075
0.000165695 -986
0.000170137 -904
0.000175501 -824
0.000180705 -751
0.000186926 -680
0.000192177 -610
0.000198369 -540
0.000204863 -471
0.000210255 -402
0.000216061 -343
0.000221698 -286
0.000226639 -229
0.000232493 -175
0.000238525 -121
0.000244265 -71
0.000250364 -26
0.000256895 17
0.000264376 59
0.000270051 97
0.000275443 133
0.000280186 169
0.000285663 205
0.000291188 238
0.000296928 268
0.000303205 296
0.00030712 322
0.000312653 349
0.000318338 374
0.000323758 393
0.000329367 410
0.000335531 424
0.000342119 447
0.000347633 460
0.000353157 473
0.000358587 490
0.000364544 507
0.000369513 518
0.000375706 532
0.000381559 543
0.00038601 554
0.00039209 563
0.000398254 571
0.000404135 578
0.000409584 585
0.000416464 591
0.000421912 605
0.000424491 610
0.000426627 618
0.000430504 619
0.000434372 623
0.000446183 627
0.000449655 630
0.000450907 634
0.000457617 638
0.00047226 661
0.00050963 667
0.000522005 670
0.000525205 672
0.000576286 673
0.000577124 676
0.00058277 682
0.000585434 683
0.000588727 688
0.00059411 691
0.000594976 693
0.000974051 695
0.000976771 702
0.000987461 707
0.00124094 708
2 708
