0 -17829
5.6e-08 -17481
2.6794e-05 -17134
4.4591e-05 -16813
5.6977e-05 -16497
8.2896e-05 -16195
0.000127807 -15899
0.000186318 -15615
0.000223541 -15340
0.000251474 -15068
0.000275106 -14809
0.000296272 -14554
0.000314879 -14304
0.000337842 -14060
0.000358905 -13826
0.000379733 -13594
0.000398123 -13363
0.000418771 -13133
0.00043703 -12904
0.000455043 -12678
0.000475984 -12456
0.000495766 -12237
0.000517836 -12019
0.000537742 -11801
0.000559058 -11592
0.000577552 -11388
0.000595669 -11185
0.000616421 -10989
0.000638086 -10795
0.000657803 -10603
0.000677426 -10411
0.000695553 -10220
0.000717952 -10032
0.000738563 -9845
0.000757113 -9659
0.000775475 -9478
0.000791672 -9302
0.000808829 -9127
0.000826165 -8955
0.000845703 -8783
0.00090843 -8612
0.000963732 -8442
0.000996248 -8277
0.00102041 -8112
0.00104309 -7949
0.0010631 -7787
0.00108584 -7629
0.0011103 -7471
0.00112911 -7315
0.00114513 -7160
0.00116558 -7009
0.00118554 -6859
0.00120364 -6710
0.00122198 -6562
0.00123983 -6415
0.00125668 -6270
0.00127553 -6126
0.00129677 -5984
0.00131662 -5842
0.00133538 -5702
0.00135233 -5568
0.00137071 -5436
0.00139608 -5304
0.00141587 -5172
0.00143345 -5041
0.00145022 -4910
0.00146782 -4780
0.00148576 -4655
0.00150374 -4531
0.00151933 -4409
0.00153757 -4288
0.00155541 -4168
0.00157157 -4049
0.00158882 -3936
0.00160568 -3823
0.00162166 -3710
0.00163882 -3599
0.00165556 -3490
0.00167078 -3381
0.00168983 -3274
0.00172019 -3167
0.00173701 -3060
0.00175455 -2957
0.00177099 -2854
0.00178902 -2752
0.00180769 -2651
0.00182375 -2556
0.00183964 -2464
0.00185892 -2374
0.00187511 -2284
0.00189133 -2196
0.00190952 -2109
0.00192578 -2023
0.00194297 -1942
0.00195792 -1862
0.00197518 -1785
0.00199228 -1709
0.00201005 -1633
0.00202842 -1558
0.00204468 -1484
0.00206114 -1412
0.002077 -1341
0.00209409 -1270
0.00211133 -1201
0.0021272 -1134
0.00214406 -1067
0.00216118 -1001
0.00217658 -936
0.0021939 -871
0.00220754 -806
0.00223024 -742
0.00224514 -682
0.0022603 -625
0.00227662 -569
0.0022917 -513
0.00230746 -459
0.00232323 -405
0.00233649 -352
0.00235727 -301
0.00237397 -250
0.00239142 -200
0.00240819 -152
0.0024236 -104
0.00243816 -57
0.00245776 -13
0.00247419 27
0.00249125 67
0.00250809 105
0.00252233 142
0.00254196 178
0.00255797 214
0.00257426 248
0.00258902 282
0.00260514 313
0.00262157 343
0.0026362 373
0.00265207 402
0.00267102 430
0.00268652 457
0.00270313 484
0.00272088 512
0.00273514 539
0.00274921 565
0.00276477 590
0.00278037 614
0.00279621 643
0.00281174 667
0.00282717 691
0.00284133 713
0.00285524 740
0.00287 760
0.00288555 780
0.00289859 800
0.00291275 820
0.00292693 856
0.00294351 875
0.00295936 904
0.00297393 922
0.00298712 943
0.00300153 964
0.003018 982
0.00303266 1000
0.00304794 1018
0.00306271 1035
0.00307813 1058
0.00309265 1075
0.00310703 1090
0.00312235 1109
0.00314017 1124
0.00315593 1139
0.00317177 1153
0.00318846 1167
0.00320316 1183
0.00321785 1197
0.00323165 1213
0.00324769 1230
0.00326361 1244
0.00328228 1262
0.00329657 1275
0.0033095 1294
0.00332422 1307
0.00333975 1318
0.00335566 1327
0.00337188 1346
0.00338665 1355
0.00340277 1368
0.00341898 1377
0.00343343 1386
0.00344695 1405
0.00346214 1413
0.0034761 1420
0.00349055 1429
0.00350575 1436
0.0035204 1443
0.00353414 1449
0.00354783 1468
0.00356325 1474
0.00357735 1480
0.00362171 1489
0.00365095 1503
0.00367759 1509
0.00369112 1520
0.00370517 1526
0.00371287 1531
0.00372196 1539
0.0037328 1544
0.003738 1549
0.00374245 1553
0.00375047 1566
0.00376078 1570
0.00376515 1573
0.00377656 1576
0.0037867 1597
0.00380183 1599
0.00381124 1606
0.00381361 1609
0.0038225 1615
0.00383553 1616
0.00386787 1626
0.00390184 1631
0.00391668 1634
0.00392128 1635
0.00392415 1637
0.00392636 1639
0.00393998 1640
0.00405977 1642
0.00406346 1644
0.00413053 1648
0.00413583 1653
0.00413958 1655
0.00421165 1657
0.00421652 1659
0.00422141 1660
0.00422366 1665
0.0042305 1666
0.00436996 1668
0.00437234 1670
0.00437516 1672
0.00444721 1673
0.0044502 1675
0.00455053 1682
0.00455487 1686
0.00455785 1690
0.00456416 1691
0.00456645 1693
0.00458075 1697
0.00471534 1701
0.00472694 1706
0.00473392 1709
0.00594167 1712
0.006154 1716
0.00616107 1719
0.00619332 1720
0.00620621 1722
0.00622884 1727
0.00623499 1731
0.00793173 1734
2 1734
