0 -5550
1.88e-07 -5409
0.000467611 -5298
0.000468439 -5272
0.000478699 -5211
0.000480224 -5079
0.000482709 -5009
0.000483349 -4913
0.00048349 -4815
0.000486004 -4645
0.000487802 -4513
0.000489524 -4398
0.000490588 -4323
0.000491247 -4246
0.000498419 -4194
0.000500198 -4159
0.000501686 -4029
0.000502787 -3948
0.000502947 -3807
0.000503408 -3674
0.000508877 -3602
0.000515956 -3600
0.000516163 -3503
0.000516342 -3371
0.00052086 -3348
0.000521971 -3210
0.000524409 -3126
0.000525623 -2984
0.000531967 -2979
0.000532899 -2848
0.000533436 -2796
0.000535027 -2708
0.000535497 -2608
0.000536203 -2520
0.000539799 -2408
0.000549758 -2386
0.000554709 -2262
0.000554898 -2169
0.000558173 -2121
0.000558352 -2004
0.000558832 -1949
0.000560442 -1947
0.000562852 -1920
0.00056335 -1861
0.000587015 -1857
0.000587184 -1787
0.000596898 -1761
0.000598433 -1584
0.000600438 -1520
0.000604561 -1469
0.000605709 -1394
0.000606377 -1315
0.000607705 -1234
0.000608175 -1178
0.000608495 -1132
0.000646467 -1123
0.000646665 -1035
0.000651437 -969
0.00065894 -960
0.00066792 -897
0.000672146 -828
0.000672429 -757
0.000672654 -663
0.000694483 -649
0.000697505 -629
0.000699811 -579
0.000699952 -533
0.00070143 -493
0.000702249 -481
0.000709469 -446
0.000722468 -410
0.000722939 -350
0.0007266 -284
0.000727222 -271
0.000730356 -265
0.000737294 -244
0.00073847 -206
0.000739901 -189
0.000741049 -183
0.000743619 -140
0.000746198 -99
0.0007505 -63
0.000753785 -41
0.000811468 -24
0.000812654 3
0.00081898 8
0.000820006 23
0.000820109 37
0.000820429 65
0.000822265 72
0.000825051 93
0.000826482 151
0.000842249 159
0.000842569 161
0.000848819 171
0.000850222 174
0.000862289 175
0.000873067 187
0.000874554 262
0.000874686 265
0.000881426 270
0.000883299 319
0.000889596 374
0.000897757 384
0.000909825 393
0.000911011 399
0.000914465 407
0.000915247 418
0.000917346 438
0.000947251 453
0.00094983 459
0.000960241 474
0.000963677 491
0.000976441 493
0.000989337 497
0.00099522 503
0.000996867 504
0.00100508 505
0.00100709 511
0.00101022 516
0.00101523 536
0.00102896 546
0.0010612 549
0.00108099 560
0.00113527 561
0.00114057 566
0.00116593 570
0.0012046 586
0.00122317 588
0.00131462 596
0.00132815 599
0.0013301 601
0.00133946 603
0.00148313 605
0.00152935 608
0.00152948 610
0.00156688 611
0.00161738 621
2 621
