0 238
6.721e-06 246
0.000383385 255
0.000384891 268
0.000385164 277
0.000385362 280
0.000385653 282
0.000386068 302
0.000392779 306
0.000393061 337
0.000398173 343
0.000406052 345
0.000406306 371
0.000406409 377
0.000406513 381
0.000406663 409
0.000410024 417
0.00041025 427
0.000467641 438
0.000468554 455
0.000468931 457
0.000469533 460
0.000470164 481
0.00047568 486
0.000499947 501
0.000502131 509
0.000512683 526
0.000512956 535
0.000520081 538
0.000520157 568
0.000552377 576
0.000552472 579
0.000552839 597
0.000553479 600
0.000554119 603
0.000554335 606
0.000554571 610
0.000583695 612
0.0006035 625
0.000604479 630
0.00060574 631
0.000606107 633
0.000606484 644
0.0006322 658
0.000632426 661
0.000633518 664
0.000637443 673
0.000638422 674
0.000639119 679
0.000640945 682
0.000641303 683
0.000643854 690
0.00064423 694
0.000644748 695
0.000645087 696
0.000646244 697
0.000666803 705
0.000677185 708
0.000681619 710
0.000681901 713
0.000685215 718
0.000711948 726
0.000722255 728
2 728
