0 -3814
4.33e-07 -3692
0.000474294 -3527
0.000474859 -3472
0.000477598 -3459
0.000478643 -3319
0.000478925 -3210
0.000480817 -3137
0.000481523 -3058
0.000481928 -2969
0.000507277 -2871
0.000509357 -2835
0.000510722 -2718
0.00051124 -2631
0.000512737 -2610
0.000513028 -2512
0.000513678 -2406
0.000513941 -2304
0.000514732 -2278
0.000515824 -2174
0.00051958 -2122
0.000520305 -2067
0.000524239 -2039
0.000525312 -1923
0.000525463 -1840
0.000527355 -1797
0.000529445 -1765
0.000533549 -1721
0.000534292 -1636
0.000545268 -1594
0.000546181 -1565
0.000548064 -1526
0.000548233 -1442
0.000548657 -1315
0.00054972 -1310
0.000553928 -1296
0.000556818 -1223
0.00055727 -1163
0.000557543 -1104
0.000575126 -1062
0.000590921 -1046
0.000604805 -974
0.00060553 -887
0.000606933 -783
0.000607196 -744
0.000609493 -704
0.000609625 -642
0.000610397 -570
0.000613767 -526
0.000614943 -490
0.000623876 -432
0.000624027 -385
0.000627312 -352
0.000629938 -315
0.000632235 -295
0.000633769 -262
0.000636283 -241
0.000638024 -184
0.000643869 -164
0.000647032 -163
0.000647268 -130
0.000662338 -94
0.000663505 -83
0.00067546 -72
0.000677446 -66
0.000678867 -16
0.000679234 2
0.000680128 19
0.000680364 64
0.000688515 97
0.000692375 98
0.000692732 112
0.000699331 115
0.0007226 134
0.000724172 138
0.000729773 172
0.000731542 205
0.000732634 209
0.000735232 230
0.000736531 248
0.000758991 256
0.000761532 277
0.000763048 279
0.000776433 285
0.000777487 294
0.000784538 295
0.000798281 330
0.000801199 361
0.000804832 369
0.000806451 372
0.00081817 375
0.0008193 400
0.000828882 415
0.000832883 420
0.000833429 426
0.00083886 427
0.000842023 432
0.000847614 433
0.000851191 437
0.000853676 465
0.000878677 514
0.000886791 524
0.000902031 530
0.000904045 533
0.000911322 556
0.000911482 570
0.000935475 578
0.000950527 589
0.000955855 590
0.000982936 601
0.000991794 606
0.0010006 609
0.00103974 610
0.0010442 620
0.00106131 625
0.0010647 633
0.00107002 643
0.00112416 647
0.00113928 650
0.00117354 651
0.00118054 655
0.00123731 658
0.0012379 660
0.00123979 663
0.0012629 666
0.00127791 668
0.00129295 680
0.00132126 682
0.00135207 684
0.00136438 685
0.0016196 693
2 693
