699 0.153738
648 0.18534
737 0.198333
704 0.218605
678 0.190585
675 0.150107
645 0.13784
675 0.188561
658 0.274972
669 0.178602
223 0.166519
253 0.183674
251 0.174043
237 0.184088
209 0.170528
238 0.28936
249 0.183123
264 0.210736
250 0.208705
230 0.194524
1883 0.0068051
1847 0.00855117
1827 0.00602392
1855 0.00869469
1802 0.00507226
1861 0.00930516
1786 0.00802473
1871 0.00527681
1733 0.00561627
1806 0.00615175
1733 0.00997223
1729 0.0087202
1706 0.011773
1651 0.0114616
1731 0.00947384
1645 0.00811406
1666 0.0110241
1747 0.00911472
1630 0.0107816
1654 0.0111579
