0 -55965
4.7e-08 -55393
1.162e-05 -54839
2.174e-05 -54300
2.8984e-05 -53785
4.5361e-05 -53274
6.1538e-05 -52770
8.6203e-05 -52269
0.00011588 -51775
0.000138238 -51286
0.00015957 -50802
0.000180134 -50325
0.000199463 -49849
0.000219219 -49374
0.00023834 -48903
0.000260413 -48433
0.000280663 -47969
0.000300144 -47510
0.00032215 -47051
0.0003424 -46594
0.000359413 -46138
0.000377746 -45683
0.000396306 -45229
0.000415398 -44782
0.000433521 -44336
0.000450762 -43890
0.000470718 -43445
0.000489515 -43004
0.000508721 -42565
0.000527148 -42127
0.000546478 -41692
0.000565607 -41261
0.000605063 -40830
0.000634836 -40400
0.000658019 -39971
0.000679086 -39545
0.000700893 -39120
0.000723412 -38699
0.000745599 -38281
0.000763742 -37867
0.00079884 -37454
0.000824359 -37044
0.000848616 -36636
0.00087854 -36230
0.000898353 -35825
0.000916125 -35421
0.000933917 -35018
0.000949828 -34616
0.000966528 -34215
0.00098448 -33817
0.00100209 -33421
0.00102027 -33030
0.00103651 -32640
0.00105415 -32252
0.00107472 -31864
0.00109938 -31477
0.00112242 -31091
0.00116017 -30707
0.00118346 -30323
0.00120719 -29941
0.00123489 -29561
0.00125879 -29181
0.00128583 -28806
0.00130907 -28432
0.00133348 -28066
0.00135868 -27700
0.00138478 -27337
0.0014103 -26975
0.00143542 -26615
0.00145955 -26258
0.00147772 -25901
0.00149486 -25547
0.00151172 -25193
0.00152815 -24840
0.00154538 -24488
0.00156515 -24138
0.0015835 -23788
0.00160283 -23439
0.00162215 -23091
0.00164069 -22746
0.00165841 -22401
0.00167682 -22056
0.00169639 -21712
0.00171407 -21377
0.00173157 -21043
0.00174951 -20709
0.00176821 -20375
0.00179005 -20044
0.00180937 -19715
0.00182815 -19386
0.00184769 -19058
0.00186771 -18733
0.00188747 -18410
0.00190904 -18094
0.00192597 -17778
0.00194557 -17466
0.00196436 -17158
0.00198259 -16852
0.00200212 -16548
0.00202175 -16244
0.00204034 -15941
0.00206042 -15638
0.00208148 -15340
0.00210296 -15042
0.00212371 -14745
0.00214619 -14449
0.0021709 -14158
0.00219137 -13873
0.00221561 -13589
0.0022429 -13306
0.00226752 -13024
0.00229023 -12747
0.00231177 -12471
0.00233582 -12195
0.0023567 -11924
0.00238198 -11654
0.00241182 -11384
0.00243899 -11117
0.0024615 -10851
0.00248333 -10591
0.00250828 -10334
0.00253191 -10078
0.00255718 -9826
0.00258182 -9575
0.00260705 -9328
0.00268036 -9086
0.00276434 -8846
0.00282365 -8609
0.00286369 -8373
0.00290816 -8142
0.00294312 -7915
0.00297577 -7691
0.00301339 -7470
0.00304208 -7252
0.00306688 -7036
0.00309197 -6824
0.00312005 -6613
0.00314622 -6405
0.00317236 -6198
0.00320344 -5991
0.00323167 -5787
0.00326248 -5584
0.00329207 -5391
0.00332542 -5199
0.00335906 -5007
0.00339018 -4822
0.00342222 -4639
0.00345624 -4460
0.00349063 -4286
0.00352942 -4113
0.00356477 -3940
0.00360147 -3768
0.00363772 -3596
0.00367683 -3427
0.00371733 -3269
0.0037651 -3118
0.00381988 -2969
0.00387284 -2824
0.00391747 -2685
0.00396207 -2547
0.00400446 -2410
0.00404879 -2277
0.00409286 -2145
0.0041433 -2026
0.00418551 -1907
0.00422729 -1794
0.00428299 -1682
0.00433302 -1571
0.00438509 -1464
0.00443709 -1364
0.004486 -1265
0.0045324 -1167
0.00460708 -1075
0.00465142 -983
0.0046939 -891
0.00473734 -800
0.00479542 -712
0.00483779 -624
0.00487739 -544
0.00491876 -466
0.00496148 -390
0.00500291 -320
0.00504227 -253
0.00509071 -198
0.00523192 -145
0.00533864 -95
0.0054613 -45
0.00555467 4
0.00560369 43
0.00563366 77
0.00566296 101
0.00569145 124
0.0057186 146
0.00574777 166
0.00577887 189
0.00584186 205
0.00590586 219
0.00594374 230
0.005974 240
0.00600168 258
0.00603114 265
0.0060642 279
0.00609804 285
0.00613517 290
0.00616483 303
0.00619945 315
0.00623555 320
0.00627031 328
0.00630141 333
0.00632842 350
0.00635728 360
0.00638755 368
0.00641635 382
0.00644492 396
0.00647263 401
0.00650509 410
0.00653787 417
0.00656926 429
0.00661254 438
0.00664372 443
0.00667881 448
0.00671533 483
0.00675533 504
0.00679324 520
0.00683478 527
0.00687701 530
0.00691193 540
0.00694034 542
0.00696967 543
0.00699902 550
0.00702849 553
0.00724541 555
0.007274 562
0.00730308 568
0.00733528 569
0.00736382 570
0.00739484 576
0.00742386 584
0.00745458 586
0.00756198 589
0.00763529 590
0.00782325 596
0.00802576 600
0.00806594 601
0.0081069 602
0.00873924 604
0.00917334 619
0.00920124 624
0.00926363 627
0.00929287 634
0.00932189 640
0.00935164 645
0.00942226 648
0.00953981 649
0.00956923 650
0.0096198 651
0.00976874 660
0.00981127 665
0.0101383 667
0.0101682 678
0.0101966 681
0.0112208 683
0.011251 684
0.0113328 690
0.0113839 692
0.0172238 693
0.0173462 702
0.0173766 704
0.0174092 708
0.0174987 717
0.017529 719
0.0175648 723
0.0176799 725
0.0208579 733
0.0209048 734
0.0229466 737
0.0229763 738
2 738
