0 -205529
6.6e-08 -204467
1.5161e-05 -203419
4.8936e-05 -202390
8.6943e-05 -201368
0.000134542 -200347
0.000182388 -199334
0.000227681 -198327
0.00027103 -197327
0.000320517 -196328
0.000363239 -195332
0.000404899 -194337
0.000446046 -193355
0.000487222 -192376
0.000528237 -191401
0.000569194 -190428
0.000610588 -189455
0.000652153 -188484
0.000693253 -187514
0.00073811 -186549
0.000779315 -185585
0.000820291 -184622
0.000861553 -183659
0.000902795 -182698
0.000944018 -181738
0.000985071 -180782
0.0010261 -179828
0.00106703 -178877
0.00110805 -177935
0.00114884 -176993
0.00118969 -176056
0.00123052 -175121
0.00127154 -174187
0.00131265 -173254
0.00135384 -172322
0.00140938 -171394
0.00145795 -170468
0.00150536 -169543
0.00155076 -168618
0.00159374 -167694
0.00163557 -166775
0.00168009 -165856
0.0017202 -164944
0.00176007 -164034
0.00179973 -163128
0.00183934 -162223
0.00187955 -161319
0.00192061 -160416
0.00196142 -159513
0.0020017 -158611
0.00204188 -157711
0.00208942 -156815
0.00213928 -155920
0.00218671 -155026
0.00223733 -154132
0.00228166 -153240
0.00232481 -152348
0.0023673 -151458
0.00240927 -150569
0.00246037 -149682
0.00250248 -148796
0.00254447 -147913
0.00258649 -147034
0.00262787 -146155
0.00267282 -145277
0.00271401 -144403
0.00275568 -143529
0.00279733 -142657
0.00283863 -141785
0.00287967 -140916
0.00292108 -140048
0.00296223 -139185
0.00300601 -138322
0.00306124 -137460
0.00310776 -136599
0.00314847 -135740
0.00318945 -134881
0.00323048 -134022
0.00327134 -133164
0.00332605 -132307
0.00336937 -131452
0.00342293 -130599
0.00347687 -129748
0.00351821 -128897
0.00355898 -128049
0.00360336 -127204
0.0036438 -126360
0.00368569 -125517
0.00372703 -124675
0.00376749 -123836
0.00380822 -122999
0.00384861 -122163
0.00388893 -121328
0.00392949 -120495
0.00396996 -119663
0.00401022 -118833
0.00405186 -118003
0.00409431 -117174
0.00413616 -116345
0.00417752 -115517
0.00421912 -114690
0.00426002 -113863
0.00430052 -113037
0.00434108 -112213
0.0043817 -111392
0.00442249 -110573
0.00446335 -109755
0.00450376 -108941
0.00454738 -108128
0.00458729 -107316
0.00463487 -106505
0.00467685 -105694
0.00472191 -104889
0.00476315 -104085
0.00480728 -103282
0.00484832 -102479
0.00488942 -101679
0.00493003 -100881
0.00497221 -100083
0.00501347 -99286
0.0050731 -98492
0.00511717 -97698
0.00516028 -96906
0.00522538 -96115
0.00527926 -95324
0.00532207 -94535
0.00536377 -93746
0.00542639 -92957
0.00546916 -92169
0.00552159 -91383
0.00556374 -90599
0.00560586 -89817
0.00564791 -89038
0.00568884 -88260
0.00572927 -87485
0.005771 -86711
0.00581188 -85940
0.0058521 -85169
0.00589196 -84398
0.00593139 -83628
0.00601827 -82859
0.00606378 -82090
0.00610598 -81322
0.00614752 -80555
0.00619913 -79791
0.00624956 -79028
0.00629338 -78266
0.00634214 -77505
0.00638423 -76744
0.00643108 -75984
0.00649779 -75225
0.00655187 -74466
0.00659597 -73707
0.00663647 -72950
0.00667808 -72194
0.00676943 -71439
0.00684171 -70685
0.00691773 -69933
0.00698999 -69182
0.00720152 -68431
0.00726513 -67683
0.00732047 -66935
0.00737119 -66192
0.00742578 -65449
0.00747146 -64707
0.00751704 -63965
0.00756165 -63223
0.00761043 -62482
0.00765773 -61741
0.00770054 -61001
0.00774287 -60263
0.00780216 -59526
0.00786092 -58792
0.00791109 -58059
0.00795317 -57327
0.00799707 -56597
0.0080402 -55871
0.00808517 -55145
0.00812849 -54425
0.00817065 -53706
0.00821216 -52988
0.00825598 -52270
0.00830179 -51552
0.0083507 -50835
0.0083962 -50119
0.00844272 -49404
0.00849712 -48693
0.00854679 -47984
0.00868597 -47278
0.00876425 -46574
0.00883778 -45872
0.00890825 -45171
0.00898067 -44473
0.00915526 -43776
0.00924876 -43085
0.00931316 -42398
0.00937283 -41712
0.00942899 -41026
0.00948778 -40341
0.00954261 -39656
0.00959721 -38972
0.00965119 -38291
0.00970343 -37614
0.00975714 -36939
0.0098111 -36264
0.00986797 -35590
0.00992607 -34919
0.00998627 -34249
0.0100647 -33581
0.0101313 -32916
0.0101933 -32258
0.0102651 -31604
0.0103278 -30951
0.010394 -30301
0.0104692 -29653
0.0105492 -29017
0.0106189 -28385
0.010685 -27755
0.0107531 -27131
0.0108251 -26509
0.0108963 -25893
0.0109685 -25279
0.0110416 -24669
0.0111147 -24060
0.0111888 -23454
0.011263 -22849
0.0113385 -22253
0.0114129 -21664
0.0114851 -21084
0.0115601 -20515
0.0116343 -19946
0.0117129 -19379
0.0117928 -18815
0.0118744 -18254
0.0119683 -17697
0.0120608 -17142
0.0121513 -16603
0.0122442 -16064
0.0123339 -15533
0.0124314 -15004
0.0125252 -14479
0.0126174 -13959
0.0127176 -13444
0.012818 -12930
0.0129278 -12422
0.0130364 -11919
0.0131454 -11440
0.0132548 -10967
0.0133713 -10497
0.0134923 -10032
0.0136115 -9576
0.0137337 -9123
0.0138609 -8688
0.0139907 -8258
0.0141302 -7839
0.0142766 -7426
0.0144625 -7020
0.0146336 -6619
0.0147939 -6219
0.0149568 -5830
0.0151301 -5447
0.0153058 -5070
0.0154857 -4707
0.0156705 -4350
0.0158709 -4000
0.0160709 -3677
0.0162871 -3361
0.0165011 -3067
0.0167156 -2784
0.0169329 -2518
0.0171624 -2264
0.0173986 -2024
0.0176227 -1797
0.0178423 -1582
0.0180577 -1384
0.0182849 -1193
0.0185041 -1019
0.0187221 -865
0.0189295 -729
0.0191814 -593
0.0193894 -469
0.0195615 -355
0.0197226 -255
0.0198745 -165
0.0200276 -83
0.0201683 -22
0.0202963 31
0.020413 51
0.0205204 54
0.0206191 61
0.0207136 82
0.0208112 104
0.0209011 114
0.0209991 118
0.0214104 121
0.0215217 131
0.021731 134
0.0220757 151
0.0222934 154
0.0236421 163
0.0337998 175
0.0339477 193
0.0340563 199
0.057512 200
0.0583335 202
2 202
