0 -221135
5.7e-08 -220009
1.5768e-05 -218903
3.0901e-05 -217838
4.6783e-05 -216786
6.7238e-05 -215737
8.7522e-05 -214704
0.000115596 -213685
0.000149846 -212669
0.000200604 -211655
0.000257766 -210643
0.000304066 -209632
0.000390544 -208627
0.00046319 -207623
0.000523436 -206622
0.000584944 -205634
0.000639649 -204646
0.000683301 -203661
0.000726773 -202678
0.000767104 -201695
0.0008205 -200721
0.00086549 -199751
0.00090604 -198786
0.000951561 -197822
0.00100179 -196866
0.00105189 -195911
0.00110666 -194957
0.00116281 -194005
0.00120774 -193056
0.00124703 -192112
0.00128609 -191175
0.00132537 -190239
0.00136435 -189307
0.0014112 -188377
0.0015005 -187448
0.00156312 -186521
0.00169317 -185595
0.00176603 -184670
0.0018278 -183747
0.00188821 -182825
0.00194584 -181906
0.00200263 -180989
0.00205957 -180072
0.00211359 -179156
0.00216766 -178241
0.00222132 -177326
0.00227332 -176413
0.00232921 -175509
0.00238441 -174607
0.00243915 -173707
0.00249337 -172808
0.00254268 -171911
0.00258828 -171017
0.00264416 -170125
0.00269985 -169234
0.00276963 -168346
0.00281571 -167458
0.00286059 -166572
0.00290956 -165687
0.00295532 -164803
0.00300025 -163920
0.00304083 -163038
0.00308149 -162156
0.00312175 -161275
0.00316177 -160394
0.00320228 -159514
0.00324217 -158634
0.00328178 -157756
0.0033213 -156878
0.00337457 -156000
0.00343389 -155122
0.00347688 -154244
0.00351829 -153368
0.00355894 -152493
0.00360143 -151618
0.00364314 -150743
0.00368758 -149871
0.00373432 -149002
0.00377492 -148134
0.00381526 -147267
0.00385546 -146400
0.00390474 -145534
0.0039515 -144670
0.00399232 -143807
0.00403276 -142944
0.00407302 -142082
0.00411303 -141221
0.0041529 -140362
0.00419833 -139504
0.00423914 -138648
0.00427998 -137794
0.00432026 -136942
0.00436116 -136090
0.00445485 -135238
0.00451319 -134387
0.00455559 -133537
0.00460189 -132687
0.00466484 -131839
0.0047081 -130993
0.00474999 -130148
0.004792 -129303
0.00483298 -128460
0.00487337 -127617
0.00491387 -126776
0.00496932 -125936
0.00501918 -125101
0.0050657 -124266
0.00510926 -123432
0.00516488 -122598
0.00521737 -121764
0.00525771 -120931
0.00529762 -120098
0.00533746 -119266
0.0053773 -118436
0.00541755 -117607
0.00545969 -116780
0.00550238 -115953
0.00554446 -115128
0.00558627 -114304
0.00562738 -113481
0.00566985 -112659
0.00571267 -111837
0.00575432 -111016
0.00579494 -110197
0.00583535 -109381
0.00587702 -108566
0.00591844 -107752
0.00595897 -106940
0.00599896 -106128
0.00604676 -105319
0.00608845 -104510
0.00612878 -103702
0.00616873 -102895
0.00620907 -102089
0.00625265 -101288
0.00630702 -100493
0.00636271 -99698
0.00640417 -98903
0.00645513 -98109
0.00649965 -97315
0.0065578 -96525
0.00661506 -95736
0.00666383 -94947
0.00672129 -94160
0.00676749 -93374
0.00681731 -92590
0.00685719 -91807
0.00689639 -91028
0.00693647 -90250
0.00697959 -89472
0.00702384 -88694
0.00706613 -87917
0.00710758 -87141
0.00714951 -86365
0.00719106 -85594
0.00723194 -84823
0.00727412 -84052
0.00731805 -83281
0.00737873 -82511
0.00742668 -81741
0.00746992 -80972
0.00751209 -80204
0.00755366 -79436
0.00759479 -78669
0.00763631 -77903
0.00767856 -77140
0.00773148 -76379
0.00777429 -75619
0.00781534 -74860
0.00785584 -74104
0.00789819 -73350
0.00794193 -72596
0.00798711 -71842
0.00804668 -71091
0.00811171 -70343
0.00817682 -69595
0.0082498 -68848
0.00831352 -68101
0.00837825 -67355
0.00848616 -66610
0.00855891 -65866
0.00863129 -65122
0.00869921 -64379
0.00876645 -63636
0.00883207 -62896
0.00888896 -62160
0.00896331 -61425
0.00902001 -60690
0.00908001 -59957
0.00914773 -59226
0.00921156 -58496
0.00925943 -57769
0.0093042 -57044
0.00935189 -56320
0.00939481 -55596
0.00943999 -54874
0.00948702 -54153
0.00953474 -53437
0.00957972 -52722
0.00962331 -52008
0.00967104 -51298
0.00971931 -50588
0.00976857 -49880
0.00981894 -49174
0.00990675 -48471
0.00998653 -47769
0.0100617 -47067
0.0101371 -46365
0.0102112 -45663
0.0102862 -44965
0.0103774 -44270
0.0104505 -43575
0.010526 -42882
0.0105907 -42192
0.0106551 -41509
0.0107121 -40830
0.0107747 -40153
0.0108473 -39476
0.0109093 -38800
0.0109842 -38126
0.0110627 -37454
0.0111456 -36793
0.0112231 -36136
0.0113025 -35480
0.0113872 -34824
0.0114714 -34174
0.0115549 -33525
0.0116382 -32881
0.0117157 -32238
0.011787 -31600
0.0118753 -30965
0.0119608 -30332
0.0120342 -29704
0.0121096 -29077
0.0121965 -28451
0.0123046 -27828
0.0123822 -27212
0.0124663 -26599
0.0125366 -25990
0.0126122 -25388
0.0126926 -24788
0.0127677 -24192
0.0128399 -23596
0.0129219 -23007
0.0130031 -22423
0.0130821 -21843
0.0131675 -21266
0.0132392 -20691
0.0133114 -20119
0.0133788 -19547
0.0134529 -18978
0.013529 -18412
0.0136064 -17866
0.0136936 -17321
0.0137817 -16777
0.0138983 -16238
0.0139951 -15703
0.0140955 -15170
0.0142348 -14650
0.0143739 -14131
0.0145133 -13616
0.0146302 -13102
0.0147436 -12602
0.0148581 -12111
0.0149867 -11622
0.0151056 -11137
0.0152568 -10667
0.0154 -10197
0.0155265 -9735
0.0157027 -9275
0.015866 -8827
0.0160798 -8394
0.0162623 -7975
0.0164594 -7562
0.0166278 -7160
0.0168629 -6759
0.0170558 -6364
0.0172806 -5981
0.0175046 -5608
0.0177101 -5242
0.0180713 -4893
0.0182991 -4548
0.0185113 -4215
0.0187813 -3901
0.0190611 -3594
0.0192945 -3292
0.0195358 -3002
0.019896 -2718
0.0203706 -2458
0.0206351 -2204
0.0208983 -1966
0.0211708 -1737
0.0214458 -1511
0.0217141 -1309
0.0219549 -1128
0.0221612 -955
0.0223793 -790
0.0225772 -633
0.0227648 -498
0.0229385 -367
0.0231032 -261
0.0232589 -180
0.0234216 -102
0.0235639 -43
0.0236918 5
0.0238198 34
0.0239415 53
0.0240438 82
0.0241346 89
0.0242497 96
0.0243812 105
0.0245763 120
0.0246707 121
0.0247843 122
0.0248994 124
0.0250022 139
0.025113 149
0.0252328 163
0.028874 169
0.03162 175
0.0319745 180
0.0530197 193
0.0967337 202
0.0968453 203
2 203
