0 -14067
5.7e-08 -13659
3.569e-06 -13272
6.873e-06 -12904
1.1611e-05 -12555
1.7421e-05 -12210
2.5386e-05 -11871
3.3873e-05 -11548
3.994e-05 -11226
4.65e-05 -10909
5.2054e-05 -10609
5.7684e-05 -10322
6.3845e-05 -10039
6.9997e-05 -9758
7.5589e-05 -9478
8.0991e-05 -9205
8.6602e-05 -8947
9.3276e-05 -8689
9.9627e-05 -8431
0.000105437 -8183
0.000111523 -7937
0.000117789 -7691
0.000123285 -7446
0.000129257 -7204
0.000136168 -6966
0.000142482 -6731
0.000150115 -6499
0.000157586 -6274
0.000164469 -6051
0.00017139 -5828
0.000177846 -5607
0.000184814 -5391
0.000190055 -5175
0.000195314 -4961
0.000200156 -4748
0.000205558 -4540
0.000210324 -4333
0.000215004 -4131
0.000220786 -3937
0.000227356 -3744
0.000234941 -3556
0.000241169 -3369
0.00024866 -3188
0.000253539 -3016
0.000259577 -2844
0.000266574 -2674
0.000272394 -2505
0.000277834 -2338
0.000283473 -2173
0.000289805 -2022
0.000295654 -1877
0.000301863 -1737
0.000309647 -1598
0.000317622 -1466
0.000325606 -1337
0.000333733 -1218
0.00034297 -1101
0.000352796 -986
0.000361303 -881
0.000368917 -776
0.000375676 -677
0.000401167 -588
0.000416063 -503
0.000423933 -429
0.000435506 -355
0.000447411 -285
0.000455917 -219
0.000467281 -154
0.00047968 -98
0.000493076 -50
0.000503813 -11
0.000514123 25
0.000527348 60
0.000539832 87
0.000552972 102
0.000564668 132
0.000576839 145
0.000590149 165
0.000602007 177
0.000614368 197
0.000625827 203
0.000637333 222
0.000649855 233
0.000660764 247
0.000670476 258
0.000681479 276
0.000692577 289
0.000715523 293
0.000724694 302
0.000736058 304
0.000744147 310
0.000775258 319
0.000785397 320
0.000855537 324
0.000867091 328
0.000877724 336
0.000889078 338
0.000899483 347
0.000911332 355
0.00105394 372
0.00106674 374
0.00107807 376
0.00108917 378
0.001121 387
0.00113021 389
0.00114877 395
0.00117033 396
0.00118107 397
0.00119048 398
0.00121023 404
0.00122025 405
0.00124799 406
0.00125846 416
0.00126999 424
0.00128155 426
0.00129159 428
0.00133119 432
0.00134211 447
0.00144082 453
0.00145591 458
0.00731279 459
0.00732947 464
2 464
