0 -5502
5.6e-08 -5278
5.041e-06 -5063
1.1863e-05 -4848
1.7842e-05 -4649
2.4177e-05 -4462
3.3472e-05 -4280
4.3527e-05 -4100
4.9187e-05 -3933
5.3957e-05 -3770
5.9776e-05 -3610
6.4105e-05 -3452
6.8828e-05 -3296
7.3991e-05 -3145
7.908e-05 -2995
8.3831e-05 -2853
8.8703e-05 -2714
9.4326e-05 -2578
0.000100454 -2443
0.000105552 -2313
0.000110978 -2186
0.000116488 -2062
0.000122129 -1942
0.000128398 -1831
0.000134751 -1720
0.000139671 -1615
0.000144712 -1512
0.000149876 -1410
0.000155835 -1308
0.000161027 -1207
0.000166752 -1111
0.000171681 -1020
0.00017751 -932
0.000183348 -846
0.000189008 -762
0.000193524 -682
0.000199531 -604
0.000204591 -536
0.000210832 -473
0.000216623 -411
0.000222077 -349
0.000227596 -291
0.000233612 -238
0.000239244 -186
0.000244426 -138
0.000250002 -93
0.000256102 -48
0.000262587 -4
0.000268162 36
0.000274385 74
0.000280251 107
0.000285423 139
0.000291355 169
0.000297118 197
0.000303003 221
0.000309056 248
0.000315072 271
0.000320723 294
0.000325193 321
0.000330393 342
0.00033566 362
0.000341189 380
0.000345827 398
0.000350794 416
0.000356079 434
0.000364203 449
0.000369245 463
0.000374136 477
0.000379927 489
0.000385184 501
0.000390422 511
0.000394836 531
0.00040044 548
0.000404497 560
0.000409229 570
0.000415171 586
0.000420418 597
0.000424757 619
0.000430623 637
0.000435674 645
0.000441765 651
0.00045925 654
0.000466082 666
0.000476015 669
0.000486894 671
0.000500425 674
0.000510836 680
0.000513198 685
0.00051525 690
0.00051942 703
0.000528959 707
0.00053387 714
0.00059745 718
0.000599259 724
2 724
