0 -9035
5.6e-08 -8807
3.364e-06 -8590
6.157e-06 -8373
8.05e-06 -8158
9.559e-06 -7949
1.3748e-05 -7747
2.1582e-05 -7549
2.8002e-05 -7352
3.2903e-05 -7157
3.7054e-05 -6967
4.1506e-05 -6779
4.5788e-05 -6593
4.9659e-05 -6411
5.3492e-05 -6233
5.7877e-05 -6056
6.1907e-05 -5882
6.6621e-05 -5712
7.095e-05 -5542
7.5589e-05 -5376
8.0162e-05 -5211
8.4304e-05 -5046
8.899e-05 -4882
9.3235e-05 -4727
9.8164e-05 -4574
0.000101941 -4421
0.000106767 -4273
0.000110919 -4127
0.000115005 -3982
0.000119971 -3846
0.000124151 -3711
0.000128481 -3578
0.000133504 -3445
0.000138171 -3313
0.000142856 -3182
0.000147748 -3053
0.000152546 -2924
0.000157054 -2797
0.000162002 -2677
0.000167006 -2558
0.000171963 -2439
0.000177015 -2323
0.0001826 -2210
0.000188279 -2098
0.000192964 -1988
0.000198147 -1880
0.000221163 -1773
0.000233627 -1667
0.000240758 -1564
0.000246849 -1470
0.000251854 -1378
0.000256792 -1291
0.000263155 -1205
0.000271318 -1122
0.000275929 -1041
0.000281298 -962
0.000288242 -886
0.000294737 -812
0.000303555 -739
0.000310996 -668
0.000319561 -597
0.000328427 -535
0.000337779 -474
0.000347085 -414
0.000356269 -356
0.000364037 -303
0.000372678 -253
0.000381365 -204
0.000391308 -159
0.000401082 -118
0.000411016 -79
0.00042109 -44
0.000431455 -13
0.000447255 16
0.000467262 42
0.000479707 63
0.000491768 84
0.000503108 106
0.0005141 124
0.000526217 141
0.000545559 157
0.000564105 173
0.000577056 186
0.000588527 195
0.000600054 203
0.000611674 212
0.00062232 221
0.000634943 229
0.000646816 245
0.000656965 254
0.000670263 278
0.000681246 288
0.000692192 296
0.000703663 304
0.000714646 307
0.000728206 313
0.000737699 323
0.000748439 332
0.000757388 340
0.00076735 346
0.000780301 354
0.000791884 360
0.000802492 365
0.000811301 370
0.000822294 379
0.000834327 386
0.000845141 390
0.00085649 405
0.00087184 410
0.000886693 412
0.000893122 417
0.000900732 420
0.000901697 425
0.000916775 430
0.000918762 431
0.000931291 432
0.000993498 443
0.00100971 445
0.00101071 452
0.00102452 457
0.00102626 461
0.00104691 463
0.00106233 468
0.00107807 472
0.00107956 476
0.0012864 479
0.00130063 484
2 484
