0 -8459
6.6e-08 -8206
3.533e-06 -7988
5.436e-06 -7790
8.734e-06 -7592
1.3617e-05 -7400
1.9024e-05 -7225
2.3831e-05 -7052
2.9614e-05 -6882
3.5386e-05 -6712
3.9144e-05 -6544
4.2958e-05 -6377
4.7325e-05 -6210
5.1027e-05 -6045
5.5122e-05 -5885
5.9255e-05 -5725
6.3144e-05 -5565
6.7202e-05 -5407
7.1044e-05 -5253
7.4877e-05 -5101
7.9731e-05 -4950
8.3573e-05 -4800
8.7313e-05 -4652
9.1295e-05 -4506
9.6122e-05 -4362
0.000100376 -4224
0.000104143 -4087
0.00010926 -3951
0.000113515 -3815
0.000118257 -3682
0.000122268 -3549
0.000126447 -3419
0.000130749 -3291
0.000135181 -3164
0.000139173 -3037
0.000144543 -2916
0.000150344 -2797
0.000156023 -2678
0.000160755 -2561
0.00016501 -2448
0.000170473 -2337
0.00017575 -2227
0.000180641 -2120
0.000186433 -2017
0.00019155 -1915
0.000196104 -1815
0.000201305 -1716
0.000205635 -1618
0.000211154 -1522
0.000215868 -1428
0.000221575 -1342
0.000226223 -1257
0.000232502 -1172
0.000239596 -1088
0.000247974 -1010
0.000255593 -935
0.0002607 -861
0.000266407 -788
0.000272321 -717
0.000277859 -653
0.000284288 -591
0.00029186 -530
0.000300153 -470
0.000308278 -410
0.000316553 -351
0.00032436 -298
0.000331407 -247
0.000338801 -203
0.000348022 -159
0.000357243 -116
0.000398243 -82
0.000412206 -48
0.000424108 -16
0.000434051 14
0.000443975 44
0.000453768 72
0.00046342 96
0.000473813 118
0.000483578 134
0.000493465 150
0.000504523 165
0.00051709 187
0.000528007 194
0.000540012 201
0.000563777 213
0.000577919 223
0.000587356 237
0.000597336 241
0.000610193 245
0.00061948 260
0.000629498 264
0.000638495 271
0.000649412 281
0.000660152 291
0.000670348 301
0.000678782 311
0.000688631 321
0.000699399 326
0.000708058 335
0.000718591 344
0.000728881 353
0.000740726 360
0.000750163 365
0.000760509 370
0.000767528 373
0.000777865 376
0.000786936 379
0.000797938 385
0.000807581 387
0.000819529 389
0.000840877 392
0.000865458 394
0.000903955 396
0.000915379 399
0.000923541 400
0.000935546 402
0.000980472 403
0.0010341 409
0.00104836 414
0.00107157 421
0.00110766 428
0.00111626 430
0.00115132 438
0.00116088 440
0.00149302 442
0.0014997 444
0.0015191 452
0.00153122 454
0.00153438 456
0.00183526 461
0.00183739 468
2 468
