0 124
1.41e-07 149
1.0964e-05 152
1.1266e-05 157
1.2771e-05 190
0.000218231 195
0.000270728 206
0.000270794 228
0.000270916 234
0.000272149 236
0.000272892 250
0.000273466 277
0.000277579 299
0.000277645 303
0.00027821 338
0.000349379 348
0.000349727 362
0.00035 381
0.000350131 416
0.000350207 420
0.000350668 422
0.000350715 437
0.000350781 443
0.000394675 456
0.000395005 458
0.000399522 459
0.000399588 490
0.0004002 491
0.000400463 499
0.000401499 505
0.000402553 506
0.000403353 508
0.000403616 510
0.000404162 522
0.000404228 524
0.000404303 526
0.00040436 536
0.000404426 537
0.000405141 539
0.000405367 551
0.000416849 555
0.000427436 558
0.000440603 565
0.000447944 586
0.000448123 591
0.000448179 592
0.00044992 600
0.000450268 607
0.000451341 614
0.000462155 628
0.000462494 629
0.00046255 632
0.000462786 638
0.000469091 640
0.000470174 643
0.000470776 662
0.000476065 671
0.000493034 673
0.000493363 685
0.000495791 686
0.000495989 689
0.000496215 694
0.00049677 702
0.000507461 710
0.000521061 720
0.000523225 732
0.000525814 741
0.000526284 748
0.000527301 750
0.000527677 751
0.000606187 767
0.000607316 770
0.000614544 787
0.000621047 801
0.000623946 809
0.000624671 816
0.000648905 818
0.000712771 823
2 823
