0 30
6.6e-08 60
0.000391466 101
0.000392125 111
0.000392529 116
0.000392642 142
0.000394506 155
0.000394929 183
0.000395014 239
0.00039524 240
0.000395814 277
0.000396078 279
0.000397357 280
0.000399663 288
0.000407569 309
0.000408764 310
0.000422053 338
0.000422279 360
0.000426335 369
0.000426467 385
0.000426712 425
0.000427464 438
0.000427624 450
0.000427803 458
0.000441516 463
0.00044209 482
0.000442325 492
0.000443454 520
0.000503 523
0.000503687 533
0.000503857 556
0.000504101 558
0.000504167 573
0.000505071 579
0.0005054 597
0.000505626 610
0.000506304 632
0.000508016 634
0.000523564 647
0.000524646 652
0.000526293 661
0.000527809 662
0.000527931 671
0.000528034 672
0.000528279 710
0.000528872 719
0.00052939 726
0.000529484 734
0.00052955 743
0.000529917 753
0.000530095 784
0.000530293 790
0.000533342 797
0.000534048 832
0.000534585 834
0.000534811 851
0.000535253 865
0.000543591 872
0.000551252 873
0.000552353 880
0.000555534 882
0.000556325 889
0.000556796 914
0.000558292 916
0.000558584 944
0.000558734 950
0.000562565 961
0.000562988 973
0.000563186 977
0.000568993 986
0.000569426 994
0.000569614 996
0.000569962 1001
0.000570395 1054
0.000570649 1074
0.000623654 1083
0.000633771 1085
0.000634195 1089
0.000634656 1096
0.000648462 1099
0.000649432 1114
0.000649676 1123
0.000650947 1125
0.0006533 1142
0.000669563 1143
0.000670617 1150
0.000673186 1154
0.000700093 1159
0.000702013 1162
0.000707123 1166
0.000727574 1171
0.000728158 1190
0.000736722 1195
0.00073804 1203
0.000768589 1210
0.000775441 1212
0.000837057 1214
2 1214
