639 0.0256126
686 0.0193419
685 0.0256286
630 0.0139686
660 0.0128516
663 0.0128737
611 0.0197579
668 0.0273128
642 0.0179585
618 0.023833
380 0.00706469
398 0.00720307
461 0.0114076
390 0.00713395
455 0.0213487
431 0.00880129
439 0.0072678
461 0.00780344
454 0.00701664
433 0.00761747
820 0.0169911
833 0.01891
836 0.0164995
841 0.0171226
830 0.0161995
862 0.0176477
777 0.0200426
857 0.0160784
804 0.0205466
857 0.0166478
790 0.01738
813 0.013083
790 0.0157115
832 0.0192491
742 0.0213109
754 0.0135582
748 0.0233372
784 0.0200108
734 0.019826
758 0.021881
