0 -6385
1.31e-07 -6290
0.000328226 -6273
0.000331421 -6233
0.000332012 -6104
0.000333145 -5960
0.000333492 -5887
0.000333586 -5765
0.000336603 -5635
0.000338243 -5537
0.000338908 -5527
0.000340669 -5526
0.000340866 -5415
0.000341382 -5283
0.00034185 -5182
0.000343921 -5181
0.000352101 -5126
0.000352832 -5013
0.000352944 -4870
0.000355277 -4854
0.000355952 -4687
0.000357404 -4557
0.000358191 -4526
0.000359615 -4436
0.000361077 -4401
0.00036208 -4275
0.000362295 -4126
0.000364366 -4088
0.000367477 -4086
0.000369173 -3994
0.00037263 -3960
0.000372771 -3835
0.000374645 -3825
0.000384783 -3779
0.00038601 -3665
0.000388943 -3590
0.000389627 -3491
0.000390086 -3416
0.000393609 -3405
0.00039612 -3403
0.000396251 -3300
0.000398631 -3285
0.000400459 -3177
0.000405659 -3152
0.000406924 -3076
0.000408142 -2956
0.000408395 -2823
0.000409913 -2765
0.000416453 -2749
0.000419395 -2655
0.000420023 -2619
0.000421747 -2583
0.000421906 -2451
0.000422178 -2395
0.000423593 -2294
0.000423977 -2230
0.000427715 -2123
0.000428072 -2028
0.000430704 -1941
0.000431941 -1883
0.000441199 -1799
0.00044147 -1683
0.00044341 -1653
0.000445584 -1573
0.000450728 -1531
0.000450981 -1459
0.000453773 -1380
0.000455141 -1311
0.000458467 -1259
0.000459929 -1216
0.000460135 -1127
0.000462993 -1050
0.000464127 -980
0.000503461 -910
0.000503883 -835
0.000504558 -776
0.000506347 -716
0.00050691 -633
0.00051553 -593
0.000520027 -570
0.000532958 -513
0.000536003 -447
0.000539601 -430
0.000548615 -422
0.000549889 -392
0.000550086 -326
0.000569172 -271
0.000574626 -201
0.000588268 -196
0.000588643 -134
0.000617493 -99
0.000685668 -94
0.000728516 -90
0.000739835 -81
0.00074095 -73
0.000741137 -31
0.000762941 -16
0.000783433 2
0.00078928 46
0.000800064 70
0.000800852 89
0.000802079 98
0.000803569 100
0.000834883 101
0.000838247 103
0.000843213 126
0.000857549 136
0.000862402 160
0.000867949 178
0.000870676 190
0.000881676 191
0.000893313 201
0.000896968 205
0.000899601 215
0.000905391 222
0.000936996 229
0.000940612 230
0.000960861 239
0.000965611 240
0.000980144 259
0.000982796 260
0.000995314 265
0.00100459 271
0.00104448 275
0.0010489 283
0.00105268 288
0.00106147 290
0.00108363 297
0.00110425 301
0.00111341 303
0.00114857 322
0.00115125 325
0.00115142 332
0.00116922 336
0.00120844 337
0.00121163 340
0.00122944 347
0.00125259 348
0.0012918 350
0.00134658 354
0.001581 363
0.00159429 364
0.00173366 367
0.00180262 369
0.00185242 371
0.00228163 374
0.00252636 375
2 375
