0 -3552
5.6e-08 -3453
6.593e-06 -3325
0.000342827 -3319
0.000343184 -3267
0.000344665 -3203
0.000344909 -3110
0.000345669 -3077
0.00034671 -2973
0.000350789 -2948
0.000353059 -2944
0.000354297 -2938
0.000355009 -2878
0.000355206 -2786
0.000356969 -2742
0.000357063 -2631
0.000361415 -2565
0.000361593 -2488
0.000369517 -2460
0.000435352 -2442
0.000435699 -2336
0.000446174 -2250
0.000446306 -2192
0.000446559 -2083
0.000448556 -2063
0.0004488 -2018
0.00045469 -1944
0.000463008 -1900
0.000465709 -1783
0.000466084 -1661
0.000468794 -1604
0.000470829 -1514
0.000472161 -1429
0.000474084 -1408
0.000477628 -1404
0.000478266 -1355
0.000480142 -1264
0.000482646 -1182
0.000483021 -1129
0.000483312 -1046
0.000484362 -978
0.000520318 -964
0.000520412 -898
0.000521077 -839
0.000521978 -788
0.000522184 -757
0.000526423 -687
0.000528852 -654
0.000530184 -595
0.000530859 -539
0.000544598 -498
0.000545292 -470
0.000545479 -451
0.00054592 -425
0.000548068 -363
0.000551031 -339
0.000551547 -318
0.000552288 -279
0.000552644 -242
0.000552738 -233
0.000557371 -191
0.000559368 -174
0.000560963 -140
0.000561825 -114
0.000584248 -89
0.000585749 -23
0.000592286 -3
0.000592745 43
0.000592914 86
0.000595512 88
0.000595577 108
0.000595971 121
0.000597022 131
0.000599028 138
0.000600416 167
0.000600698 197
0.000601054 217
0.00060338 235
0.000606522 238
0.000608238 264
0.000609241 265
0.000610273 268
0.000612308 278
0.000612955 295
0.000615947 297
0.000617972 386
0.000621255 445
0.000622146 462
0.00062495 475
0.000632949 487
0.000634778 496
0.000637441 503
0.00063822 515
0.000640142 517
0.000640649 533
0.000645375 535
0.000655907 536
0.000658158 548
0.000680252 554
0.000683197 612
0.000686958 614
0.000687445 621
0.000693391 654
0.000697142 658
0.000705095 659
0.000714614 675
0.000716912 689
0.000723129 697
0.000726102 715
0.000749482 722
0.000750448 724
0.000781658 732
0.000840834 733
0.000841397 738
0.000877015 741
0.000946863 749
0.00098251 750
0.00106299 752
2 752
