0 -2510
2.81e-07 -2401
0.00038938 -2362
0.00038953 -2257
0.000393009 -2173
0.000421575 -2048
0.00042195 -1968
0.000422147 -1853
0.000422475 -1779
0.000423554 -1657
0.000424323 -1644
0.000424961 -1521
0.000425111 -1438
0.000427858 -1404
0.000504562 -1342
0.000504684 -1275
0.000504797 -1180
0.000506053 -1087
0.000507741 -1051
0.000508529 -946
0.000513284 -944
0.000515863 -919
0.000517063 -836
0.000522221 -789
0.000522418 -680
0.000552953 -608
0.000553347 -564
0.000553544 -532
0.000553638 -414
0.000554351 -314
0.000554979 -251
0.000557671 -229
0.000557858 -204
0.000558759 -203
0.000559227 -155
0.000559687 -93
0.000566721 -91
0.000568831 -41
0.000576033 9
0.00057623 52
0.00057819 77
0.000581425 92
0.000581829 114
0.000584023 141
0.000584717 143
0.000587127 165
0.000588665 188
0.000589359 224
0.000590053 234
0.000590775 256
0.000591713 268
0.00059916 269
0.000599741 299
0.000601907 300
0.000622971 301
0.000624012 321
0.000624621 342
0.000625053 359
0.000625784 390
0.00062675 395
0.000627585 398
0.000632499 405
0.000635556 409
0.000640658 420
0.000642383 446
0.000643396 450
0.000648123 463
0.000660699 470
0.000661449 485
0.000662199 493
0.000669252 497
0.000673369 513
0.000693354 519
0.000694638 523
0.000696795 525
0.000698812 533
0.000699881 558
0.000706108 562
0.000730594 565
0.000732779 567
0.000736287 570
0.000739372 578
0.000742307 587
0.000742879 591
0.000758063 599
0.000761354 613
0.000767197 618
0.000767694 628
0.000771717 634
0.000781949 655
0.000785531 661
0.000790652 662
0.000796916 664
0.000801287 665
0.000806716 666
0.000807626 672
0.000821046 680
0.000822256 686
0.000827564 687
0.000829168 703
0.000836961 709
0.000845486 710
0.000858052 713
0.000863867 723
0.000875074 725
0.00087724 736
0.000885812 745
0.000910354 749
0.000945082 755
2 755
