0 299
0.000618589 302
0.000618955 320
0.000619311 378
0.000619573 410
0.000619714 444
0.000623527 449
0.000632935 471
0.000639681 489
0.000640393 528
0.000640983 563
0.000641452 589
0.000641827 594
0.000642286 599
0.00064282 629
0.000668156 640
0.000668306 660
0.000669018 680
0.000670939 690
0.000671061 707
0.000671173 740
0.000673459 745
0.000674012 754
0.000678547 763
0.00067939 778
0.000693042 795
0.00069382 807
0.000693932 832
0.000694851 849
0.000694982 891
0.000695488 895
0.000695825 902
0.000696528 919
0.000696978 925
0.000697193 931
0.000697962 937
0.000698196 958
0.000699676 983
0.000701803 987
0.000703077 1001
0.000703209 1041
0.000703827 1060
0.000730784 1068
0.000732021 1081
0.000733989 1090
0.000734101 1120
0.000782019 1135
0.000796336 1154
0.000796561 1158
0.000796823 1165
0.000798331 1170
0.000800562 1173
0.000801405 1176
0.00080162 1180
0.000802286 1183
0.000803269 1193
0.000804478 1204
0.00080504 1205
0.000809041 1212
0.00080936 1222
0.000809913 1229
0.000832232 1230
0.000837132 1235
0.00084073 1236
0.000843119 1249
0.000844038 1253
0.000845284 1263
0.000845659 1268
0.000847242 1271
0.000847364 1272
0.000847701 1280
0.000848142 1290
0.000848282 1300
0.000852302 1318
0.00085709 1322
0.000857202 1323
0.000861241 1334
0.00086229 1341
0.000863433 1347
0.000879128 1361
0.000881208 1363
0.000882791 1376
0.00088371 1381
0.000884581 1383
0.000909149 1386
0.000909224 1388
0.000910283 1397
0.000917675 1401
0.000921808 1402
0.000924956 1403
0.000927654 1404
0.000928217 1407
0.000928882 1419
0.000930831 1423
0.000932414 1427
0.000936556 1431
0.00093754 1435
0.000940988 1443
0.000942037 1450
0.000969228 1456
0.000974372 1460
0.00098021 1461
0.000981222 1467
0.000982637 1475
0.00100475 1483
0.00101311 1490
0.00103604 1496
0.0010775 1497
0.00113749 1500
2 1500
