0 -5559
1.22e-07 -5405
8e-06 -5229
1.0682e-05 -5201
0.00043266 -5154
0.000433204 -5002
0.000439675 -4843
0.000440491 -4757
0.000440641 -4618
0.000448153 -4540
0.000450404 -4495
0.000450657 -4443
0.000450901 -4355
0.000451191 -4211
0.000451323 -4082
0.000457006 -4032
0.000457118 -3899
0.000465474 -3890
0.000469357 -3884
0.00047549 -3881
0.000477028 -3811
0.000486106 -3768
0.000492755 -3755
0.000494481 -3620
0.00049601 -3560
0.000505135 -3454
0.000506166 -3336
0.000507939 -3248
0.000508201 -3152
0.000512121 -3076
0.000514597 -2973
0.000515666 -2862
0.000519605 -2796
0.000520046 -2719
0.000525166 -2639
0.000527605 -2613
0.000528252 -2501
0.000531224 -2463
0.000531525 -2348
0.000532556 -2261
0.000532819 -2201
0.000533269 -2079
0.000534798 -1996
0.000535248 -1918
0.000535632 -1835
0.000537283 -1816
0.000545742 -1815
0.000547683 -1778
0.000549624 -1736
0.000556048 -1649
0.000560297 -1580
0.000562172 -1544
0.000564254 -1442
0.000570988 -1389
0.000587184 -1328
0.000587296 -1236
0.000593964 -1221
0.000595324 -1173
0.000597359 -1084
0.000599694 -993
0.000600398 -914
0.00060082 -850
0.000601476 -826
0.000641474 -810
0.000645244 -805
0.000646191 -703
0.000647729 -662
0.000649117 -637
0.000650439 -605
0.000652971 -593
0.000655391 -541
0.000663775 -538
0.00066415 -440
0.000669505 -430
0.000672272 -371
0.000673556 -335
0.0006738 -329
0.000674663 -295
0.000677767 -243
0.000678396 -198
0.000682963 -160
0.000684426 -129
0.000684951 -90
0.000685288 -83
0.000701991 -52
0.000705133 -42
0.000705808 8
0.00073277 19
0.000732986 27
0.000738209 48
0.000739663 100
0.000742739 104
0.000748919 140
0.000750579 148
0.000753046 160
0.000755353 184
0.00075977 198
0.000761158 206
0.000772036 216
0.000773462 220
0.000774728 235
0.000776566 236
0.000776744 242
0.00077696 276
0.000780467 278
0.000784059 297
0.000788185 298
0.000791008 318
0.000791637 327
0.000792012 340
0.0007958 349
0.000796738 353
0.000801699 354
0.000814172 359
0.000815616 383
0.000821506 384
0.000829665 415
0.00083004 416
0.000855792 420
0.000870075 437
0.000875093 442
0.000876349 444
0.000880579 448
0.0008878 455
0.000889751 463
0.000897281 464
0.000897375 472
0.000898529 484
0.000908873 493
0.000910429 497
0.000912849 499
0.000920708 501
0.000928013 504
0.000933021 505
0.00093531 506
0.000939736 507
0.000968049 528
0.00099592 534
0.00100226 553
0.00100894 573
0.00101292 580
0.00101545 585
0.00102775 586
0.001085 587
0.00112926 589
0.00113112 590
0.00113297 594
0.0011436 606
0.00119894 613
0.00123323 626
0.00123654 629
0.00128254 635
0.00140121 639
0.00142534 642
0.00143122 643
0.00149799 651
2 651
