0 -345
2.62e-07 -284
0.000501541 -240
0.000511501 -205
0.000511941 -155
0.000512194 -118
0.000513037 -91
0.000513365 -82
0.000517872 -27
0.000524178 22
0.000524665 28
0.000525274 52
0.000525387 65
0.000530447 76
0.00054794 82
0.000549177 147
0.000549692 154
0.000549898 177
0.00055002 212
0.000550114 213
0.000551876 273
0.00055225 278
0.000554068 303
0.000554396 356
0.000554499 374
0.000555277 376
0.000555455 421
0.000555839 456
0.00055612 469
0.000556214 508
0.000556326 514
0.000564993 521
0.000566211 563
0.000566427 600
0.000570034 602
0.000570353 638
0.000571074 641
0.000571262 650
0.000571468 654
0.000572208 656
0.000572396 658
0.000573567 670
0.000574298 675
0.000575281 697
0.000577783 716
0.000578336 727
0.000579226 733
0.000579442 743
0.000579723 769
0.000594368 794
0.000594968 813
0.000595136 815
0.000598894 844
0.000600964 850
0.000601114 925
0.000602407 929
0.000603663 969
0.000631201 974
0.00063359 984
0.00063389 989
0.000634274 997
0.000634864 1021
0.000635445 1046
0.000635998 1054
0.000636129 1066
0.000636907 1079
0.000637291 1085
0.000638472 1104
0.00063969 1144
0.00064325 1167
0.000643681 1169
0.000644469 1170
0.000645424 1173
0.000645677 1184
0.000645874 1190
0.000654401 1230
0.000657165 1256
0.000657418 1258
0.000660847 1267
0.000665045 1283
0.000675061 1299
0.000675623 1308
0.000676242 1339
0.000676401 1341
0.00067686 1344
0.000679428 1347
0.000679502 1356
0.000688301 1357
0.000688441 1363
0.000688863 1365
0.000688957 1368
0.000691833 1373
0.000692761 1382
0.000696012 1384
0.000696499 1388
0.000697343 1391
0.000698336 1393
0.000699938 1395
0.000704005 1401
0.000704661 1405
0.000705869 1409
0.000707874 1418
0.000713243 1423
0.000733014 1430
0.000733726 1436
0.000736209 1440
0.000738214 1450
0.00073843 1454
0.000739629 1468
0.000739732 1472
0.000744211 1489
0.00074512 1491
0.000747706 1497
0.000747799 1509
0.000748399 1519
0.000748502 1528
0.000753487 1534
0.000754321 1545
0.000755248 1548
0.000756738 1552
0.000766267 1554
0.00076653 1566
0.000773745 1567
0.000775281 1585
0.000776734 1590
0.000779844 1597
0.000781784 1612
0.000782271 1616
0.000822215 1635
0.000832765 1636
0.000832878 1638
0.000833599 1640
0.000834939 1644
0.000836748 1645
0.00083983 1652
0.000844927 1653
0.000847991 1654
0.000852086 1655
0.000863208 1658
0.000875201 1661
0.000876673 1664
0.000878668 1668
0.000879231 1670
0.000884956 1674
0.000886024 1680
0.000886455 1687
0.000906993 1689
0.000909036 1693
0.000909729 1699
0.000926305 1703
0.000930746 1705
0.000945607 1707
0.000946675 1708
0.000952597 1711
0.00100604 1715
0.00103363 1717
0.00107053 1721
0.00112067 1727
2 1727
