0 324
1.21e-07 356
0.000813304 368
0.000821531 386
0.00082169 392
0.000821952 425
0.000824051 427
0.000824763 448
0.0008251 458
0.000825991 486
0.000826309 531
0.000827134 588
0.000827321 601
0.00086823 609
0.000868417 638
0.000869373 651
0.000871425 652
0.000871912 688
0.000872999 739
0.000874705 754
0.00092221 755
0.000922744 773
0.000922903 794
0.000924262 795
0.000929012 797
0.000929312 822
0.000930839 825
0.000935534 849
0.000937286 856
0.000938073 864
0.000940078 885
0.000941783 907
0.000942589 912
0.00094303 927
0.000968019 940
0.000968141 951
0.000970727 958
0.000974719 970
0.000977464 975
0.000978776 977
0.000982458 985
0.000984407 989
0.000986749 996
0.000987209 1009
0.00098749 1010
0.000987696 1020
0.000987893 1062
0.000996428 1064
0.000997103 1066
0.00100021 1078
0.00100049 1086
0.00100142 1116
0.00100607 1118
0.0010069 1134
0.00100822 1135
0.00100896 1146
0.00100922 1147
0.00100933 1148
0.00101329 1150
0.00101354 1174
0.00101383 1176
0.00101393 1188
0.00101432 1211
0.00101452 1223
0.0010165 1225
0.00101696 1231
0.00101819 1233
0.00102089 1236
0.00102155 1241
0.00102174 1245
0.00102339 1256
0.00102563 1263
0.00102628 1271
0.00102801 1285
0.00102982 1311
0.0010309 1312
0.00103609 1323
0.00103738 1351
0.00103751 1354
0.0010395 1355
0.00103996 1364
0.00104035 1366
0.00104058 1371
0.00104488 1384
0.00104509 1385
0.00104524 1396
0.00104544 1400
0.00104582 1405
0.00105419 1417
0.00105448 1419
0.00105465 1433
0.00108969 1447
0.00109151 1461
0.00109446 1468
0.00109471 1479
0.00109487 1496
0.001095 1499
0.00109697 1504
0.00109716 1513
0.0011 1514
0.00110015 1520
0.0011006 1529
0.0011014 1532
0.00111351 1535
0.00111439 1538
0.00111655 1542
0.0011178 1563
0.00111792 1573
0.00112077 1590
0.00112536 1593
0.00112639 1595
0.00112774 1604
0.00112834 1620
0.00112849 1626
0.0011291 1636
0.00113193 1639
0.00113227 1648
0.00113507 1658
0.00113608 1669
0.00113645 1671
0.00113659 1672
0.00114306 1680
0.00114374 1684
0.00114892 1695
0.00115343 1696
0.00116458 1699
0.00116548 1712
0.00117012 1726
0.00117079 1733
0.00117275 1740
0.00118726 1747
0.00118843 1754
0.00118941 1762
0.0011901 1766
0.00119041 1770
0.00119073 1779
0.00119088 1781
0.0011938 1782
0.0011951 1784
0.00119586 1791
0.00119974 1806
0.00120042 1823
0.00120592 1824
0.00120638 1825
0.00120934 1831
0.00123614 1847
0.0012439 1853
0.00124754 1854
0.00126673 1862
0.00126799 1865
0.00128201 1869
0.00129018 1878
0.0012976 1881
0.00130357 1885
0.00130441 1886
0.0013052 1890
0.00130642 1892
0.00132886 1894
0.00133249 1900
0.00133806 1901
0.00134 1904
0.00134048 1905
0.00134084 1908
0.00134302 1909
0.0013469 1910
0.00135433 1912
0.00135804 1917
0.00135851 1924
0.00138057 1927
0.00138075 1928
0.00138614 1933
0.00140874 1935
0.00140968 1938
0.0014162 1939
0.00143328 1942
0.0014341 1944
0.00145122 1950
0.0014545 1951
0.0014628 1952
0.00148717 1961
0.00157493 1963
2 1963
