0 -1219
4.6e-07 -1164
6.85e-07 -1102
8.82e-07 -1023
0.00038094 -1000
0.000382234 -938
0.000382553 -883
0.000393291 -854
0.000395476 -840
0.000395654 -799
0.000406655 -761
0.000406767 -661
0.000406908 -597
0.000407227 -526
0.000407743 -504
0.000407949 -494
0.000408277 -420
0.000408446 -379
0.000409506 -366
0.000410359 -334
0.000449991 -308
0.000450366 -254
0.000452401 -234
0.000452627 -233
0.000480761 -158
0.000483471 -121
0.000483865 -118
0.00048469 -106
0.000502875 -76
0.000504413 -34
0.000506016 -12
0.000506767 0
0.000507085 4
0.000507245 28
0.000512543 51
0.00051576 65
0.00051833 67
0.000519118 71
0.000523563 73
0.000527323 76
0.00052918 83
0.000530746 92
0.000538512 98
0.000539318 120
0.00054065 122
0.000547796 136
0.000562323 147
0.000562416 149
0.000570482 151
0.000571035 162
0.000571682 167
0.000576277 197
0.000576568 199
0.000576652 220
0.000577975 257
0.000634112 261
0.000635585 281
0.000644569 283
0.000646294 285
0.000647354 306
0.000659142 328
0.000660596 329
0.000661121 340
0.000666251 343
0.000667508 347
0.000668145 358
0.000671887 361
0.000673191 366
0.000676192 369
0.000677824 371
0.000694714 385
0.000698465 397
0.000700969 402
0.000704223 404
0.000719228 408
0.000724996 421
0.000726168 429
0.000768126 431
2 431
