0 -3105
3.29e-07 -3020
0.000332812 -3014
0.000333534 -2907
0.000336085 -2898
0.000336497 -2801
0.000348998 -2724
0.000349402 -2684
0.00034988 -2620
0.000350152 -2566
0.000362953 -2556
0.000364904 -2480
0.000368327 -2385
0.00037144 -2304
0.000372838 -2300
0.000375923 -2284
0.000376542 -2127
0.000377152 -2095
0.000386023 -2047
0.000386961 -1979
0.00038773 -1891
0.000390075 -1855
0.000390619 -1771
0.000390834 -1687
0.000393582 -1686
0.000393854 -1634
0.000394811 -1526
0.000420901 -1499
0.000421116 -1393
0.000436243 -1320
0.000438213 -1257
0.000438522 -1195
0.000439694 -1143
0.000443811 -1076
0.000447347 -1027
0.000448904 -934
0.000453424 -879
0.000453968 -789
0.000454446 -738
0.000455328 -661
0.000455928 -645
0.000457166 -581
0.000459191 -564
0.000461649 -520
0.000462521 -482
0.000493994 -460
0.000494106 -410
0.000510809 -370
0.000516501 -362
0.000516661 -342
0.000517176 -285
0.000517317 -274
0.000533991 -229
0.000534864 -218
0.000537893 -167
0.000545789 -157
0.000552579 -133
0.000565793 -127
0.000574514 -89
0.000593243 -76
0.000594443 -53
0.000596084 5
0.000597369 14
0.000597988 26
0.000600698 54
0.000613865 74
0.00061756 97
0.000623796 118
0.000626816 127
0.000628523 174
0.000631702 180
0.000644813 181
0.000645826 192
0.000648311 196
0.000656095 201
0.000664901 230
0.000680422 238
0.000680684 255
0.000682175 257
0.00068255 261
0.000683019 263
0.000687033 266
0.000711126 268
0.000713986 274
0.000718928 300
0.000751536 303
0.000752718 313
0.000766185 314
0.000767985 328
0.000773481 332
0.000795004 336
0.000824854 345
0.000840009 349
0.000877578 350
0.000882408 360
0.000893099 362
0.000944744 365
0.000949227 370
0.000972044 379
0.000985717 383
0.00100817 388
0.00101092 389
0.00105729 395
0.00105927 397
0.00108613 399
0.00109128 403
0.0011359 412
0.00113678 413
0.00114793 414
0.00118848 416
2 416
