462 0.0916496
486 0.0959495
486 0.0811994
453 0.0634706
467 0.0762829
456 0.15761
514 0.140457
466 0.0923038
532 0.0865093
474 0.0797597
187 0.138536
181 0.112783
181 0.179617
196 0.149727
173 0.10455
159 0.111779
183 0.117526
169 0.110005
173 0.143936
170 0.109153
1455 0.00508366
1590 0.0101888
1619 0.0101756
1489 0.00788682
1585 0.00451687
1364 0.00405031
1602 0.00909531
1467 0.0061958
1569 0.00705989
1665 0.0171442
1303 0.0178529
1307 0.0748102
1451 0.0744862
1395 0.112803
1242 0.118889
1482 0.0054345
1313 0.00799471
1408 0.00789417
1306 0.0606635
1484 0.0652042
