0 -295
1.02e-07 -286
7.61e-06 -275
7.731e-06 -273
8.678e-06 -250
8.873e-06 -219
0.000351176 -198
0.000351381 -189
0.000351891 -185
0.000352021 -110
0.000397547 -61
0.000397909 -22
0.000404629 -6
0.000405074 49
0.000405251 90
0.000405343 159
0.000424779 238
0.000425234 246
0.000425819 256
0.000488952 264
0.000489861 277
0.000490195 300
0.000490353 313
0.000490799 321
0.000490919 332
0.000491059 353
0.000491421 368
0.0004953 381
0.000495439 393
0.000495579 400
0.000498901 419
0.000502475 427
0.00050254 438
0.000536232 445
0.000554953 448
0.000564745 458
0.000565589 461
0.000565701 491
0.000572235 505
0.000572718 507
0.000573627 518
0.000587067 525
0.000597639 535
0.00059788 536
0.000598446 542
0.000600804 558
0.000601825 568
0.000605045 575
0.000605779 594
0.0006077 599
0.000608739 610
0.000609454 613
0.000635415 619
0.000636538 620
0.000637243 622
0.000654934 624
0.000698427 627
0.000748752 631
0.000762191 637
0.000764744 638
0.000767593 639
0.000777005 640
2 640
