0 -35924
1.3e-07 -35279
8.01e-06 -35190
9.059e-06 -35026
0.000150528 -34933
0.000168906 -34483
0.000169592 -34336
0.000174085 -34074
0.000174298 -33559
0.000176043 -33226
0.000177426 -33127
0.000177751 -32637
0.000180405 -32412
0.0001819 -32185
0.000182141 -31619
0.000183682 -31370
0.000184127 -30956
0.000184656 -30472
0.000186067 -29879
0.000189056 -29618
0.000189158 -29027
0.000189269 -28464
0.000199006 -28260
0.000200045 -27721
0.000204046 -27376
0.000204584 -26794
0.000223992 -26508
0.000224762 -26010
0.000225746 -25483
0.000226182 -24923
0.000226516 -24442
0.000227416 -23747
0.000232419 -23638
0.000237441 -23046
0.000238953 -22961
0.000239241 -22518
0.000240485 -22342
0.00024262 -21899
0.000244105 -21465
0.000244569 -21062
0.000246425 -20575
0.000246741 -20063
0.000247687 -19619
0.000248328 -19186
0.000249609 -18800
0.000250008 -18353
0.000250342 -17932
0.00025076 -17299
0.000251381 -16730
0.000259345 -16227
0.000273889 -16192
0.0002744 -15725
0.000275746 -15224
0.000277555 -14773
0.000282038 -14384
0.000282809 -14061
0.000285064 -13669
0.00028564 -13235
0.000286419 -12814
0.000289714 -12387
0.000294596 -12010
0.000296091 -11588
0.000309948 -11351
0.000311804 -10949
0.000315916 -10642
0.00032065 -10232
0.000322627 -9856
0.000323861 -9373
0.000326961 -8967
0.000331193 -8488
0.000338015 -8218
0.000348801 -7821
0.000350035 -7533
0.000358017 -7401
0.000358936 -7127
0.000369498 -6643
0.000374334 -6353
0.000375123 -5996
0.000377778 -5655
0.000379133 -5369
0.000394986 -5021
0.00041121 -4560
0.000418199 -4272
0.000418941 -3965
0.000431434 -3865
0.000442832 -3698
0.00044661 -3344
0.000449385 -3109
0.000453469 -2986
0.000454889 -2642
0.000461757 -2460
0.00049376 -2328
0.000494688 -2062
0.000501176 -1973
0.000503283 -1679
0.000507756 -1501
0.000538905 -1190
0.000556104 -955
0.000574027 -692
0.000584858 -520
0.000592915 -360
0.000596729 -311
0.000606596 -116
0.000648121 -96
0.00065485 -46
0.000660215 8
0.000670258 27
0.000670666 50
0.000696998 51
0.000760911 78
0.000763454 100
0.000814985 125
0.000890583 149
0.000894194 155
0.000982702 157
0.0010225 163
0.00127038 164
0.00128849 175
0.00132991 180
0.00134749 188
0.00154594 192
0.00159658 194
0.00162318 198
0.00178209 205
2 205
