0 -2380
7.96e-07 -2276
7.549e-06 -2258
0.000488549 -2224
0.000494731 -2203
0.000495077 -2156
0.00049548 -2075
0.000495892 -2019
0.000497962 -2002
0.000498327 -1915
0.000500135 -1854
0.000503057 -1789
0.000503554 -1713
0.000505745 -1677
0.000506476 -1650
0.000507047 -1639
0.000508012 -1594
0.000511056 -1519
0.000511412 -1510
0.000511993 -1442
0.000533797 -1412
0.000533947 -1272
0.000534303 -1238
0.000534827 -1192
0.000536869 -1150
0.00053863 -1069
0.000540054 -1065
0.000549382 -1017
0.000549935 -944
0.000552473 -901
0.000562261 -876
0.000563919 -812
0.000565942 -799
0.000567178 -714
0.000567759 -698
0.000568396 -663
0.000570859 -635
0.000572742 -582
0.00057307 -486
0.00057513 -382
0.000576413 -339
0.00057675 -277
0.000579223 -276
0.000579457 -237
0.000579682 -232
0.000590865 -217
0.000591221 -210
0.000592017 -164
0.00059345 -136
0.000593694 -117
0.000594125 -3
0.000594246 53
0.000599632 54
0.000599838 77
0.000599941 102
0.000600559 130
0.000605598 137
0.000605832 174
0.000618917 184
0.000619198 196
0.000619395 267
0.000621708 288
0.000623291 291
0.00062921 352
0.000654536 359
0.000656466 367
0.000656747 377
0.000657159 401
0.000666975 411
0.000667368 458
0.000669035 490
0.00067221 512
0.000672323 518
0.000674056 533
0.000679226 548
0.000681024 574
0.000683928 622
0.000684386 660
0.000684499 713
0.000697967 720
0.000701227 762
0.000706434 768
0.000707558 773
0.000713272 783
0.000715379 805
0.000716297 808
0.000717318 810
0.000718142 812
0.000723406 842
0.000725495 845
0.000726291 878
0.000739431 883
0.000742457 895
0.000746334 897
0.000747402 899
0.000747496 962
0.000748414 985
0.000750736 997
0.000751748 998
0.000771408 1002
0.000775023 1009
0.000778413 1019
0.000784998 1033
0.00078851 1035
0.000788585 1038
0.000788875 1041
0.000790561 1051
0.000790786 1058
0.000791901 1068
0.000792407 1079
0.000794411 1090
0.000795732 1095
0.000797005 1105
0.000798869 1114
0.000799722 1135
0.000804536 1138
0.000820243 1140
0.000820777 1148
0.000821039 1155
0.00082605 1167
0.000826256 1186
0.00082797 1189
0.000828054 1205
0.000828485 1209
0.000830077 1217
0.000833646 1222
0.000833749 1229
0.000834507 1242
0.000839359 1276
0.00084467 1281
0.000851423 1285
0.000853315 1289
0.000855432 1300
0.000855928 1304
0.000859384 1305
0.000860002 1329
0.000861491 1334
0.000866362 1336
0.000867804 1341
0.000870502 1343
0.00087142 1347
0.000872028 1367
0.000873096 1368
0.000878229 1377
0.000878397 1384
0.000880355 1398
0.000881413 1429
0.000884008 1433
0.000888756 1437
0.00089654 1445
0.000909727 1450
0.000913033 1455
0.000915338 1477
0.000920648 1480
0.000944129 1486
0.000944897 1487
0.000944981 1497
0.000961578 1512
0.00106817 1526
2 1526
