0 -26686
2.23e-07 -26083
4.27e-07 -25525
0.000226127 -25165
0.000226479 -24640
0.000230703 -24193
0.000231176 -23475
0.000233895 -22875
0.000237292 -22740
0.000238054 -22221
0.000238935 -21857
0.000239836 -21269
0.000244346 -21049
0.000250881 -20865
0.000251103 -20339
0.000251614 -19747
0.000251744 -19102
0.000252152 -18578
0.000253489 -18537
0.000255809 -17972
0.00025786 -17617
0.000265072 -17603
0.000265295 -17097
0.000265861 -16745
0.000266669 -16236
0.000272293 -15822
0.000274855 -15364
0.000276888 -14879
0.000278103 -14784
0.000278447 -14388
0.000278716 -13940
0.000279876 -13511
0.000292016 -13408
0.000299135 -12971
0.000303628 -12715
0.000306756 -12133
0.000308148 -11666
0.000308835 -11220
0.000310942 -10788
0.000311823 -10480
0.000311972 -10014
0.000314469 -9569
0.000315044 -9203
0.000317207 -8658
0.000320195 -8268
0.00032181 -7936
0.000323546 -7616
0.000328771 -7166
0.000329523 -6885
0.000340485 -6491
0.000356106 -6099
0.000358287 -5798
0.00036096 -5532
0.000367401 -5279
0.000369304 -4968
0.000382846 -4856
0.000397176 -4657
0.000398597 -4267
0.000404695 -3738
0.000409354 -3345
0.000411498 -3104
0.000412417 -2862
0.00041302 -2724
0.000420102 -2532
0.000422357 -2276
0.000423267 -2111
0.000445236 -1929
0.000449292 -1846
0.000457581 -1649
0.000464737 -1482
0.000465099 -1208
0.000477258 -1109
0.000478455 -921
0.000494215 -847
0.000507581 -671
0.000511302 -541
0.000517632 -490
0.000525531 -458
0.000532344 -382
0.000539648 -180
0.000542377 -98
0.000549375 -66
0.000598623 9
0.000656921 10
0.000661886 22
0.000668049 39
0.000681108 90
0.000697797 94
0.000739155 105
0.000740844 132
0.000748316 144
0.000780783 148
0.000789433 161
0.000826086 174
0.000870211 176
2 176
