0 -1560
1.86e-07 -1490
0.000273528 -1437
0.000275672 -1399
0.000312575 -1312
0.000332484 -1283
0.000344856 -1260
0.000345348 -1230
0.000346768 -1179
0.000347761 -1103
0.000349005 -1065
0.000349952 -994
0.000355484 -983
0.000371847 -980
0.000372302 -880
0.000373406 -831
0.000377435 -770
0.000380154 -745
0.000381964 -668
0.00038331 -645
0.000383783 -542
0.000383978 -485
0.000384878 -433
0.000394624 -353
0.000410922 -351
0.000425411 -342
0.000437041 -337
0.000440224 -278
0.000442628 -203
0.000443176 -117
0.000443399 -56
0.000456848 -40
0.000458592 -21
0.000459372 40
0.000465758 46
0.000466315 50
0.000470603 76
0.000477007 82
0.000481407 87
0.00048253 148
0.000490911 158
0.000491635 162
0.000492201 171
0.000495347 189
0.000505678 200
0.000511126 226
0.000513187 231
0.000515024 243
0.000515201 258
0.000515915 260
0.000527907 265
0.000528028 271
0.000532372 284
0.000532863 305
0.000544345 311
0.000544512 329
0.000639573 333
0.000668031 334
0.000669738 342
0.000673665 345
0.000691764 349
0.000706531 355
0.000711654 358
0.000712062 359
2 359
