0 -20
5.42e-07 -3
0.000859602 3
0.000863144 64
0.000863562 126
0.000863904 129
0.000864122 155
0.000866449 162
0.000866858 165
0.000868225 170
0.00086833 180
0.000869792 208
0.000870438 214
0.000896252 270
0.000897249 287
0.00089779 302
0.000909795 304
0.000910317 314
0.000911429 331
0.000915446 357
0.000924174 359
0.000924459 363
0.000924734 368
0.000924915 397
0.000925143 413
0.000926235 431
0.000926795 434
0.000928809 469
0.000931078 485
0.000931297 503
0.000937527 515
0.00094181 526
0.000959162 531
0.000960112 583
0.000960786 597
0.000962049 603
0.000962163 635
0.000962372 651
0.000963265 676
0.000964129 693
0.000964338 698
0.000964984 710
0.000965098 733
0.000965554 738
0.000966294 756
0.000966722 772
0.000966836 775
0.000967083 823
0.000968213 826
0.000968678 855
0.000968811 881
0.000968935 893
0.000969448 902
0.000969865 921
0.000972506 932
0.000972686 941
0.000974044 951
0.000976789 973
0.00097695 978
0.00100716 979
0.00100728 981
0.00101122 990
0.0010113 992
0.00101155 1010
0.00101185 1011
0.00101259 1021
0.00101281 1036
0.0010137 1037
0.00101405 1073
0.00101494 1082
0.00101703 1094
0.00101735 1101
0.00102125 1109
0.00102286 1113
0.00102391 1117
0.00102422 1142
0.00102434 1146
0.00102449 1168
0.00102496 1176
0.00102523 1195
0.00102895 1218
0.00102932 1238
0.00102991 1239
0.00103013 1260
0.00103067 1267
0.00103213 1287
0.00103223 1297
0.00103334 1308
0.00103406 1312
0.00103784 1357
0.0010431 1374
0.00111161 1397
0.00111235 1419
0.00111406 1423
0.00111505 1447
0.00111574 1461
0.00111602 1463
0.00112038 1484
0.00112127 1513
0.00112138 1525
0.00112783 1529
0.00112936 1530
0.00113221 1532
0.0011363 1534
0.00114019 1538
0.00114091 1539
0.00114135 1555
0.00114292 1567
0.00114419 1569
0.00114446 1571
0.00114491 1610
0.00115015 1612
0.00115274 1613
0.00115386 1622
0.00115629 1628
0.00115638 1645
0.0011845 1652
0.00118722 1661
0.00119799 1664
0.00119826 1684
0.001199 1688
0.00119987 1696
0.00120077 1702
0.00120388 1703
0.00120424 1705
0.00120803 1718
0.0012093 1720
0.00120997 1731
0.0012165 1745
0.00122051 1746
0.0012239 1749
0.00122492 1760
0.00122548 1762
0.00122599 1765
0.00122941 1770
0.0012301 1771
0.00123021 1775
0.00124677 1792
0.00125052 1800
0.00126173 1807
0.00126907 1810
0.00127402 1823
0.00128299 1826
0.0012877 1829
0.00128962 1834
0.00129489 1835
0.00129714 1842
0.00129741 1849
0.00129786 1852
0.00132853 1856
0.00132874 1858
0.00133082 1860
0.00133281 1863
0.00133399 1864
0.00134232 1869
0.00134521 1876
0.00137354 1885
0.00142962 1889
0.00147546 1891
0.00147821 1900
0.00148619 1903
0.00149276 1904
0.00149655 1911
0.00149775 1915
0.00154946 1921
2 1921
