0 -447
7.58e-07 -436
1.184e-06 -307
0.000531952 -294
0.000532142 -206
0.000532918 -176
0.000533618 -126
0.00053447 -93
0.000536042 -92
0.000536269 -75
0.000536638 -5
0.000536809 19
0.000536998 82
0.000562019 86
0.000585042 92
0.000586964 129
0.00058704 150
0.000587191 160
0.000590117 191
0.000606627 208
0.000607403 223
0.000607801 244
0.000607895 250
0.0006087 265
0.000608795 286
0.000609268 294
0.000609988 324
0.000618763 339
0.000630625 349
0.000630777 388
0.000648745 400
0.000649086 412
0.000650146 419
0.000650951 427
0.000651216 429
0.000654094 436
0.000658269 456
0.000661525 471
0.000662093 473
0.00066872 474
0.000716679 493
0.000717058 502
0.000720324 506
0.00072324 508
0.000723296 523
0.00072483 526
0.000731154 528
0.000732678 531
0.000733644 532
0.000752918 534
0.000753505 552
0.00075448 561
0.000757604 587
0.00077739 593
0.000778573 606
0.000783174 637
0.0008026 639
0.000804086 662
2 662
