0 -826
4.17e-07 -704
6.25e-07 -677
7.48e-07 -595
1.0717e-05 -559
1.1096e-05 -523
0.000294136 -515
0.00029424 -462
0.000304748 -447
0.000305259 -440
0.000380549 -436
0.000381013 -387
0.000382518 -353
0.000397267 -311
0.000397533 -295
0.000397684 -217
0.000397779 -173
0.000398479 -142
0.000462106 -105
0.00046274 -90
0.000462835 -68
0.000462911 -55
0.000465968 -27
0.000466574 -26
0.000467228 -18
0.000467455 -13
0.000468212 -8
0.000468553 5
0.000469026 33
0.000469462 56
0.000470001 59
0.000476912 75
0.000477546 77
0.000477916 84
0.000478417 107
0.000478739 109
0.000478872 138
0.000480528 160
0.000481011 161
0.000481059 162
0.000481267 172
0.000481333 182
0.000481627 185
0.000484003 186
0.000484069 193
0.000484968 209
0.000485489 216
0.000509648 249
0.000510472 288
0.000518197 297
0.000518841 350
0.000519503 381
0.000521804 382
0.00052187 408
0.000525468 420
0.0005256 429
0.000526509 451
0.000547544 453
0.000547932 456
0.000547999 475
0.000553906 476
0.000554768 477
0.000555904 487
0.000557579 495
0.000562417 497
0.000562975 511
0.000564395 535
0.000565522 547
0.000567728 557
0.000603882 570
0.00061172 571
0.00061865 578
0.000622976 583
0.000623099 588
0.000624633 593
0.000647713 596
0.000649606 599
0.000661421 601
0.000707581 604
0.000707723 610
0.000712627 619
0.000717503 620
0.000752445 630
0.000762745 631
2 631
