0 -3731
1.05e-06 -3585
1.344e-06 -3520
1.3367e-05 -3482
1.4484e-05 -3433
0.000392647 -3409
0.000392761 -3316
0.000392846 -3219
0.000393253 -3199
0.000394237 -3060
0.00039454 -3017
0.000395638 -2923
0.000396642 -2889
0.000396916 -2794
0.000397456 -2694
0.000398071 -2615
0.000404859 -2587
0.000405834 -2485
0.000462219 -2397
0.000463109 -2308
0.0004638 -2237
0.000467738 -2137
0.000468391 -2096
0.000471771 -2055
0.000472254 -1961
0.000472367 -1849
0.000472983 -1776
0.00047533 -1649
0.00048227 -1618
0.000487401 -1597
0.000510736 -1538
0.000511106 -1482
0.000511475 -1407
0.000512478 -1367
0.000513198 -1309
0.000514845 -1211
0.000515072 -1138
0.000515404 -1061
0.000550052 -1033
0.000557266 -1017
0.000558345 -939
0.000560305 -894
0.000561147 -823
0.000562321 -733
0.000568967 -717
0.000570823 -628
0.000572394 -564
0.000578443 -554
0.000581388 -530
0.000588971 -493
0.000618545 -485
0.000620012 -352
0.000633853 -330
0.000639448 -298
0.000641464 -285
0.000643064 -235
0.000643377 -177
0.00065361 -174
0.000653743 -130
0.000662178 -124
0.00066356 -92
0.000666665 -43
0.000669363 4
0.000669505 6
0.000669666 32
0.000725028 36
0.00072712 44
0.00072979 71
0.000731873 97
0.000736663 109
0.000737752 111
0.000748033 125
0.000749566 141
0.000751213 150
0.000752501 151
0.000760983 167
0.000766114 191
0.000772732 225
0.000796588 267
0.000800914 270
0.000802069 276
0.000803508 283
0.000862458 297
0.000871017 304
0.000879982 305
0.000882131 315
0.000889647 316
0.000897448 332
0.000906044 339
0.000912964 358
0.000914753 365
0.000945303 367
0.000989343 370
0.00101031 382
0.00101296 387
0.00105027 392
0.00106922 394
0.00107412 397
0.00109522 407
0.00110009 409
0.00112387 422
0.00112939 423
0.00121645 430
0.00128536 447
0.00128601 454
0.00139604 458
0.00144219 460
2 460
