0 126
1.61e-07 148
3.8e-07 152
7.31e-07 153
9.21e-07 190
0.000444293 211
0.000445633 227
0.000445794 232
0.000446269 245
0.000447114 250
0.000451454 261
0.000451625 298
0.00045172 302
0.000451996 320
0.000452091 356
0.000452575 357
0.000454123 365
0.000454456 380
0.000454759 388
0.000455101 397
0.000461844 451
0.000463554 455
0.000479842 461
0.000482786 464
0.000482862 492
0.000513643 496
0.000514213 500
0.000525391 502
0.000526778 523
0.000527025 534
0.000527176 535
0.000529361 537
0.000530263 563
0.000530482 588
0.000531707 590
0.000531859 602
0.000533074 603
0.00053335 615
0.00053354 617
0.000533863 673
0.000534594 695
0.000535135 697
0.000535316 704
0.000535724 741
0.00053618 743
0.000539096 748
0.000539409 750
0.00053996 751
0.000541213 755
0.000550084 768
0.000550967 782
0.000551157 783
0.000555991 786
0.000556314 788
0.00055847 792
0.000558793 795
0.000559344 808
0.000560522 814
0.000566552 817
0.000566904 830
0.00056717 840
0.00056754 859
0.000569648 871
0.000571367 883
0.000571462 884
0.000572222 897
0.000572783 902
0.000573305 909
0.000573685 912
0.000574055 927
0.000574321 935
0.00057491 946
0.000575214 954
0.000576021 965
0.000580912 971
0.000581074 980
0.000581501 982
0.000581985 989
0.000582071 996
0.000583562 1007
0.000584293 1009
0.000593154 1015
0.000596545 1019
0.000597105 1023
0.000598397 1026
0.000598577 1038
0.000599252 1045
0.000599631 1056
0.000619509 1063
0.000653177 1074
0.000664403 1075
0.000671498 1082
0.000672352 1089
0.000674081 1090
0.000674157 1091
0.000676788 1106
0.000678592 1109
0.000681413 1115
0.000681527 1119
0.000681603 1133
0.000684072 1137
0.000684338 1139
0.000685164 1141
0.000687899 1149
0.000705593 1151
0.000706239 1157
0.000708575 1173
0.000709287 1176
0.000722365 1180
0.00073209 1185
0.000733971 1194
0.00073494 1196
0.000738463 1200
0.000756546 1203
0.000760221 1204
0.000798192 1210
0.00080106 1217
0.00083204 1218
2 1218
