0 -764
4.92e-07 -706
7.57e-07 -653
1.2032e-05 -647
1.2174e-05 -625
0.000326076 -611
0.000333072 -601
0.000333186 -509
0.000334596 -499
0.000397305 -494
0.000411221 -474
0.000414241 -399
0.000414781 -386
0.000414942 -356
0.000415027 -343
0.000415235 -315
0.000418482 -295
0.000418738 -274
0.000418804 -228
0.00041888 -223
0.000438533 -202
0.000439451 -174
0.000440994 -134
0.000441865 -53
0.000441979 -10
0.000485631 6
0.000486019 35
0.000486587 43
0.000487354 47
0.000487581 87
0.000488206 90
0.000491188 129
0.000491642 138
0.000491964 188
0.000502699 191
0.000503438 224
0.000505426 227
0.000505984 264
0.000506145 277
0.00051494 297
0.00051511 303
0.000519068 314
0.000520062 322
0.000520137 369
0.000521567 370
0.000522741 391
0.000523242 400
0.000523403 402
0.000536136 409
0.000537443 411
0.00053962 412
0.000584057 425
0.000584237 435
0.000585421 460
0.00058579 464
0.000586812 468
0.000587257 471
0.000588337 473
0.000588497 481
0.000588554 483
0.000588677 505
0.000592776 529
0.000593184 532
0.000596904 540
0.000597737 541
0.000602092 547
0.000602253 559
0.000633077 561
0.000640253 568
0.000640859 575
0.000641181 590
0.000646728 596
0.000651755 601
0.000658192 603
2 603
