0 -9640
4.64e-07 -9516
0.000506969 -9458
0.000507793 -9360
0.000508266 -9231
0.000512233 -9214
0.000513738 -9130
0.000514751 -9001
0.000516001 -8864
0.000516995 -8810
0.000518898 -8710
0.000519352 -8602
0.000534783 -8496
0.000538295 -8477
0.000539213 -8365
0.000544856 -8346
0.000546295 -8218
0.000549116 -8112
0.000549589 -7970
0.000565465 -7890
0.000565579 -7757
0.000566232 -7620
0.000566582 -7529
0.000566667 -7388
0.000567131 -7285
0.000567898 -7280
0.000574771 -7146
0.000585989 -7040
0.000592105 -7017
0.000592919 -6863
0.000593203 -6763
0.000593667 -6652
0.000594613 -6548
0.0005952 -6451
0.000600909 -6336
0.000604147 -6255
0.000605283 -6163
0.000605926 -6033
0.000610262 -5953
0.000612477 -5888
0.000612932 -5750
0.000615062 -5635
0.000618413 -5522
0.000618565 -5361
0.000619606 -5247
0.000625068 -5102
0.000632812 -4987
0.000635529 -4912
0.00063765 -4806
0.000637981 -4682
0.000639467 -4617
0.000640736 -4531
0.000641029 -4491
0.0006419 -4355
0.000642544 -4274
0.000647656 -4170
0.000653128 -4057
0.000661838 -3935
0.000662084 -3881
0.000665937 -3777
0.000667366 -3702
0.000667953 -3618
0.000674211 -3489
0.000675053 -3388
0.000677269 -3286
0.000678717 -3215
0.000679635 -3104
0.000681765 -3015
0.000683081 -2908
0.000687966 -2790
0.000690588 -2699
0.000690768 -2612
0.000693144 -2504
0.000697225 -2376
0.000705309 -2276
0.000710223 -2187
0.000711349 -2115
0.000720513 -2056
0.000722605 -1929
0.000724934 -1857
0.000726695 -1752
0.000734174 -1684
0.000739125 -1595
0.000742855 -1530
0.000744417 -1464
0.000749112 -1396
0.000768614 -1370
0.000769409 -1323
0.000776633 -1298
0.00077739 -1265
0.000782578 -1207
0.000811243 -1130
0.000815106 -1066
0.000819186 -970
0.000822168 -902
0.000833027 -838
0.000834948 -754
0.000844179 -689
0.000851582 -629
0.000855624 -572
0.000864504 -498
0.000875325 -402
0.000876981 -383
0.00089104 -345
0.000902797 -317
0.000912435 -297
0.000922223 -221
0.000933243 -181
0.00094146 -136
0.000964995 -107
0.000978826 -81
0.00100255 -48
0.00100723 -42
0.00102282 -18
0.00102341 -5
0.00103697 42
0.00104072 52
0.00104242 63
0.00105014 93
0.00109806 120
0.00113132 122
0.00114454 136
0.00114984 162
0.00115351 175
0.00123427 189
0.00124312 207
0.00129774 248
0.0013013 253
0.00143612 254
0.0014523 266
0.00146026 268
0.00150373 272
0.00150497 277
0.00152481 291
0.00152745 292
0.00154299 294
0.00154374 297
0.00156042 298
0.00157178 324
0.00157595 326
0.0015763 327
0.00162505 328
0.00162552 330
0.00169916 338
0.00177364 339
0.00177456 365
0.00188849 374
0.00191809 380
0.00193029 381
0.00206489 384
0.00207826 400
0.00215291 405
2 405
