0 -18145
4.7e-08 -17844
2.9895e-05 -17565
5.0137e-05 -17292
7.9647e-05 -17023
0.000110104 -16755
0.000156136 -16493
0.00022136 -16234
0.000280558 -15976
0.000322026 -15721
0.000354085 -15471
0.000382555 -15229
0.000408383 -14991
0.000435466 -14753
0.00046194 -14517
0.000488151 -14289
0.000512245 -14062
0.000534727 -13838
0.00055748 -13616
0.000582408 -13397
0.000603287 -13180
0.000626537 -12964
0.00064856 -12749
0.000672541 -12539
0.000697234 -12329
0.00072546 -12121
0.000755823 -11914
0.00077778 -11718
0.000804526 -11524
0.000830466 -11331
0.00085977 -11139
0.000885119 -10949
0.000905389 -10759
0.000928255 -10575
0.000953736 -10391
0.000976517 -10214
0.00100162 -10037
0.00102428 -9861
0.00104897 -9688
0.00107433 -9517
0.00109675 -9350
0.00112037 -9185
0.0011997 -9020
0.0012623 -8858
0.00130684 -8697
0.00133947 -8539
0.00136991 -8385
0.00140415 -8231
0.00145402 -8080
0.00148159 -7929
0.00150656 -7779
0.00152926 -7629
0.00155477 -7479
0.00157814 -7331
0.00160407 -7183
0.00162695 -7036
0.00165087 -6890
0.00167371 -6744
0.00169374 -6599
0.00171498 -6456
0.0017362 -6313
0.00175871 -6170
0.00178505 -6030
0.00180775 -5897
0.00182963 -5766
0.00185119 -5635
0.00187182 -5505
0.00189444 -5377
0.0019157 -5249
0.00193856 -5122
0.0019635 -5000
0.00198674 -4878
0.00201084 -4758
0.00202972 -4639
0.00204908 -4522
0.00206835 -4406
0.00208972 -4292
0.00211123 -4178
0.00213557 -4068
0.00215763 -3959
0.00217939 -3850
0.00220015 -3741
0.00221969 -3632
0.00224276 -3526
0.00226394 -3420
0.00228324 -3316
0.00230467 -3213
0.00232783 -3112
0.0023486 -3012
0.00237045 -2912
0.00239071 -2816
0.00240961 -2722
0.00243159 -2629
0.00245274 -2540
0.00247303 -2451
0.00249458 -2364
0.00251524 -2277
0.00253654 -2193
0.00255683 -2110
0.00257853 -2027
0.00259814 -1946
0.00261762 -1867
0.00263919 -1790
0.00266303 -1714
0.00268328 -1641
0.00270601 -1570
0.00272586 -1503
0.00274563 -1437
0.00276415 -1371
0.0027868 -1306
0.00280737 -1243
0.00282641 -1180
0.00284592 -1117
0.00286496 -1054
0.00288611 -992
0.002905 -931
0.00292607 -873
0.00294645 -816
0.00296661 -759
0.00298697 -702
0.00300507 -646
0.00302558 -590
0.00304713 -536
0.00306539 -482
0.00308315 -428
0.00310164 -378
0.00312274 -329
0.0031451 -280
0.00316548 -233
0.00318778 -187
0.00320819 -146
0.00322866 -107
0.00324714 -68
0.00326507 -30
0.00329569 7
0.00331999 44
0.00334241 79
0.00336113 115
0.00338108 149
0.00340379 183
0.00342454 217
0.00344188 247
0.00345778 277
0.00347581 307
0.00349264 336
0.00351087 364
0.00352958 391
0.00354867 417
0.00356952 448
0.00358887 473
0.00360933 497
0.00362968 521
0.0036482 549
0.00366639 573
0.00368823 597
0.00370802 620
0.00372867 643
0.00374775 666
0.00376853 689
0.00378627 711
0.0038055 733
0.00383424 754
0.00385413 775
0.00387446 797
0.00389344 817
0.00391447 837
0.00393472 857
0.00395448 881
0.00397524 901
0.00399525 930
0.00401407 949
0.00403475 968
0.00405398 986
0.00407334 1004
0.00409289 1028
0.0041116 1046
0.0041291 1062
0.00414705 1078
0.00416489 1096
0.00418354 1122
0.00420357 1137
0.00422248 1153
0.00424097 1176
0.00426085 1193
0.00428053 1217
0.00429952 1231
0.00432077 1246
0.00434018 1263
0.00436151 1283
0.00438236 1297
0.00440399 1311
0.00442437 1331
0.00444268 1345
0.00446138 1362
0.00448034 1375
0.0045032 1388
0.00452421 1409
0.0045437 1422
0.00456324 1437
0.0045845 1453
0.00460249 1468
0.00462331 1487
0.00464156 1499
0.00466082 1511
0.00468143 1522
0.00469964 1543
0.00471696 1553
0.00473624 1563
0.00475689 1573
0.00477507 1586
0.00479508 1604
0.00481432 1613
0.00484133 1625
0.00486421 1638
0.00487044 1646
0.00488149 1653
0.00489439 1661
0.00490632 1666
0.0049104 1670
0.00491612 1674
0.00492429 1683
0.00493716 1689
0.00494128 1693
0.00494884 1709
0.00496198 1712
0.00496669 1720
0.00497332 1722
0.00497873 1729
0.00499766 1744
0.00503036 1753
0.00505089 1760
0.00505506 1761
0.00506151 1762
0.0052231 1764
0.00524703 1769
0.00525126 1770
0.00531505 1778
0.00533029 1779
0.00535049 1780
0.00535777 1782
0.00553976 1784
0.00554303 1810
0.00558571 1815
0.00559534 1818
0.00559894 1822
0.00560933 1825
0.00564595 1826
0.00564871 1827
0.00593854 1830
0.0059421 1836
0.00595153 1839
0.00595856 1841
0.00596424 1842
0.00620817 1846
0.00621626 1848
0.00622184 1849
0.00643762 1850
0.00645053 1852
0.00654443 1853
0.00654843 1854
0.00655396 1855
0.00657122 1857
0.00674268 1866
0.00685283 1868
0.00685904 1869
0.00686956 1871
0.00687332 1872
0.00690932 1876
0.00695165 1877
0.00698884 1881
0.00701473 1883
0.00714699 1884
0.00820342 1887
0.00820958 1888
0.0101374 1891
0.010144 1894
0.0103421 1895
2 1895
