0 -29979
4.7e-08 -29517
4.1282e-05 -29066
6.9848e-05 -28627
9.7495e-05 -28219
0.000152957 -27824
0.000210436 -27430
0.000258273 -27052
0.000319841 -26678
0.000400015 -26308
0.000479504 -25948
0.00055149 -25592
0.000617906 -25240
0.000675863 -24894
0.000728671 -24550
0.000777766 -24217
0.000820483 -23885
0.0008703 -23554
0.000923689 -23229
0.000970636 -22907
0.00101887 -22587
0.00106654 -22267
0.00112932 -21948
0.00123189 -21638
0.0013262 -21329
0.00141671 -21021
0.00149924 -20717
0.00157288 -20416
0.0016378 -20122
0.0016908 -19833
0.00174027 -19552
0.00178941 -19272
0.00182822 -18999
0.00186132 -18726
0.00189574 -18454
0.00193066 -18182
0.00196036 -17920
0.00199459 -17660
0.00203252 -17401
0.00206574 -17145
0.00210901 -16889
0.00215769 -16635
0.00220411 -16383
0.0022463 -16136
0.00228907 -15889
0.00232593 -15643
0.00236571 -15398
0.00240216 -15154
0.00244126 -14911
0.00247525 -14668
0.00250998 -14425
0.00254137 -14184
0.00257463 -13945
0.00261526 -13707
0.0026499 -13481
0.00268162 -13257
0.00272655 -13034
0.0027675 -12811
0.0028055 -12590
0.00283824 -12371
0.00287379 -12153
0.00290665 -11936
0.00293701 -11721
0.00296617 -11506
0.00300838 -11300
0.00308911 -11096
0.00315944 -10894
0.00322929 -10693
0.00328928 -10493
0.00333745 -10297
0.00337788 -10108
0.00343508 -9919
0.00346854 -9730
0.003499 -9544
0.00353158 -9360
0.00355991 -9176
0.0035892 -8994
0.00362024 -8812
0.0036473 -8633
0.00367478 -8454
0.00370399 -8278
0.00373738 -8103
0.00376774 -7928
0.00379743 -7755
0.00382882 -7583
0.0038563 -7416
0.00389026 -7251
0.00392255 -7087
0.00395213 -6924
0.00397773 -6764
0.00400652 -6607
0.00403772 -6451
0.00406843 -6296
0.00409825 -6144
0.0041283 -5998
0.00416174 -5852
0.00418729 -5707
0.00421615 -5563
0.00424352 -5421
0.00427187 -5280
0.00431059 -5143
0.00434448 -5008
0.00436947 -4875
0.00439484 -4747
0.00442388 -4620
0.00444852 -4495
0.00448222 -4372
0.00451467 -4251
0.00454367 -4133
0.00457808 -4017
0.00460898 -3901
0.00464031 -3788
0.00466804 -3675
0.00469974 -3565
0.00472937 -3456
0.004766 -3350
0.00479414 -3246
0.00482415 -3142
0.00484975 -3040
0.00489323 -2939
0.0049562 -2840
0.00500465 -2742
0.00504274 -2645
0.00507877 -2551
0.00511216 -2458
0.00514341 -2365
0.00517452 -2274
0.00520361 -2185
0.00522848 -2097
0.00525977 -2010
0.00528835 -1923
0.00531316 -1840
0.00534224 -1759
0.00536663 -1679
0.00539411 -1604
0.00541641 -1530
0.0054419 -1457
0.00547171 -1385
0.00549632 -1313
0.00552293 -1243
0.00554787 -1173
0.00557496 -1106
0.00560256 -1040
0.00563358 -977
0.00566339 -915
0.00569478 -855
0.00572048 -795
0.0057486 -736
0.00577127 -678
0.00579763 -620
0.00582123 -562
0.00584233 -507
0.00586716 -452
0.00589616 -399
0.00592417 -348
0.00595209 -297
0.00597934 -249
0.00600501 -201
0.00602907 -156
0.00605581 -113
0.00608237 -71
0.00610749 -30
0.0061317 10
0.00615684 50
0.0061823 89
0.00620701 123
0.00623232 156
0.00625926 188
0.0062857 220
0.00631452 252
0.00634089 283
0.00636298 312
0.00638739 340
0.00641043 364
0.00647488 390
0.00651927 410
0.00655838 430
0.00659031 450
0.00661651 473
0.00664376 492
0.0066726 516
0.00669923 535
0.00672721 555
0.00676791 574
0.00681525 595
0.00685539 614
0.0068885 644
0.00691599 666
0.00694447 687
0.00697537 707
0.00701249 726
0.00704173 744
0.00707005 761
0.00709703 779
0.00712454 795
0.00715422 811
0.00719212 826
0.00722426 841
0.00725326 856
0.00728035 873
0.00731 887
0.00734162 901
0.00736983 927
0.00739768 941
0.00746734 955
0.00751666 972
0.00755792 987
0.00759342 1013
0.00762591 1027
0.0076571 1040
0.00768565 1066
0.00771285 1089
0.00774025 1102
0.00776489 1120
0.00779054 1133
0.00781722 1147
0.00784196 1164
0.00786918 1181
0.00789792 1197
0.00792513 1210
0.00795329 1227
0.00798485 1239
0.00801594 1263
0.00804546 1281
0.00807533 1297
0.00810136 1307
0.00812647 1320
0.00815366 1345
0.00817915 1355
0.00820494 1364
0.00823429 1377
0.00826458 1384
0.00829381 1394
0.00832065 1400
0.00834912 1406
0.0083719 1425
0.00839769 1433
0.00842518 1455
0.00845553 1468
0.00848516 1474
0.00851274 1489
0.00854302 1499
0.00857359 1515
0.00860645 1522
0.00864749 1530
0.00867669 1535
0.00870331 1552
0.00873174 1557
0.00875952 1561
0.00878801 1564
0.00881812 1567
0.00884487 1580
0.00887252 1591
0.0088966 1600
0.00891821 1609
0.00894464 1616
0.00897231 1621
0.00900562 1639
0.00903625 1647
0.00906814 1648
0.0091001 1652
0.00913883 1657
0.00914275 1658
0.00915988 1660
0.0091823 1667
0.00918839 1672
0.00920046 1675
0.00920676 1678
0.0092178 1680
0.0092251 1681
0.00924702 1695
0.00925795 1711
0.00933194 1714
0.00933632 1716
0.00948842 1717
0.00956059 1718
0.00960007 1720
0.00960307 1725
0.00984124 1728
0.00989306 1733
0.00990862 1734
0.0099118 1736
0.0105579 1741
0.010565 1743
0.0106381 1744
0.0109547 1746
0.0110135 1748
0.0120048 1751
0.0130651 1755
0.0136029 1759
0.0136177 1763
0.0136245 1775
2 1775
