0 -7653
5.7e-08 -7358
5.079e-06 -7089
8.949e-06 -6838
1.116e-05 -6588
1.5639e-05 -6365
2.0202e-05 -6156
2.5299e-05 -5969
2.9422e-05 -5782
3.2748e-05 -5599
3.8295e-05 -5420
4.685e-05 -5242
5.2668e-05 -5071
5.681e-05 -4906
6.1195e-05 -4741
6.5842e-05 -4577
7.0078e-05 -4416
7.4125e-05 -4256
7.8492e-05 -4097
8.3767e-05 -3938
8.908e-05 -3786
9.4121e-05 -3635
9.8852e-05 -3484
0.000103706 -3341
0.000108606 -3202
0.000114547 -3066
0.000120028 -2934
0.000124376 -2804
0.000129829 -2679
0.000134383 -2555
0.00013859 -2432
0.000143537 -2310
0.00014914 -2189
0.000154369 -2075
0.000159129 -1965
0.000164114 -1857
0.000168808 -1752
0.000173418 -1648
0.000178412 -1545
0.000183912 -1445
0.000188681 -1346
0.000194294 -1249
0.000199541 -1158
0.000205491 -1075
0.000211206 -992
0.000216444 -913
0.000221429 -840
0.000226358 -768
0.000232757 -697
0.000238435 -629
0.000243589 -565
0.000249979 -503
0.000257569 -441
0.000263397 -384
0.000268166 -328
0.000275165 -273
0.000281227 -222
0.000288798 -172
0.000295057 -124
0.000300923 -79
0.000306067 -38
0.000312654 2
0.000318632 38
0.000336088 73
0.000347322 105
0.000353825 133
0.000359494 160
0.000364198 185
0.000370297 209
0.000375366 232
0.000379686 255
0.000385776 277
0.000392288 297
0.000398463 316
0.000403701 334
0.000409276 356
0.000415057 372
0.000420126 389
0.000424942 404
0.000431445 418
0.000437142 430
0.000442005 441
0.00044625 455
0.0004519 467
0.000457175 487
0.00046275 497
0.000469393 506
0.000474903 532
0.000480093 540
0.000485331 545
0.00049056 558
0.000496032 575
0.000501747 587
0.000507154 593
0.000513066 600
0.000518491 605
0.000525659 610
0.000529838 614
0.00053159 617
0.000533661 618
0.000544043 622
0.000551492 633
0.0005539 636
0.000569107 640
0.000573792 642
0.000634331 648
0.000681161 650
0.000690456 656
0.000701635 659
0.000702656 661
0.000703415 664
0.000706188 666
0.000709093 673
0.000713984 676
0.000717938 683
0.000914668 685
0.00098363 688
0.00106394 689
0.00106627 690
2 690
