0 -47476
4.7e-08 -46942
1.1057e-05 -46421
1.9996e-05 -45912
3.8576e-05 -45409
6.454e-05 -44917
9.1422e-05 -44427
0.000108466 -43942
0.000123626 -43461
0.000137794 -42982
0.000151914 -42508
0.00016595 -42038
0.000180454 -41570
0.000195737 -41107
0.00020966 -40644
0.000223893 -40185
0.000237901 -39731
0.000252106 -39281
0.000267257 -38832
0.00028252 -38387
0.0002977 -37947
0.000312682 -37508
0.000328152 -37073
0.000342562 -36643
0.000357198 -36214
0.000373848 -35787
0.000389787 -35362
0.000406877 -34937
0.000423012 -34513
0.000439719 -34091
0.000455572 -33670
0.00047078 -33253
0.000485678 -32840
0.000501578 -32430
0.000516683 -32021
0.000531093 -31612
0.000546825 -31208
0.000561855 -30808
0.000577502 -30412
0.000594602 -30020
0.000611234 -29634
0.000625982 -29250
0.000643419 -28867
0.000658927 -28485
0.000676101 -28106
0.000695863 -27728
0.000713169 -27355
0.00072906 -26984
0.000765921 -26613
0.000796804 -26244
0.000816293 -25879
0.000833234 -25514
0.000848413 -25153
0.000864098 -24792
0.000879615 -24433
0.000893473 -24074
0.000909317 -23716
0.000925705 -23366
0.000941943 -23018
0.000958743 -22671
0.000975216 -22327
0.0009921 -21984
0.00100913 -21642
0.00102554 -21304
0.00104045 -20968
0.00105807 -20634
0.00107506 -20302
0.00109269 -19972
0.00110944 -19643
0.0011243 -19314
0.00114029 -18987
0.00115621 -18661
0.00117414 -18344
0.00119188 -18027
0.00120816 -17711
0.00122465 -17396
0.00124111 -17092
0.00125884 -16791
0.00127459 -16490
0.00129191 -16193
0.00131123 -15896
0.00132868 -15600
0.00134688 -15308
0.0013633 -15020
0.0013819 -14734
0.00140112 -14451
0.00141817 -14173
0.00143639 -13896
0.00145447 -13619
0.00147301 -13342
0.00149512 -13068
0.00151817 -12795
0.00153937 -12529
0.00156129 -12270
0.00158159 -12014
0.00159997 -11759
0.00162418 -11505
0.00164715 -11252
0.00166714 -11000
0.00170548 -10748
0.00173662 -10499
0.00176149 -10250
0.00178246 -10007
0.00180777 -9764
0.00182888 -9523
0.00185114 -9283
0.0018731 -9045
0.00189426 -8812
0.00191362 -8581
0.00193271 -8351
0.00195482 -8125
0.00197488 -7900
0.00199864 -7677
0.0020253 -7456
0.00204602 -7238
0.00207054 -7024
0.00209862 -6811
0.00212439 -6599
0.00214725 -6389
0.00216966 -6184
0.00219429 -5983
0.00222089 -5783
0.00224504 -5587
0.00227386 -5394
0.00230164 -5203
0.00232763 -5021
0.00235655 -4843
0.00238497 -4666
0.00241224 -4493
0.00244337 -4321
0.00247427 -4149
0.00250125 -3980
0.00253008 -3816
0.00256493 -3654
0.0025965 -3493
0.0026378 -3332
0.00267174 -3171
0.0027417 -3011
0.00280828 -2862
0.00286037 -2715
0.00290633 -2575
0.00295031 -2437
0.0029898 -2309
0.00302797 -2181
0.00306766 -2053
0.00310706 -1927
0.00314527 -1802
0.0031857 -1678
0.00322558 -1559
0.00326211 -1450
0.00330095 -1344
0.00333683 -1238
0.00337464 -1139
0.00341457 -1042
0.00345312 -947
0.00349531 -854
0.00354148 -763
0.00360165 -673
0.00364753 -584
0.0036881 -510
0.00372742 -437
0.0037656 -365
0.00380229 -303
0.00383385 -245
0.00387047 -191
0.00390387 -137
0.00393534 -86
0.00396725 -37
0.00399773 9
0.00402971 50
0.00405947 89
0.00408921 126
0.00412117 156
0.00414868 176
0.00417545 195
0.00420367 217
0.00423314 238
0.00426384 254
0.00429149 268
0.00431913 282
0.00434716 294
0.00437549 320
0.00440076 330
0.00442423 348
0.00445353 363
0.00448096 377
0.00452163 385
0.00454994 391
0.00457785 396
0.00460535 404
0.00463974 420
0.00466914 425
0.0046963 429
0.00472154 430
0.0047501 431
0.00480445 434
0.00483571 438
0.00486584 450
0.00489214 457
0.00492238 463
0.00495249 471
0.00498264 479
0.00501486 487
0.00504473 494
0.00507337 517
0.00510079 522
0.00512746 527
0.00515467 536
0.00518411 542
0.00521283 547
0.0052389 552
0.00526953 562
0.00529726 567
0.00532604 572
0.00535385 576
0.00538482 579
0.00541348 587
0.00545982 592
0.00549117 593
0.00558245 597
0.00560856 599
0.00563357 601
0.00565445 604
0.00567806 615
0.00573541 621
0.00576521 626
0.00579677 630
0.00585564 635
0.00588204 644
0.00590895 645
0.00593737 655
0.00596862 662
0.00599937 667
0.00602621 668
0.00605284 673
0.00608101 674
0.00610934 687
0.00622417 697
0.00625284 704
0.00627948 709
0.00630981 720
0.00633968 734
0.00822043 736
0.00826404 737
0.00832431 740
0.0133018 742
0.0133303 745
0.0136526 746
0.013683 750
0.0137127 763
0.0137387 769
0.0137942 770
2 770
