0 -22171
4.7e-08 -21820
3.243e-05 -21473
8.9702e-05 -21133
0.000144817 -20803
0.000196791 -20474
0.00023692 -20148
0.000301545 -19824
0.000351042 -19507
0.000392147 -19191
0.000430522 -18878
0.000466994 -18567
0.000495053 -18265
0.000522934 -17967
0.000554079 -17669
0.000588872 -17373
0.000622839 -17081
0.000652821 -16790
0.000680937 -16499
0.00070653 -16219
0.000739137 -15944
0.000774371 -15674
0.000808386 -15404
0.000844519 -15136
0.00087739 -14870
0.000912492 -14604
0.000943309 -14339
0.000975738 -14074
0.00100537 -13819
0.00103345 -13566
0.00105671 -13315
0.00108024 -13064
0.00110401 -12832
0.00118414 -12601
0.00125617 -12372
0.00132184 -12143
0.0013781 -11915
0.00142303 -11697
0.00145639 -11485
0.00148893 -11276
0.00151601 -11068
0.00154046 -10867
0.00157084 -10667
0.00159912 -10468
0.00162417 -10272
0.00165448 -10083
0.00168197 -9896
0.00171186 -9710
0.00173855 -9524
0.00176662 -9340
0.00179122 -9156
0.00181382 -8972
0.00183945 -8789
0.00186813 -8607
0.00189159 -8428
0.00191595 -8250
0.00194211 -8075
0.00196473 -7900
0.00199146 -7728
0.00201771 -7560
0.00204176 -7392
0.00206787 -7226
0.00209303 -7061
0.00212159 -6896
0.00214519 -6733
0.00217221 -6573
0.0022 -6413
0.00222273 -6253
0.0022481 -6101
0.00227144 -5951
0.0022964 -5802
0.00231852 -5653
0.00234766 -5511
0.00237157 -5371
0.00239193 -5234
0.00241387 -5097
0.00243951 -4961
0.00246003 -4829
0.00248245 -4701
0.00250942 -4574
0.00253292 -4449
0.00255834 -4325
0.00258202 -4201
0.00260524 -4077
0.00263708 -3954
0.00266726 -3831
0.00269208 -3709
0.00272055 -3588
0.00274516 -3468
0.00276652 -3350
0.00278948 -3233
0.00281177 -3119
0.00283401 -3006
0.00285855 -2896
0.00288473 -2790
0.00290924 -2684
0.00293052 -2581
0.0029515 -2480
0.00297321 -2380
0.00300951 -2282
0.00303418 -2185
0.00305721 -2089
0.00308244 -1993
0.00310578 -1897
0.00313007 -1802
0.0031529 -1707
0.00317368 -1613
0.00319347 -1520
0.00321524 -1429
0.00323824 -1341
0.00325968 -1253
0.00327945 -1169
0.00330168 -1087
0.00340928 -1006
0.00345168 -928
0.00348343 -855
0.00350854 -786
0.0035322 -719
0.00355185 -655
0.00357203 -591
0.00359194 -528
0.00361255 -465
0.00363183 -406
0.00365593 -349
0.00367573 -293
0.00369768 -238
0.00371739 -183
0.00373734 -134
0.00375839 -86
0.00378242 -41
0.00380174 4
0.0038247 49
0.00384639 93
0.00386596 133
0.00388658 170
0.00390674 205
0.0039283 240
0.0039474 274
0.0039685 306
0.00399037 337
0.00401058 368
0.00403442 396
0.00405729 424
0.0040789 451
0.00410055 480
0.00412482 506
0.00414924 530
0.00416854 554
0.00419187 577
0.00421192 599
0.00423148 618
0.00425142 637
0.00426936 654
0.00428657 680
0.00430859 698
0.00432748 715
0.00434629 736
0.00436746 753
0.00439021 778
0.0044379 793
0.00447656 808
0.00450473 822
0.00452762 836
0.00455445 851
0.00457667 864
0.00460007 891
0.00462406 907
0.0046436 923
0.00466513 935
0.00468618 949
0.00470664 969
0.00472843 986
0.00474891 998
0.00477351 1023
0.00479718 1038
0.00482055 1049
0.00484357 1060
0.00487808 1074
0.00491929 1086
0.00494933 1098
0.00497595 1107
0.00500222 1116
0.00502304 1124
0.00504409 1134
0.00506875 1144
0.005093 1152
0.0051341 1163
0.00515931 1178
0.00518069 1187
0.00519854 1202
0.00521719 1213
0.00524029 1229
0.0052581 1237
0.00527763 1244
0.00530134 1250
0.00532374 1256
0.00534643 1273
0.00536928 1289
0.00539463 1297
0.00541641 1306
0.00543612 1313
0.00545875 1323
0.00548175 1328
0.00550083 1339
0.00552406 1344
0.005547 1349
0.00556671 1357
0.00558958 1370
0.0056139 1383
0.00563727 1394
0.00566245 1404
0.00568798 1413
0.00571131 1420
0.00573442 1424
0.00575585 1428
0.00577668 1431
0.0057999 1436
0.00582314 1442
0.00584561 1451
0.00587071 1457
0.00589219 1464
0.00592834 1475
0.00596422 1484
0.00596931 1489
0.00599376 1498
0.00600876 1505
0.00601218 1506
0.00605635 1507
0.00608135 1511
0.00609111 1513
0.00609388 1524
0.00613619 1530
0.00614151 1534
0.00615521 1537
0.00616468 1539
0.00618739 1545
0.00621274 1553
0.00624325 1554
0.00689491 1556
0.00689946 1557
0.00690232 1558
0.00690716 1559
0.00702283 1560
0.00706911 1561
0.00794992 1564
0.00795643 1565
0.00823554 1567
0.00851281 1568
0.0088143 1571
0.00882641 1572
2 1572
