0 -13380
7.5e-08 -13029
1.9844e-05 -12716
3.3508e-05 -12420
4.4555e-05 -12130
7.6628e-05 -11846
9.0424e-05 -11563
0.00012472 -11295
0.000161716 -11028
0.000187243 -10779
0.000204209 -10531
0.000221549 -10286
0.000238561 -10044
0.000256614 -9808
0.000274779 -9574
0.000291003 -9342
0.000306271 -9112
0.000320563 -8884
0.000335699 -8660
0.000350292 -8446
0.000366075 -8248
0.000379401 -8051
0.000392625 -7855
0.000409093 -7663
0.000428449 -7476
0.000446005 -7291
0.000461591 -7108
0.000476446 -6925
0.000493177 -6743
0.000508332 -6562
0.000521827 -6382
0.000562603 -6206
0.000593045 -6036
0.0006088 -5872
0.000625268 -5711
0.000639513 -5550
0.000655587 -5390
0.000668792 -5236
0.000684266 -5082
0.000698764 -4930
0.000712944 -4779
0.000726055 -4633
0.000737224 -4488
0.00075402 -4343
0.000766437 -4201
0.000779735 -4062
0.000794299 -3925
0.00080847 -3788
0.000821974 -3652
0.000834991 -3519
0.00084677 -3390
0.000859805 -3261
0.000874013 -3134
0.000887809 -3011
0.000901529 -2891
0.000912829 -2772
0.000926484 -2659
0.000938666 -2549
0.000950408 -2439
0.000964915 -2332
0.000976666 -2225
0.000990199 -2130
0.00100124 -2036
0.00101594 -1942
0.00102896 -1848
0.00104454 -1758
0.00105754 -1673
0.00107244 -1589
0.00108707 -1507
0.00110071 -1428
0.00111436 -1351
0.0011294 -1274
0.00114209 -1201
0.00115559 -1128
0.00116764 -1057
0.00118117 -989
0.00119137 -922
0.00120179 -858
0.00121703 -794
0.00123382 -730
0.00124712 -666
0.0012608 -602
0.00127411 -543
0.00128628 -485
0.00129616 -429
0.00130752 -373
0.00132016 -318
0.00133326 -266
0.00134577 -217
0.00135647 -168
0.00136832 -120
0.00137939 -73
0.00139022 -30
0.00140299 10
0.00141505 48
0.00142668 83
0.00144125 116
0.00145311 149
0.00146466 180
0.00147799 210
0.00149055 240
0.00150411 268
0.0015161 295
0.00152776 321
0.00153914 347
0.00154868 374
0.00156123 399
0.00157343 424
0.00158631 448
0.00159616 470
0.00160606 492
0.00161547 514
0.00162737 535
0.00163902 556
0.00164961 576
0.00165822 595
0.0016688 614
0.00168104 632
0.0016919 650
0.00170322 669
0.00171297 688
0.00172315 705
0.00173386 724
0.0017463 738
0.00175827 752
0.00176819 771
0.00177958 785
0.00179189 813
0.00180292 837
0.00181842 853
0.00183131 867
0.00184227 880
0.00186328 897
0.0018792 910
0.00189036 931
0.00190162 952
0.00191318 969
0.0019257 981
0.00193708 992
0.0019466 1002
0.00196236 1028
0.00198174 1038
0.00198763 1048
0.00199532 1057
0.00200546 1065
0.00201451 1078
0.00201918 1085
0.00202284 1091
0.00202684 1096
0.00203171 1102
0.0020384 1111
0.00204052 1115
0.00204316 1118
0.00204589 1121
0.00205267 1131
0.00206312 1135
0.00206709 1137
0.00207085 1154
0.00207835 1156
0.00208096 1157
0.00208384 1166
0.00209485 1181
0.00210765 1182
0.00213439 1185
0.00213678 1187
0.00219327 1189
0.00221434 1191
0.0022162 1193
0.00223519 1204
0.00224247 1209
0.00324131 1211
0.00386537 1212
2 1212
