0 -77331
4.7e-08 -76659
1.2679e-05 -75991
2.2556e-05 -75355
3.3772e-05 -74757
5.0658e-05 -74159
7.8855e-05 -73566
0.00010826 -72978
0.000133955 -72392
0.000155048 -71814
0.000173378 -71239
0.000192035 -70667
0.000210682 -70102
0.000228421 -69541
0.000245832 -68992
0.000262896 -68444
0.000280841 -67899
0.000299105 -67354
0.000318305 -66815
0.000337253 -66277
0.000355526 -65741
0.000372824 -65206
0.000391997 -64673
0.000411076 -64140
0.000431213 -63608
0.000454725 -63078
0.000474122 -62549
0.000494335 -62023
0.00051346 -61505
0.000532905 -60990
0.000552536 -60476
0.000571681 -59963
0.000591078 -59451
0.000610972 -58940
0.000629582 -58431
0.000648324 -57927
0.000667403 -57423
0.000686163 -56921
0.000705157 -56419
0.000723899 -55919
0.000742725 -55423
0.000760688 -54932
0.000779486 -54442
0.000797993 -53954
0.000843647 -53467
0.000880653 -52984
0.000904707 -52505
0.00092507 -52029
0.000964099 -51553
0.000993364 -51079
0.00101563 -50606
0.00103468 -50134
0.00105322 -49667
0.00107363 -49201
0.00109393 -48736
0.00111226 -48271
0.00113032 -47810
0.00114895 -47354
0.0011694 -46898
0.00118996 -46442
0.00121041 -45988
0.00123019 -45535
0.00124932 -45083
0.00126775 -44638
0.00129816 -44196
0.00132292 -43757
0.0013431 -43319
0.00136352 -42882
0.00138645 -42445
0.00140761 -42011
0.00142745 -41577
0.00144727 -41145
0.00146589 -40714
0.00148671 -40285
0.00150686 -39857
0.00152713 -39432
0.00154662 -39007
0.00156651 -38584
0.00158671 -38162
0.00160753 -37740
0.00162954 -37319
0.00165012 -36900
0.00167256 -36482
0.00169319 -36065
0.00171223 -35649
0.00173297 -35234
0.00175216 -34820
0.00177196 -34407
0.00179148 -33995
0.00181059 -33584
0.00183121 -33173
0.00185157 -32762
0.00187119 -32353
0.00189129 -31951
0.00191117 -31549
0.00193016 -31147
0.00195142 -30748
0.00197298 -30353
0.00199332 -29960
0.00201496 -29568
0.00203665 -29180
0.002058 -28794
0.00208282 -28409
0.00210612 -28027
0.00213023 -27648
0.00215728 -27269
0.00217765 -26893
0.00220316 -26518
0.00222519 -26144
0.00224651 -25774
0.00226783 -25405
0.00228856 -25039
0.00231313 -24673
0.00234035 -24314
0.00236376 -23957
0.00238726 -23606
0.0024102 -23255
0.00243107 -22906
0.00245256 -22559
0.00247416 -22213
0.00249768 -21867
0.00252084 -21523
0.00254302 -21181
0.00256627 -20841
0.00258958 -20503
0.00261172 -20165
0.00263615 -19828
0.00265943 -19495
0.00268456 -19162
0.00271154 -18830
0.00273404 -18500
0.00275874 -18171
0.00278495 -17843
0.00281189 -17516
0.00283777 -17191
0.00286404 -16870
0.00288855 -16551
0.00291384 -16238
0.00293869 -15927
0.0029657 -15617
0.0029882 -15308
0.00301349 -15000
0.00303503 -14695
0.00305724 -14392
0.00308718 -14091
0.00311266 -13793
0.0031375 -13495
0.00317138 -13204
0.00322165 -12914
0.00325855 -12627
0.00329558 -12340
0.00332495 -12058
0.00335249 -11779
0.00337818 -11505
0.00340296 -11234
0.00343061 -10969
0.00346006 -10704
0.00349238 -10441
0.00352308 -10180
0.00355395 -9921
0.00358394 -9666
0.00361272 -9411
0.00364313 -9158
0.00367486 -8910
0.0037105 -8663
0.00374315 -8421
0.00378566 -8188
0.00382485 -7956
0.00388138 -7725
0.00392183 -7497
0.00396363 -7271
0.00400538 -7046
0.00404493 -6829
0.00408556 -6613
0.00412704 -6397
0.00416966 -6183
0.00421384 -5970
0.00426564 -5763
0.00431303 -5557
0.00435623 -5352
0.00440328 -5151
0.00444588 -4957
0.0044857 -4767
0.00453293 -4584
0.00457889 -4401
0.00462621 -4221
0.0046788 -4041
0.00472845 -3866
0.00477955 -3691
0.00483422 -3520
0.00488882 -3353
0.00494408 -3192
0.00500115 -3032
0.00506955 -2882
0.00512825 -2733
0.00518675 -2585
0.00524572 -2442
0.00530942 -2301
0.00536913 -2170
0.00542941 -2042
0.00549104 -1915
0.00555035 -1789
0.00561144 -1669
0.00567098 -1552
0.0057316 -1443
0.00578952 -1336
0.00585238 -1236
0.00591064 -1137
0.00596956 -1040
0.00603012 -945
0.00608591 -851
0.00614354 -758
0.00624991 -669
0.00632556 -587
0.00640286 -505
0.00646199 -430
0.00652015 -356
0.00656888 -292
0.00661192 -235
0.00665508 -179
0.00669695 -132
0.00673729 -87
0.00677638 -47
0.00681648 -10
0.00685589 22
0.00689785 54
0.00695469 77
0.00701166 98
0.00705734 118
0.00709771 137
0.00713571 155
0.00717275 173
0.00721149 185
0.00724915 197
0.00728495 221
0.00732224 238
0.00735542 250
0.00739271 269
0.00742853 288
0.00746911 313
0.00751318 331
0.00756876 344
0.00761346 367
0.0076544 373
0.00769183 382
0.00772601 388
0.00776039 395
0.00779534 399
0.00783443 405
0.00787003 409
0.0079051 414
0.00793904 419
0.00797612 426
0.00801604 431
0.00805374 438
0.00808996 444
0.00812608 454
0.00816905 463
0.00820827 468
0.00824733 478
0.00828148 483
0.0083531 493
0.0083899 503
0.00842833 506
0.00846705 519
0.00850329 526
0.0085412 528
0.00858267 533
0.00862251 534
0.0086607 545
0.00883326 546
0.00889394 553
0.00894379 557
0.00898619 560
0.00906661 566
0.00910598 570
0.00914437 581
0.00918224 582
0.00921865 583
0.0111145 601
0.0111545 622
0.0112361 623
0.0113955 630
0.0114337 633
0.0115013 638
0.0121461 639
0.0122606 640
0.0122981 643
0.0131953 647
0.0132372 649
0.0132753 650
0.01331 651
0.0133484 659
0.0162133 661
0.0162516 668
2 668
