0 -223329
5.6e-08 -222239
1.5883e-05 -221166
3.0427e-05 -220126
5.4032e-05 -219104
9.1102e-05 -218083
0.000143831 -217072
0.000190301 -216061
0.000238298 -215051
0.000284046 -214043
0.000328023 -213035
0.000369272 -212035
0.000411497 -211040
0.000451838 -210052
0.000492104 -209074
0.000532333 -208099
0.000572467 -207127
0.000612949 -206155
0.000653046 -205186
0.000693116 -204227
0.000733035 -203268
0.000772982 -202312
0.000812939 -201359
0.000853618 -200410
0.000902495 -199462
0.000946669 -198518
0.000991086 -197574
0.00103284 -196631
0.00107373 -195688
0.00112319 -194750
0.00116603 -193813
0.00120681 -192876
0.00124756 -191939
0.00128828 -191008
0.00134269 -190077
0.00140042 -189148
0.00145121 -188219
0.00149763 -187292
0.00154547 -186368
0.00158854 -185446
0.00163066 -184528
0.00167247 -183611
0.00171411 -182695
0.00175562 -181784
0.00179701 -180874
0.00183833 -179965
0.00188325 -179059
0.00192406 -178154
0.00196463 -177251
0.0020164 -176348
0.00205782 -175446
0.00209834 -174547
0.00213866 -173648
0.00217873 -172749
0.00221877 -171851
0.00226246 -170957
0.0023066 -170063
0.00234848 -169170
0.00239016 -168280
0.00242988 -167394
0.00246954 -166509
0.00250944 -165624
0.00254932 -164742
0.00258911 -163862
0.00262928 -162984
0.00267004 -162107
0.00271017 -161230
0.00275036 -160353
0.00279405 -159477
0.0028331 -158601
0.00287231 -157728
0.0029118 -156855
0.00295114 -155984
0.00299009 -155113
0.00302968 -154243
0.00306971 -153374
0.00310921 -152506
0.00314887 -151638
0.00318853 -150770
0.00322834 -149903
0.00326781 -149037
0.00330725 -148174
0.00334649 -147312
0.0033858 -146450
0.00342528 -145589
0.00346453 -144728
0.00350376 -143868
0.00354293 -143008
0.00358229 -142149
0.00362196 -141290
0.0036622 -140432
0.0037026 -139576
0.0037457 -138720
0.00378453 -137865
0.00382295 -137012
0.00387044 -136159
0.00391426 -135306
0.00395485 -134454
0.00399449 -133604
0.00403392 -132755
0.00407335 -131908
0.00411232 -131062
0.00415152 -130219
0.00419059 -129378
0.00422948 -128538
0.00426889 -127698
0.00430819 -126858
0.00434726 -126018
0.00438637 -125179
0.0044259 -124341
0.00446524 -123503
0.00450403 -122665
0.00454268 -121828
0.00458111 -120992
0.00461994 -120156
0.00466342 -119321
0.00470276 -118488
0.00474239 -117656
0.00478172 -116824
0.00482125 -115993
0.00486065 -115163
0.00490035 -114334
0.00493959 -113505
0.00499128 -112679
0.00503239 -111854
0.00507231 -111029
0.00513117 -110204
0.00517258 -109380
0.00521516 -108556
0.0052633 -107734
0.00530264 -106913
0.00537489 -106092
0.00542001 -105271
0.00546273 -104451
0.0055053 -103631
0.00554672 -102813
0.00559172 -101996
0.00563125 -101179
0.00567031 -100363
0.00570982 -99552
0.0057608 -98741
0.00580321 -97931
0.00584408 -97122
0.00588374 -96317
0.00592384 -95513
0.00596332 -94710
0.00601806 -93907
0.00606209 -93104
0.00610655 -92303
0.00615004 -91505
0.00619216 -90708
0.00623473 -89911
0.00627637 -89115
0.00631657 -88322
0.00635665 -87532
0.00639658 -86743
0.00643596 -85954
0.00647634 -85166
0.00652052 -84381
0.00656026 -83599
0.00660032 -82818
0.00664091 -82040
0.00668191 -81263
0.00672335 -80488
0.00676536 -79713
0.00680778 -78939
0.00685123 -78165
0.00689454 -77393
0.00693678 -76622
0.00697965 -75853
0.00702169 -75087
0.00706395 -74323
0.00710639 -73559
0.00715083 -72796
0.00719375 -72033
0.00723525 -71276
0.00727756 -70521
0.0073185 -69766
0.00735849 -69011
0.0073975 -68260
0.00744375 -67510
0.00748899 -66761
0.00753322 -66012
0.00757595 -65265
0.00762652 -64522
0.0076716 -63780
0.00771493 -63040
0.00775744 -62302
0.00779843 -61565
0.00783805 -60828
0.00787855 -60097
0.00791843 -59367
0.00795805 -58640
0.00799998 -57915
0.00804235 -57191
0.00808714 -56468
0.00813394 -55747
0.00818201 -55029
0.00822976 -54311
0.00827714 -53594
0.00832359 -52878
0.008369 -52162
0.00841885 -51446
0.00846369 -50732
0.00850713 -50019
0.00855264 -49308
0.00859904 -48598
0.00864681 -47889
0.00869243 -47182
0.00873862 -46478
0.00878718 -45775
0.00883581 -45073
0.00888319 -44374
0.00893305 -43677
0.00898579 -42981
0.00903798 -42286
0.00910076 -41594
0.00916315 -40905
0.00921909 -40217
0.00928903 -39531
0.0093801 -38850
0.00944184 -38170
0.0095077 -37490
0.00956928 -36810
0.00962567 -36133
0.00968446 -35458
0.00974322 -34787
0.00979985 -34117
0.00985878 -33448
0.00991714 -32780
0.00997512 -32121
0.0100307 -31463
0.0100907 -30807
0.0101507 -30154
0.0102109 -29501
0.0102709 -28850
0.0103315 -28199
0.0103928 -27553
0.0104574 -26920
0.0105233 -26290
0.0105872 -25668
0.0106542 -25048
0.0107229 -24429
0.0107944 -23813
0.0108679 -23197
0.0109414 -22586
0.0110168 -21984
0.011092 -21391
0.0111666 -20800
0.0112497 -20217
0.0113306 -19638
0.011418 -19063
0.0114982 -18494
0.0115793 -17931
0.0116622 -17372
0.011748 -16818
0.0118338 -16267
0.0119342 -15723
0.0120255 -15188
0.0121145 -14654
0.0122055 -14129
0.0123008 -13613
0.0123947 -13103
0.0124942 -12602
0.0125945 -12103
0.0126977 -11616
0.0128024 -11130
0.0129078 -10658
0.0130191 -10188
0.0131425 -9724
0.0132712 -9262
0.0134242 -8811
0.0135676 -8371
0.0137098 -7941
0.0138509 -7525
0.0139955 -7126
0.0141463 -6737
0.0143015 -6349
0.0144628 -5962
0.0146265 -5585
0.0147968 -5213
0.0149718 -4857
0.0151629 -4520
0.0153517 -4189
0.015547 -3860
0.0157473 -3544
0.0159516 -3243
0.016161 -2959
0.016372 -2682
0.0165935 -2413
0.0168096 -2158
0.0170401 -1912
0.017269 -1680
0.0175231 -1474
0.0177387 -1275
0.0179463 -1088
0.0181467 -904
0.018341 -744
0.0185289 -594
0.018709 -458
0.0188801 -336
0.0190581 -244
0.019214 -156
0.019358 -91
0.0195006 -39
0.0196265 2
0.0197428 36
0.0198501 56
0.0199479 78
0.0200354 82
0.0201321 88
0.0202214 101
0.0203161 117
0.0206221 121
0.0207254 125
0.0209542 131
0.021169 159
0.0212687 166
0.021403 173
0.0215188 175
0.0217493 180
0.0218559 187
0.0245004 202
0.0246293 206
0.0247406 214
2 214
