0 -10314
6.6e-08 -10094
7.133e-06 -10017
0.000352145 -10002
0.00035573 -9717
0.000356565 -9559
0.000357231 -9400
0.00035755 -9237
0.000358902 -9186
0.000359699 -9002
0.000360197 -8817
0.000374612 -8812
0.000376546 -8520
0.000384711 -8421
0.000384973 -8177
0.000385949 -8012
0.00042592 -7899
0.000427121 -7831
0.000427356 -7616
0.000439378 -7392
0.000440917 -7367
0.000441246 -7213
0.000441753 -7027
0.000442062 -6878
0.000442175 -6713
0.000443498 -6660
0.00044469 -6437
0.000445788 -6245
0.000446239 -6039
0.000448125 -5846
0.000459856 -5825
0.000481235 -5776
0.00048238 -5577
0.000485937 -5442
0.000486256 -5338
0.000495576 -5166
0.000496045 -5052
0.000499639 -4878
0.000500953 -4704
0.000503656 -4567
0.000504125 -4331
0.000504773 -4210
0.000504998 -4088
0.000506406 -3973
0.000507044 -3788
0.00050772 -3701
0.00050925 -3477
0.00051123 -3410
0.000513642 -3223
0.000514543 -3117
0.000530188 -3079
0.000548573 -3018
0.000551266 -2922
0.000552327 -2842
0.000553697 -2803
0.000557695 -2676
0.000559525 -2584
0.000567437 -2568
0.000572495 -2489
0.000573349 -2398
0.000574992 -2315
0.00057608 -2241
0.000576362 -2180
0.000577103 -2121
0.000578398 -1990
0.000582612 -1939
0.000583147 -1844
0.000583776 -1725
0.000588178 -1718
0.000589933 -1699
0.000593874 -1616
0.000595779 -1564
0.000597018 -1555
0.000602734 -1520
0.000603184 -1441
0.000603419 -1260
0.000603841 -1177
0.000612363 -1056
0.000612635 -965
0.000615694 -887
0.000619814 -865
0.000620124 -803
0.000632156 -762
0.000632419 -734
0.000632963 -683
0.000647632 -618
0.000650166 -592
0.000652812 -480
0.000660179 -435
0.000663014 -394
0.000670972 -319
0.000674398 -315
0.000675721 -241
0.000675843 -182
0.000679982 -128
0.000680057 -38
0.000681934 19
0.000682018 58
0.000685876 61
0.000686983 74
0.000693806 102
0.000694463 105
0.000694529 123
0.00069955 132
0.000699812 133
0.00074791 134
0.000749149 141
0.000749224 143
0.000753466 173
0.00075647 174
0.000757446 188
0.000761115 189
0.000778872 241
0.000779069 242
0.000783095 277
0.000784784 282
0.000786511 287
0.000786849 288
0.00078928 297
0.00079064 307
0.000801743 318
0.000825712 322
0.000832244 330
0.000841883 331
0.000842371 333
0.000849118 336
0.000849888 353
0.000859442 377
0.000872769 386
0.000889343 395
0.000893707 396
0.000901656 404
0.000979326 405
0.000995881 406
2 406
