0 -10595
3.85e-07 -10325
0.000316951 -10201
0.000319241 -10001
0.000319372 -9773
0.000321014 -9576
0.000321728 -9531
0.000322028 -9302
0.000329104 -9226
0.000329742 -9097
0.000330259 -9052
0.000330362 -8808
0.000332764 -8666
0.00033299 -8533
0.000333121 -8290
0.000334426 -8237
0.000336293 -8052
0.000336575 -7928
0.000337044 -7652
0.000337326 -7403
0.000341464 -7222
0.000342891 -7073
0.000344214 -6928
0.00035297 -6803
0.000353524 -6511
0.000381013 -6485
0.000393776 -6472
0.000393927 -6183
0.000414949 -6070
0.000416563 -5856
0.000417323 -5749
0.000423395 -5622
0.000424569 -5602
0.00042561 -5490
0.000426483 -5332
0.000428942 -5286
0.000430678 -5101
0.000431091 -5022
0.00043126 -4727
0.000432461 -4687
0.000433006 -4516
0.000435512 -4510
0.000438956 -4403
0.000439922 -4244
0.000442212 -4104
0.000444014 -3989
0.000444136 -3811
0.000444793 -3779
0.000444962 -3663
0.000445882 -3529
0.00044942 -3385
0.000451316 -3342
0.000453193 -3258
0.000456722 -3164
0.000458993 -2966
0.000460879 -2945
0.000465872 -2914
0.000467101 -2703
0.000467242 -2561
0.000470358 -2487
0.000472545 -2442
0.000477678 -2376
0.000478776 -2260
0.000480212 -2130
0.000480794 -2004
0.000481348 -1937
0.00048345 -1842
0.000484182 -1781
0.0004862 -1758
0.000493379 -1629
0.000494449 -1547
0.000495829 -1536
0.000503863 -1408
0.000505298 -1340
0.000505542 -1255
0.000507495 -1173
0.000509409 -1118
0.000509747 -1066
0.000575789 -1054
0.000576043 -946
0.000577938 -929
0.000578999 -879
0.000585522 -693
0.000589407 -666
0.000594203 -642
0.000595554 -517
0.000595686 -501
0.000601026 -472
0.000602161 -468
0.000604658 -376
0.000604789 -272
0.000610448 -231
0.000612194 -218
0.00061256 -190
0.000641925 -158
0.000646618 -84
0.000648007 -61
0.000648091 25
0.000656632 37
0.000660451 74
0.000663483 86
0.000663642 89
0.000666026 102
0.000671882 105
0.000672211 109
0.000672736 132
0.000701201 149
0.000711206 168
0.000713289 186
0.000719277 190
0.000729516 209
0.000750003 247
0.000752425 249
0.00075539 254
0.000758656 264
0.000759595 272
0.000760224 274
0.000762955 275
0.000770847 284
0.000775211 298
0.000783301 320
0.000783846 321
0.000787159 322
0.000788754 325
0.000791851 326
0.000855406 328
0.000858663 332
0.000866528 343
0.000872083 353
0.000914701 357
0.000923945 358
0.000940923 361
0.000945718 363
0.00100993 369
0.0010324 375
0.00104843 381
0.0010582 389
0.00106335 394
0.00107791 401
2 401
