0 -1445
2.35e-07 -1387
0.000497345 -1371
0.000500185 -1360
0.000514796 -1330
0.000518961 -1296
0.000521603 -1249
0.00052196 -1170
0.000523464 -1123
0.000523605 -1051
0.000523718 -1047
0.000530648 -1000
0.000531259 -974
0.000531973 -905
0.000565304 -873
0.000565586 -833
0.000567241 -796
0.000567438 -765
0.000571481 -763
0.000572722 -726
0.000573023 -698
0.000573362 -684
0.000573446 -676
0.000574433 -648
0.000574668 -642
0.000582143 -586
0.000583958 -529
0.000584541 -504
0.000594272 -488
0.00059461 -476
0.000594695 -462
0.000594798 -429
0.000596049 -410
0.000604887 -381
0.000605084 -366
0.000605395 -355
0.000606307 -310
0.000606504 -224
0.000607999 -207
0.000616715 -189
0.000616893 -100
0.000617129 -75
0.000617373 -69
0.00061837 -51
0.000618652 -34
0.000618746 9
0.000657953 73
0.00065846 111
0.000659701 123
0.000660322 142
0.000661488 144
0.000664026 169
0.000664214 189
0.000664365 214
0.000668906 238
0.000670119 247
0.000671699 253
0.000671905 265
0.000672564 304
0.000683968 319
0.000684062 332
0.000685548 333
0.000685651 351
0.000685736 354
0.000687739 372
0.000688839 376
0.000689262 378
0.000689873 421
0.000690587 464
0.000696172 465
0.000697028 474
0.000697113 493
0.000698476 501
0.000722968 505
0.0007242 513
0.000724727 556
0.000726005 590
0.000726457 602
0.000727162 619
0.000727434 626
0.000730847 648
0.000733236 649
0.000741679 656
0.00074575 657
0.000745834 658
0.000751626 670
0.000753751 688
0.000754842 690
0.000755002 721
0.000755359 763
0.000755453 771
0.000764554 793
0.000764723 801
0.000766482 835
0.000768277 836
0.000768353 839
0.000769227 844
0.000781779 875
0.000783274 938
0.000786527 949
0.000791106 957
0.000791811 959
0.000792902 967
0.000793964 980
0.000796681 999
0.000796841 1012
0.000798242 1019
0.00080001 1031
0.000801213 1033
0.000803141 1034
0.000807644 1041
0.000810672 1043
0.000826101 1051
0.00082815 1063
0.00082832 1066
0.000828658 1075
0.000832616 1079
0.000833434 1087
0.000833594 1095
0.000836528 1104
0.000838417 1109
0.000839941 1130
0.000845413 1134
0.000849785 1136
0.000852239 1142
0.000859948 1160
0.000866774 1162
0.000871569 1166
0.000883378 1167
0.000887647 1174
0.00088775 1178
0.000887948 1183
0.000890759 1186
0.00090002 1194
0.000901656 1195
0.000903471 1198
0.00090506 1200
0.000905361 1221
0.000942161 1225
0.000942405 1226
0.00094327 1235
0.000975623 1246
0.000997285 1254
0.00100052 1255
0.00100943 1265
0.00102117 1268
0.00106011 1276
0.00106098 1282
0.00109125 1292
2 1292
