0 -56685
1.7e-07 -55778
4.05e-07 -54974
0.000152306 -54819
0.00015413 -53987
0.000157552 -53534
0.00015806 -52746
0.000172539 -52074
0.000174119 -51904
0.00017489 -51189
0.000181433 -50598
0.000182186 -50556
0.000183201 -50406
0.000183615 -49508
0.000188494 -49426
0.000192791 -49282
0.000196195 -48697
0.000198226 -48228
0.000198564 -47671
0.000198987 -46941
0.000200661 -46284
0.000201968 -45555
0.000203782 -44830
0.000205945 -44066
0.000206058 -43307
0.000212169 -42756
0.000213006 -42525
0.000214106 -42506
0.000214642 -41750
0.000220772 -41567
0.000222558 -40880
0.000225849 -40264
0.000227758 -39601
0.000229309 -38941
0.000229554 -38418
0.000232327 -37759
0.000232478 -36992
0.000232854 -36298
0.000232967 -35575
0.000235298 -34930
0.000235552 -34159
0.000236079 -33615
0.000236492 -33058
0.000237433 -32489
0.000238401 -31890
0.000239783 -31391
0.000240338 -30748
0.000240742 -30038
0.000245312 -29517
0.000245791 -28930
0.000245885 -28310
0.000250549 -27494
0.000251169 -26793
0.000252927 -26128
0.000256237 -25553
0.000256669 -24839
0.00025681 -24330
0.000256989 -23754
0.000257722 -23065
0.000258287 -22522
0.000259067 -21935
0.000268685 -21267
0.000280786 -20687
0.000288543 -20152
0.000291448 -19706
0.000292022 -19124
0.000294052 -18524
0.00029629 -17907
0.000296629 -17278
0.000302702 -16570
0.000304122 -15946
0.000314135 -15789
0.00031768 -15055
0.000321779 -14461
0.000337302 -13975
0.000338045 -13494
0.000347381 -12916
0.000362096 -12413
0.000363318 -11975
0.000370896 -11496
0.000377713 -10992
0.000380524 -10476
0.000382987 -10109
0.00038782 -9600
0.000395981 -9021
0.000396517 -8594
0.000408918 -8022
0.000410987 -7587
0.000430431 -7149
0.000431794 -6687
0.000432602 -6220
0.000448689 -5690
0.000461928 -5236
0.000471076 -4825
0.000475984 -4452
0.000479331 -4100
0.000483835 -3673
0.000485358 -3369
0.000503495 -2943
0.00050451 -2665
0.000525768 -2375
0.000533412 -2039
0.00054698 -1772
0.000550129 -1477
0.000557369 -1200
0.000557905 -904
0.000560406 -749
0.000574283 -549
0.000575402 -470
0.000582134 -395
0.000586196 -334
0.000646341 -286
0.00065234 -265
0.000667459 -211
0.000684138 -120
0.000791981 -112
0.000868533 -108
0.00086937 -107
0.000889725 -32
0.000980889 1
0.00103532 4
0.00104978 9
0.00106087 13
0.00116841 47
0.00118107 51
0.00119358 53
0.00122237 64
0.0012357 72
0.00124477 78
0.0013148 82
0.00131553 101
0.00149947 108
0.00162858 111
2 111
