0 -20849
3.47e-07 -20390
0.000316631 -20272
0.000320648 -20133
0.000321305 -19728
0.000325012 -19248
0.000325716 -18885
0.000325894 -18582
0.000326035 -18264
0.000328475 -17867
0.000329658 -17549
0.000340197 -17513
0.000341567 -17218
0.000342083 -16853
0.000343594 -16439
0.000345115 -16069
0.000354969 -16038
0.000357024 -15664
0.000373195 -15277
0.000373833 -15054
0.000389262 -14966
0.00039173 -14657
0.000392575 -14443
0.000396047 -14156
0.000396948 -13838
0.000398844 -13370
0.000400721 -13268
0.000402983 -13105
0.000404991 -12736
0.000406887 -12509
0.000408248 -12117
0.000409177 -11783
0.000417192 -11543
0.000420899 -11215
0.000422072 -10845
0.000422306 -10554
0.000422701 -10245
0.000422869 -9950
0.000435858 -9735
0.000438364 -9713
0.000438927 -9372
0.000448021 -9315
0.000451175 -9228
0.000452498 -9002
0.000453596 -8823
0.000471043 -8753
0.000475951 -8675
0.000484904 -8446
0.000492619 -8391
0.000494721 -8099
0.000495125 -7867
0.00050206 -7657
0.000503111 -7364
0.000508245 -7085
0.000509747 -6860
0.000511136 -6703
0.000512177 -6602
0.000519216 -6527
0.000525842 -6250
0.000533218 -5943
0.000533547 -5709
0.000540126 -5691
0.000540736 -5521
0.000541092 -5397
0.000545184 -5239
0.000545991 -5057
0.0005486 -4755
0.000559121 -4556
0.000560792 -4257
0.000561017 -3990
0.000567408 -3919
0.000590673 -3716
0.000594137 -3517
0.000598989 -3353
0.000599768 -3214
0.000602048 -3077
0.000602977 -2837
0.000608458 -2683
0.000608833 -2405
0.000611443 -2214
0.000612935 -2066
0.000622357 -1964
0.000636801 -1763
0.000638124 -1649
0.000639063 -1497
0.000641371 -1357
0.00065315 -1246
0.000666439 -1163
0.000672802 -1073
0.000689441 -1023
0.000695138 -928
0.000700121 -793
0.000717953 -706
0.000727892 -687
0.000732631 -625
0.000744184 -474
0.000747516 -458
0.000749346 -408
0.00075219 -314
0.000767121 -228
0.000771795 -195
0.000791954 -189
0.000795689 -70
0.000834749 -8
0.000847325 3
0.000855472 98
0.000855781 122
0.000865786 136
0.000872458 141
0.000888854 147
0.000950645 158
0.000963878 160
0.000975572 193
0.000979016 205
0.000994116 215
0.001006 235
0.00103546 252
0.00105845 266
0.00120743 279
0.00124786 284
0.00134608 291
0.00135768 301
0.00151426 304
0.00159462 308
0.00173957 317
0.00179352 332
2 332
