0 -2525
2.07e-07 -2415
6.468e-06 -2310
0.00021765 -2204
0.000217744 -2097
0.000224457 -1996
0.000229177 -1901
0.000306904 -1887
0.000307074 -1840
0.000309001 -1771
0.000309528 -1726
0.000310872 -1687
0.000318469 -1561
0.000320274 -1453
0.000320585 -1390
0.000321008 -1317
0.000321215 -1187
0.000344889 -1153
0.000345463 -1049
0.000366768 -984
0.000370632 -919
0.000370698 -790
0.000371243 -676
0.000372616 -662
0.000377646 -644
0.000381285 -632
0.00038136 -574
0.000381501 -537
0.000384341 -495
0.000389192 -431
0.000398115 -388
0.000398416 -379
0.000411832 -350
0.000417756 -329
0.000421582 -315
0.000423275 -284
0.000423886 -253
0.000424083 -185
0.000424478 -148
0.000424751 -139
0.000434482 -120
0.000437745 -103
0.000438008 -86
0.000439089 -37
0.00044018 -17
0.000440904 -2
0.000441534 7
0.000441618 38
0.000442502 92
0.000446056 99
0.00049979 116
0.000500034 129
0.000501134 137
0.000501444 145
0.000505986 148
0.000506456 165
0.00050671 167
0.000519929 175
0.000521386 187
0.000526576 195
0.000537755 211
0.000538291 228
0.000538357 241
0.000639045 246
0.000644291 249
0.000648898 261
0.000661657 264
0.000671379 266
0.000680339 269
0.000681589 274
0.000706035 278
0.000718907 279
2 279
