0 -3811
5.18e-07 -3695
0.000497409 -3527
0.000498087 -3476
0.000516545 -3364
0.000545673 -3328
0.000546654 -3252
0.00054705 -3144
0.000558362 -3138
0.000558833 -3032
0.000578422 -2939
0.000579279 -2826
0.000582362 -2727
0.000587782 -2704
0.00058946 -2568
0.000589941 -2496
0.000591289 -2383
0.000591553 -2257
0.000591911 -2148
0.00060279 -2065
0.000603082 -1984
0.000605373 -1899
0.000606796 -1830
0.000607955 -1801
0.000612056 -1698
0.000613404 -1633
0.000616392 -1515
0.000618796 -1466
0.00062022 -1445
0.000621172 -1369
0.000622067 -1261
0.000622265 -1151
0.000623246 -1109
0.000623736 -1069
0.000631126 -1060
0.000632399 -999
0.000636113 -960
0.00064636 -914
0.000647877 -874
0.000651196 -863
0.000652308 -789
0.000663601 -782
0.000664016 -725
0.000672547 -724
0.000673575 -626
0.000675337 -597
0.000685433 -574
0.000686668 -485
0.000691778 -464
0.000692843 -425
0.000703985 -398
0.000707567 -382
0.000709038 -359
0.000709471 -318
0.000709867 -278
0.000712045 -258
0.000717512 -219
0.000723093 -164
0.000724441 -162
0.000745613 -154
0.000747461 -150
0.000753815 -113
0.000756115 -75
0.000756256 -44
0.000757293 12
0.000758123 31
0.000765721 75
0.000766164 80
0.000766739 121
0.000768483 143
0.000770905 160
0.00077099 209
0.000771876 221
0.000772084 229
0.000773564 234
0.000784291 242
0.000784404 269
0.000807943 274
0.000808423 294
0.000809621 322
0.000812665 331
0.000813966 336
0.000829907 353
0.000830953 354
0.000831302 361
0.000834875 380
0.000835921 388
0.000841709 419
0.000846536 427
0.000847723 433
0.000900824 437
0.000901022 438
0.000904453 454
0.000918376 455
0.000920837 458
0.000923175 467
0.000928387 477
0.000932809 481
0.000933525 483
0.000937974 485
0.000941274 486
0.000941905 490
0.000946006 505
0.000951012 508
0.000968244 521
0.000975002 532
0.000977171 539
0.000979329 542
0.000987399 547
0.00102688 557
0.00102871 570
0.00103181 572
0.00103579 574
0.00104987 576
0.00105072 579
0.00105265 582
0.0010584 583
0.00108501 584
0.00108799 595
0.00109274 597
0.0011316 607
0.00117912 621
0.00117948 634
0.00121727 635
0.00123107 638
0.0012327 639
0.00127626 640
0.00128624 645
0.00128784 650
0.00129579 659
0.00129842 660
0.00129852 669
0.0013359 670
0.00133711 679
0.0013462 684
0.00137719 691
0.00138241 699
0.00144057 706
0.00144902 711
0.00145572 714
0.00146824 718
0.00150386 723
0.00156263 726
0.00161912 728
0.0016558 729
0.00174906 733
2 733
