0 595
1.18e-07 636
3.92e-07 658
6.39e-07 665
9.4e-07 675
0.000625519 681
0.000625647 686
0.000625994 727
0.000626231 735
0.000626423 749
0.000626888 762
0.000683445 781
0.000684367 790
0.00068454 803
0.000687936 824
0.000688201 841
0.000688292 871
0.000688986 892
0.000689132 905
0.000714799 924
0.000715511 930
0.000716515 949
0.000716762 968
0.000716871 977
0.000717748 982
0.000717976 990
0.000718971 1011
0.000728601 1028
0.000728729 1040
0.000728948 1048
0.00072976 1051
0.00073029 1052
0.000730445 1059
0.000730746 1068
0.000735036 1069
0.000735328 1071
0.000737318 1081
0.000737437 1090
0.000737565 1109
0.000737692 1117
0.000738979 1120
0.000749997 1133
0.000750088 1141
0.000750672 1161
0.000750846 1166
0.000751211 1170
0.000751412 1189
0.000751695 1196
0.000751905 1199
0.000752726 1211
0.000773729 1219
0.000773866 1229
0.00077592 1243
0.000776221 1246
0.000776404 1262
0.000777116 1274
0.000777691 1280
0.000777819 1281
0.0007843 1282
0.000784747 1285
0.000785842 1292
0.000786417 1309
0.000786518 1314
0.000790653 1326
0.000791711 1338
0.000792579 1342
0.000794213 1348
0.000795125 1361
0.000826617 1363
0.000827256 1369
0.000832103 1373
0.000832961 1376
0.000835024 1381
0.000835726 1385
0.000836201 1391
0.000837716 1396
0.000838045 1399
0.000838154 1404
0.000839295 1405
0.000847428 1414
0.00084772 1416
0.000848213 1418
0.00085108 1419
0.000875789 1421
0.000878664 1423
0.000881457 1425
0.000882005 1427
0.000882945 1434
0.000883858 1450
0.000886131 1456
0.000890467 1460
0.000892073 1463
0.000894866 1465
0.000898618 1467
0.00089996 1469
0.000900206 1470
0.000903766 1471
0.000916773 1474
0.00091765 1478
0.000938598 1484
0.000940734 1487
0.000953888 1490
0.000957959 1500
0.000959063 1502
0.000959182 1508
0.000961683 1514
0.000963947 1517
0.00103919 1520
0.00104469 1525
0.00112185 1532
0.00113725 1533
0.00113824 1539
0.00113902 1540
0.00113922 1544
0.00119511 1555
2 1555
