0 -625
0.000567338 -591
0.00057098 -576
0.000581632 -549
0.000583184 -547
0.000583348 -481
0.000583476 -421
0.000606104 -391
0.000607154 -365
0.000607327 -325
0.000607455 -278
0.000607592 -234
0.000608559 -218
0.000609271 -185
0.000610732 -183
0.000611718 -169
0.000611836 -130
0.000614036 -122
0.000614136 -111
0.000614584 -106
0.000614693 -63
0.00061546 -33
0.000616291 -11
0.000616692 -4
0.000619604 20
0.000619768 72
0.000619887 90
0.00062027 124
0.000620718 172
0.000631653 183
0.00063179 186
0.00064969 187
0.000650046 195
0.000650703 235
0.000650849 252
0.000651351 277
0.000651826 293
0.000652127 340
0.000652364 385
0.000653058 387
0.00065377 414
0.000654811 434
0.000655523 449
0.000656015 450
0.000656746 453
0.000657266 470
0.000657394 483
0.000658197 488
0.000658644 542
0.000686421 551
0.000686868 588
0.000687479 593
0.000687927 656
0.000688922 689
0.000689533 754
0.000690254 794
0.000691377 808
0.000691925 825
0.000692673 833
0.000692892 860
0.000698205 866
0.000720952 869
0.000724356 903
0.000724466 908
0.000726456 956
0.000728263 968
0.000728409 976
0.000728619 989
0.000728719 1006
0.000729851 1025
0.000731686 1031
0.000746126 1052
0.000746555 1053
0.000749002 1078
0.00074913 1118
0.000749549 1134
0.000750006 1177
0.000750124 1181
0.000751475 1183
0.000752069 1189
0.00075237 1209
0.000753137 1221
0.000758084 1224
0.000758513 1229
0.000759371 1231
0.000760804 1234
0.000782693 1252
0.000783706 1262
0.000784117 1296
0.000785796 1310
0.000785888 1316
0.000786937 1336
0.000787047 1338
0.000787129 1347
0.00078723 1353
0.000787512 1359
0.000794404 1360
0.000794578 1361
0.000794696 1369
0.00079539 1374
0.000797781 1389
0.000797882 1392
0.000797991 1396
0.000799561 1408
0.000799671 1411
0.000799808 1412
0.000799963 1422
0.000800054 1444
0.000803724 1450
0.000805266 1457
0.000806033 1458
0.000806471 1470
0.000807265 1473
0.000807913 1481
0.000809465 1486
0.000817142 1493
0.00081779 1513
0.000820108 1515
0.000833745 1521
0.000840911 1533
0.000842161 1542
0.000842727 1549
0.000844097 1554
0.000844334 1555
0.000844434 1560
0.000845986 1567
0.00084678 1589
0.000847264 1592
0.000853142 1596
0.00085819 1598
0.000858555 1600
0.000858984 1604
0.000861613 1607
0.000861814 1608
0.000862334 1624
0.000863439 1635
0.000864288 1637
0.00086458 1641
0.000867254 1650
0.000876081 1684
0.000876729 1693
0.000877112 1697
0.000877468 1706
0.000880636 1718
0.000881622 1730
0.000884278 1735
0.000887473 1743
0.000889106 1746
0.000889198 1767
0.000890348 1768
0.000890576 1770
0.000895806 1776
0.000896327 1777
0.0008966 1790
0.000908595 1792
0.000909516 1803
0.000913432 1804
0.000914464 1811
0.000914582 1812
0.000915742 1822
0.000941218 1824
0.000943874 1825
0.00094434 1836
0.000946731 1839
0.000946822 1846
0.000953029 1853
0.000954316 1861
0.000962997 1864
0.000967068 1866
0.00100289 1869
0.00101338 1879
0.00101473 1881
0.00101863 1884
0.00103898 1891
0.00104069 1892
0.00104516 1893
0.00104887 1899
0.00106294 1902
0.00106976 1904
0.00109315 1915
0.00112339 1918
0.00112987 1921
0.00118995 1928
0.001203 1931
0.0012384 1932
2 1932
