0 -5890
8.59e-07 -5734
0.000357012 -5698
0.000361239 -5607
0.000363895 -5470
0.000364424 -5345
0.000364935 -5330
0.000365757 -5213
0.00036614 -5146
0.000368112 -4996
0.000369445 -4940
0.000370257 -4820
0.00038143 -4748
0.000382233 -4716
0.000386313 -4691
0.000386669 -4575
0.000403611 -4531
0.000405126 -4389
0.00040613 -4356
0.000412538 -4272
0.000412656 -4151
0.000416143 -4034
0.000416873 -3905
0.00041754 -3827
0.000418726 -3728
0.000419092 -3628
0.000419776 -3521
0.000420105 -3404
0.000421492 -3268
0.000426649 -3164
0.000429789 -3047
0.00043753 -2989
0.000437995 -2918
0.0004391 -2832
0.000440551 -2728
0.000441628 -2640
0.00044276 -2605
0.000446165 -2507
0.000447662 -2430
0.000455393 -2330
0.000456197 -2328
0.000457557 -2246
0.000459793 -2153
0.000467351 -2014
0.000470737 -1937
0.000472682 -1863
0.000478441 -1778
0.000484037 -1698
0.000491102 -1619
0.000505232 -1521
0.000506656 -1452
0.000508445 -1351
0.000509394 -1277
0.000509732 -1202
0.000511393 -1126
0.000514077 -1078
0.000520457 -1000
0.000522283 -890
0.000524154 -806
0.0005376 -728
0.000544427 -695
0.000551027 -663
0.000553811 -635
0.000569748 -606
0.000570962 -543
0.00058019 -493
0.000583404 -467
0.000583568 -423
0.000587338 -374
0.000590879 -372
0.000613325 -342
0.000622352 -268
0.000628733 -234
0.00063002 -232
0.000630458 -188
0.000634045 -163
0.000634474 -129
0.000637669 -90
0.000650786 -38
0.000675879 2
0.000683583 45
0.000705736 51
0.000707744 63
0.000708511 87
0.000709652 99
0.000721692 119
0.000729204 151
0.000732709 161
0.000735594 185
0.000746721 217
0.000751987 222
0.000752462 226
0.000759719 236
0.000768911 243
0.000792433 244
0.00079906 250
0.000807221 280
0.000825686 285
0.000842911 312
0.000849592 321
0.000851016 328
0.00109395 330
0.00110332 336
0.00111009 345
0.00113639 347
0.00116085 348
0.00118292 354
0.00122019 357
0.00123217 358
0.00124044 359
0.00130353 363
0.00137176 365
0.00141018 366
0.00153748 368
0.00154532 372
0.00158414 373
0.00159511 375
2 375
