0 -4963
3.83e-07 -4837
6.93e-07 -4708
0.000358171 -4700
0.000358581 -4618
0.0003676 -4542
0.00036864 -4443
0.000372246 -4386
0.000373058 -4246
0.000373414 -4134
0.000374683 -4072
0.000375541 -3993
0.000376783 -3931
0.000376883 -3815
0.000377613 -3664
0.000378398 -3575
0.00037901 -3466
0.000379986 -3393
0.000380443 -3320
0.000381283 -3209
0.000381511 -3086
0.000383391 -3035
0.000383565 -2907
0.000383875 -2818
0.000386148 -2798
0.00038675 -2679
0.000388348 -2576
0.000390639 -2549
0.000392355 -2441
0.000395002 -2382
0.000395887 -2292
0.000398735 -2258
0.000406677 -2160
0.000407863 -2059
0.000408858 -1967
0.00040926 -1871
0.000409415 -1780
0.000414737 -1766
0.000416872 -1707
0.00044746 -1645
0.000450381 -1594
0.000452809 -1559
0.000463754 -1462
0.000467158 -1352
0.000467861 -1314
0.000468263 -1214
0.000473457 -1139
0.000475866 -1055
0.000477245 -1005
0.000486373 -964
0.000487148 -902
0.000488025 -849
0.000490298 -816
0.000490882 -781
0.00050137 -777
0.000501717 -760
0.000501881 -672
0.000505277 -653
0.000506554 -617
0.000507531 -575
0.000507887 -509
0.000508197 -476
0.000508316 -396
0.000509019 -318
0.000510534 -307
0.000513355 -267
0.000523542 -263
0.000527987 -224
0.000532578 -192
0.000539333 -173
0.000567054 -171
0.000577214 -163
0.000578483 -128
0.000597131 -96
0.000597533 -67
0.0006142 -10
0.000619695 20
0.000625829 46
0.000667307 48
0.000679118 58
0.000680752 77
0.000696224 79
0.000700906 130
0.00070213 159
0.000702531 172
0.000715292 184
0.000804527 193
0.000809282 201
0.00084479 202
0.000849947 221
0.000866314 223
0.000870248 234
0.000875332 239
0.000911524 265
0.00091366 268
0.000927097 274
0.00093387 278
0.000934755 294
0.000934892 301
0.000939958 308
0.000955211 312
0.000983434 318
0.00102477 319
0.0010308 320
0.00103094 330
0.00103617 331
0.00104163 339
0.00105496 351
0.00105995 354
0.00106583 356
0.00116262 362
0.00118481 363
0.00119668 365
0.00122297 372
0.00126921 374
0.00127591 376
0.0013623 381
0.00140755 384
0.00154049 388
0.00159271 390
0.00175128 391
0.00230204 392
0.00230768 394
2 394
