742 0.0452859
736 0.0795452
830 0.0563945
768 0.0547434
757 0.0470049
759 0.0579154
731 0.0442242
774 0.0423629
718 0.0568422
731 0.0591581
415 0.141578
414 0.127302
403 0.0903373
417 0.161724
392 0.12146
401 0.11346
413 0.171758
425 0.100863
424 0.0897467
422 0.0987723
1874 0.0161708
1881 0.0118439
1859 0.017044
1837 0.0187255
1929 0.0176372
1832 0.0114051
1791 0.0163973
1931 0.0149113
1823 0.0161557
1889 0.0147904
1837 0.0197949
1797 0.0207545
1765 0.0171645
1775 0.0155765
1846 0.0270124
1776 0.0206269
1740 0.0194567
1801 0.0170194
1729 0.022367
1775 0.0171305
