0 128
9.3e-08 158
9.031e-06 174
0.00030798 180
0.00030811 194
0.00030837 229
0.00040436 242
0.000404453 245
0.000404508 253
0.000405873 286
0.000406188 287
0.000413131 306
0.000413205 312
0.000414876 332
0.00041573 334
0.000415795 338
0.000415962 339
0.00041612 363
0.000416491 373
0.000417976 383
0.000418227 401
0.000468959 408
0.000469693 412
0.000500934 431
0.000501269 452
0.000501361 456
0.000510959 457
0.000513084 462
0.000513149 467
0.000513734 480
0.000513817 497
0.00051455 508
0.000559436 512
0.000561914 519
0.000562072 525
0.00057295 564
0.000573173 565
0.000573776 568
0.000574946 570
0.000575159 601
0.000575326 611
0.000576338 614
0.000576672 620
0.0005776 639
0.000580032 640
0.000580097 653
0.000580171 665
0.00058032 675
0.000580459 686
0.000580579 699
0.000580737 701
0.000593156 711
0.000593518 712
0.000594316 727
0.000594947 732
0.000598901 733
0.000601268 748
0.000610763 759
0.000611153 770
0.000611394 773
0.000619089 794
0.000620722 795
0.000621418 803
0.000621734 805
0.000622448 808
0.000629066 812
0.000629493 819
0.00063612 823
0.000636324 838
0.000636612 849
0.000637373 852
0.00067049 862
0.000672151 867
0.000685637 871
0.000688468 873
0.000690315 882
0.000693035 886
0.0006931 887
0.000693462 889
0.000694418 891
0.000694687 904
0.000695327 910
0.000699374 911
0.00071131 912
0.000713194 913
0.000714586 916
0.000716777 922
0.000737725 928
0.000738718 943
0.000750348 944
0.000751833 958
0.000758776 962
0.000765087 972
0.000778713 973
0.000778787 981
0.000785637 987
0.000863899 1009
2 1009
