0 -26414
2.6e-07 -25897
7.611e-06 -25665
7.834e-06 -25023
1.0127e-05 -24700
1.0609e-05 -24653
1.1788e-05 -24215
0.00018875 -24041
0.000188861 -23501
0.000188973 -22923
0.000191061 -22513
0.000191442 -22076
0.000191739 -21757
0.00019263 -21298
0.000195795 -20999
0.000202199 -20979
0.000203062 -20526
0.000212084 -20157
0.000212501 -19675
0.000212947 -19194
0.00021627 -18951
0.000217068 -18393
0.000218534 -18106
0.000219657 -17574
0.000224057 -17458
0.000224567 -16980
0.00022492 -16564
0.000225616 -16307
0.000230109 -15894
0.000231956 -15597
0.000233487 -15471
0.000236596 -15426
0.000237794 -14990
0.000252746 -14804
0.000256997 -14622
0.000259095 -14295
0.000259958 -13800
0.000263067 -13433
0.00026432 -12914
0.000265425 -12412
0.00026807 -11961
0.000268942 -11603
0.000270196 -11250
0.000271476 -10947
0.000272089 -10478
0.000274103 -9931
0.000291645 -9417
0.000294977 -9167
0.000296741 -8750
0.0002992 -8497
0.00030024 -7996
0.000303451 -7516
0.000310663 -7466
0.000316269 -7060
0.000318822 -6879
0.000325894 -6417
0.000330136 -6030
0.000331676 -5798
0.000331806 -5355
0.000333143 -5005
0.000337078 -4704
0.000337589 -4386
0.000340308 -4022
0.000346007 -3799
0.000348272 -3569
0.000356096 -3364
0.000366779 -3170
0.000368144 -2908
0.000378381 -2888
0.000381648 -2601
0.000384247 -2582
0.000385491 -2419
0.000393083 -2329
0.000403841 -2093
0.000416547 -1974
0.000417726 -1721
0.000421494 -1503
0.000422413 -1297
0.000431862 -1223
0.000438637 -1161
0.000440809 -1016
0.000448197 -856
0.000458778 -787
0.000468115 -716
0.000470686 -585
0.000471707 -478
0.00048705 -461
0.000495087 -365
0.000496619 -302
0.000498382 -233
0.000565878 -166
0.000566695 -101
0.000584088 -46
0.000588645 -34
0.000649328 -25
0.000660039 -19
0.000672393 0
0.000674797 17
0.000709872 50
0.000792914 55
0.000793452 61
0.000826049 75
0.000834597 76
0.00084373 80
0.000908673 101
0.000911235 104
0.000945437 108
0.000957076 120
0.000962098 129
0.00097757 138
0.00166491 139
0.00168137 147
2 147
