0 -1061
1.59e-07 -991
0.000411549 -968
0.000411802 -883
0.000469479 -871
0.000470135 -796
0.000470519 -785
0.000473188 -755
0.000478264 -748
0.000478901 -741
0.000480194 -717
0.000481234 -671
0.000481477 -658
0.000481655 -568
0.000481927 -531
0.000482198 -515
0.000487987 -484
0.000488239 -439
0.000488333 -429
0.000488492 -390
0.000488567 -383
0.000495657 -333
0.000500668 -318
0.000500753 -263
0.000505595 -250
0.000506869 -230
0.000512245 -204
0.00051261 -202
0.000513463 -187
0.000513847 -170
0.000513921 -137
0.000514249 -60
0.000514446 -24
0.000515476 5
0.000515823 9
0.000516347 39
0.000516516 102
0.000517153 117
0.000517481 120
0.000518314 131
0.000519092 141
0.000535717 160
0.000536691 209
0.000538405 269
0.000539313 270
0.000539632 279
0.000539969 281
0.000542151 304
0.000542235 306
0.000542301 310
0.000544193 329
0.000544352 336
0.00054468 344
0.000545429 360
0.000545663 363
0.000546113 372
0.0005899 380
0.000591698 403
0.000592757 422
0.000594864 424
0.000595117 426
0.000599275 442
0.00059936 443
0.0005995 446
0.0006001 449
0.00060202 459
0.000602235 482
0.000603322 508
0.000603921 519
0.00060704 523
0.000607302 550
0.000607845 557
0.000607902 559
0.000608042 574
0.000617034 580
0.000617736 586
0.000617811 609
0.000618111 642
0.000618448 649
0.000618869 661
0.000619282 668
0.000621052 675
0.000621838 683
0.00062285 697
0.000624002 702
0.000624171 714
0.000635935 725
0.000643699 726
0.000652007 752
0.00065285 781
0.000656278 787
0.000657552 800
0.000662478 801
0.000663349 806
0.000668323 817
0.000669859 820
0.000670205 824
0.000671226 831
0.000675244 858
0.000678822 861
0.000680995 865
0.000681791 884
0.000681951 896
0.000689556 900
0.000689931 901
0.000691111 919
0.000693761 932
0.000693921 934
0.000701001 935
0.000701423 937
0.000703305 941
0.00070531 949
0.000706865 958
0.000707473 959
0.000708757 971
0.000709225 972
0.000714564 973
0.000723246 978
0.00072408 990
0.000725278 991
0.000730561 992
0.00073914 996
0.000743505 1010
0.000763624 1013
0.000779696 1016
0.000785653 1022
0.000788697 1023
0.000789512 1029
0.000789924 1031
0.000798691 1033
0.000799674 1038
0.000801397 1043
0.000836446 1049
0.000880073 1054
0.000885 1062
0.000914344 1065
2 1065
