0 -1365
1.5e-07 -1351
0.000501137 -1322
0.000504537 -1266
0.000564518 -1234
0.000564883 -1225
0.000574793 -1163
0.000575842 -1088
0.000582951 -983
0.000583391 -947
0.000583887 -943
0.000584009 -902
0.000586856 -896
0.000586959 -862
0.000587053 -810
0.000588964 -809
0.000589048 -745
0.000591127 -670
0.000595052 -644
0.000595173 -639
0.000595361 -636
0.000595454 -596
0.000595951 -595
0.000597936 -591
0.000611293 -567
0.000611826 -480
0.000613063 -476
0.00061326 -415
0.00061591 -372
0.000619394 -367
0.000619497 -346
0.000620219 -332
0.000626719 -289
0.000626953 -228
0.00062906 -222
0.000629182 -214
0.000630006 -209
0.000630531 -202
0.00063128 -154
0.000631926 -141
0.000632395 -116
0.000632835 -112
0.00063305 -104
0.000633921 -58
0.000634024 -51
0.00063438 -37
0.000634774 11
0.000635448 40
0.000636207 45
0.000636282 60
0.000655182 84
0.000655473 85
0.000655763 130
0.000656203 141
0.000656475 190
0.000666019 201
0.000666918 238
0.000668511 262
0.000669325 272
0.00067058 294
0.000671274 331
0.000672088 343
0.000672716 357
0.000673362 360
0.000673521 375
0.000674336 398
0.000674945 403
0.000677905 409
0.000678092 428
0.000678532 450
0.000680359 473
0.000680921 475
0.000681005 488
0.000683599 515
0.000687683 521
0.000689781 541
0.000696572 556
0.000702425 558
0.000702819 569
0.000702987 578
0.000703156 587
0.000727218 589
0.000727564 592
0.000730805 602
0.00073088 606
0.000731067 638
0.000732706 651
0.000735488 658
0.000736977 672
0.000738026 693
0.000738382 711
0.000744686 715
0.000745126 718
0.000749565 733
0.000750034 734
0.000750118 740
0.000750839 743
0.000751392 748
0.000751738 757
0.000753012 758
0.000755494 763
0.000755607 778
0.000764392 781
0.000764589 803
0.000764879 818
0.000765301 830
0.000772709 837
0.000774807 839
0.000784202 855
0.000787171 859
0.000790617 865
0.000793727 866
0.00079546 871
0.000797071 873
0.000797679 890
0.000798401 910
0.000801051 925
0.000801754 935
0.000803515 968
0.000805397 972
0.000808591 987
0.000809406 991
0.000810886 1007
0.000811991 1016
0.000812881 1024
0.000814773 1033
0.00081895 1040
0.00082073 1060
0.000821348 1069
0.00082176 1082
0.000821844 1097
0.000824813 1098
0.000826405 1107
0.000831679 1112
0.000833037 1117
0.000835144 1124
0.000839368 1125
0.000844473 1134
0.00084835 1149
0.000848603 1150
0.000849325 1159
0.000849568 1163
0.000850167 1165
0.000850448 1176
0.000853258 1177
0.000854176 1180
0.00085427 1196
0.000856827 1201
0.000857089 1204
0.000857829 1205
0.000862362 1212
0.000863627 1214
0.000870455 1217
0.000887258 1223
0.000888559 1228
0.000895322 1233
0.000900258 1239
0.000903405 1241
0.000904089 1245
0.000908856 1247
0.000909896 1262
0.000912237 1266
0.000912602 1271
0.000913155 1272
0.000916705 1281
0.00092269 1297
0.000924113 1301
0.000928431 1314
0.000929302 1320
0.000930136 1333
0.000932815 1341
0.000948091 1344
0.000949187 1345
0.000968312 1362
0.000976386 1364
0.000997198 1368
0.00103421 1369
0.00103587 1381
2 1381
