0 -1837
3.75e-07 -1782
0.000514203 -1717
0.000526014 -1674
0.000526547 -1663
0.000527156 -1646
0.000528205 -1640
0.000536991 -1558
0.000537112 -1494
0.000537777 -1449
0.000537862 -1395
0.000538536 -1331
0.000540859 -1309
0.000541065 -1197
0.000541402 -1159
0.000541655 -1118
0.000544952 -1070
0.000548549 -1045
0.000551002 -1006
0.000554515 -952
0.000555498 -929
0.000555657 -852
0.000555976 -802
0.0005574 -768
0.00055798 -731
0.000559376 -687
0.000565314 -633
0.000565792 -582
0.000566382 -517
0.000569491 -496
0.000614655 -494
0.00061503 -485
0.000615648 -477
0.000616032 -447
0.000616313 -412
0.0006165 -340
0.000616725 -272
0.000617006 -231
0.000617839 -215
0.000618486 -214
0.00061975 -168
0.000620752 -154
0.000624574 -150
0.000625932 -131
0.000626007 -112
0.000626222 -84
0.000628124 -72
0.000628657 -13
0.000628882 -11
0.000633331 -9
0.00063748 -5
0.000643287 -1
0.000644252 20
0.000644411 24
0.000647015 78
0.000647109 125
0.000659931 135
0.000660409 153
0.000660568 169
0.000661795 176
0.000662273 189
0.000666328 275
0.000667283 284
0.000669213 307
0.000674561 316
0.000674879 328
0.000691898 357
0.000693209 362
0.000693808 420
0.000698145 438
0.000698613 485
0.000702912 499
0.000704374 547
0.000705863 554
0.000707005 563
0.000710761 568
0.000711792 574
0.000715135 577
0.000715688 599
0.00072422 634
0.000725279 643
0.000725466 654
0.000727461 675
0.000728342 677
0.000731245 686
0.000732088 695
0.000733933 751
0.000735151 756
0.000735301 765
0.000735385 773
0.000737979 786
0.000739946 805
0.00074388 807
0.000745098 811
0.000751804 815
0.000762294 834
0.000772634 835
0.000773646 837
0.000775285 839
0.000776278 850
0.000776933 880
0.000777121 887
0.000778319 907
0.00078673 921
0.00078717 925
0.000789091 926
0.000804863 931
0.000811504 936
0.000814398 942
0.000814482 947
0.000818379 948
0.000824158 959
0.000824972 968
0.00082619 977
0.000826293 996
0.000827717 998
0.000830152 1009
0.00083047 1010
0.000831594 1013
0.000838366 1015
0.000847432 1024
0.000848903 1027
0.000861107 1028
0.000862268 1031
0.000869799 1041
0.000870529 1042
0.000871073 1049
0.000873199 1053
0.000874313 1057
0.000875634 1058
0.000877395 1081
0.000880476 1085
0.000885375 1086
0.000885721 1097
0.000886499 1107
0.000887398 1111
0.000890039 1114
0.000935877 1115
0.000937273 1117
0.000943988 1122
0.000949477 1124
0.000963517 1128
0.000967629 1129
0.000971525 1131
0.000987916 1142
0.000991025 1146
0.00104896 1148
0.00105599 1159
0.00149748 1182
2 1182
