0 -55179
2.14e-07 -54555
7.128e-06 -54378
0.000154427 -54000
0.000164618 -53824
0.000165407 -53150
0.000166112 -52359
0.000167384 -51572
0.000169723 -51039
0.000169927 -50379
0.000170159 -49617
0.000170382 -48935
0.000172284 -48541
0.000172674 -47865
0.000174289 -47267
0.000175254 -47055
0.000177148 -46157
0.000177937 -45480
0.000178104 -44725
0.000180053 -44113
0.000181083 -43640
0.000182587 -43113
0.000185167 -42318
0.000187645 -41707
0.000187961 -40955
0.00018965 -40933
0.00019185 -40850
0.000192026 -40031
0.000194402 -39877
0.000195006 -39173
0.000205076 -39103
0.00020631 -38436
0.00020671 -37636
0.000208037 -36979
0.000210747 -36117
0.000211146 -35310
0.000211907 -34460
0.000213216 -33755
0.00021613 -33579
0.000219203 -33026
0.000219444 -32218
0.000221068 -31381
0.000226702 -31070
0.000228679 -30288
0.000229468 -30182
0.000229607 -29537
0.000230591 -28860
0.000231723 -28210
0.000235984 -27460
0.000237738 -26693
0.000239 -26123
0.000247047 -25504
0.000247483 -24929
0.000249284 -24362
0.000251502 -23769
0.000251818 -23159
0.000254472 -22586
0.000255892 -21779
0.000258584 -21170
0.000263605 -20600
0.000269276 -20058
0.000269453 -19453
0.000270168 -18703
0.000273277 -18145
0.000279393 -17519
0.00027969 -16978
0.000280368 -16490
0.000282271 -15877
0.000282725 -15409
0.000289148 -14915
0.000311071 -14429
0.000323128 -14025
0.000326906 -13445
0.000335148 -12821
0.000344179 -12266
0.000344643 -11812
0.000345367 -11396
0.000348652 -10933
0.000352913 -10363
0.000358797 -9940
0.000359187 -9426
0.000364004 -8819
0.000365452 -8319
0.000373332 -7730
0.000413846 -7305
0.000419211 -6834
0.000421967 -6354
0.000440196 -6139
0.000441626 -5625
0.000447417 -5184
0.000449933 -4834
0.000450192 -4422
0.000454174 -3929
0.000456764 -3665
0.000466491 -3330
0.000512073 -3126
0.000540066 -2725
0.000550192 -2436
0.0005652 -2122
0.000595913 -1800
0.000598307 -1617
0.000609622 -1414
0.000642989 -1153
0.000643713 -973
0.000656605 -802
0.000671947 -725
0.00067669 -563
0.000709695 -493
0.000728583 -380
0.000732676 -272
0.000807309 -158
0.00082862 -154
0.000858284 -71
0.000869997 -56
0.000963156 14
0.000985757 21
0.000988068 22
0.00101724 43
0.0010284 48
0.00115284 70
0.00115874 71
2 71
