0 -2451
3.52e-07 -2263
7.23e-07 -2182
8.706e-06 -2091
0.000289092 -2032
0.000289816 -1999
0.000292498 -1995
0.000292879 -1854
0.000293928 -1836
0.000306764 -1791
0.00031069 -1737
0.000311266 -1684
0.000311683 -1650
0.000316472 -1573
0.000327007 -1565
0.000327545 -1502
0.000328585 -1343
0.00032968 -1236
0.000331184 -1197
0.000331889 -1182
0.000345162 -1050
0.000347529 -934
0.000392303 -864
0.000392925 -812
0.000395626 -779
0.000401 -746
0.000401185 -701
0.000401974 -583
0.000402197 -555
0.000403292 -477
0.000403645 -468
0.000405306 -416
0.000415256 -388
0.000415599 -326
0.000422644 -291
0.000447379 -266
0.000447955 -219
0.000448066 -162
0.000448679 -138
0.000456995 -80
0.000461441 -63
0.000461608 -58
0.000465775 -44
0.000466267 -11
0.000466685 25
0.000470565 36
0.000484478 50
0.000487485 57
0.000489007 59
0.000500535 69
0.000501352 94
0.000501732 112
0.000517205 129
0.000524695 151
0.000528955 164
0.000530236 165
0.000532538 186
0.000536055 195
0.000537225 206
0.000537772 224
0.000538283 232
0.000546525 239
0.000558164 240
0.000577878 247
0.000579948 255
2 255
