0 -9988
5.11e-07 -9600
7.769e-06 -9566
8.576e-06 -9438
0.000232698 -9411
0.000233264 -9025
0.000270864 -8955
0.00027181 -8635
0.000272887 -8601
0.000275894 -8554
0.000277574 -8426
0.000277704 -8216
0.000280219 -8190
0.000281027 -8045
0.00028125 -7761
0.000294661 -7649
0.000297372 -7640
0.000297687 -7435
0.000297808 -7185
0.00029868 -6956
0.000300899 -6814
0.000315461 -6648
0.000315573 -6393
0.000319629 -6211
0.000323174 -6083
0.000326284 -6021
0.000327397 -5978
0.00032891 -5613
0.000331602 -5260
0.000335565 -5047
0.000335844 -4758
0.000336846 -4541
0.000337004 -4330
0.000337709 -4163
0.000341682 -3911
0.000343482 -3779
0.000345552 -3513
0.000351214 -3487
0.000351771 -3324
0.00035204 -3184
0.000356012 -3116
0.000356272 -2986
0.000361683 -2903
0.000381769 -2796
0.000389844 -2701
0.000398494 -2644
0.000400703 -2529
0.000413697 -2424
0.000418375 -2402
0.000420287 -2362
0.000423805 -2222
0.000424594 -2057
0.000424872 -1927
0.000434692 -1864
0.000434822 -1743
0.000438386 -1576
0.000440205 -1447
0.000449171 -1345
0.000451278 -1162
0.000455149 -1083
0.000462305 -1037
0.000468913 -1000
0.000478353 -981
0.000483866 -888
0.000484311 -774
0.000486028 -645
0.000490688 -547
0.00050823 -540
0.000509019 -482
0.000517957 -475
0.000527981 -410
0.000528185 -316
0.000546507 -301
0.00054892 -257
0.00057954 -171
0.000589889 -154
0.000595281 -74
0.000597834 -37
0.000598446 2
0.000623089 28
0.00063328 36
0.000638905 54
0.000680115 66
0.0006816 76
0.000688635 96
0.000695884 97
0.000758238 99
0.00076596 148
0.000788236 149
0.000805295 168
0.000903225 169
2 169
