0 -19473
1.12e-07 -19004
9.022e-06 -18623
0.000374845 -18232
0.000375662 -17827
0.000377203 -17705
0.000381249 -17693
0.000381723 -17316
0.000382066 -17004
0.000386169 -16698
0.000386503 -16331
0.000390187 -16056
0.000390791 -15837
0.000391422 -15463
0.000393807 -15179
0.000395292 -14875
0.000396555 -14539
0.000397 -14321
0.000397344 -13880
0.000397687 -13409
0.000400685 -12986
0.000403729 -12845
0.000405001 -12532
0.000405715 -12264
0.000405901 -12016
0.000409001 -11982
0.000409558 -11681
0.000409957 -11413
0.000411331 -11031
0.00041328 -10705
0.000413781 -10379
0.000418171 -10241
0.000423146 -10078
0.000426729 -9818
0.000427499 -9504
0.000434479 -9201
0.000435927 -9076
0.000445719 -8944
0.000450304 -8802
0.000455984 -8595
0.00045836 -8371
0.000458908 -8110
0.000462908 -7810
0.000464291 -7563
0.00046508 -7358
0.000466862 -7338
0.000476951 -7106
0.000478251 -6910
0.000478641 -6661
0.000486725 -6452
0.000490967 -6315
0.000496406 -6075
0.000499413 -5882
0.000500981 -5729
0.000505604 -5475
0.000509056 -5238
0.000525308 -5145
0.000530395 -4728
0.000532112 -4490
0.000535221 -4298
0.000544874 -4283
0.000545245 -4055
0.000547603 -3862
0.000550823 -3792
0.000554295 -3587
0.000585221 -3452
0.000589369 -3224
0.000591514 -3133
0.000604582 -2954
0.000611701 -2842
0.000623795 -2682
0.000633048 -2426
0.000648168 -2310
0.000652131 -2222
0.000657951 -2073
0.000672783 -1982
0.000681888 -1844
0.000683874 -1731
0.000688264 -1621
0.000692126 -1414
0.000709408 -1288
0.000716248 -1162
0.00072514 -1087
0.000733048 -1007
0.000735498 -962
0.000740863 -853
0.000750618 -745
0.000752242 -683
0.000754887 -548
0.000756846 -460
0.000758999 -326
0.000762869 -276
0.000770694 -224
0.000773478 -182
0.000775956 -140
0.000787289 -91
0.00079064 -36
0.000796181 -28
0.000809129 3
0.000835553 6
0.000837502 32
0.000853662 59
0.000862433 82
0.00087293 120
0.00087371 131
0.000876355 138
0.000885061 144
0.000891215 148
0.000894064 149
0.000895057 150
0.000909128 157
0.000926095 177
0.000958914 188
0.00097111 205
0.00101381 210
0.00102414 224
0.00103147 229
0.00103463 232
0.00104484 233
0.00104964 235
0.00105654 255
0.00105912 260
0.00111114 263
0.00116016 264
0.00116382 268
0.00118866 270
0.00127587 271
2 271
