0 -47163
5.6e-08 -46557
5.71e-06 -45958
1.0016e-05 -45378
1.3257e-05 -44801
1.9146e-05 -44248
2.7852e-05 -43709
4.9128e-05 -43173
6.3177e-05 -42642
7.601e-05 -42114
8.5771e-05 -41591
9.5109e-05 -41092
0.000104286 -40593
0.000113539 -40095
0.000123291 -39612
0.000132554 -39129
0.000141882 -38649
0.000150833 -38172
0.000160566 -37695
0.000170017 -37221
0.000179223 -36750
0.000188343 -36283
0.000197323 -35817
0.000206105 -35351
0.000215131 -34886
0.000224299 -34423
0.000234032 -33962
0.000242955 -33503
0.000252529 -33044
0.000262149 -32586
0.000271223 -32131
0.000280673 -31676
0.000289794 -31221
0.000299282 -30766
0.000308978 -30313
0.000318532 -29861
0.000327889 -29411
0.000337471 -28962
0.00034744 -28521
0.000357352 -28082
0.000368706 -27645
0.000380296 -27211
0.00039099 -26777
0.000401402 -26345
0.000410645 -25915
0.00041954 -25485
0.000430442 -25056
0.000439977 -24630
0.00044972 -24205
0.000460462 -23780
0.000470468 -23358
0.000479947 -22936
0.000492526 -22518
0.000503899 -22102
0.000513425 -21690
0.000524091 -21278
0.000535332 -20869
0.000544895 -20461
0.000555072 -20057
0.000565398 -19655
0.000576338 -19263
0.000587437 -18872
0.000599046 -18482
0.000610447 -18099
0.000621546 -17718
0.000631421 -17337
0.000640335 -16959
0.000652565 -16581
0.000664032 -16204
0.000675367 -15831
0.000687456 -15461
0.000699498 -15098
0.000711926 -14736
0.00072164 -14378
0.000733588 -14020
0.000746845 -13666
0.000758981 -13315
0.000771042 -12964
0.00078281 -12618
0.000794645 -12276
0.000806036 -11935
0.000817419 -11596
0.00082931 -11260
0.000841521 -10924
0.000854336 -10591
0.000865859 -10258
0.000880737 -9933
0.000894494 -9610
0.00091037 -9287
0.000925305 -8965
0.000940626 -8655
0.000952884 -8346
0.000964587 -8042
0.000977307 -7745
0.000992354 -7449
0.00100543 -7159
0.00102231 -6872
0.00103882 -6593
0.00105492 -6323
0.00107381 -6055
0.00108558 -5788
0.00110165 -5522
0.00111877 -5261
0.00113665 -5015
0.00115193 -4772
0.00116838 -4531
0.00118891 -4294
0.00120808 -4065
0.00122773 -3838
0.00125071 -3622
0.0012735 -3407
0.00129455 -3205
0.00131838 -3007
0.00133913 -2811
0.00136087 -2620
0.00138554 -2431
0.00140864 -2249
0.00143499 -2072
0.00146021 -1908
0.00149047 -1746
0.0015208 -1589
0.00155184 -1438
0.00158613 -1289
0.00161823 -1141
0.00164976 -1000
0.00168166 -866
0.00171243 -748
0.00175004 -635
0.00178853 -530
0.00183492 -429
0.00187444 -341
0.00191278 -253
0.00196612 -190
0.00201396 -130
0.00205424 -76
0.00208964 -25
0.00211573 10
0.00214376 40
0.0021729 63
0.00219717 83
0.00222423 101
0.00224787 122
0.00227238 139
0.00229857 142
0.00232405 165
0.00235009 169
0.00237848 170
0.00240528 175
0.00246047 186
0.00252284 189
0.0025493 191
0.00263797 199
0.00267147 202
0.00272729 203
0.00278111 207
0.00281073 212
0.00289623 217
0.00292692 224
0.00295652 228
0.0029878 232
0.00304424 239
0.00310212 249
0.00312872 259
0.00321063 265
0.00323991 272
0.00326828 274
0.00388157 275
0.00404667 277
0.00408212 279
0.00414685 290
0.00564036 297
0.00648797 308
0.00651476 322
0.00654496 326
2 326
