0 -10434
5.7e-08 -10098
1.8679e-05 -9778
4.7323e-05 -9478
8.2512e-05 -9223
0.00012331 -8985
0.000150927 -8752
0.000172585 -8533
0.0001918 -8314
0.000213383 -8098
0.000233457 -7883
0.000250363 -7671
0.000264845 -7462
0.000283278 -7254
0.000300363 -7053
0.000318278 -6855
0.000335976 -6671
0.000356219 -6490
0.000375548 -6310
0.000395971 -6132
0.000412858 -5961
0.00042966 -5790
0.000449112 -5621
0.000467658 -5454
0.000485271 -5289
0.00050295 -5127
0.000522109 -4967
0.000541533 -4808
0.000558005 -4652
0.000577428 -4496
0.000595701 -4342
0.000615332 -4191
0.000629607 -4041
0.00068271 -3896
0.000719218 -3761
0.000742205 -3627
0.000759243 -3494
0.000776498 -3365
0.000795893 -3240
0.000812591 -3119
0.000831571 -2998
0.000850108 -2878
0.000871483 -2764
0.000914497 -2652
0.000949346 -2541
0.000975134 -2432
0.000992831 -2325
0.00101476 -2221
0.00103322 -2122
0.00105158 -2027
0.00106872 -1933
0.00108726 -1839
0.00110375 -1746
0.00111973 -1655
0.0011356 -1565
0.00115172 -1479
0.00116882 -1397
0.00118735 -1316
0.00120276 -1236
0.00122037 -1156
0.00123633 -1083
0.00125366 -1011
0.00126844 -940
0.00128627 -874
0.0013033 -809
0.00132111 -746
0.00133724 -684
0.00135621 -622
0.00137117 -561
0.00138532 -503
0.00140002 -446
0.00141637 -391
0.00143414 -336
0.00144908 -283
0.00146463 -231
0.00147858 -179
0.00149485 -134
0.00152404 -89
0.00154126 -44
0.00155923 0
0.00157604 44
0.00159113 87
0.00160679 125
0.00162207 162
0.00163824 198
0.0016558 234
0.00167302 269
0.00168926 299
0.00170766 328
0.0017252 356
0.00174088 383
0.00175767 410
0.00177306 435
0.00179018 460
0.00180786 493
0.00182375 514
0.00183765 535
0.00185308 559
0.00186833 578
0.00188447 597
0.0019011 616
0.00191772 634
0.0019321 652
0.0019488 668
0.00196522 685
0.00198399 701
0.00199852 721
0.00201503 743
0.00203151 759
0.00204688 781
0.00206497 800
0.00208039 818
0.00210012 841
0.00211807 863
0.00213409 878
0.00214894 892
0.00216477 906
0.00217941 919
0.00219454 944
0.00221017 974
0.00222745 987
0.00224329 998
0.00225962 1008
0.00227937 1016
0.00229801 1026
0.00231689 1039
0.00233424 1066
0.00235499 1091
0.00237296 1100
0.00238853 1110
0.00240971 1118
0.0024149 1126
0.00242153 1132
0.00243277 1158
0.00245233 1164
0.00245511 1169
0.00246001 1179
0.00247097 1180
0.00248115 1184
0.0024912 1189
0.00266205 1191
0.00269382 1193
0.00270648 1200
0.00279919 1208
0.00297287 1213
0.00299187 1221
2 1221
