0 -3210
4.7e-08 -3026
6.977e-06 -2858
1.1889e-05 -2693
1.8791e-05 -2552
2.508e-05 -2413
3.5905e-05 -2281
4.5758e-05 -2153
5.6799e-05 -2025
6.4332e-05 -1899
7.0895e-05 -1782
7.7089e-05 -1666
8.3831e-05 -1554
8.9319e-05 -1452
9.541e-05 -1356
0.00010069 -1261
0.000106319 -1166
0.000112692 -1071
0.000118623 -983
0.000124073 -904
0.000129259 -829
0.000136444 -755
0.000141809 -682
0.000147673 -616
0.00015235 -555
0.000157913 -497
0.000162684 -441
0.000167917 -387
0.000174102 -336
0.000180127 -286
0.000186001 -237
0.000191046 -190
0.000195826 -143
0.000202021 -96
0.000207791 -50
0.000213071 -5
0.000218851 40
0.000223754 85
0.000227752 130
0.000232692 169
0.000236455 203
0.000240811 234
0.000246864 267
0.000252295 297
0.000258065 330
0.000262289 359
0.000266711 388
0.000270898 415
0.000275377 441
0.000279799 465
0.0002844 488
0.000289058 515
0.000294234 539
0.000299288 561
0.000304436 591
0.000308858 613
0.00031411 632
0.00031906 652
0.000323822 669
0.00032864 686
0.000333392 711
0.000339643 727
0.000342425 743
0.000344471 762
0.000348742 776
0.00035058 789
0.000352909 802
0.000357492 820
0.000361292 827
0.000362715 831
0.000363932 834
0.000366647 847
0.000368769 849
0.000375378 852
0.000384166 855
0.000395848 867
0.000613106 870
0.000614454 871
0.00061618 877
0.00073519 878
0.000980093 883
0.0010172 884
0.00102317 889
0.00117961 890
0.00122756 895
0.00122899 896
2 896
