0 -51519
3.8e-08 -50927
1.1341e-05 -50373
2.0797e-05 -49838
3.1365e-05 -49312
5.1785e-05 -48795
8.0576e-05 -48297
9.7357e-05 -47800
0.000122754 -47305
0.000140421 -46814
0.000156127 -46329
0.000171456 -45849
0.000186521 -45370
0.000201021 -44895
0.000216614 -44424
0.000231255 -43954
0.000246244 -43497
0.000260489 -43043
0.000276883 -42598
0.000292354 -42153
0.000307947 -41711
0.000323728 -41271
0.000338916 -40832
0.000353858 -40394
0.000369649 -39958
0.000384724 -39522
0.000400373 -39089
0.000415872 -38664
0.000431983 -38240
0.000446699 -37817
0.000462179 -37396
0.00047764 -36978
0.000493318 -36560
0.000508402 -36145
0.000523674 -35734
0.000538513 -35324
0.00055355 -34922
0.00056951 -34521
0.000585311 -34121
0.000601375 -33723
0.000617571 -33325
0.0006334 -32930
0.000648748 -32536
0.000665255 -32142
0.000680547 -31749
0.000695942 -31357
0.000711233 -30967
0.000728268 -30580
0.000743748 -30194
0.00076052 -29808
0.000776725 -29425
0.000792959 -29046
0.000809297 -28668
0.000824626 -28290
0.000842246 -27915
0.000860808 -27543
0.000876203 -27173
0.000892947 -26804
0.000910104 -26435
0.00092697 -26072
0.000943939 -25711
0.000962596 -25350
0.000986815 -24991
0.00100873 -24633
0.00102622 -24276
0.00104088 -23920
0.00105645 -23565
0.00107509 -23211
0.00109038 -22858
0.00110719 -22511
0.00112359 -22166
0.00114103 -21824
0.00115706 -21483
0.00117481 -21143
0.00119158 -20809
0.00121028 -20476
0.00122874 -20144
0.00124782 -19813
0.00126461 -19483
0.00128027 -19154
0.00129664 -18829
0.00131397 -18507
0.00133018 -18185
0.00134614 -17864
0.00136315 -17546
0.00138022 -17230
0.00139836 -16915
0.00141492 -16601
0.00143382 -16293
0.00147842 -15988
0.00151151 -15684
0.00153395 -15389
0.00155415 -15096
0.0015719 -14803
0.00158978 -14510
0.00160976 -14218
0.00163013 -13928
0.00164717 -13639
0.0016678 -13350
0.00168838 -13066
0.00170595 -12788
0.00172623 -12511
0.00174589 -12235
0.00176657 -11960
0.00179037 -11685
0.00181048 -11413
0.00183176 -11147
0.00185516 -10881
0.00188061 -10617
0.0019011 -10360
0.00192117 -10104
0.00194165 -9849
0.00196401 -9595
0.00198726 -9347
0.00201289 -9106
0.00204099 -8865
0.00206418 -8626
0.00208736 -8396
0.00215747 -8167
0.0021949 -7938
0.00222545 -7715
0.0022533 -7493
0.00227856 -7273
0.00230456 -7059
0.0023324 -6845
0.00236374 -6633
0.00239213 -6422
0.00241996 -6212
0.00244712 -6006
0.00247735 -5814
0.00250617 -5625
0.00253693 -5442
0.00256627 -5261
0.00259405 -5082
0.00262293 -4904
0.0026516 -4727
0.00268128 -4551
0.00271066 -4380
0.00274173 -4215
0.00276857 -4052
0.00279783 -3889
0.00283842 -3727
0.00287418 -3566
0.00291 -3406
0.00294412 -3249
0.00297378 -3103
0.00300577 -2957
0.00303861 -2812
0.00307406 -2670
0.00310611 -2530
0.00314117 -2396
0.0031734 -2265
0.00320952 -2140
0.00325037 -2017
0.00328675 -1896
0.00332277 -1776
0.00337521 -1660
0.00341905 -1545
0.0034612 -1433
0.00350591 -1326
0.00354905 -1221
0.00359217 -1117
0.00363502 -1017
0.00371037 -922
0.00377225 -829
0.00383337 -737
0.00388594 -651
0.00393074 -568
0.00396704 -490
0.00400441 -413
0.004043 -339
0.00408085 -277
0.00411575 -216
0.00415037 -162
0.00418514 -113
0.00421796 -68
0.00424962 -23
0.00427981 18
0.00430889 58
0.00433834 86
0.00436913 114
0.00439966 139
0.00443013 162
0.00445512 186
0.00448685 205
0.00452211 223
0.00454994 240
0.00457968 256
0.00460571 272
0.00463532 287
0.00466169 303
0.0046924 316
0.00472031 328
0.00474649 349
0.00477162 361
0.00479791 373
0.00482608 383
0.00486318 397
0.00489733 410
0.00492366 421
0.0049535 428
0.00498072 434
0.00500552 440
0.0050319 455
0.00505783 471
0.00508545 477
0.00511129 484
0.00513402 508
0.00516044 515
0.00519024 536
0.00522784 548
0.00527636 561
0.00532696 566
0.00536209 570
0.00541651 585
0.00546221 598
0.00549707 604
0.00552468 608
0.00555355 610
0.00560775 621
0.00573834 626
0.00615061 628
0.00684554 632
0.00687628 633
0.0070111 634
0.00704071 637
0.00706383 640
0.0070945 642
0.00714468 646
0.00719456 648
0.00723427 656
0.00727123 657
0.00730216 658
0.00733098 661
0.0073906 662
0.00756518 669
0.00759469 670
0.00762584 674
0.00879443 676
0.00882081 677
0.00887966 685
0.00896318 687
0.00903397 693
0.00906418 702
0.00909182 706
2 706
