0 -7059
5.4e-08 -6795
5.013e-06 -6554
1.0656e-05 -6322
2.026e-05 -6095
2.5588e-05 -5870
3.3949e-05 -5651
4.0762e-05 -5459
4.5532e-05 -5269
4.9654e-05 -5080
5.3677e-05 -4907
5.824e-05 -4734
6.3577e-05 -4563
6.8438e-05 -4394
7.3946e-05 -4231
7.8122e-05 -4075
8.2091e-05 -3920
8.6447e-05 -3770
9.0803e-05 -3623
9.5438e-05 -3477
0.000100082 -3333
0.000105203 -3190
0.000110252 -3057
0.000115113 -2928
0.000119361 -2799
0.000124563 -2671
0.000129657 -2544
0.000134499 -2418
0.000139395 -2297
0.000144111 -2180
0.00014988 -2073
0.000155289 -1969
0.000160501 -1865
0.000165622 -1763
0.000170743 -1665
0.000175162 -1568
0.000180193 -1472
0.000185017 -1386
0.000190948 -1300
0.00019624 -1215
0.000202297 -1130
0.000209102 -1047
0.000233366 -965
0.00024098 -884
0.000246875 -811
0.000253049 -739
0.000258873 -667
0.000265047 -596
0.000271914 -527
0.000277179 -467
0.00028302 -408
0.000288231 -350
0.000294693 -296
0.000301398 -245
0.000307654 -195
0.000313189 -150
0.000319264 -105
0.000324628 -61
0.000330136 -24
0.000336103 11
0.000341647 45
0.00034666 76
0.000351683 102
0.000356597 127
0.000363023 151
0.000367919 175
0.000373589 198
0.000379574 219
0.000385334 238
0.000391535 262
0.000397485 281
0.000403263 307
0.000409122 324
0.000413676 345
0.00041886 361
0.000424647 376
0.000429084 390
0.000434169 403
0.000439578 418
0.000444619 446
0.00045343 457
0.000458101 468
0.000462826 477
0.000468163 483
0.000473248 496
0.000478081 517
0.000483715 520
0.000488998 523
0.000494867 534
0.000499997 548
0.00050519 559
0.000510662 571
0.000516071 576
0.00052202 582
0.000533918 600
0.000541191 612
0.000546996 626
0.000549543 635
0.000552846 636
0.00056721 648
0.00057585 650
0.00057792 651
0.000579018 667
0.000591844 678
0.000724992 683
0.000731851 690
0.000735469 692
0.000754828 698
0.000758563 704
0.000893683 711
0.00103657 712
0.00106481 713
0.00106932 715
0.00107253 723
0.00168206 724
2 724
