0 -17060
5.6e-08 -16735
4.5251e-05 -16430
7.2769e-05 -16126
0.000108649 -15827
0.000189 -15542
0.000265291 -15258
0.000351339 -14980
0.000458454 -14706
0.000555869 -14432
0.000651748 -14166
0.00073967 -13909
0.000822704 -13656
0.000899777 -13412
0.000976888 -13171
0.00105076 -12935
0.00112551 -12699
0.00119337 -12467
0.00128804 -12241
0.00139885 -12017
0.00150355 -11794
0.00160573 -11572
0.00170192 -11351
0.00179133 -11133
0.00190886 -10924
0.00200874 -10719
0.00209947 -10514
0.00218798 -10309
0.00228686 -10106
0.00238731 -9906
0.0025066 -9711
0.00259858 -9519
0.00268465 -9329
0.00275761 -9144
0.00282248 -8961
0.00288701 -8778
0.00294905 -8596
0.00301349 -8414
0.00307526 -8233
0.00312524 -8053
0.00317317 -7879
0.00321558 -7705
0.00325827 -7532
0.00330188 -7360
0.00334482 -7191
0.00338665 -7023
0.00342741 -6859
0.00346813 -6695
0.00351087 -6531
0.00355055 -6368
0.00358469 -6212
0.0036259 -6061
0.00367973 -5911
0.00378206 -5765
0.00387296 -5619
0.0039656 -5474
0.00405533 -5332
0.00412476 -5190
0.00418104 -5057
0.00422808 -4925
0.00427705 -4794
0.00433178 -4665
0.0043801 -4537
0.00442798 -4414
0.00447448 -4291
0.00451377 -4169
0.0045493 -4048
0.0045887 -3927
0.00462679 -3808
0.004663 -3694
0.00469524 -3582
0.00473622 -3471
0.00477397 -3360
0.00481281 -3252
0.00484574 -3147
0.0048794 -3043
0.00492077 -2942
0.00495683 -2845
0.00499343 -2748
0.00503403 -2653
0.00508097 -2559
0.00512982 -2465
0.00516448 -2377
0.00519657 -2293
0.00522954 -2209
0.00527284 -2126
0.00532064 -2043
0.00537541 -1965
0.00543214 -1887
0.00546976 -1809
0.00550836 -1734
0.00554885 -1660
0.00561514 -1588
0.00566454 -1517
0.00570632 -1448
0.00574299 -1382
0.00577556 -1318
0.00580834 -1255
0.0058418 -1193
0.00587682 -1133
0.00590762 -1073
0.00594554 -1014
0.00597621 -956
0.00600978 -899
0.00604119 -842
0.00607329 -785
0.00610195 -730
0.0061314 -675
0.00615954 -620
0.00618737 -568
0.0062189 -518
0.00625293 -469
0.00627932 -420
0.00631234 -373
0.00634273 -327
0.00637758 -281
0.00641185 -237
0.00644685 -194
0.00652983 -151
0.00659437 -109
0.00664356 -68
0.00668663 -27
0.00672778 13
0.00677035 52
0.00680602 87
0.00683763 122
0.00686716 157
0.00689335 191
0.00691912 225
0.00695616 258
0.0069869 290
0.00702282 320
0.00705509 350
0.00708663 379
0.007121 405
0.00715547 430
0.00718914 456
0.00722702 480
0.00726091 504
0.00729043 526
0.00731956 548
0.00735014 570
0.00737545 591
0.00740452 619
0.00743884 640
0.00749278 661
0.00755552 681
0.00760458 700
0.0076442 721
0.00767591 740
0.00770884 759
0.0077377 777
0.00776725 795
0.00779918 812
0.00782727 828
0.00785717 844
0.00789213 860
0.00792212 879
0.00795244 895
0.00798623 911
0.00801583 926
0.00804246 943
0.00807246 958
0.00810341 973
0.00813505 987
0.00816455 1003
0.00819126 1021
0.00821883 1035
0.00824391 1051
0.00827449 1069
0.00830785 1086
0.00833621 1101
0.00836568 1120
0.00839644 1134
0.00842482 1149
0.00845124 1169
0.00848244 1184
0.00851515 1198
0.00855024 1219
0.00858222 1232
0.00861212 1249
0.00864683 1263
0.00867839 1275
0.0087113 1287
0.0087433 1299
0.00877454 1314
0.00880753 1327
0.0088392 1338
0.00887541 1351
0.00890873 1367
0.00894148 1381
0.0089693 1398
0.00899969 1410
0.00902639 1421
0.00905612 1438
0.00908559 1451
0.00911691 1463
0.00914558 1474
0.00917286 1485
0.00918789 1495
0.00921143 1505
0.00924709 1515
0.00925862 1524
0.00927223 1533
0.00930947 1545
0.00934636 1554
0.0094093 1562
0.00944275 1570
0.0094583 1578
0.00948469 1586
0.00950525 1593
0.00951088 1600
0.00952097 1606
0.0095315 1612
0.0095758 1621
0.00958293 1626
0.00958997 1631
0.00959713 1638
0.00961621 1642
0.00962076 1646
0.00962814 1650
0.00964479 1663
0.00968691 1667
0.00969556 1671
0.00970835 1677
0.00972692 1682
0.00973158 1685
0.00974119 1692
0.00977667 1697
0.00979254 1703
0.00981021 1706
0.00981452 1711
0.00982731 1714
0.00983098 1715
0.00984668 1724
0.00987303 1727
0.00987715 1728
0.00988552 1732
0.00990031 1735
0.00991322 1745
0.00994928 1753
0.00997639 1754
0.00998536 1758
0.00999678 1769
0.0102081 1772
0.0102376 1774
0.0110949 1775
2 1775
