0 -28105
5.4e-08 -27839
8.478e-06 -27606
1.6335e-05 -27375
2.6604e-05 -27147
4.2598e-05 -26923
6.3901e-05 -26700
8.6339e-05 -26485
0.00010496 -26270
0.000121808 -26056
0.00013854 -25843
0.000154758 -25631
0.000170832 -25421
0.000186826 -25213
0.000214843 -25006
0.000237362 -24799
0.000257198 -24593
0.000274965 -24389
0.000291426 -24185
0.000307545 -23982
0.000323908 -23779
0.000340027 -23577
0.000356425 -23376
0.000372491 -23177
0.000388394 -22980
0.000404216 -22783
0.000420309 -22586
0.000436185 -22390
0.000452088 -22195
0.000467974 -22000
0.000484336 -21806
0.00050113 -21612
0.000517421 -21419
0.000533621 -21227
0.000549668 -21035
0.000566031 -20843
0.000582375 -20651
0.000598584 -20460
0.000614902 -20270
0.000634864 -20081
0.000651029 -19892
0.000667499 -19703
0.000684455 -19514
0.000701007 -19325
0.000717225 -19137
0.000733461 -18950
0.000750787 -18764
0.000767599 -18578
0.00078406 -18392
0.000800441 -18208
0.000817235 -18025
0.000833822 -17843
0.000850059 -17662
0.000866169 -17483
0.00088272 -17304
0.00089884 -17125
0.000915202 -16947
0.000931591 -16769
0.000947999 -16591
0.000964433 -16414
0.000981029 -16237
0.000997473 -16060
0.00101372 -15884
0.0010298 -15709
0.00104598 -15535
0.00106369 -15362
0.00108153 -15190
0.00109935 -15019
0.00111638 -14848
0.00113427 -14677
0.00115145 -14508
0.00116922 -14339
0.0011866 -14170
0.0012042 -14003
0.00123204 -13837
0.00125241 -13671
0.00127 -13505
0.00128661 -13339
0.00130494 -13174
0.00132373 -13009
0.00134143 -12845
0.00136002 -12682
0.00137955 -12519
0.00139715 -12357
0.00141491 -12196
0.00143269 -12035
0.00145133 -11875
0.00146866 -11716
0.00149501 -11557
0.00152332 -11399
0.00154134 -11241
0.00155963 -11084
0.00157826 -10928
0.00159799 -10773
0.00161763 -10619
0.00164016 -10465
0.00166421 -10312
0.00168958 -10159
0.00172134 -10007
0.00174854 -9855
0.00177494 -9704
0.00180133 -9553
0.00183029 -9402
0.00185495 -9252
0.0018752 -9102
0.0018988 -8953
0.00192769 -8805
0.00194811 -8657
0.00196659 -8510
0.00198673 -8364
0.00200855 -8220
0.00202823 -8077
0.00205322 -7934
0.00208013 -7791
0.00213513 -7649
0.00216614 -7507
0.00218907 -7366
0.00220813 -7226
0.00222664 -7088
0.00224643 -6950
0.00226801 -6814
0.00228789 -6678
0.00230821 -6543
0.00232681 -6409
0.00234657 -6277
0.00236973 -6145
0.00239165 -6013
0.00241575 -5882
0.00243935 -5752
0.00246914 -5623
0.00249211 -5494
0.00251248 -5367
0.00253768 -5242
0.00257206 -5117
0.00259603 -4992
0.00261808 -4867
0.00264885 -4743
0.00267667 -4621
0.00269972 -4502
0.00272703 -4383
0.00275161 -4264
0.00277645 -4146
0.00279987 -4029
0.0028243 -3912
0.00285175 -3797
0.00287495 -3683
0.00290249 -3569
0.00293013 -3459
0.0029587 -3350
0.00298359 -3241
0.00301199 -3134
0.00305759 -3027
0.00309499 -2920
0.00312229 -2814
0.00314766 -2708
0.00317691 -2606
0.00320706 -2506
0.00323685 -2406
0.00326954 -2308
0.00330065 -2211
0.00333925 -2116
0.00336975 -2023
0.00339882 -1930
0.00343953 -1839
0.00346824 -1749
0.00349981 -1662
0.00353146 -1577
0.00356276 -1492
0.00359599 -1408
0.00365802 -1327
0.00371328 -1249
0.00377019 -1171
0.00382159 -1096
0.00387391 -1022
0.00392658 -951
0.00398411 -881
0.00404001 -815
0.00409285 -749
0.00415644 -683
0.00421402 -619
0.00428023 -556
0.00434876 -500
0.0044167 -448
0.00448909 -398
0.00457102 -348
0.00465062 -300
0.00472403 -257
0.00481222 -215
0.00493749 -176
0.00504284 -138
0.00513708 -102
0.00522543 -67
0.00533249 -38
0.00544397 -12
0.00555448 12
0.00565476 34
0.00576026 55
0.00585869 71
0.00594941 84
0.00603487 101
0.00613046 116
0.00623342 129
0.00631542 140
0.00639197 152
0.00652928 164
0.00665174 178
0.00672918 189
0.00679673 200
0.00708942 215
0.00719533 227
0.007285 237
0.00736317 250
0.0074314 262
0.00750773 268
0.00758617 275
0.00766548 283
0.00774037 290
0.00781491 298
0.00789499 306
0.00796968 313
0.00807583 321
0.00815554 331
0.00823129 338
0.00830158 348
0.00837865 359
0.00846275 361
0.0085454 365
0.00862463 367
0.00870483 373
0.00878613 377
0.00886092 378
0.0089319 381
0.00900637 385
0.00908364 388
0.00916163 393
0.00924947 397
0.00933506 401
0.0094224 403
0.00967159 408
0.00975951 410
0.00987221 412
0.0102548 417
0.0103373 422
0.0105351 423
0.0106331 425
0.0107204 426
0.010889 427
0.0109687 429
0.0116431 431
0.011864 433
0.0130041 435
0.0131867 437
0.0165628 441
0.0166637 443
0.0167601 447
0.0169369 453
0.0209275 455
2 455
