0 -19682
5.4e-08 -19320
8.559e-06 -18996
1.5192e-05 -18697
2.0295e-05 -18402
2.907e-05 -18111
4.5847e-05 -17827
7.138e-05 -17545
8.2199e-05 -17264
9.2666e-05 -16983
0.000102323 -16704
0.000117281 -16430
0.000126147 -16157
0.000134643 -15890
0.000142878 -15624
0.000150861 -15366
0.000159348 -15110
0.000168312 -14855
0.000177151 -14604
0.000185431 -14353
0.000194395 -14106
0.000203098 -13861
0.000212395 -13616
0.000221702 -13371
0.000230828 -13129
0.000239531 -12890
0.000248513 -12652
0.000258368 -12415
0.000269817 -12180
0.000278475 -11946
0.00031966 -11716
0.000335059 -11487
0.00034504 -11264
0.000355372 -11043
0.000365327 -10822
0.0003743 -10603
0.000384317 -10385
0.000394352 -10172
0.000403307 -9961
0.000413136 -9752
0.000422559 -9543
0.000431712 -9336
0.000441117 -9135
0.000450792 -8935
0.000460495 -8739
0.000470494 -8543
0.000480511 -8354
0.000490258 -8169
0.000499393 -7984
0.000510266 -7802
0.00052103 -7621
0.000530939 -7440
0.000541901 -7261
0.000551702 -7084
0.000560901 -6910
0.000570747 -6737
0.000580638 -6564
0.000590412 -6394
0.000601726 -6225
0.000612562 -6057
0.000624055 -5889
0.000634612 -5729
0.000644404 -5570
0.000654656 -5412
0.000665447 -5256
0.000675536 -5101
0.000686408 -4948
0.00069747 -4798
0.000707973 -4649
0.000718503 -4503
0.000728502 -4357
0.000740742 -4214
0.000751633 -4076
0.000763099 -3941
0.000774799 -3807
0.000789812 -3680
0.000802835 -3553
0.000815777 -3426
0.000827774 -3301
0.000840375 -3178
0.000851148 -3058
0.000863694 -2939
0.000876042 -2821
0.000890875 -2708
0.000902719 -2597
0.000915517 -2487
0.000926893 -2378
0.000939485 -2270
0.000952733 -2163
0.000967043 -2057
0.000980913 -1954
0.00099759 -1854
0.00101212 -1754
0.00102714 -1657
0.00104271 -1566
0.00105739 -1477
0.00107204 -1391
0.00108814 -1307
0.00110434 -1227
0.00112055 -1148
0.00113523 -1072
0.00115276 -997
0.00116993 -925
0.00118935 -855
0.00120557 -786
0.00122293 -720
0.00124275 -658
0.00126307 -597
0.00127944 -536
0.00129772 -477
0.00131924 -419
0.00133577 -363
0.00135434 -312
0.00137093 -263
0.00138813 -215
0.00140594 -170
0.00142424 -130
0.0014408 -94
0.00145577 -59
0.0014718 -28
0.00148877 1
0.00150738 30
0.00152329 58
0.00153735 85
0.00155166 110
0.00156532 134
0.00157866 155
0.00159045 175
0.00160368 191
0.00161777 206
0.00163136 221
0.00164468 237
0.00165824 248
0.00167107 260
0.00168468 279
0.00169711 296
0.00171113 308
0.00172559 323
0.00174004 338
0.00175341 349
0.0017668 367
0.00177912 378
0.00179354 397
0.00180835 408
0.00182197 424
0.00183559 437
0.00184992 452
0.00187734 462
0.00190318 475
0.00192019 485
0.00193526 500
0.00194985 507
0.00196477 523
0.00198939 535
0.00200891 550
0.00202464 561
0.00203763 568
0.00205217 577
0.00206651 584
0.00208029 590
0.00209417 604
0.0021074 613
0.00212399 618
0.00213906 622
0.00215237 624
0.0021678 631
0.00218247 633
0.00219652 641
0.00221094 645
0.00224243 662
0.00234291 667
0.00236188 669
0.00237953 670
0.0024127 671
0.00259125 672
0.00261028 675
0.00262721 677
0.00264382 679
0.00266112 680
0.00267564 684
0.00268952 688
0.00270572 689
0.00274525 690
0.00277395 691
0.00298769 692
0.00300146 696
0.00301622 697
0.00345614 701
0.00347161 705
0.00348717 708
0.0034995 710
0.00351478 711
0.00354458 720
0.00355889 721
0.00376107 723
0.00377718 725
0.00412321 728
0.00415283 739
0.0041826 741
0.00421699 744
0.00423283 749
0.00427231 750
0.00508947 756
0.00682773 760
0.00820202 762
0.00832424 765
0.00871507 773
0.00872906 776
0.00875719 778
0.0149519 781
0.0149659 784
0.0149795 786
0.0174824 789
0.0188674 790
2 790
