0 -9755
5.4e-08 -9478
5.157e-06 -9208
8.658e-06 -8955
1.2879e-05 -8712
1.9638e-05 -8470
2.5227e-05 -8228
3.2445e-05 -7994
3.8718e-05 -7769
4.3156e-05 -7548
4.7161e-05 -7329
5.1463e-05 -7117
5.4919e-05 -6906
5.9401e-05 -6696
6.3766e-05 -6490
6.8599e-05 -6285
7.2856e-05 -6083
7.7509e-05 -5882
8.1514e-05 -5689
8.5573e-05 -5501
9.0263e-05 -5318
9.5114e-05 -5138
9.947e-05 -4958
0.000103646 -4778
0.0001082 -4598
0.000112268 -4422
0.000117128 -4246
0.000120962 -4073
0.000125579 -3902
0.000130556 -3733
0.000135003 -3577
0.000140232 -3421
0.000145011 -3273
0.000149754 -3126
0.000154731 -2984
0.000159384 -2842
0.000165162 -2703
0.00016977 -2576
0.000174819 -2449
0.000179148 -2322
0.000184909 -2196
0.000190597 -2076
0.000196762 -1964
0.000202864 -1855
0.000208849 -1747
0.000214213 -1639
0.000219784 -1534
0.000224977 -1432
0.000230981 -1335
0.000236255 -1240
0.000241907 -1145
0.000247334 -1055
0.000252968 -965
0.000258872 -876
0.000264713 -788
0.000270311 -703
0.000275819 -628
0.000281544 -554
0.000288222 -486
0.000294288 -425
0.000300993 -369
0.000309795 -313
0.000317166 -259
0.000322755 -212
0.000329137 -167
0.000339928 -124
0.000345661 -84
0.000351763 -46
0.000376172 -8
0.000386954 29
0.000393695 66
0.000401327 101
0.000407582 136
0.00041318 161
0.000418995 186
0.000424458 218
0.000429336 240
0.000435384 261
0.00044172 282
0.000447813 301
0.000452898 318
0.000457488 330
0.000461745 338
0.000466831 344
0.000471448 354
0.000476641 364
0.00048196 379
0.000487738 393
0.000492733 410
0.000498259 424
0.000503398 437
0.000508249 447
0.000513569 460
0.000518654 468
0.000523568 485
0.000528734 501
0.000533243 512
0.000538076 520
0.000542909 536
0.000548975 547
0.000555374 555
0.000560333 562
0.000565869 574
0.000571818 581
0.000577758 586
0.000582843 598
0.000587253 607
0.000592887 610
0.000598629 611
0.000614389 619
0.000644647 621
0.00069125 623
0.000696794 626
0.000704796 629
0.000706164 632
0.000708648 648
0.000768319 653
0.000771235 658
0.000774268 662
0.000776545 666
0.000782917 682
0.000792151 686
0.00079865 687
0.000855 688
0.00111085 690
0.0011161 695
0.00120248 699
0.00120348 701
0.00121443 706
0.00123796 710
0.00150415 711
0.00213488 721
0.00214032 726
0.00214108 729
0.00221009 739
0.00226215 742
0.00251103 743
0.00251282 744
0.00277745 752
2 752
