0 -40741
5.6e-08 -40514
1.5604e-05 -40287
2.9731e-05 -40062
4.9526e-05 -39845
9.0135e-05 -39629
0.000126825 -39413
0.000171398 -39198
0.000215887 -38984
0.000258134 -38771
0.000309252 -38561
0.000349964 -38352
0.000393454 -38144
0.000432998 -37937
0.000471798 -37734
0.000510457 -37533
0.000549323 -37334
0.000613928 -37135
0.000663548 -36937
0.000709101 -36741
0.000752459 -36545
0.000794395 -36349
0.000835164 -36154
0.000875584 -35960
0.000916465 -35767
0.000957074 -35574
0.000997202 -35381
0.0010371 -35189
0.00107688 -34997
0.00111669 -34806
0.00115647 -34616
0.00119614 -34426
0.00123902 -34237
0.00130486 -34049
0.00134614 -33861
0.00138646 -33673
0.00142627 -33486
0.00146613 -33299
0.00150578 -33113
0.00154545 -32927
0.00158484 -32742
0.00162444 -32557
0.00166426 -32372
0.00171656 -32187
0.00175699 -32002
0.00179687 -31818
0.00183627 -31634
0.0018755 -31451
0.00191475 -31270
0.0019541 -31089
0.0019976 -30909
0.0020373 -30729
0.00207695 -30549
0.00211684 -30370
0.00215662 -30191
0.00219629 -30013
0.00223632 -29835
0.00227635 -29657
0.00231676 -29480
0.00235728 -29304
0.00239747 -29128
0.00244973 -28953
0.00249115 -28778
0.00253163 -28603
0.00257181 -28429
0.00261228 -28256
0.00265235 -28083
0.00269226 -27912
0.00273234 -27741
0.00277379 -27570
0.0028343 -27399
0.0028991 -27229
0.00296845 -27059
0.00303326 -26889
0.00309726 -26720
0.0031641 -26552
0.00322786 -26384
0.00331421 -26216
0.00337804 -26049
0.00344038 -25882
0.00348884 -25715
0.00352954 -25548
0.00358326 -25382
0.00362706 -25216
0.00366933 -25051
0.0037111 -24887
0.00375238 -24723
0.00379344 -24559
0.00383405 -24395
0.0038746 -24232
0.00391509 -24069
0.00395562 -23906
0.00399607 -23743
0.00403664 -23581
0.00407701 -23419
0.00411781 -23257
0.00415835 -23095
0.0042026 -22934
0.0042537 -22773
0.00429434 -22612
0.00433485 -22451
0.00437521 -22290
0.00441579 -22130
0.00445631 -21971
0.00449676 -21812
0.00453763 -21653
0.00457823 -21494
0.00461872 -21335
0.00466827 -21176
0.00470921 -21017
0.00474956 -20858
0.00478982 -20700
0.00483018 -20542
0.00487117 -20384
0.00491199 -20226
0.00495269 -20069
0.00500921 -19912
0.00506603 -19756
0.00510717 -19600
0.00516373 -19445
0.00522312 -19290
0.00529327 -19135
0.00534382 -18981
0.0053871 -18827
0.00542961 -18673
0.00548555 -18519
0.00555556 -18366
0.00561259 -18213
0.00565664 -18060
0.00571244 -17907
0.00575914 -17755
0.00580051 -17603
0.00589855 -17452
0.00597326 -17301
0.00604191 -17152
0.00611228 -17004
0.00627668 -16856
0.00634966 -16708
0.00641955 -16560
0.00648931 -16412
0.00655203 -16264
0.00660191 -16117
0.00665071 -15970
0.00670407 -15823
0.00675283 -15677
0.00684482 -15532
0.00691028 -15387
0.0069777 -15242
0.00704415 -15098
0.0071093 -14954
0.00717734 -14810
0.00724281 -14666
0.00730761 -14523
0.00737526 -14380
0.0074971 -14238
0.00760143 -14096
0.00766392 -13955
0.00771625 -13815
0.00786327 -13675
0.00793697 -13535
0.00803341 -13395
0.008091 -13255
0.00814464 -13116
0.00819778 -12977
0.0082506 -12838
0.00830325 -12699
0.00836252 -12560
0.00841644 -12422
0.00847094 -12284
0.00852357 -12146
0.00858068 -12008
0.00863412 -11870
0.00868792 -11733
0.00875807 -11596
0.00881374 -11459
0.00886803 -11323
0.00892571 -11187
0.00898063 -11052
0.00906016 -10917
0.00911743 -10783
0.00917283 -10649
0.00922811 -10515
0.00935263 -10382
0.0094234 -10250
0.0094794 -10118
0.00953533 -9987
0.00959161 -9856
0.00964761 -9725
0.00970438 -9595
0.00976141 -9466
0.00981817 -9337
0.00988007 -9208
0.00993805 -9079
0.00999519 -8951
0.0100538 -8823
0.0101127 -8696
0.0101708 -8569
0.0102269 -8443
0.0102963 -8318
0.0104063 -8193
0.0104697 -8068
0.0105286 -7944
0.0105875 -7820
0.0106464 -7697
0.0107069 -7575
0.0107691 -7453
0.0108346 -7331
0.0108982 -7211
0.0109613 -7091
0.0110237 -6972
0.0110869 -6853
0.0111511 -6734
0.0112153 -6616
0.0112941 -6499
0.0113597 -6382
0.0114348 -6265
0.0114993 -6149
0.0115706 -6033
0.0116506 -5918
0.0117418 -5803
0.011819 -5688
0.0118862 -5575
0.0119537 -5462
0.0120228 -5350
0.0120925 -5238
0.0121607 -5128
0.0122341 -5018
0.0123022 -4910
0.0123694 -4802
0.0124368 -4694
0.0125049 -4586
0.0125756 -4479
0.0126476 -4373
0.0127242 -4267
0.0128012 -4162
0.0128836 -4058
0.012956 -3955
0.0130356 -3853
0.0131069 -3751
0.0131939 -3651
0.0133326 -3551
0.0134108 -3453
0.0134871 -3355
0.0135631 -3257
0.0137007 -3162
0.0138167 -3068
0.0139129 -2974
0.0139986 -2881
0.0140848 -2788
0.0141671 -2696
0.0142477 -2606
0.0143259 -2516
0.0144135 -2428
0.014492 -2341
0.0145739 -2255
0.014667 -2169
0.0147634 -2085
0.0148653 -2003
0.0149568 -1922
0.0150465 -1841
0.0151696 -1764
0.0152766 -1689
0.0153765 -1614
0.0154781 -1540
0.0155838 -1466
0.0156899 -1393
0.0158029 -1322
0.0159312 -1251
0.0160457 -1181
0.016176 -1113
0.0163246 -1048
0.0164536 -984
0.0165864 -921
0.0167235 -859
0.0168645 -798
0.0170231 -739
0.0171859 -682
0.0173788 -627
0.017551 -574
0.0177253 -522
0.0179014 -472
0.0180859 -424
0.0182712 -377
0.0184641 -336
0.0186684 -296
0.0188723 -260
0.0190917 -225
0.0193056 -190
0.0195208 -158
0.0197391 -126
0.0199631 -96
0.0201914 -70
0.0204114 -45
0.0206304 -22
0.0208553 -1
0.0210714 15
0.0212862 32
0.0214873 48
0.0217003 63
0.0219007 78
0.0220943 91
0.0222771 106
0.0224754 118
0.0226613 129
0.0228591 140
0.0230481 152
0.0232261 163
0.0234322 175
0.0236147 188
0.0238238 200
0.0240062 213
0.024194 223
0.0243722 234
0.0245761 244
0.0247599 253
0.0249515 262
0.0251395 272
0.0253415 285
0.0256084 294
0.0258121 304
0.0260733 312
0.0262713 320
0.0264735 329
0.026668 335
0.0268694 343
0.0270608 348
0.0272795 353
0.0274951 357
0.0276944 360
0.0279012 363
0.0281184 367
0.0285462 369
0.029678 371
0.0298912 373
0.0352441 378
0.035473 380
0.0357001 381
0.0359254 382
0.0361402 383
0.0365937 385
0.0393584 388
0.0400058 389
0.0404548 390
0.0406856 393
0.0408973 395
0.0411137 402
0.0413552 403
0.0415978 404
0.0446726 405
0.0454505 407
0.0459045 409
0.0468428 413
0.0481006 414
0.0486872 415
0.0493993 416
0.0496157 418
0.158017 421
0.159275 422
0.159531 423
0.160057 426
2 426
