876 0.01018
854 0.0046125
837 0.0157578
798 0.0667342
812 0.0309339
824 0.00754915
842 0.0249094
847 0.00525618
817 0.088225
317 0.0745546
324 0.0635865
360 0.0692755
355 0.0860206
360 0.0794985
319 0.0716922
348 0.0608768
312 0.0681095
360 0.0979241
314 0.0879692
1292 0.00229469
1256 0.00172353
1212 0.00107695
1207 0.0020255
1272 0.00160769
1235 0.00191822
1245 0.00225095
1280 0.00342537
1313 0.00415214
1297 0.00169198
1180 0.00463983
1199 0.00329783
1161 0.00286838
1189 0.00345382
1143 0.0023452
1210 0.00310675
1144 0.00316789
1137 0.00199499
1090 0.0022756
1102 0.00200039
