0 -14813
5.6e-08 -14502
2.6934e-05 -14199
4.68e-05 -13910
7.5588e-05 -13623
0.000106482 -13364
0.000148751 -13106
0.000210773 -12863
0.000261861 -12622
0.00029723 -12382
0.000322516 -12145
0.000364158 -11912
0.000436347 -11684
0.000488408 -11460
0.000526193 -11244
0.000556675 -11028
0.000581896 -10813
0.000608287 -10599
0.00063289 -10389
0.000658635 -10179
0.000683706 -9973
0.000705594 -9772
0.000770097 -9573
0.000817843 -9375
0.000851883 -9179
0.000880427 -8985
0.000905133 -8792
0.000925504 -8600
0.000948581 -8410
0.000970731 -8221
0.000991646 -8036
0.00101462 -7853
0.00103477 -7673
0.00106168 -7494
0.00108111 -7324
0.00110417 -7155
0.00112789 -6987
0.00115151 -6823
0.0011725 -6661
0.00119698 -6501
0.00121835 -6342
0.00123787 -6183
0.00126414 -6024
0.00128393 -5868
0.00130522 -5715
0.00132499 -5563
0.00134627 -5417
0.00136738 -5277
0.0013882 -5140
0.00141064 -5003
0.00143137 -4866
0.00145347 -4731
0.00147516 -4596
0.00149424 -4462
0.00151229 -4330
0.00153167 -4200
0.00155258 -4070
0.00157355 -3942
0.00159343 -3814
0.00161431 -3688
0.00163605 -3563
0.00165701 -3438
0.0016763 -3316
0.00169494 -3194
0.0017147 -3074
0.00173245 -2955
0.00175365 -2842
0.00177081 -2730
0.0017902 -2620
0.00181279 -2510
0.00183455 -2405
0.00185695 -2300
0.00187663 -2195
0.00189657 -2091
0.0019184 -1987
0.00193723 -1885
0.00195674 -1784
0.00197546 -1689
0.00199505 -1600
0.00201622 -1511
0.0020385 -1422
0.00205901 -1335
0.00207808 -1251
0.00209966 -1167
0.00212203 -1085
0.0021431 -1004
0.00216301 -927
0.00218078 -851
0.0022038 -777
0.00222543 -705
0.00224339 -634
0.0022645 -566
0.00228389 -500
0.00230245 -436
0.00232275 -373
0.00234371 -310
0.00236498 -248
0.00238266 -189
0.00240377 -130
0.00242297 -72
0.00244278 -17
0.00246339 37
0.00248162 90
0.0025025 142
0.0025236 193
0.00254375 244
0.00256433 294
0.00258464 344
0.00261851 390
0.0026374 436
0.00265841 481
0.00267861 524
0.00269869 566
0.00271847 605
0.00273725 644
0.00275547 683
0.00277516 720
0.0027945 757
0.00282211 791
0.0028428 823
0.00286234 855
0.00287944 886
0.00290071 916
0.00291877 941
0.00293791 966
0.00295825 990
0.00297734 1013
0.00299519 1036
0.00301552 1059
0.00304002 1081
0.00306057 1103
0.00308184 1124
0.00310144 1144
0.00311994 1163
0.00314365 1181
0.00316189 1198
0.00318136 1214
0.00320273 1230
0.00322023 1245
0.00323977 1258
0.00326442 1271
0.00328443 1283
0.00330327 1296
0.00332281 1307
0.00334191 1318
0.00336061 1329
0.00337774 1340
0.00339674 1350
0.00341795 1360
0.00343911 1369
0.0034573 1378
0.00347367 1388
0.0034925 1396
0.0035127 1407
0.00353233 1425
0.00355035 1436
0.00356872 1449
0.00358814 1457
0.00360813 1465
0.0036284 1473
0.00364904 1481
0.00366847 1488
0.00368799 1495
0.00370662 1502
0.00372551 1509
0.00374445 1515
0.00376502 1534
0.00378518 1547
0.00380405 1553
0.00382429 1558
0.0038435 1563
0.00386335 1568
0.00388121 1576
0.00390195 1582
0.00392193 1586
0.0039423 1594
0.00396003 1597
0.00397829 1600
0.0039958 1609
0.0040149 1612
0.00403554 1621
0.00405586 1627
0.00408113 1629
0.0041011 1631
0.00412097 1633
0.00414095 1634
0.00418296 1642
0.00422144 1648
0.00426289 1652
0.0049042 1653
0.00494116 1655
0.00505399 1662
0.00507221 1663
0.00554277 1664
0.00556038 1666
0.00557809 1668
0.00559626 1670
0.00561311 1675
0.00568264 1676
0.0057005 1677
0.00584794 1679
0.00586609 1681
0.00588355 1683
0.00598871 1684
0.00661367 1688
0.00663422 1690
0.00698969 1693
0.00700949 1702
0.00702901 1706
0.00704632 1709
0.00711526 1710
0.00713293 1712
0.00715101 1716
0.00717175 1718
0.00749545 1720
0.00752949 1721
0.0075461 1722
0.00756397 1732
2 1732
