0 -1363
6.6e-08 -1229
5.767e-06 -1102
1.0355e-05 -992
1.6459e-05 -884
2.3255e-05 -793
2.9537e-05 -705
5.2717e-05 -625
6.2098e-05 -546
6.9849e-05 -468
7.5822e-05 -398
8.1523e-05 -328
8.7421e-05 -259
9.3469e-05 -191
9.8937e-05 -127
0.000104526 -65
0.000110152 -5
0.000116321 54
0.000121976 105
0.000127406 149
0.000132583 192
0.000138359 233
0.000143939 273
0.000149556 312
0.000155276 348
0.000161146 383
0.000166688 412
0.000172951 441
0.000178288 468
0.00018398 493
0.00019058 518
0.000206748 541
0.000218703 563
0.000224947 584
0.000229834 605
0.000234992 626
0.000239973 646
0.000244897 666
0.000249962 685
0.000254905 702
0.000260635 719
0.000265643 744
0.000271373 759
0.000276943 774
0.000282026 789
0.000287119 809
0.000292802 823
0.000297979 837
0.000305637 848
0.000307509 854
0.000311601 862
0.000316066 868
0.000318042 873
0.000319905 878
0.000322273 891
0.000329922 893
0.000332421 894
0.000334022 900
0.000335801 904
0.000337252 905
0.000338741 915
0.00035136 920
0.000354543 921
0.00035577 922
0.000357652 923
0.000362613 925
0.000401793 929
0.000411314 934
0.000414328 939
0.000436141 948
0.000440438 949
0.000441927 956
0.000450287 959
0.000475031 962
0.000485937 968
0.000489307 976
2 976
