0 -41286
5.6e-08 -40746
1.1189e-05 -40233
2.7784e-05 -39722
5.1798e-05 -39233
8.1604e-05 -38750
0.000105637 -38282
0.000123172 -37818
0.000138019 -37360
0.000153646 -36910
0.00016915 -36463
0.000184185 -36020
0.000198749 -35580
0.000215072 -35146
0.000231197 -34712
0.000244953 -34279
0.000259828 -33846
0.00027522 -33414
0.000296244 -32982
0.000316215 -32560
0.000332302 -32140
0.000347233 -31722
0.000362212 -31305
0.000378553 -30890
0.00039465 -30478
0.000410992 -30067
0.000427211 -29657
0.000445612 -29250
0.000463335 -28843
0.000480119 -28440
0.000495078 -28043
0.000510479 -27652
0.000527921 -27266
0.000543604 -26882
0.000559109 -26506
0.000574745 -26131
0.000590842 -25762
0.000606225 -25393
0.000621673 -25025
0.000638109 -24658
0.000654563 -24293
0.000671309 -23930
0.000688017 -23571
0.000704142 -23217
0.000719901 -22866
0.000736026 -22515
0.000753007 -22167
0.000769424 -21821
0.000786179 -21475
0.000805144 -21131
0.000822811 -20789
0.00085068 -20447
0.000892512 -20108
0.00091819 -19776
0.000936402 -19447
0.00095768 -19122
0.000974774 -18800
0.000992281 -18480
0.00100854 -18160
0.00102616 -17842
0.0010456 -17528
0.00106439 -17217
0.00108108 -16906
0.0010973 -16599
0.00111563 -16292
0.00113344 -15988
0.00115243 -15685
0.00117059 -15383
0.00118853 -15085
0.00120716 -14787
0.00122685 -14491
0.00124778 -14199
0.00126677 -13910
0.00128644 -13621
0.00130608 -13333
0.00132661 -13047
0.00134375 -12771
0.00136605 -12497
0.00138543 -12226
0.00140597 -11958
0.00142632 -11690
0.00144824 -11423
0.00147 -11158
0.00149187 -10899
0.00151246 -10642
0.00153121 -10386
0.00155089 -10136
0.00157219 -9889
0.0016204 -9645
0.00165437 -9403
0.00168252 -9168
0.0017059 -8933
0.00173388 -8699
0.00175877 -8466
0.00178317 -8238
0.00180558 -8013
0.00183544 -7793
0.00186113 -7575
0.00188445 -7359
0.00190619 -7146
0.00193296 -6934
0.00196028 -6723
0.00198646 -6514
0.00201045 -6310
0.00203472 -6106
0.00205935 -5902
0.00208725 -5701
0.00211503 -5505
0.00214445 -5311
0.00217504 -5117
0.00220734 -4924
0.00223843 -4739
0.00227268 -4561
0.00230112 -4384
0.00233297 -4211
0.00236878 -4039
0.0024074 -3871
0.00244711 -3707
0.0024868 -3545
0.00252468 -3383
0.00255918 -3224
0.0025961 -3073
0.00263664 -2924
0.00267173 -2776
0.0027103 -2633
0.00274363 -2493
0.00278178 -2354
0.00282585 -2216
0.00286699 -2082
0.00291197 -1954
0.00295128 -1828
0.00299282 -1703
0.00303521 -1578
0.00307819 -1462
0.00311987 -1354
0.00315873 -1246
0.00319741 -1144
0.00324001 -1045
0.00328155 -950
0.00332071 -861
0.00336082 -772
0.00340114 -687
0.00343975 -607
0.00349187 -528
0.00353333 -452
0.00357101 -378
0.00360765 -306
0.00364518 -236
0.00367543 -176
0.00371045 -117
0.00374126 -62
0.00376939 -7
0.00380309 42
0.00383718 87
0.00386606 125
0.0038924 161
0.00392223 196
0.0039515 231
0.00397984 258
0.0040064 282
0.00403338 303
0.00405808 322
0.00408611 338
0.00411437 345
0.00414163 363
0.00416835 372
0.00419383 381
0.00421732 388
0.00424459 391
0.00427107 400
0.00429802 402
0.00434914 407
0.0043771 418
0.00440141 421
0.00448406 428
0.00451223 434
0.00453542 440
0.00520753 448
0.00523643 452
0.00526464 460
0.00704783 464
0.00707301 465
0.00927959 471
0.0093047 476
0.0094288 478
0.009465 481
0.00949522 482
0.00957565 486
0.0115539 490
0.0115823 496
0.0116128 499
0.0211674 502
2 502
