0 -4559
4.7e-08 -4365
1.0588e-05 -4171
1.922e-05 -3980
2.6447e-05 -3797
3.4002e-05 -3625
4.6828e-05 -3458
7.9566e-05 -3313
9.6081e-05 -3170
0.000110638 -3029
0.000122153 -2888
0.000132021 -2751
0.000144669 -2623
0.000154574 -2496
0.000182294 -2379
0.000190851 -2265
0.000200522 -2152
0.000210099 -2039
0.000219161 -1934
0.000227774 -1830
0.000237838 -1726
0.000247958 -1623
0.000257882 -1520
0.000266701 -1417
0.000275613 -1317
0.000284657 -1217
0.000293691 -1119
0.000303081 -1025
0.000311853 -935
0.000320616 -847
0.000327665 -760
0.000335716 -679
0.000344282 -599
0.000352081 -526
0.000360001 -458
0.000369016 -392
0.000377508 -330
0.000385596 -270
0.000393778 -211
0.00040227 -152
0.000411641 -94
0.000420853 -38
0.000429007 14
0.000437386 65
0.000446083 113
0.00045464 159
0.000462223 203
0.000471051 247
0.00047973 290
0.000488998 330
0.000497124 369
0.000504894 407
0.000512908 444
0.000521427 481
0.000531154 517
0.000539749 552
0.000547388 585
0.000556319 612
0.000564801 639
0.000573367 665
0.000582364 691
0.000590275 715
0.000598728 736
0.000607004 756
0.000614672 775
0.000625344 795
0.000633723 814
0.000641868 832
0.000649142 852
0.000657905 870
0.0006659 890
0.000673698 908
0.0006813 925
0.000688864 942
0.000697112 955
0.000705304 968
0.000712419 980
0.000719908 992
0.000728493 1004
0.000737106 1017
0.000745513 1029
0.000753442 1041
0.000761391 1052
0.000769404 1063
0.00077753 1073
0.000784617 1083
0.000792528 1093
0.000801544 1101
0.000809951 1110
0.00081774 1118
0.000826521 1129
0.000834029 1137
0.00084268 1157
0.000850553 1164
0.000859531 1170
0.000867629 1176
0.000875034 1181
0.000882411 1187
0.000906509 1192
0.000921787 1195
0.00093128 1204
0.000941831 1206
0.000944321 1207
0.000948085 1208
0.000951698 1209
0.000956613 1211
0.000961884 1212
0.00096928 1216
0.000981872 1228
0.0010027 1233
0.00101133 1238
0.00101644 1249
0.00103918 1250
0.00106475 1254
0.00107225 1255
0.0010793 1259
0.00113451 1264
0.00113789 1265
0.00120247 1266
0.00126905 1267
0.00127613 1268
0.00141779 1269
0.00149584 1272
0.00151465 1278
0.00177786 1283
0.00178035 1284
0.00186483 1286
0.00196271 1289
0.00240214 1294
0.0024772 1295
0.00249324 1296
0.00271848 1297
2 1297
