0 -11466
5.6e-08 -11121
3.286e-06 -10778
5.926e-06 -10505
8.631e-06 -10234
1.2273e-05 -9965
1.9482e-05 -9700
2.743e-05 -9437
3.1877e-05 -9177
3.5828e-05 -8920
4.019e-05 -8664
4.5021e-05 -8412
4.9627e-05 -8169
5.4036e-05 -7927
5.8633e-05 -7687
6.3258e-05 -7453
6.7733e-05 -7230
7.3032e-05 -7009
7.9332e-05 -6788
8.4032e-05 -6567
8.8348e-05 -6349
0.000100509 -6134
0.000104619 -5921
0.000109178 -5708
0.000113119 -5503
0.000118072 -5300
0.000122238 -5102
0.000127705 -4905
0.000131824 -4709
0.000136074 -4514
0.000140868 -4324
0.000145549 -4139
0.000150885 -3956
0.000156034 -3777
0.000161333 -3599
0.000166332 -3423
0.000170947 -3254
0.000175497 -3088
0.00018045 -2927
0.000186291 -2768
0.000192227 -2614
0.000197245 -2462
0.000202553 -2312
0.000207421 -2163
0.000214508 -2024
0.000220668 -1891
0.000226753 -1760
0.00023223 -1631
0.00023796 -1507
0.000244878 -1389
0.00025218 -1274
0.000260016 -1164
0.000267899 -1055
0.000275023 -946
0.000281895 -845
0.000291275 -749
0.000299392 -657
0.00030793 -573
0.000317545 -491
0.000327281 -409
0.000334602 -330
0.000343196 -254
0.000351425 -182
0.000360694 -117
0.000370374 -63
0.000381402 -15
0.000391513 29
0.000402607 66
0.000411116 102
0.000421237 134
0.000432948 161
0.000444023 183
0.000456025 203
0.000467409 207
0.000477398 210
0.000485908 213
0.000496675 225
0.000505465 231
0.000513957 236
0.00052432 246
0.000536584 250
0.000545319 255
0.000554606 256
0.000572946 260
0.000588355 265
0.000606545 270
0.000655527 273
0.0010347 275
0.001452 278
0.00157875 287
0.00158835 292
0.00476334 297
0.00477381 301
0.00478345 304
2 304
