424 0.00838257
428 0.00821069
461 0.00812023
484 0.00791925
437 0.00852748
505 0.00820475
480 0.00819026
526 0.00908025
488 0.00820391
495 0.0083232
177 0.00950089
209 0.00856655
203 0.00914323
135 0.00990253
185 0.00948214
191 0.00905981
166 0.00866019
134 0.00874028
169 0.00847254
209 0.00867083
1222 0.0160726
1232 0.0230601
1192 0.023718
1122 0.0137711
1205 0.0225424
1255 0.0175705
1221 0.0220518
1212 0.0196308
1296 0.0168788
1200 0.0246889
1075 0.00860914
989 0.0111747
1112 0.0118725
1089 0.0303791
1034 0.00968664
1146 0.0187791
1084 0.012392
957 0.0138471
1023 0.012305
1044 0.0228253
