0 -1546
1.52e-07 -1465
3.8e-07 -1423
0.000410045 -1349
0.000410187 -1273
0.000410803 -1248
0.000413183 -1214
0.000413514 -1188
0.000414254 -1149
0.000426084 -1111
0.000426786 -1097
0.00042725 -1048
0.00042743 -1005
0.000427971 -995
0.000463481 -961
0.000470941 -942
0.000472685 -925
0.000473121 -881
0.000473254 -880
0.000473804 -818
0.000476269 -791
0.000477236 -762
0.000477349 -629
0.000487151 -624
0.000488203 -579
0.000488298 -550
0.000490488 -519
0.000490611 -514
0.000492042 -485
0.000493341 -444
0.00049427 -413
0.000494393 -308
0.000503171 -283
0.000504299 -264
0.000504385 -218
0.000505361 -176
0.00050557 -163
0.00050703 -154
0.000523865 -113
0.000524538 -57
0.000524623 -25
0.000525135 -16
0.000525334 14
0.000525543 39
0.000525628 57
0.000531619 74
0.000532444 99
0.000532605 122
0.000533563 130
0.000534018 148
0.000534103 168
0.000561736 170
0.000562617 181
0.000564219 183
0.000564314 212
0.00056675 216
0.000567139 223
0.000567518 229
0.000570172 275
0.000571585 278
0.000589548 288
0.000590572 305
0.000590733 310
0.000591331 327
0.000595833 355
0.000596573 390
0.000596857 397
0.000597701 408
0.000603341 436
0.000603862 466
0.000604024 468
0.000604791 480
0.000604953 496
0.000605038 500
0.000610375 504
0.000610773 510
0.000610868 530
0.000611181 550
0.000611484 552
0.000613124 561
0.000613351 570
0.000636917 586
0.000647923 595
0.00064889 605
0.000649345 621
0.000649753 624
0.000650606 630
0.000651668 643
0.000651914 654
0.000652151 669
0.000653184 687
0.000653326 693
0.000653544 707
0.000654436 716
0.000655658 726
0.000656929 733
0.000664626 734
0.000665612 742
0.000666294 746
0.00066729 747
0.000667366 751
0.000673935 757
0.00067693 762
0.000677983 776
0.000678314 781
0.000688258 786
0.000694998 800
0.000699634 806
0.000704089 809
0.000704876 811
0.000705511 818
0.00070662 824
0.000708251 827
0.000709616 833
0.000709843 837
0.000711483 842
0.000714716 844
0.000716773 853
0.000718687 855
0.000718849 862
0.00071991 864
0.000720233 867
0.000721948 879
0.000722242 880
0.000722536 898
0.000723522 900
0.000724043 915
0.000724129 923
0.000727409 928
0.000730632 931
0.000731466 940
0.000734755 949
0.000741135 965
0.000741609 971
0.000742434 974
0.000743799 978
0.000749278 981
0.000754596 996
0.000757364 1000
0.000766919 1011
0.000782854 1013
0.000783868 1025
0.000787129 1030
0.000787395 1032
0.000788049 1034
0.000798315 1035
0.000800846 1044
0.000803785 1045
0.00080479 1046
0.000805794 1048
0.000815596 1050
0.000821767 1052
0.000876056 1058
0.000877469 1063
0.000894153 1065
0.000898475 1083
0.000900608 1084
0.000904419 1094
0.000920051 1108
2 1108
