0 -3493
1.42e-07 -3409
1.2209e-05 -3323
0.000447507 -3203
0.000447886 -3068
0.000461982 -3045
0.000463546 -3043
0.00046622 -2944
0.000467234 -2902
0.000468637 -2825
0.000469291 -2802
0.000469395 -2690
0.00047168 -2548
0.000472173 -2441
0.000472277 -2214
0.000487046 -2183
0.000488544 -2147
0.000488951 -2078
0.000496355 -2075
0.000497407 -1992
0.000512024 -1923
0.000512129 -1905
0.000512347 -1791
0.000512451 -1701
0.000512963 -1663
0.000539553 -1641
0.000539686 -1527
0.000541667 -1489
0.000544283 -1454
0.000545781 -1353
0.000547023 -1230
0.000547184 -1201
0.000548018 -1128
0.000549241 -1106
0.000550388 -1045
0.000550596 -971
0.000550814 -915
0.000551165 -853
0.000551696 -769
0.000552208 -664
0.000554085 -589
0.000554625 -566
0.000555052 -511
0.000557753 -500
0.000559848 -472
0.000624243 -431
0.000624536 -420
0.000625191 -395
0.000632357 -394
0.000632869 -309
0.00063904 -295
0.000639637 -247
0.000640803 -191
0.000644747 -175
0.000646586 -136
0.00064833 -134
0.000648396 -117
0.00064888 -109
0.000648956 -90
0.000659449 -68
0.000660321 -64
0.00066217 -50
0.000663279 -30
0.00066855 -15
0.000669033 12
0.000670417 16
0.000671005 40
0.000672038 66
0.000676778 122
0.000677081 124
0.000677233 126
0.000677299 133
0.000678835 140
0.00068019 149
0.000685082 155
0.000685461 158
0.000687423 171
0.000688125 187
0.000711217 188
0.000715293 222
0.00071572 257
0.000722668 283
0.000722801 285
0.000723114 295
0.000732688 317
0.000735987 338
0.000737134 352
0.00075997 353
0.000761809 360
0.000771317 365
0.00078037 377
0.000791034 395
0.000803993 400
0.000805803 416
0.000811927 421
0.000815681 432
0.000818818 436
0.000819795 447
0.000828165 450
0.000846461 452
0.000846954 458
0.000849816 470
0.000868121 475
0.000868538 476
0.000904352 478
0.000915149 485
0.000922458 487
0.000938867 488
0.00102256 493
0.00106218 499
2 499
