0 -21768
2.77e-07 -21362
1.1897e-05 -21077
0.000202924 -20976
0.000211812 -20685
0.000212738 -20262
0.000212951 -19718
0.000213766 -19111
0.000226154 -18972
0.000227441 -18413
0.000228403 -18067
0.000230227 -17680
0.00023044 -17229
0.000237051 -16899
0.000237754 -16352
0.000241124 -16087
0.000241995 -15604
0.000242819 -15598
0.000243291 -15358
0.000244652 -14985
0.000244781 -14582
0.000245948 -14441
0.000248188 -14312
0.00025117 -14180
0.000251642 -13756
0.000252021 -13342
0.000256428 -13134
0.000260058 -12736
0.000261076 -12328
0.000261845 -12015
0.000265483 -11920
0.000269696 -11604
0.000270316 -11208
0.000272251 -11017
0.000272853 -10573
0.00027389 -10315
0.000277028 -9943
0.00027801 -9602
0.000279269 -9150
0.000279445 -8665
0.000284324 -8620
0.000284889 -8316
0.000287796 -8125
0.000288092 -7894
0.000294388 -7526
0.000296573 -7199
0.000297776 -6791
0.000297943 -6574
0.000301804 -6333
0.000325607 -6282
0.000327431 -6279
0.000350771 -6067
0.000355604 -5813
0.000356919 -5647
0.000358891 -5237
0.000364446 -5152
0.000364788 -4900
0.000366538 -4564
0.000367353 -4268
0.000367547 -3990
0.000368232 -3649
0.000368566 -3395
0.000371556 -3111
0.000373371 -3044
0.000373565 -2809
0.000383083 -2437
0.000383573 -2223
0.000384647 -2210
0.000385786 -2000
0.000393323 -1822
0.00040022 -1667
0.000410839 -1608
0.000423736 -1580
0.00042494 -1344
0.000455178 -1326
0.000471935 -1191
0.000483749 -1042
0.000488026 -952
0.000489878 -828
0.000494266 -762
0.000499007 -731
0.000501479 -717
0.000505136 -625
0.000506274 -541
0.000543289 -532
0.000551483 -465
0.000564519 -451
0.000567778 -301
0.000575462 -216
0.000578703 -192
0.000588202 -120
0.000594599 -115
0.000601376 -111
0.000614764 -108
0.000704533 -9
0.000705551 33
0.000708125 37
0.000713736 39
0.000723772 63
0.000750075 78
0.000765851 104
0.000816124 118
0.000851019 125
0.00089782 127
0.000898884 129
0.000906856 132
0.000920799 137
0.000931011 139
0.000949287 142
2 142
