0 -1219
7.31e-07 -1125
1.092e-06 -1114
1.259e-06 -1088
0.000476694 -1085
0.000476963 -1071
0.000477426 -1057
0.000477944 -951
0.000480425 -916
0.000487675 -899
0.000487851 -885
0.000489813 -879
0.000516431 -875
0.000518209 -863
0.000518301 -738
0.000521736 -736
0.000521838 -718
0.000521977 -714
0.000522153 -667
0.000543345 -655
0.000547576 -651
0.000547993 -632
0.000548076 -565
0.000548169 -554
0.000549122 -548
0.000566204 -523
0.00056812 -517
0.000570657 -492
0.000570944 -486
0.000571157 -475
0.000571611 -455
0.000571944 -432
0.000572592 -317
0.000573268 -301
0.00057374 -232
0.000574851 -162
0.00058386 -145
0.000586933 -92
0.000587591 -89
0.000587702 -85
0.000587785 -72
0.000591739 -56
0.000592433 -48
0.000593451 -25
0.000593748 -23
0.000594766 -18
0.000597145 -9
0.000597238 9
0.000597886 19
0.00059871 22
0.000599497 35
0.000599654 66
0.00059984 101
0.000600238 102
0.000601247 125
0.000616042 129
0.000616449 131
0.000617106 184
0.000617199 210
0.000618884 223
0.000619615 282
0.000620208 294
0.000620338 300
0.00062068 309
0.000621226 343
0.000622337 350
0.000623328 405
0.000623958 431
0.000627485 457
0.000627578 468
0.000627809 491
0.000628244 500
0.000638373 502
0.000638799 524
0.000639243 526
0.000639512 538
0.00064041 545
0.00064065 585
0.000642437 588
0.000642965 601
0.000643678 602
0.000644067 606
0.000646724 613
0.000647057 635
0.000648937 646
0.000655612 649
0.000656964 654
0.000657556 664
0.000658676 667
0.0006595 672
0.000661445 683
0.000661676 686
0.000662158 688
0.000662676 693
0.000667833 752
0.000668027 761
0.000668194 764
0.000668925 765
0.000671592 789
0.000672147 802
0.000672407 815
0.000674119 841
0.000676795 874
0.000676962 876
0.000677554 889
0.000678036 890
0.000679934 901
0.000680017 910
0.000681091 914
0.000685118 925
0.000687711 929
0.000692405 930
0.000692599 936
0.000696506 948
0.000697043 967
0.000698682 975
0.000699608 986
0.00069995 1008
0.000700876 1040
0.00072142 1052
0.000721791 1054
0.000722744 1073
0.000724698 1099
0.00072505 1108
0.000726374 1115
0.000726466 1119
0.000728855 1135
0.000729753 1141
0.000731142 1151
0.000736326 1166
0.000739419 1178
0.000741381 1180
0.000742539 1189
0.000743103 1196
0.000744381 1214
0.00074652 1215
0.000747094 1217
0.00074827 1227
0.000767795 1239
0.000773517 1245
0.000774961 1262
0.000776174 1263
0.000776248 1268
0.00077635 1273
0.000778378 1282
0.000781433 1298
0.000786451 1315
0.000789293 1332
0.000791515 1333
0.000792645 1337
0.000792719 1341
0.000797709 1342
0.00081505 1346
0.000816244 1360
0.000817402 1362
0.000817578 1383
0.000820327 1386
0.000823003 1391
0.000823336 1403
0.000838807 1421
0.000841603 1424
0.000847797 1428
0.00085974 1449
0.000861629 1452
0.000867758 1459
0.000867915 1462
0.000869489 1467
0.000904588 1468
0.000915726 1480
0.000918716 1493
0.000932326 1510
0.000937936 1514
0.00109548 1515
2 1515
