0 -2889
3.43e-07 -2768
0.000154735 -2686
0.000234672 -2674
0.000234774 -2510
0.000239079 -2415
0.000241329 -2413
0.000242449 -2399
0.00024306 -2351
0.000243495 -2231
0.000295768 -2105
0.000296018 -1973
0.00029812 -1876
0.000298407 -1785
0.000300147 -1779
0.000300684 -1682
0.000304499 -1665
0.000305128 -1656
0.000305212 -1539
0.000305554 -1511
0.000306378 -1408
0.000306526 -1393
0.000307739 -1292
0.000308711 -1182
0.000338023 -1166
0.000339143 -1027
0.000360752 -973
0.000365835 -968
0.000365909 -917
0.000370918 -842
0.000373973 -811
0.000386583 -721
0.000386824 -598
0.000387472 -590
0.000425774 -535
0.000426144 -470
0.000429449 -448
0.00043057 -396
0.000430653 -301
0.000456002 -240
0.000458234 -186
0.000461456 -173
0.000484879 -170
0.000484926 -89
0.000485916 -66
0.00048612 -49
0.000486611 -27
0.000497128 -6
0.000497378 6
0.000497656 9
0.00051645 16
0.000519765 43
0.000521209 47
0.000524616 92
0.000554909 119
0.000568612 120
0.000579166 121
0.000580824 126
0.000581064 150
0.000599868 154
0.000611191 158
0.000650409 168
0.00065302 190
0.000654548 194
0.00066076 198
0.000661455 199
0.000661982 235
0.00068885 259
0.000689174 262
0.000714403 266
0.000824865 271
0.000830049 279
2 279
