0 75
1.2804e-05 91
1.2952e-05 95
0.000134394 140
0.000137644 147
0.00013781 155
0.000240541 157
0.000338096 173
0.000338171 195
0.000338578 198
0.000339022 231
0.000339522 236
0.00033968 237
0.000340041 246
0.000340124 259
0.000341161 270
0.000341281 281
0.000382935 282
0.000383129 299
0.000383231 302
0.000386425 305
0.000409525 306
0.000409738 318
0.000410052 331
0.000411404 349
0.000411543 350
0.000432078 357
0.000435494 375
0.000435837 385
0.000438115 394
0.000438179 418
0.000443346 463
0.00044354 467
0.000443771 500
0.000443947 501
0.000443994 502
0.00048836 540
0.000533652 542
0.000534235 548
0.000534429 554
0.000535346 561
0.000535707 571
0.000535994 572
0.000536614 586
0.000536836 590
0.00053704 602
0.000537586 606
0.000541706 609
0.000542021 618
0.000543299 626
0.000543502 635
0.00054441 641
0.000548567 656
0.000549215 667
0.000549483 679
0.000552946 683
0.000553381 684
0.000553474 710
0.000553585 713
0.000560473 714
0.000609079 721
0.000609339 726
0.000610061 727
0.000610477 741
0.000610811 749
0.000614597 752
0.000615968 755
0.000619939 760
0.000621041 761
0.000623004 765
0.000623856 766
0.000624421 778
0.000626383 792
0.000627615 801
0.000628772 803
0.000631346 805
0.000631688 808
0.000632892 818
0.000633984 825
0.000653955 833
0.000657269 843
0.000675601 868
0.000682137 872
0.000684239 874
0.000700746 877
0.00074477 879
0.000750742 880
0.00075288 881
2 881
