0 -26409
1.57e-07 -26069
9.018e-06 -26033
0.000194953 -25821
0.000195925 -25780
0.00020511 -25447
0.000205934 -25022
0.000206535 -24630
0.0002076 -24509
0.000208378 -24018
0.000208498 -23561
0.000209637 -23109
0.000211637 -23037
0.000212452 -22607
0.00021322 -22538
0.000213498 -21918
0.000213933 -21504
0.00021859 -21476
0.000222127 -20897
0.000222562 -20488
0.000222747 -20089
0.000227719 -20071
0.000228394 -19512
0.000228598 -19010
0.000230894 -18929
0.000232042 -18505
0.000237579 -18138
0.000240588 -17623
0.000248587 -17260
0.00024867 -16837
0.000249939 -16417
0.000250911 -16410
0.000253985 -15998
0.000254522 -15675
0.000256031 -15234
0.000257355 -14770
0.000258586 -14399
0.000259419 -14026
0.000262863 -13454
0.00026353 -13021
0.000264511 -12604
0.000265928 -12017
0.000270974 -11596
0.000271094 -11066
0.000273538 -10706
0.000273825 -10400
0.000282713 -10026
0.000286741 -9559
0.000290925 -9420
0.000294166 -9149
0.000295221 -8727
0.000299675 -8297
0.00030173 -7916
0.000305424 -7674
0.000309553 -7341
0.000311905 -7001
0.000312868 -6755
0.000314006 -6498
0.000318191 -6142
0.000325829 -5792
0.000333893 -5379
0.000334875 -5179
0.000336199 -4883
0.000344328 -4807
0.000346068 -4586
0.00034667 -4351
0.000348846 -4078
0.000351836 -3818
0.000356993 -3579
0.000357956 -3355
0.000358882 -3009
0.000366437 -2761
0.000379241 -2489
0.000384092 -2163
0.000388462 -1994
0.000389082 -1769
0.000393712 -1586
0.000397646 -1476
0.000401498 -1269
0.000402202 -1098
0.000417654 -1002
0.000420774 -790
0.000424338 -777
0.000437976 -730
0.000442587 -599
0.000487795 -493
0.000492396 -451
0.000493054 -414
0.00050334 -382
0.000520042 -296
0.000554798 -168
0.000555214 -115
0.000564149 -97
0.000571259 -27
0.000571944 -12
0.000580045 1
0.00062231 8
0.000623458 9
0.000630809 82
0.000749788 105
0.000825901 107
0.000919531 111
0.000923086 112
0.000980608 129
0.0010278 132
2 132
