0 634
4.9e-07 678
9.2e-07 698
0.00110557 710
0.00110652 713
0.0011074 739
0.00111086 758
0.00111106 766
0.00119035 807
0.00119158 813
0.00119347 815
0.0011951 829
0.00119532 845
0.00119552 867
0.00119841 878
0.00120076 879
0.00124675 884
0.00124745 900
0.00124927 911
0.00124949 922
0.00125184 944
0.00125201 947
0.00126007 959
0.00126024 987
0.00126676 989
0.00126709 990
0.00126724 993
0.00126742 995
0.00126758 1015
0.00126921 1030
0.00126984 1039
0.00127046 1060
0.0012718 1083
0.00127221 1087
0.00127235 1089
0.00127439 1090
0.00127546 1103
0.00127644 1120
0.00127678 1124
0.00127778 1129
0.00129477 1146
0.00129944 1161
0.00129962 1190
0.00129983 1222
0.0013117 1232
0.00131215 1233
0.00131396 1234
0.00131473 1239
0.00131577 1244
0.00132459 1254
0.00132562 1258
0.00132789 1271
0.00133046 1273
0.00133123 1279
0.00133274 1295
0.00133296 1328
0.00133359 1360
0.00133376 1374
0.00133717 1391
0.00133813 1398
0.00133901 1411
0.0013397 1425
0.00134106 1431
0.00134133 1432
0.00134382 1435
0.00134424 1440
0.00134961 1448
0.00135169 1456
0.00135184 1461
0.00135234 1485
0.00135424 1488
0.0013546 1492
0.00135581 1497
0.00135636 1505
0.00135702 1512
0.00136164 1520
0.00136199 1534
0.00136315 1548
0.00136398 1556
0.00136488 1557
0.00136699 1565
0.00137468 1570
0.00137489 1589
0.00137535 1606
0.00137683 1623
0.00137877 1626
0.00137906 1643
0.00137965 1654
0.0013856 1676
0.00140068 1679
0.00140163 1701
0.00141088 1704
0.00141101 1717
0.00141151 1722
0.00141543 1727
0.00141715 1728
0.00142156 1733
0.00142169 1738
0.00143063 1743
0.00145109 1752
0.00145163 1763
0.0014531 1764
0.00145326 1772
0.00145385 1775
0.00145727 1777
0.00146068 1779
0.00146183 1782
0.00146289 1788
0.00146323 1791
0.00146584 1800
0.00146906 1816
0.00146932 1819
0.00148964 1821
0.00149226 1844
0.00149475 1849
0.00150961 1856
0.00151015 1858
0.00151713 1864
0.00153167 1869
0.0015333 1878
0.00153354 1883
0.00153436 1884
0.00153478 1889
0.00153507 1901
0.00154038 1907
0.00154494 1909
0.00154508 1910
0.00154584 1918
0.00156187 1919
0.00156252 1920
0.00156317 1922
0.00157462 1926
0.00157892 1936
0.00157967 1937
0.00158018 1944
0.00165128 1948
0.00165796 1958
0.0016633 1960
0.00166368 1962
0.00173425 1967
0.00173882 1968
0.0017409 1969
0.00178276 1972
2 1972
