0 -3213
4.04e-07 -3070
1.2531e-05 -3067
0.00035538 -3032
0.000357406 -2949
0.000357718 -2823
0.00035847 -2727
0.000380498 -2662
0.000380626 -2583
0.000380965 -2460
0.000390664 -2424
0.000391562 -2317
0.000391654 -2236
0.000394358 -2225
0.000394908 -2124
0.000413672 -2071
0.000413856 -1976
0.00041403 -1916
0.000414158 -1818
0.000425589 -1805
0.000427744 -1798
0.000429852 -1718
0.000431594 -1717
0.000431914 -1634
0.0004401 -1629
0.000441228 -1531
0.000441475 -1476
0.000441778 -1408
0.000447003 -1357
0.000448323 -1333
0.000451046 -1325
0.000451843 -1228
0.000451972 -1115
0.000455922 -1112
0.000456207 -1075
0.000456857 -994
0.000458544 -889
0.000459122 -858
0.000460845 -805
0.000460973 -709
0.000462752 -681
0.0004642 -667
0.000464356 -617
0.000464906 -577
0.000471873 -508
0.000476227 -503
0.000476722 -460
0.000476988 -415
0.000478702 -406
0.000479912 -362
0.000480059 -320
0.000543365 -311
0.000553174 -290
0.000554512 -284
0.000554695 -240
0.000576292 -213
0.00057841 -211
0.000578575 -209
0.000580445 -208
0.000586458 -163
0.000599567 -125
0.000600199 -114
0.000602656 -51
0.000603133 -2
0.000603573 24
0.000604957 81
0.000606543 83
0.000673974 94
0.000675899 128
0.000676788 131
0.000677018 166
0.000678594 171
0.000684232 184
0.000687074 185
0.000687174 195
0.000687761 198
0.00069361 214
0.000695443 235
0.000701392 262
0.00070263 271
0.000710266 281
0.000720624 284
0.000730524 296
0.00073883 302
0.00073948 309
0.000829976 324
0.000832066 326
0.000847328 329
0.000857531 345
0.000869796 354
0.000884271 360
0.000893722 367
0.000896142 374
0.000909782 375
0.000951647 383
0.00100978 384
0.00101096 386
0.00101407 391
0.00101637 394
0.00101647 402
0.0010211 404
0.001022 406
0.00103963 408
0.00105803 410
0.00108035 412
0.00111488 414
0.00112731 418
0.00113794 422
0.00118841 425
0.00124997 426
0.00130964 429
0.00133533 433
2 433
