0 398
6.3e-07 414
8.8e-07 416
0.0004866 433
0.00048697 466
0.00049761 471
0.0004982 472
0.00049833 475
0.00049976 522
0.00050004 529
0.000592772 538
0.000595752 552
0.000598972 566
0.000599522 577
0.000600282 582
0.000600682 606
0.000601082 607
0.000602222 608
0.000602332 617
0.000602842 642
0.000628952 647
0.000629782 659
0.000630672 675
0.000631252 678
0.000631472 689
0.000640833 695
0.000641783 698
0.000642873 701
0.000645073 709
0.000645463 711
0.000645533 717
0.000646433 724
0.000647963 729
0.000684243 748
0.000685463 749
0.000686563 762
0.000687664 765
0.000689214 771
0.000689614 775
0.000713804 776
0.000714064 777
0.000717734 780
0.000718784 781
0.000721174 782
0.000722274 784
0.000722494 798
0.000724244 801
0.000729474 802
0.000745035 807
0.000750415 808
0.000836486 809
0.000867157 820
2 820
