0 -6115
7.3e-08 -5972
8.58e-06 -5964
8.846e-06 -5815
8.993e-06 -5676
0.00037871 -5612
0.000431162 -5534
0.000431603 -5408
0.000435233 -5364
0.000437286 -5218
0.000453777 -5215
0.00045418 -5112
0.000454446 -4985
0.000458434 -4920
0.000463732 -4744
0.00047564 -4696
0.000481562 -4663
0.000484935 -4646
0.000485449 -4510
0.000491517 -4460
0.000491783 -4321
0.000497943 -4264
0.000498869 -4123
0.0005015 -3998
0.000503003 -3895
0.000503168 -3770
0.000503461 -3638
0.000504222 -3501
0.000504699 -3383
0.000506367 -3358
0.000506633 -3224
0.000507907 -3111
0.000509209 -2993
0.000509952 -2866
0.00051327 -2809
0.000515488 -2790
0.000517597 -2693
0.000524939 -2662
0.00052537 -2549
0.000526736 -2396
0.000527249 -2291
0.000527763 -2185
0.000528175 -2110
0.000529724 -2039
0.000529862 -1979
0.000537764 -1950
0.000537947 -1909
0.000538561 -1828
0.000540413 -1738
0.000541522 -1661
0.000542622 -1577
0.000544914 -1518
0.000547426 -1370
0.000547948 -1286
0.000550084 -1190
0.00055079 -1118
0.00055794 -1089
0.000559792 -1075
0.00056278 -1045
0.000563138 -1007
0.000564705 -906
0.000565594 -866
0.000575614 -785
0.000598118 -757
0.000599218 -684
0.000600346 -637
0.000600914 -578
0.000601217 -541
0.000601822 -487
0.000604333 -401
0.000604902 -326
0.00062274 -280
0.00062516 -228
0.000632732 -211
0.000634272 -162
0.000634437 -123
0.000636509 -73
0.000640002 -48
0.000640772 6
0.000664945 26
0.00066609 27
0.000667245 43
0.000669079 70
0.000672672 75
0.000673378 93
0.000680061 125
0.00068128 159
0.000688283 196
0.000749344 219
0.000750132 230
0.00075115 281
0.000773838 289
0.000785067 291
0.000807599 294
0.000811046 322
0.000818462 331
0.000818755 337
0.000819113 343
0.000823971 346
0.000826455 366
0.000827234 418
0.000829526 419
0.000846081 420
0.00084786 423
0.000848291 438
0.000852352 442
0.000859557 447
0.000873243 468
0.000876534 487
0.000878917 489
0.00091916 494
0.000932855 502
0.00094479 503
0.000947962 512
0.000950868 516
0.000958339 521
0.000962977 526
0.000964865 536
0.000974885 539
0.000975902 557
0.000980541 563
0.0010016 566
0.00100563 568
0.00102095 569
0.00103295 582
0.00104093 591
0.00104199 594
0.00104444 595
0.00105324 596
0.00106444 598
0.00108022 599
0.00108945 601
0.00111264 603
0.00111395 609
0.00115488 610
0.00119797 614
0.00120294 620
0.00121629 625
0.00121754 628
0.00123333 631
0.00126173 636
0.00128959 641
0.00130622 644
0.00140844 649
0.00150032 650
0.00155091 652
0.00159089 657
0.00167391 660
2 660
