0 -6797
1.5e-07 -6533
1.9981e-05 -6317
5.5991e-05 -6109
8.8972e-05 -5909
0.000133233 -5719
0.000172854 -5532
0.000197424 -5348
0.000218275 -5172
0.000244015 -5001
0.000268405 -4830
0.000291016 -4662
0.000312106 -4495
0.000329527 -4344
0.000348137 -4195
0.000368017 -4048
0.000386548 -3904
0.000406268 -3766
0.000424709 -3631
0.000440329 -3497
0.000455989 -3366
0.000473319 -3242
0.00049118 -3119
0.00050797 -2996
0.000529571 -2884
0.000550111 -2773
0.000566771 -2663
0.000584202 -2554
0.000602052 -2446
0.000620012 -2340
0.000636983 -2237
0.000652433 -2135
0.000667153 -2036
0.000681104 -1939
0.000699654 -1845
0.000719214 -1755
0.000734605 -1668
0.000752525 -1581
0.000770085 -1495
0.000785326 -1412
0.000801466 -1334
0.000821046 -1258
0.000835867 -1183
0.000850097 -1109
0.000866947 -1039
0.000881727 -970
0.000896298 -907
0.000909428 -846
0.000922978 -786
0.000936329 -726
0.000951069 -668
0.000964539 -611
0.000981539 -555
0.00099638 -500
0.00101016 -446
0.00102427 -398
0.00103573 -351
0.00105145 -304
0.00106485 -260
0.00107926 -219
0.00109251 -180
0.00110868 -142
0.00112278 -105
0.00113739 -69
0.00115289 -34
0.00117042 0
0.00118526 29
0.00120028 57
0.00121603 85
0.00122862 113
0.00124189 140
0.00125661 167
0.00127269 193
0.00128805 219
0.00130171 244
0.00131457 269
0.00132799 293
0.0013409 316
0.00135232 338
0.00136742 360
0.00138245 382
0.0014 403
0.00141702 424
0.00143478 444
0.0014533 464
0.00147235 483
0.00149021 501
0.00150345 518
0.00151612 534
0.0015276 554
0.00154003 570
0.00155364 585
0.00156631 600
0.00157978 614
0.00159199 627
0.00160872 642
0.00162584 655
0.00163884 668
0.00165053 680
0.00166556 704
0.00167952 723
0.00169732 739
0.00171108 755
0.00172879 771
0.00174787 785
0.00179094 799
0.00182598 813
0.00184965 831
0.00186958 843
0.00188941 857
0.00190984 868
0.00193494 879
0.00195515 899
0.00197061 908
0.00197789 915
0.00198306 922
0.0019911 929
0.00199401 936
0.00199821 947
0.00200501 953
0.00200724 957
0.00201052 961
0.00201466 964
0.00201884 967
0.00202339 975
0.00202623 978
0.00203045 989
0.00203768 992
0.00204034 994
0.00205104 996
0.00205534 1010
0.00206871 1012
0.00207209 1020
0.00207932 1022
0.00208164 1030
0.00208683 1031
0.00208948 1037
0.00209331 1038
0.00209542 1047
0.00210353 1048
0.00211433 1057
0.00213283 1067
0.00215976 1069
0.00217959 1077
0.00218822 1079
0.00219729 1082
0.00220388 1083
0.00220643 1085
0.00236991 1087
0.00237738 1088
0.00245944 1091
0.00246197 1092
0.00246498 1094
0.00247196 1097
0.00288644 1098
0.00290274 1102
0.00329269 1103
0.00329562 1106
0.00335927 1110
0.00336817 1111
0.00337155 1116
0.00338271 1118
0.00349947 1124
0.0036421 1125
0.00365833 1128
0.00379628 1129
0.00380165 1131
0.00381539 1132
0.00383696 1133
0.00401571 1138
0.00462234 1145
0.00464875 1146
0.00473167 1153
0.00477226 1154
0.00478262 1155
2 1155
