0 -6794
4.7e-08 -6521
5.394e-06 -6261
8.144e-06 -6002
1.1263e-05 -5763
1.8753e-05 -5554
2.6735e-05 -5352
3.8861e-05 -5151
4.5194e-05 -4955
5.0153e-05 -4771
5.5576e-05 -4588
6.0316e-05 -4413
6.499e-05 -4239
6.9379e-05 -4066
7.4499e-05 -3903
7.9429e-05 -3745
8.4378e-05 -3588
9.0009e-05 -3436
9.9319e-05 -3286
0.000104581 -3136
0.000109151 -2988
0.000114062 -2841
0.000118376 -2704
0.00012304 -2572
0.000128311 -2441
0.000133488 -2311
0.000138067 -2184
0.000143016 -2058
0.000148268 -1943
0.000153966 -1828
0.000162138 -1718
0.000182503 -1609
0.000189063 -1500
0.000196866 -1394
0.000204564 -1294
0.000210177 -1194
0.000217041 -1104
0.000224076 -1015
0.000230447 -932
0.000236979 -851
0.000243018 -771
0.000248479 -698
0.000253589 -625
0.000258803 -559
0.000264492 -493
0.000270929 -432
0.000276409 -372
0.00028278 -314
0.00028861 -256
0.00029446 -201
0.000300613 -150
0.000307344 -101
0.000313526 -56
0.000321044 -13
0.000328353 28
0.000333776 68
0.000340413 107
0.000346158 146
0.000353032 175
0.000359213 201
0.000365281 227
0.000371111 252
0.000376373 277
0.000381104 299
0.000386498 320
0.000397202 336
0.000402672 351
0.000407403 371
0.00041367 385
0.000418989 399
0.000438177 419
0.000450815 432
0.000457698 445
0.000463519 457
0.000468781 474
0.000474185 493
0.000479883 514
0.000484282 535
0.000489894 546
0.000495754 555
0.00050147 563
0.000506173 569
0.000510998 578
0.000516071 585
0.000521522 590
0.000526547 598
0.000531078 610
0.000535819 627
0.000547632 633
0.000555065 638
0.000560535 651
0.000565569 658
0.000566612 662
0.000569323 665
0.000574652 678
0.000582056 686
0.00058508 692
0.00059512 694
0.000597045 699
0.000612091 709
0.00069335 717
2 717
