0 -18096
5.6e-08 -17782
3.5072e-05 -17493
6.9156e-05 -17204
0.000121279 -16920
0.000167533 -16653
0.000247427 -16389
0.000317497 -16131
0.000364981 -15876
0.000400774 -15628
0.000434571 -15384
0.000470687 -15148
0.000497183 -14912
0.000530499 -14678
0.000568482 -14444
0.000608369 -14222
0.000643303 -14000
0.000681804 -13781
0.00071024 -13566
0.000738122 -13354
0.000768268 -13144
0.000798285 -12935
0.000827027 -12727
0.000853356 -12520
0.000878679 -12316
0.000908233 -12116
0.000940145 -11920
0.000966761 -11725
0.0010347 -11531
0.00115748 -11337
0.00121852 -11143
0.00126137 -10950
0.00129877 -10761
0.00133768 -10574
0.00137512 -10388
0.00142193 -10204
0.0015277 -10023
0.0015958 -9844
0.00164668 -9666
0.00169582 -9493
0.00173711 -9321
0.00177606 -9149
0.00180871 -8979
0.00184306 -8812
0.00187907 -8646
0.00191267 -8482
0.00194676 -8320
0.00198014 -8160
0.00201184 -8002
0.00204862 -7847
0.00210318 -7692
0.00216837 -7541
0.00221465 -7393
0.0022501 -7249
0.0022803 -7105
0.00230746 -6962
0.00233314 -6819
0.00235797 -6680
0.00238256 -6541
0.00240423 -6404
0.00242898 -6269
0.00245084 -6136
0.00247248 -6006
0.00249755 -5877
0.00251899 -5749
0.00254737 -5622
0.0025726 -5500
0.00259609 -5379
0.002621 -5259
0.00264322 -5140
0.00266685 -5022
0.00268793 -4904
0.00271062 -4788
0.00273447 -4672
0.00275774 -4559
0.0027783 -4449
0.00280155 -4340
0.00282388 -4233
0.00284556 -4126
0.00286795 -4019
0.00289255 -3915
0.00293162 -3811
0.00295828 -3709
0.00298245 -3610
0.00300505 -3511
0.00302767 -3414
0.00305267 -3319
0.00307641 -3224
0.00309623 -3129
0.00311893 -3037
0.00314412 -2946
0.00316328 -2856
0.00318171 -2766
0.00320331 -2676
0.00322343 -2587
0.00324418 -2500
0.00326802 -2414
0.00328884 -2332
0.00330829 -2250
0.00332798 -2169
0.00335248 -2092
0.00337478 -2016
0.00339777 -1941
0.00341838 -1867
0.00343968 -1795
0.00346302 -1723
0.00348379 -1652
0.00350442 -1583
0.00352777 -1515
0.00354908 -1448
0.00356745 -1381
0.00358866 -1316
0.00361127 -1252
0.00363246 -1188
0.00365306 -1124
0.00367491 -1064
0.00369712 -1007
0.00371628 -951
0.0037355 -895
0.00375772 -839
0.0037761 -784
0.00379622 -730
0.00381751 -676
0.00383819 -623
0.00385907 -572
0.00387841 -521
0.0038988 -471
0.00391595 -421
0.00393579 -372
0.00396443 -323
0.00398449 -277
0.00400304 -231
0.004022 -185
0.00404284 -139
0.0040629 -94
0.00408355 -52
0.0041027 -10
0.00412434 29
0.00414374 67
0.00416323 105
0.0041822 140
0.00420254 174
0.00422357 208
0.00424493 240
0.00426968 272
0.00429623 302
0.00431983 332
0.00433883 361
0.0043584 390
0.00438045 419
0.00440701 447
0.00442927 473
0.00445074 498
0.00446941 523
0.00448942 548
0.00450862 570
0.00452832 591
0.00454871 612
0.00456907 632
0.00458985 656
0.004609 675
0.00462581 694
0.00464684 713
0.00466488 731
0.00468261 749
0.00470038 770
0.00471969 790
0.00474114 808
0.00477544 826
0.00482311 845
0.00486014 868
0.00488437 885
0.0049042 902
0.00492437 919
0.00494319 940
0.00496349 963
0.00498578 985
0.00500583 1002
0.00502488 1018
0.0050444 1034
0.00506468 1050
0.00508454 1073
0.0051041 1089
0.00512458 1104
0.00516057 1119
0.00519131 1137
0.00521186 1151
0.00523154 1165
0.00525053 1178
0.00526919 1200
0.00528785 1222
0.00530629 1234
0.00532548 1245
0.0053464 1256
0.00536797 1271
0.00538513 1286
0.00541094 1297
0.00546063 1308
0.00548693 1327
0.00550837 1344
0.00553019 1357
0.00555024 1372
0.00556955 1383
0.00558856 1403
0.00560615 1423
0.00562744 1436
0.00564893 1447
0.00566979 1464
0.00568946 1474
0.00570922 1485
0.00574746 1499
0.00578033 1509
0.00581154 1519
0.00584233 1535
0.00587136 1545
0.00589569 1562
0.00591554 1574
0.00593627 1598
0.00596079 1610
0.00598408 1623
0.00600539 1645
0.00602435 1656
0.00604501 1674
0.0060648 1685
0.00608565 1701
0.0061045 1713
0.00613063 1725
0.00617261 1737
0.00618514 1747
0.0061967 1756
0.00621802 1765
0.00623281 1774
0.00627154 1782
0.00628043 1787
0.00628848 1791
0.00629619 1806
0.00630775 1810
0.00631165 1813
0.00631896 1830
0.00633369 1833
0.00633934 1835
0.00634856 1842
0.0063667 1844
0.00637357 1849
0.00638246 1850
0.00638977 1853
0.00639857 1854
0.00640223 1855
0.00640966 1856
0.00642295 1865
0.0064522 1869
0.00646012 1876
0.00647321 1882
0.0064811 1886
0.00648952 1893
0.00649618 1898
0.00650833 1899
0.00655474 1900
0.00656273 1901
0.00656907 1903
0.0065821 1904
0.00658924 1905
0.00669736 1906
0.00672008 1907
0.00672578 1910
0.0067363 1911
0.00673969 1913
0.00675607 1915
0.0067644 1916
0.00677038 1917
0.00677353 1919
0.00725317 1921
0.00726498 1924
0.0072894 1925
0.00730188 1927
0.00750294 1928
0.00752824 1929
2 1929
