0 759
4.99e-07 776
7.44e-07 818
1.027e-06 823
0.00068019 831
0.000685398 841
0.000685605 893
0.000699891 903
0.000700146 915
0.000700861 926
0.000701238 942
0.000736224 950
0.000736563 954
0.000737025 958
0.000737985 967
0.000738108 974
0.000738814 978
0.000739209 992
0.000767528 1011
0.000770278 1026
0.000770391 1027
0.00077137 1041
0.000771719 1046
0.000771964 1050
0.000772406 1052
0.000778273 1059
0.00077898 1073
0.000779535 1074
0.000781117 1077
0.000781428 1088
0.000782087 1089
0.000782455 1091
0.00078495 1096
0.000791571 1105
0.000792569 1110
0.00079288 1119
0.000794095 1127
0.000794396 1137
0.000800687 1139
0.000800979 1149
0.00080129 1151
0.000801384 1170
0.000811432 1174
0.00081308 1177
0.0008139 1181
0.000814201 1188
0.000814408 1195
0.000816405 1201
0.000816904 1209
0.000817036 1214
0.000817224 1221
0.000817309 1227
0.000817591 1236
0.000818025 1246
0.000818269 1260
0.000818373 1268
0.000818684 1273
0.000821349 1279
0.000822253 1287
0.000822357 1300
0.000837848 1319
0.000842906 1346
0.000845693 1355
0.000847087 1357
0.000847888 1371
0.000853755 1379
0.000854659 1381
0.000856439 1382
0.000900861 1387
0.000903423 1389
0.00090428 1399
0.000904751 1401
0.000905033 1402
0.000905956 1404
0.000906097 1415
0.000906342 1417
0.000927343 1421
0.000929858 1428
0.000948646 1430
0.000965842 1433
0.000966652 1438
0.000969675 1441
0.000978104 1442
0.000981616 1450
0.000983161 1452
0.000983924 1457
0.00099028 1458
0.000995385 1476
0.000997362 1480
0.00099918 1481
0.000999425 1485
0.00100394 1488
0.00100544 1494
0.00100958 1497
0.00101446 1498
0.0010157 1499
0.00106218 1507
0.0010659 1509
0.00116031 1516
0.0011644 1517
0.00116707 1520
0.00118485 1521
0.00119019 1523
0.00119145 1531
2 1531
