0 -368
1.62e-07 -348
0.000498469 -341
0.000498905 -298
0.000502231 -281
0.000502556 -258
0.000502637 -219
0.00050287 -199
0.000504067 -194
0.000509097 -178
0.000509351 -158
0.000509614 -93
0.000510314 -86
0.000511663 -78
0.000512231 -74
0.000512647 -54
0.000513336 -22
0.000514533 -4
0.000514645 8
0.000515243 10
0.000515659 47
0.000515791 54
0.00052075 58
0.000524421 59
0.000525141 89
0.000531003 124
0.000531206 127
0.000531591 138
0.000532981 157
0.000533143 200
0.000534188 205
0.000534613 238
0.000543822 269
0.000568395 293
0.000568486 349
0.000568608 356
0.000577066 392
0.000578314 435
0.00057875 442
0.000589936 475
0.00059024 477
0.000590321 485
0.000590534 489
0.000590625 496
0.000596974 501
0.0005974 526
0.000599053 534
0.000599144 564
0.00060313 576
0.000611629 579
0.000612724 587
0.000614509 633
0.000620401 686
0.000620573 696
0.000621912 724
0.000622389 744
0.000622531 748
0.000623961 774
0.000624458 779
0.000625015 792
0.00062534 800
0.00062604 838
0.00062676 850
0.000626983 871
0.000627419 883
0.000628149 892
0.00062824 895
0.000629762 899
0.000630543 915
0.000631253 918
0.000631445 929
0.000631526 948
0.000638605 953
0.000640715 954
0.000641009 955
0.000641212 979
0.000652296 983
0.000652459 998
0.000663462 1000
0.000665217 1006
0.000665693 1013
0.000666038 1016
0.000666738 1041
0.000666961 1044
0.000667955 1047
0.000668695 1054
0.000670379 1060
0.000672823 1069
0.000676646 1082
0.000676768 1095
0.000679415 1130
0.000679709 1138
0.000679892 1151
0.000679983 1163
0.000680683 1164
0.000710397 1165
0.000710692 1167
0.000711016 1184
0.00071133 1189
0.000728216 1194
0.000728378 1195
0.000730082 1198
0.000735143 1200
0.00073568 1202
0.000736167 1208
0.000736431 1228
0.000737709 1229
0.000738084 1249
0.00073849 1253
0.000738611 1259
0.000739281 1275
0.00073994 1300
0.000754807 1311
0.00075573 1312
0.000756734 1316
0.000757302 1321
0.000757799 1322
0.00079438 1332
0.000795151 1344
0.000799816 1351
0.000799998 1357
0.000800201 1359
0.000803578 1363
0.000805688 1364
0.000818354 1375
0.000827127 1376
0.000828658 1387
0.000833242 1392
0.000833435 1398
0.000834662 1401
0.000835473 1403
0.000838039 1414
0.000842573 1420
0.000845737 1423
0.000859773 1428
0.000859996 1439
0.000884305 1449
0.000890492 1450
0.000892074 1462
0.000903554 1466
0.000906475 1469
0.000907002 1470
0.000908361 1471
0.000937863 1472
0.000938745 1489
0.000956402 1494
0.000959769 1497
0.000964992 1501
2 1501
