0 -5713
2.23e-07 -5609
1.1541e-05 -5568
1.2484e-05 -5456
1.2981e-05 -5304
0.000511596 -5298
0.000512519 -5187
0.000516464 -5122
0.000518482 -5017
0.000520044 -4915
0.00052192 -4817
0.000522357 -4682
0.000523137 -4567
0.000524882 -4487
0.000525571 -4375
0.000526616 -4266
0.000526849 -4164
0.000529709 -4143
0.00053192 -4099
0.000535297 -4056
0.000535693 -3940
0.000536088 -3812
0.000536555 -3744
0.000538096 -3733
0.000538198 -3628
0.000539212 -3502
0.000539334 -3422
0.000543035 -3302
0.000548867 -3193
0.000553694 -3142
0.000553826 -3023
0.000561118 -2900
0.000561645 -2784
0.000567101 -2676
0.000569038 -2576
0.000569484 -2499
0.000569829 -2340
0.000575417 -2301
0.000578105 -2176
0.000582253 -2130
0.000587171 -2041
0.000587536 -2038
0.00059569 -1955
0.000598702 -1873
0.000600558 -1760
0.000604726 -1717
0.000607363 -1656
0.000615477 -1604
0.000620943 -1539
0.000622768 -1415
0.000623002 -1350
0.00062574 -1256
0.000627484 -1207
0.00063222 -1150
0.000638326 -1076
0.00064508 -994
0.00064942 -938
0.000650445 -838
0.000655008 -809
0.000656986 -759
0.000669267 -681
0.000671955 -594
0.000673679 -550
0.000675109 -496
0.000676529 -430
0.00069524 -394
0.000707694 -363
0.000711254 -338
0.000743544 -298
0.000752976 -281
0.000761799 -272
0.000772478 -221
0.000780308 -184
0.000784851 -151
0.000788989 -132
0.000833774 -114
0.000836076 -66
0.000843419 -26
0.000844331 -18
0.000860365 21
0.000870061 61
0.000920697 72
0.000927411 94
0.000929612 110
0.00095955 123
0.000989427 142
0.00100155 146
0.00101552 174
0.00102023 207
0.00103205 220
0.00103723 221
0.00104284 237
0.00105368 244
0.00109628 245
0.00109944 258
0.00114604 259
0.00122155 266
0.00124631 271
0.00128536 275
0.00133037 284
0.00135897 287
0.00138455 307
0.00139252 308
0.00141004 315
0.00142283 338
0.00154451 343
0.00154527 346
0.00156163 348
0.00158963 350
0.00159002 351
0.00159198 353
0.00160632 358
0.0016078 359
0.0016462 363
0.0016627 365
0.0017651 368
0.00190447 373
0.0019596 375
0.00199022 377
0.0020221 386
0.00204016 387
0.00264875 390
2 390
