0 305
6.59e-07 314
1.2478e-05 315
1.3524e-05 337
1.3731e-05 365
1.3957e-05 378
0.00181123 385
0.00181215 394
0.00181243 421
0.00181411 441
0.00181502 472
0.00182941 496
0.00183004 498
0.00183033 524
0.00183178 534
0.00183206 572
0.00184291 596
0.00184356 629
0.00184396 641
0.00185048 651
0.00185075 676
0.00185167 685
0.00185318 705
0.00185375 721
0.00185433 735
0.00185459 747
0.00186555 764
0.00186803 790
0.00186834 799
0.00186858 806
0.00186924 826
0.00187007 840
0.00187405 855
0.00187549 888
0.00187708 903
0.00187767 916
0.00187794 919
0.00188058 920
0.00188218 923
0.00188231 927
0.00188417 950
0.00188499 955
0.00188538 966
0.00188639 968
0.00188985 971
0.00189788 975
0.00189803 982
0.00189853 987
0.00189866 1010
0.00189883 1015
0.00191005 1042
0.00191417 1044
0.00191446 1060
0.00191487 1076
0.00191557 1094
0.00192191 1110
0.00192308 1116
0.00192321 1132
0.0019234 1170
0.00192401 1178
0.0019246 1188
0.00192619 1202
0.00192695 1203
0.00192993 1214
0.0019304 1223
0.0019314 1240
0.00193255 1243
0.00193268 1266
0.0019341 1278
0.0019391 1283
0.00194003 1284
0.00194093 1301
0.00194113 1304
0.00194161 1320
0.00194195 1321
0.00194553 1327
0.00194793 1355
0.00194878 1367
0.00194942 1384
0.00195039 1395
0.00195057 1399
0.00195459 1414
0.00195475 1428
0.00196013 1430
0.00196098 1447
0.00196261 1460
0.00196824 1465
0.0019834 1469
0.00205089 1485
0.00205151 1494
0.00205217 1495
0.00205258 1501
0.00205367 1504
0.00205436 1511
0.00206626 1514
0.00206641 1527
0.00206754 1543
0.0020686 1557
0.00206872 1559
0.00207132 1560
0.00207173 1563
0.00207185 1574
0.00207274 1576
0.00207306 1588
0.00207773 1590
0.00207788 1594
0.00207817 1609
0.00209154 1619
0.00211861 1623
0.00211879 1650
0.00212262 1654
0.00213109 1667
0.00213458 1669
0.00214866 1677
0.00214961 1683
0.00215083 1685
0.00215349 1690
0.00215755 1696
0.00216199 1697
0.00216589 1705
0.00217 1706
0.00217062 1711
0.00217303 1712
0.00217332 1726
0.00217369 1727
0.00217469 1734
0.00218605 1735
0.00218697 1737
0.00218909 1749
0.00219172 1771
0.00219366 1774
0.00219458 1776
0.00219536 1783
0.00219708 1792
0.00219722 1794
0.00219978 1799
0.00220149 1803
0.00220287 1809
0.00221293 1813
0.00221424 1815
0.00221576 1820
0.00221643 1821
0.00222048 1822
0.00222091 1830
0.00222986 1835
0.0022308 1843
0.00223123 1849
0.00223327 1850
0.00224063 1851
0.00224077 1852
0.00231352 1854
0.00231777 1860
0.00231929 1863
0.00239666 1865
0.00240262 1869
0.00240955 1870
0.00241 1876
0.00241833 1877
0.00241884 1883
0.00250672 1885
0.00260307 1889
0.00260491 1891
0.00260556 1893
0.00260896 1904
0.00260987 1906
0.0026185 1929
0.0026628 1934
2 1934
