0 504
0.000601563 515
0.000601968 518
0.000602119 552
0.000602637 563
0.000627018 571
0.000627734 574
0.000629721 585
0.000630456 600
0.000631012 602
0.000631115 612
0.000659386 613
0.000659726 645
0.000660262 653
0.000660893 662
0.000668842 678
0.000669058 684
0.000672251 689
0.000672392 709
0.000677091 714
0.000677562 751
0.000677958 772
0.000680096 775
0.000681348 779
0.000684333 787
0.000687196 790
0.000688072 805
0.00068875 807
0.00068892 812
0.000689278 821
0.000708329 825
0.000709233 831
0.000709817 837
0.000710514 838
0.000710599 853
0.000716023 856
0.000716108 865
0.000716626 871
0.000726411 876
0.00072659 881
0.00072755 886
0.000745039 889
0.000745359 890
0.000745444 901
0.000747148 902
0.000747949 906
0.000748241 911
0.000748429 914
0.000749757 917
0.000749879 934
0.000750925 935
0.000753006 945
0.000760314 947
0.000768479 962
0.000769053 970
0.000769383 977
0.000780571 983
0.000782295 991
0.000782831 1001
0.000782963 1005
0.000802721 1021
0.000810255 1022
0.000813504 1035
0.000821349 1037
0.000822112 1040
0.000823129 1044
0.000825257 1045
0.000826952 1049
0.000827838 1065
0.000829015 1076
0.000831849 1080
0.000838734 1081
0.000868954 1082
0.000870038 1091
0.000876093 1092
0.000876441 1094
0.000876884 1100
0.0010141 1102
0.00101877 1106
0.00104242 1107
0.0010635 1110
0.00107182 1129
2 1129
