0 -2737
7.6e-08 -2569
0.000398455 -2542
0.000398964 -2448
0.000399331 -2318
0.000401497 -2256
0.000406743 -2171
0.000406846 -2072
0.000408268 -2056
0.000408598 -1958
0.000419325 -1917
0.000419673 -1806
0.000420172 -1710
0.000420822 -1623
0.00042101 -1536
0.000425032 -1513
0.00042796 -1488
0.000442284 -1396
0.00044252 -1326
0.000444441 -1278
0.000445421 -1147
0.000446334 -1070
0.000448547 -1016
0.000449272 -921
0.000449414 -847
0.000451749 -801
0.000460168 -751
0.000462127 -691
0.000463954 -639
0.000464868 -596
0.000465122 -510
0.000490879 -435
0.000493798 -428
0.000494147 -381
0.00049426 -316
0.000494439 -264
0.000494853 -252
0.000502952 -249
0.000504063 -218
0.000510882 -176
0.000518491 -171
0.00052093 -155
0.000522522 -137
0.000535386 -114
0.000535631 -106
0.00054098 -105
0.000541423 -44
0.000543598 -25
0.000562132 -1
0.000562461 17
0.000565249 77
0.000573659 82
0.000578349 121
0.000579319 148
0.000580251 161
0.000583171 178
0.000583849 213
0.000605368 221
0.000630908 223
0.00063266 226
0.000638461 242
0.000643914 244
0.000644658 245
0.000644921 247
0.000649329 259
0.000688421 262
0.00069005 263
0.000692197 265
0.000707849 266
0.000723181 270
0.000738079 298
0.000738465 310
0.000774723 322
0.000787502 329
0.00078802 333
0.000801685 361
0.000804077 367
0.000806997 368
0.000824636 378
0.000830409 379
0.000834647 390
0.000838037 397
0.000853482 399
0.000875471 404
0.000877063 417
0.000912445 420
0.000934595 423
0.000940707 434
0.00095035 436
0.000991156 438
2 438
