0 -1170
1.39e-07 -1118
3.43e-07 -1012
0.000446576 -950
0.000447261 -921
0.000447901 -894
0.000460437 -866
0.000510834 -835
0.000520628 -806
0.000520841 -731
0.000521045 -726
0.000521332 -669
0.000521694 -653
0.000522083 -614
0.000522277 -607
0.000522361 -597
0.000527753 -592
0.000528661 -581
0.000529023 -517
0.000532711 -494
0.000535731 -486
0.000536232 -455
0.000536537 -397
0.000536815 -338
0.000537112 -318
0.000537186 -316
0.000537529 -304
0.000537918 -250
0.00054218 -244
0.000542875 -227
0.000542959 -223
0.000545414 -195
0.000545525 -167
0.000550186 -165
0.000550279 -107
0.000571868 -89
0.00057222 -60
0.000573239 -21
0.000575269 -11
0.000577807 -3
0.00057841 27
0.000578586 41
0.000579188 52
0.000585535 99
0.000594764 124
0.000595162 130
0.000595635 156
0.000596237 185
0.000624368 220
0.000641908 265
0.000643076 266
0.000643233 313
0.00064681 320
0.000648506 344
0.000652453 353
0.000652842 373
0.000654362 398
0.000654445 406
0.000655233 415
0.000656539 422
0.000657179 423
0.000657762 433
0.000658985 434
0.000659495 488
0.000660968 511
0.000662265 515
0.000665193 518
0.000665916 528
0.000666129 538
0.000666417 546
0.0006665 580
0.000667176 590
0.000667769 615
0.000667927 625
0.000667982 637
0.000668057 642
0.000668149 645
0.000668891 659
0.000670114 685
0.00067028 703
0.000672022 705
0.00067281 708
0.000676173 723
0.000676683 733
0.000677146 737
0.000677545 759
0.000677943 760
0.000678008 767
0.000678499 776
0.000679083 797
0.000680973 799
0.000682289 800
0.000694909 814
0.000695854 818
0.000697179 827
0.000697976 836
0.000700728 851
0.000702887 852
0.000703739 863
0.000706899 866
0.000708873 868
0.000709197 869
0.000711476 870
0.000711828 890
0.000711903 899
0.000712051 911
0.000712403 917
0.000712579 922
0.000713089 930
0.000714071 939
0.000714339 942
0.000714766 958
0.000716267 969
0.000716461 971
0.000718352 973
0.000718972 979
0.000719195 998
0.000730842 1002
0.000732436 1029
0.000733964 1054
0.000735354 1069
0.000739033 1070
0.000739431 1074
0.000739496 1089
0.000741386 1094
0.000742702 1095
0.000744388 1115
0.000744694 1131
0.00075181 1147
0.000752913 1160
0.000758584 1167
0.000758723 1170
0.000762753 1175
0.00076621 1183
0.000769165 1191
0.000769592 1197
0.000769934 1203
0.000771945 1215
0.000775688 1218
0.000777829 1239
0.000777996 1247
0.000779923 1248
0.000784259 1255
0.000785204 1261
0.000801003 1279
0.00080545 1280
0.000807906 1289
0.000810463 1290
0.000811492 1293
0.000815346 1302
0.000816894 1314
0.000817607 1315
0.000825131 1317
0.000829124 1323
0.000832154 1324
0.000837343 1329
0.000848082 1330
0.000848258 1333
0.000849472 1334
0.000863028 1335
0.000863232 1341
0.00087373 1345
0.000874286 1346
0.000877112 1356
0.000877798 1357
0.000882551 1359
0.000897738 1367
0.00089961 1372
0.000900944 1378
0.0009198 1384
2 1384
