0 -56834
1.86e-07 -56044
4.64e-07 -55268
8.293e-06 -54448
8.664e-06 -53752
1.2176e-05 -53316
1.2315e-05 -52488
0.00020017 -52331
0.000211734 -52256
0.000217747 -51525
0.000218294 -50706
0.000218998 -49898
0.000219499 -49321
0.00022112 -48445
0.000223205 -48208
0.000224928 -48194
0.000229116 -47506
0.000230145 -46775
0.000230488 -46045
0.000230701 -45341
0.000231331 -44667
0.00023236 -44518
0.000233629 -43787
0.000233925 -43015
0.000234667 -42247
0.000235084 -41637
0.000235677 -41522
0.000235806 -40863
0.000236344 -40208
0.000236575 -39482
0.000239911 -38978
0.00024005 -38201
0.000240337 -37338
0.000242311 -36682
0.0002427 -36137
0.000246583 -35606
0.000247639 -34954
0.000248603 -34276
0.000250854 -33511
0.000252791 -32870
0.000253875 -32237
0.000254023 -31460
0.00026479 -31261
0.000268543 -30634
0.000281858 -30458
0.000286175 -29769
0.000287945 -29132
0.000291235 -28438
0.000296136 -27729
0.000304049 -27033
0.000305161 -26497
0.000307691 -25845
0.000313658 -25805
0.000314918 -25163
0.000316882 -24471
0.000319301 -23835
0.000320348 -23352
0.000324666 -22573
0.000325917 -21828
0.000327557 -21336
0.000329716 -20698
0.000329892 -20091
0.000331115 -19375
0.000333774 -18766
0.000335766 -18164
0.000336924 -17653
0.000338027 -17000
0.000339797 -16533
0.000342993 -16059
0.000353399 -15415
0.000358338 -14900
0.00036222 -14485
0.000366556 -13862
0.000370003 -13295
0.000381891 -12705
0.000389897 -12186
0.000401062 -11736
0.000405158 -11221
0.000408095 -10655
0.000412932 -10292
0.000413914 -9851
0.000416203 -9277
0.000429666 -8789
0.000431149 -8394
0.000431834 -7917
0.000432112 -7558
0.000435763 -7023
0.000441934 -6683
0.000443908 -6278
0.000445733 -5932
0.000457297 -5603
0.000457501 -5339
0.000489588 -4890
0.000490969 -4431
0.000516709 -4214
0.000522018 -3869
0.000527726 -3552
0.000553281 -3248
0.000598536 -2813
0.000657031 -2570
0.000692343 -2261
0.000695567 -1927
0.000697004 -1707
0.000702406 -1460
0.000715155 -1137
0.000751162 -926
0.000768703 -725
0.000835194 -496
0.000850372 -472
0.000896877 -310
0.000901463 -209
0.000923534 -95
0.000948126 -5
0.000948265 51
0.000949933 66
0.00100054 68
0.00101001 81
0.00102516 90
0.00121192 94
0.00129617 95
2 95
