0 22
6.227e-06 37
6.857e-06 82
7.117e-06 93
0.000246638 101
0.000246842 115
0.000246888 151
0.000247305 159
0.000248408 165
0.000248649 173
0.000248751 236
0.000331949 248
0.000334766 262
0.000334858 263
0.000335108 270
0.000343763 277
0.000343911 286
0.00034745 310
0.000348062 332
0.000349304 366
0.00039378 375
0.000403944 379
0.000404519 387
0.000404639 388
0.000404704 417
0.000404797 428
0.000404843 437
0.000407521 446
0.00041624 451
0.000416926 458
0.00041813 467
0.000418232 484
0.000418371 485
0.000421243 497
0.000422624 503
0.000422837 535
0.000423023 540
0.000423226 552
0.000423291 557
0.000426673 563
0.000427164 566
0.000427526 576
0.000427776 584
0.000428119 597
0.000429611 622
0.000429694 630
0.00043176 632
0.000433039 633
0.000433104 642
0.000433345 654
0.000435754 657
0.000436365 663
0.000436782 674
0.000436912 694
0.000437301 714
0.000437829 721
0.00043795 730
0.000441647 732
0.000444667 741
0.000488643 742
0.000498243 752
0.000498391 760
0.000499558 767
0.000499799 771
0.000500281 791
0.000525632 794
0.000526003 800
0.000527198 815
0.00053462 822
0.000535436 825
0.000543552 836
0.000543895 847
0.00054686 849
0.000549195 851
0.000554069 860
0.000555209 861
0.000563687 863
0.000564956 869
0.000565679 873
0.000566782 874
0.000570331 886
0.000571776 896
0.000577651 911
0.000620218 913
0.000622377 921
0.00063003 922
0.000640964 932
0.000642521 935
0.000650758 943
0.000662924 947
0.000664536 950
0.000665481 951
0.000693214 957
0.000693548 960
0.000806702 961
2 961
