0 -4429
1.71e-07 -4254
7.49e-07 -4131
0.000393266 -4066
0.000393617 -3925
0.000394252 -3858
0.000433869 -3771
0.000434002 -3686
0.000434362 -3614
0.000435566 -3578
0.000436012 -3454
0.000459926 -3441
0.00046004 -3428
0.000460448 -3311
0.000476112 -3218
0.000476975 -3162
0.000494034 -3142
0.000497305 -3087
0.000513776 -3039
0.000514032 -2918
0.000514553 -2822
0.0005148 -2766
0.000556616 -2750
0.000557517 -2667
0.000557896 -2579
0.000559063 -2504
0.000563055 -2488
0.00056351 -2447
0.000563624 -2389
0.000569 -2357
0.000570138 -2319
0.000572414 -2272
0.000591786 -2212
0.000593265 -2197
0.000599429 -2123
0.000601496 -2106
0.000604369 -1999
0.000605023 -1958
0.000606407 -1896
0.000608475 -1885
0.000610191 -1852
0.000610513 -1769
0.00061168 -1657
0.000612296 -1634
0.000621351 -1603
0.000621987 -1533
0.000622338 -1447
0.000622584 -1408
0.000623817 -1356
0.000632768 -1306
0.000638334 -1264
0.000638571 -1222
0.000638941 -1177
0.000639036 -1170
0.000647987 -1156
0.000648101 -1068
0.000648613 -985
0.000651088 -976
0.000653107 -903
0.000654084 -870
0.00065562 -855
0.000656701 -811
0.000658057 -803
0.000658958 -766
0.000663035 -724
0.000663291 -718
0.00066405 -675
0.000664145 -644
0.000665321 -604
0.000665425 -602
0.000667179 -599
0.000668696 -560
0.000669929 -546
0.000673039 -537
0.000673855 -487
0.000677287 -477
0.000677382 -470
0.000678776 -437
0.000682351 -430
0.000683678 -381
0.000683906 -378
0.000686181 -345
0.000686485 -293
0.000686589 -265
0.000686693 -246
0.000687101 -230
0.000690136 -170
0.000691482 -122
0.000705601 -106
0.000707042 -47
0.00070746 -38
0.000708256 -32
0.000713651 -21
0.000715406 0
0.000721161 2
0.000725751 13
0.000725817 40
0.000726016 49
0.000726661 50
0.000727524 62
0.000728434 86
0.000728614 90
0.00072979 130
0.000733261 141
0.000733365 144
0.000739984 192
0.000740202 208
0.000742733 224
0.000746033 244
0.000746157 262
0.000746223 296
0.000746887 360
0.000747057 365
0.000747162 370
0.00075269 417
0.000753079 418
0.000753458 423
0.000754216 430
0.000755335 461
0.000756028 468
0.000756113 469
0.00075927 479
0.0007602 489
0.000761186 494
0.000762675 513
0.00076294 515
0.000763025 529
0.000763556 539
0.000763718 543
0.000764893 551
0.000765235 569
0.000765614 612
0.000765965 626
0.000767283 649
0.000778614 658
0.000779401 670
0.000783118 689
0.000783327 700
0.000784939 707
0.000785299 715
0.000788921 724
0.000789282 733
0.000789955 742
0.000791889 764
0.000792477 765
0.00079315 776
0.00079518 795
0.000795635 804
0.000795938 805
0.000798565 807
0.000799276 818
0.000799741 824
0.000802946 835
0.00080561 837
0.000806966 848
0.000807516 856
0.00080799 866
0.00080855 880
0.000815443 882
0.000819473 885
0.000821379 888
0.000824347 892
0.000824593 904
0.000825011 905
0.000825637 907
0.000825826 910
0.00082723 938
0.000827723 939
0.000827979 944
0.000831146 954
0.000838314 955
0.000843112 958
0.000844061 967
0.000845246 975
0.000856274 992
0.000858862 995
0.000859687 1000
0.000861868 1002
0.000862883 1009
0.000863546 1023
0.00086384 1027
0.000882397 1030
0.000886285 1042
0.000887612 1046
0.000898242 1054
0.000902139 1060
0.000906804 1067
0.000916581 1069
0.000917955 1071
0.000925494 1075
0.000936617 1100
0.000940751 1105
0.000951314 1113
0.000952547 1121
0.000962095 1135
0.000970174 1138
0.000973806 1153
0.000987327 1154
0.000989243 1164
0.000994468 1172
0.00101142 1174
0.00101492 1175
0.00101614 1178
0.00102672 1182
0.00103967 1193
0.00106011 1196
0.00106139 1200
0.00108881 1209
0.00108928 1245
0.00109917 1247
0.00110184 1249
0.0011181 1252
0.00117488 1253
0.00118841 1254
0.0011934 1256
2 1256
