0 -4006
1.24e-07 -3942
8.961e-06 -3900
0.00064831 -3867
0.00064849 -3850
0.00065233 -3779
0.000653288 -3662
0.000655213 -3526
0.000656673 -3481
0.000662002 -3417
0.000664477 -3359
0.000664581 -3332
0.000665112 -3224
0.000669095 -3149
0.000672935 -3040
0.00067321 -3019
0.000676879 -2936
0.000677202 -2882
0.000678226 -2845
0.00067907 -2782
0.000680805 -2657
0.000683403 -2625
0.000684731 -2541
0.000685888 -2375
0.000686741 -2276
0.000688277 -2253
0.000704814 -2164
0.000705393 -2125
0.000706274 -2035
0.000707422 -1971
0.00070966 -1859
0.000710456 -1799
0.000711869 -1729
0.000712315 -1664
0.000712618 -1565
0.000712779 -1498
0.000713898 -1473
0.000716619 -1459
0.000723921 -1425
0.000725789 -1421
0.000726035 -1337
0.000727069 -1195
0.000728643 -1126
0.000729022 -1122
0.000730539 -1045
0.000731165 -1001
0.000731507 -987
0.00073675 -969
0.000738485 -863
0.000743179 -852
0.000747019 -791
0.000747484 -763
0.000757934 -751
0.000760778 -743
0.00076331 -739
0.000765643 -721
0.000767643 -657
0.000774357 -604
0.000776414 -555
0.000778358 -529
0.000779875 -499
0.000780757 -489
0.000781383 -473
0.000781715 -467
0.000782957 -424
0.000783365 -392
0.000786342 -355
0.00078749 -344
0.000789671 -328
0.000795749 -315
0.00079682 -301
0.000798461 -295
0.00080489 -277
0.000807137 -242
0.000807497 -184
0.000810304 -117
0.000812874 -78
0.000813329 -75
0.000815879 -74
0.00081696 -55
0.000817842 -33
0.000824281 2
0.00082502 38
0.000828187 46
0.00083071 62
0.000833099 101
0.000834626 104
0.000834939 114
0.000835384 119
0.000835697 150
0.000837233 180
0.000843074 181
0.000844772 196
0.000846469 241
0.000846886 301
0.000848204 319
0.000849295 343
0.000850603 346
0.000856331 366
0.000857649 381
0.000858948 384
0.000870317 389
0.000871189 392
0.000873835 396
0.000875873 397
0.000875978 448
0.000877267 467
0.000877647 488
0.000883061 521
0.000884796 532
0.000886901 570
0.000888731 597
0.00089023 608
0.000892192 654
0.000892486 659
0.000897531 665
0.00089956 678
0.000911176 685
0.00091275 698
0.000913859 750
0.000918638 765
0.000921711 769
0.000922052 811
0.000922279 828
0.000924498 831
0.000924603 859
0.000927428 880
0.000935706 889
0.000937309 906
0.000937593 923
0.000937707 928
0.000939091 940
0.000939205 945
0.000942306 965
0.000944335 968
0.000945701 974
0.000953741 975
0.000956397 989
0.000960189 994
0.000960521 998
0.000964665 1000
0.000986085 1010
0.000993994 1012
0.00100125 1016
0.00100257 1027
0.00100377 1031
0.00100548 1043
0.00100588 1044
0.00102091 1045
0.0010259 1056
0.00103013 1067
0.00104934 1072
0.00105082 1078
0.00105204 1102
0.00105395 1114
0.00105536 1115
0.00105703 1132
0.00106057 1135
0.00107424 1138
0.00107551 1140
0.00108345 1154
0.00108753 1163
0.00109252 1169
0.00110139 1180
0.00110162 1190
0.00110576 1191
0.00111206 1196
0.00111241 1213
0.00111738 1217
0.00112446 1233
0.00113051 1243
0.00113882 1244
0.00114219 1256
0.00114369 1257
0.00114504 1264
0.00115878 1277
0.0011645 1280
0.0011661 1285
0.00117098 1286
0.00117589 1287
0.00117825 1309
0.00118333 1314
0.00120445 1323
0.00123061 1331
0.00125158 1336
0.00126777 1339
0.00127017 1341
0.00130721 1342
0.00134395 1343
0.0013964 1348
0.00146206 1352
0.00147936 1356
0.0014832 1368
0.00149082 1369
0.00157265 1382
0.00162047 1383
0.00164084 1384
0.0016591 1394
0.00167153 1395
0.00173916 1401
0.00193637 1415
2 1415
