0 -22377
1.67e-07 -22075
0.000317151 -21868
0.000317373 -21456
0.000317577 -21112
0.000320357 -20713
0.000320514 -20308
0.000320838 -19902
0.000332606 -19850
0.000334978 -19658
0.000335729 -19220
0.000336053 -18929
0.000337396 -18460
0.000337869 -18163
0.000338277 -17760
0.000339296 -17440
0.000348488 -17433
0.00034871 -17109
0.000349803 -16728
0.000350498 -16496
0.000351796 -16209
0.0003549 -16034
0.000365083 -15878
0.000365287 -15398
0.000366232 -15123
0.000369197 -14813
0.000372347 -14433
0.000374071 -14261
0.000375998 -13965
0.000378351 -13770
0.000380279 -13487
0.00038644 -13172
0.000387386 -12861
0.000390397 -12446
0.000395901 -12257
0.000396939 -11752
0.000397356 -11401
0.000399218 -11265
0.000400191 -11254
0.000402869 -11180
0.000403378 -10866
0.000407196 -10839
0.000408354 -10602
0.000410643 -10380
0.000417101 -10139
0.000420233 -9796
0.000434317 -9681
0.00044678 -9561
0.000448327 -9477
0.000452802 -9438
0.000456101 -9141
0.000458464 -8833
0.000458871 -8577
0.000460057 -8246
0.000462161 -7982
0.000462847 -7739
0.000467683 -7704
0.00047 -7450
0.000472993 -7266
0.000476541 -7085
0.000476884 -6899
0.000478367 -6655
0.000485696 -6363
0.000487911 -6152
0.000488652 -6029
0.0005273 -5885
0.000529551 -5635
0.000530737 -5494
0.000532822 -5354
0.000533406 -5167
0.000533813 -4967
0.000534286 -4769
0.000534527 -4614
0.000538446 -4434
0.000543987 -4231
0.000549426 -4067
0.000549602 -3978
0.000558266 -3824
0.000577002 -3760
0.000581134 -3510
0.000586795 -3304
0.000597674 -3157
0.000602251 -3014
0.000604521 -2836
0.000610127 -2684
0.000612175 -2545
0.000622284 -2407
0.000624211 -2191
0.000635219 -2125
0.000636599 -2002
0.000653194 -1911
0.000653963 -1878
0.000655492 -1689
0.000662062 -1515
0.000664443 -1406
0.000666083 -1318
0.000692102 -1219
0.000692936 -1192
0.000694112 -1134
0.000700793 -1044
0.000701164 -954
0.000708752 -835
0.00070903 -692
0.000729647 -676
0.000730231 -616
0.000745102 -589
0.000754803 -480
0.000757861 -415
0.00078678 -385
0.000788614 -314
0.000789059 -307
0.00078917 -145
0.0007936 -38
0.000795953 19
0.000811455 47
0.000851085 67
0.000857701 104
0.000870024 118
0.000871747 131
0.000878447 138
0.000893346 142
0.000895533 198
0.000897933 200
0.00092018 208
0.000935367 211
0.000939332 215
0.000999023 217
0.00103622 223
0.00113574 227
0.00136643 228
0.00155786 230
0.00162852 239
0.00177687 241
0.00178954 249
0.00184751 262
0.0018664 263
2 263
