0 -54360
1.95e-07 -53692
4.91e-07 -52886
0.000165377 -52703
0.000165738 -51990
0.000168796 -51385
0.000170853 -50725
0.000172187 -50508
0.000172548 -49769
0.000172687 -48907
0.000173049 -48135
0.000174504 -47282
0.000182546 -46505
0.000182695 -45661
0.000186948 -45464
0.000187911 -44797
0.000188791 -44050
0.000189801 -43376
0.000190672 -42559
0.00019159 -41994
0.000192034 -41262
0.000192498 -40480
0.000192618 -39799
0.000197446 -39623
0.000200642 -39113
0.000201069 -38356
0.000204423 -37624
0.000205831 -37223
0.000206313 -36350
0.000206434 -35633
0.000208138 -35493
0.000208759 -34934
0.000210687 -34836
0.000212039 -34189
0.000221565 -33748
0.000223075 -33162
0.000223937 -32491
0.000231794 -31995
0.000244294 -31618
0.000244813 -30971
0.000245396 -30368
0.000245535 -29671
0.00025191 -29162
0.000257145 -29055
0.000259193 -28951
0.000264984 -28335
0.000266383 -27699
0.000266532 -27046
0.000269664 -26399
0.000270701 -26253
0.000272675 -26183
0.000277206 -25526
0.000285721 -24928
0.000286583 -24276
0.000286954 -23659
0.000290595 -23034
0.000294811 -22582
0.000296108 -22094
0.000297313 -21607
0.000297656 -21056
0.000311073 -20490
0.000315705 -20033
0.000319477 -19423
0.000321747 -18787
0.000326463 -18212
0.000327093 -17845
0.000328001 -17207
0.000328326 -16816
0.000331874 -16142
0.000353677 -15501
0.000354103 -15016
0.000391657 -14325
0.000397032 -13958
0.000397236 -13452
0.00040109 -12741
0.000401804 -12195
0.000403972 -11592
0.000410569 -11077
0.000412042 -10566
0.000412283 -10152
0.000414516 -9700
0.00042027 -9197
0.000426395 -8655
0.000438367 -8067
0.000439692 -7608
0.00045397 -7054
0.000457445 -6622
0.000485835 -6188
0.000502903 -5814
0.000510862 -5327
0.00055229 -4796
0.000555209 -4322
0.000581218 -3951
0.000605374 -3568
0.00063091 -3324
0.000635265 -3025
0.000636127 -2644
0.000643707 -2449
0.000647385 -2095
0.000698421 -1702
0.000728952 -1465
0.000756481 -1228
0.000765988 -1009
0.000783315 -849
0.000783519 -636
0.000787586 -472
0.000794489 -471
0.000823704 -326
0.000830079 -221
0.00090516 -93
0.000974024 7
0.00100583 13
0.0010072 17
0.00106386 39
0.00106568 40
0.00107384 48
0.00107859 70
0.00116244 71
0.00128557 78
0.00133088 80
0.00158654 88
0.00163833 106
2 106
