0 -9337
1.5e-07 -8966
8.932e-06 -8722
0.000370197 -8710
0.000370479 -8423
0.000370789 -8182
0.000371634 -8085
0.000374217 -7973
0.000378256 -7806
0.000379007 -7567
0.000380792 -7491
0.000380951 -7365
0.000381242 -7049
0.000387592 -6960
0.000398393 -6826
0.000403794 -6791
0.000405935 -6745
0.00040617 -6491
0.000409054 -6425
0.000410293 -6220
0.000428374 -6208
0.000430037 -6000
0.000430393 -5858
0.000431323 -5642
0.000439758 -5483
0.000445196 -5311
0.0004456 -5055
0.000446765 -5021
0.000448061 -4968
0.000448455 -4781
0.000448624 -4602
0.000454983 -4450
0.00045751 -4346
0.000458909 -4225
0.000459229 -4097
0.000460356 -3959
0.000461802 -3755
0.000462469 -3628
0.000463831 -3497
0.000464291 -3479
0.000464939 -3384
0.000465277 -3301
0.000466066 -3210
0.000535261 -3207
0.0005359 -3085
0.00053636 -2987
0.000537337 -2875
0.000537647 -2719
0.000548805 -2543
0.000550806 -2513
0.000553886 -2361
0.000558977 -2281
0.000559099 -2182
0.000559513 -2143
0.000574804 -2094
0.000576156 -2012
0.000576682 -1858
0.000577236 -1802
0.000581472 -1698
0.000582449 -1567
0.000585859 -1460
0.000588019 -1337
0.000595786 -1262
0.000597731 -1230
0.000599318 -1158
0.000603244 -1058
0.00060748 -987
0.000609011 -848
0.000611575 -744
0.000617061 -630
0.000619343 -620
0.000620282 -555
0.000622133 -504
0.000624406 -393
0.000625223 -367
0.000635742 -366
0.00066392 -345
0.000668006 -314
0.000676553 -293
0.000680319 -278
0.000681315 -229
0.000683879 -172
0.000686434 -134
0.000686847 -117
0.000687439 -87
0.000687927 -75
0.000702457 -58
0.000703566 -17
0.000705209 13
0.00070551 15
0.000709868 34
0.000711202 35
0.000728935 37
0.000730917 48
0.000732063 51
0.000733603 60
0.000742301 80
0.00074247 85
0.000742986 116
0.000757338 124
0.000765284 128
0.00076628 146
0.000778574 152
0.000779523 184
0.000790418 191
0.000799294 202
0.000834366 240
0.00084575 248
0.00084853 260
0.000859651 271
0.00086785 274
0.000874632 279
0.000875684 287
0.000877158 289
0.000884334 306
0.000890101 309
0.000897907 318
0.000950063 331
0.000999487 391
0.00100365 420
0.00103352 430
0.00130671 431
0.00136275 440
0.00151146 446
0.00160365 454
0.00179603 457
2 457
