0 -9038
7.33e-07 -8769
9.87e-07 -8475
0.000254482 -8456
0.000255928 -8211
0.000259939 -8117
0.000280396 -7983
0.000281541 -7715
0.000284641 -7691
0.000287337 -7638
0.000287459 -7336
0.000287872 -7119
0.00028822 -6769
0.000288426 -6560
0.000288642 -6303
0.000288764 -6097
0.000291883 -5852
0.000293883 -5657
0.000294193 -5363
0.000295076 -5215
0.000299077 -5064
0.000299782 -4814
0.000302149 -4570
0.000302243 -4417
0.000303511 -4144
0.000305971 -4108
0.000306798 -3913
0.00032022 -3854
0.000321958 -3798
0.000324616 -3757
0.000356663 -3701
0.000359377 -3640
0.000359603 -3506
0.000369155 -3333
0.000373504 -3308
0.000375082 -3110
0.000375213 -2879
0.000376941 -2848
0.000378491 -2643
0.000378632 -2468
0.000378745 -2290
0.000381206 -2280
0.000384399 -2112
0.000399521 -2110
0.000403278 -2089
0.000404189 -1969
0.000410792 -1822
0.000412727 -1689
0.000420485 -1640
0.000422091 -1527
0.000423463 -1441
0.000432141 -1431
0.00043401 -1293
0.000439289 -1207
0.000439777 -1132
0.000440989 -1053
0.000443807 -938
0.000454035 -888
0.000456665 -746
0.000460704 -705
0.000479602 -699
0.000491314 -684
0.000492282 -575
0.000496001 -495
0.000499457 -399
0.000501843 -312
0.000507479 -288
0.000514814 -262
0.000584394 -175
0.0005874 -60
0.000591485 -28
0.000596529 -1
0.000601282 57
0.000603339 74
0.00062342 87
0.000625806 130
0.00062589 136
0.000642121 142
0.000650621 146
0.000680724 147
0.000721102 149
0.000736901 150
0.000757583 157
0.000773776 159
0.000784004 161
0.000879235 166
2 166
