0 -17579
1.97e-07 -17272
1.3206e-05 -17209
0.00026532 -16947
0.000282508 -16916
0.000282687 -16613
0.000283213 -16573
0.000283363 -16244
0.000288256 -16074
0.000289121 -16044
0.000290774 -15947
0.000291384 -15864
0.000293178 -15676
0.000300758 -15455
0.00030088 -15208
0.000301021 -14963
0.000301152 -14697
0.000303717 -14459
0.000303886 -14161
0.000303998 -13849
0.000304665 -13778
0.000318651 -13777
0.000320153 -13587
0.000322304 -13385
0.000323835 -13236
0.000324286 -12960
0.000346011 -12652
0.000348359 -12369
0.000348519 -12160
0.000351064 -12046
0.000351534 -11717
0.000354568 -11545
0.000356549 -11345
0.000356812 -11136
0.000358522 -10981
0.000360523 -10971
0.000360645 -10787
0.000361208 -10525
0.000369633 -10516
0.000370263 -10323
0.000372122 -10088
0.000372545 -10016
0.000372986 -9811
0.000373296 -9598
0.000373747 -9364
0.000373916 -9050
0.000374095 -8757
0.00037525 -8499
0.000376518 -8461
0.000378782 -8459
0.000423518 -8362
0.000429219 -8180
0.000430365 -8072
0.000433183 -7879
0.000434733 -7637
0.000437785 -7557
0.000439786 -7372
0.000447065 -7317
0.000447244 -7045
0.000448812 -6803
0.00045117 -6484
0.000453152 -6305
0.000455847 -6115
0.000457416 -5926
0.000478286 -5912
0.000482391 -5796
0.00048519 -5644
0.000485725 -5536
0.000489191 -5493
0.000499579 -5348
0.000499739 -5152
0.000501138 -4944
0.000505233 -4665
0.000507478 -4406
0.000515537 -4302
0.000516936 -3996
0.000547547 -3902
0.000550054 -3887
0.000553755 -3711
0.000554582 -3545
0.000557155 -3422
0.000557963 -3218
0.000564603 -3139
0.00057006 -2997
0.000571573 -2828
0.000572249 -2666
0.000575311 -2526
0.000577208 -2481
0.000577866 -2306
0.000580712 -2101
0.000581059 -1991
0.000586009 -1892
0.0005863 -1743
0.000588385 -1622
0.000589268 -1534
0.000599675 -1378
0.000601441 -1246
0.000604324 -1222
0.000606034 -1106
0.000606879 -1069
0.000608213 -965
0.000609838 -831
0.00061181 -808
0.000612242 -683
0.000613905 -614
0.00061831 -576
0.000619766 -574
0.000631037 -548
0.000633751 -515
0.000635498 -486
0.000645163 -477
0.000646177 -428
0.000646966 -404
0.000653156 -396
0.000654095 -368
0.000675755 -295
0.000683193 -230
0.000688604 -161
0.000693704 -139
0.000700015 -136
0.000726906 -88
0.00074617 -63
0.00075082 -42
0.000758071 -40
0.000766308 -19
0.000768562 1
0.000778537 4
0.000786962 5
0.000787272 14
0.000788878 27
0.000793236 33
0.000793321 59
0.000798938 63
0.00080988 90
0.000813562 92
0.000818418 111
0.000825979 134
0.000826195 161
0.00083338 172
0.00083632 200
0.000866902 226
0.000867973 244
0.000878473 247
0.000879497 252
0.000880033 282
0.000888458 293
0.000902753 294
0.000908802 298
0.00105462 301
0.00107998 311
0.00109307 320
0.00111602 326
0.00113143 330
0.00121833 332
0.00157237 339
2 339
