0 -63631
5.26e-07 -62857
8.6552e-05 -62569
9.3361e-05 -62315
0.000103111 -62162
0.000105121 -61530
0.000105393 -60752
0.000106558 -60187
0.000107159 -59366
0.000107638 -58495
0.000116157 -58282
0.000116768 -57418
0.000147068 -57322
0.000147885 -56381
0.000148712 -55728
0.000150167 -55109
0.000150402 -54276
0.000150834 -53516
0.000150938 -52816
0.000153802 -52706
0.000155362 -52454
0.000155831 -51783
0.000157268 -51162
0.000157559 -50515
0.000157663 -49945
0.000163693 -49739
0.00016405 -49030
0.000164284 -48791
0.000165412 -48097
0.000167083 -47343
0.000168558 -46780
0.000176241 -46238
0.000176936 -45477
0.000178401 -44843
0.000178524 -44214
0.000179848 -43588
0.000180111 -43005
0.000182262 -42126
0.000185305 -41572
0.000186094 -40949
0.000187597 -40203
0.000190565 -39443
0.000191006 -38717
0.000191128 -38060
0.000194068 -37298
0.000194791 -36605
0.000195505 -35893
0.000196125 -35333
0.000199647 -35278
0.000199816 -34578
0.000211313 -34232
0.000211454 -33378
0.000221476 -32694
0.000225956 -32010
0.000228435 -31301
0.000240185 -30743
0.000240627 -30116
0.000241256 -29392
0.000241519 -28704
0.000243576 -28149
0.000247728 -27480
0.000249249 -26669
0.000253654 -25876
0.000258745 -25261
0.000262408 -24616
0.000264606 -23855
0.000269058 -23088
0.000271256 -22494
0.000271876 -21912
0.000274374 -21171
0.000277061 -20664
0.00027785 -20070
0.000281419 -19556
0.000286829 -19047
0.000292577 -18460
0.00029469 -17759
0.000297208 -17164
0.000304787 -16542
0.000315739 -15969
0.000320323 -15359
0.000323986 -14715
0.000334496 -14079
0.00033969 -13590
0.000340958 -12882
0.000344048 -12363
0.000344292 -11795
0.000345795 -11208
0.000348425 -10734
0.0003686 -10694
0.000374377 -10215
0.000378227 -9740
0.000420503 -9688
0.000434827 -9214
0.000444464 -8762
0.000444736 -8233
0.000447685 -7608
0.000466996 -7136
0.000481649 -6772
0.000499767 -6324
0.000501758 -5886
0.000517988 -5450
0.000519153 -4999
0.000523229 -4540
0.00052492 -4179
0.000526235 -3786
0.000528837 -3417
0.00053358 -3098
0.000540962 -2643
0.000573508 -2285
0.000621757 -1986
0.000625505 -1794
0.000630858 -1496
0.000640326 -1286
0.000643914 -975
0.0006531 -807
0.000671857 -693
0.00067644 -440
0.000685683 -342
0.000691468 -289
0.000879441 -151
0.000882109 -87
0.000929682 -33
0.000948814 16
0.000954102 25
0.000964124 33
0.00102139 35
0.0010255 45
0.0011328 68
0.00150519 71
0.00154237 73
0.0017049 81
2 81
