0 -1849
1.78e-07 -1716
0.000327066 -1609
0.000327733 -1458
0.00034634 -1409
0.000383421 -1340
0.000409965 -1311
0.000410237 -1190
0.000414651 -1156
0.000416164 -1088
0.000416408 -1045
0.00041684 -1003
0.000419583 -929
0.000420728 -904
0.000429379 -897
0.00043137 -827
0.000431586 -780
0.000433718 -708
0.000436724 -626
0.000436818 -539
0.000440171 -434
0.000441899 -416
0.000442369 -393
0.000442557 -319
0.000458637 -272
0.000462065 -230
0.00046261 -176
0.000524413 -106
0.000526902 -85
0.000528038 -55
0.000532565 -12
0.000533955 33
0.000558442 99
0.000579988 118
0.00058615 131
0.000587962 133
0.000588282 137
0.000589672 145
0.000591569 147
0.00059403 196
0.000597167 205
0.000598529 210
0.000606353 219
0.000610655 225
0.000626941 226
0.000630867 238
0.000656631 244
0.000674928 253
0.000689336 254
0.000689477 261
0.00072422 262
0.000755769 270
2 270
