0 -3492
1.89e-07 -3409
1.0909e-05 -3382
1.125e-05 -3296
0.000536749 -3260
0.000537165 -3229
0.000537893 -3157
0.000538129 -3122
0.000539216 -3114
0.000539405 -3087
0.000540625 -3032
0.000547072 -2989
0.000548329 -2936
0.00055489 -2934
0.000555485 -2872
0.000556213 -2801
0.000558359 -2773
0.00055869 -2625
0.000562726 -2537
0.00056301 -2445
0.00056335 -2418
0.000564636 -2408
0.000565685 -2371
0.00056578 -2303
0.000566451 -2241
0.000568587 -2206
0.000568691 -2098
0.000569542 -1966
0.000569665 -1846
0.000569769 -1812
0.000569873 -1801
0.000589857 -1739
0.000591701 -1656
0.000594338 -1616
0.000594575 -1556
0.000595378 -1506
0.000595501 -1493
0.000596531 -1460
0.000601324 -1431
0.000602128 -1419
0.000602355 -1407
0.00060278 -1369
0.000603101 -1325
0.000607233 -1233
0.000608537 -1103
0.000609218 -1082
0.0006123 -1055
0.000632076 -1043
0.000632511 -986
0.000634316 -920
0.000635763 -912
0.000635999 -834
0.000637133 -724
0.000639402 -713
0.000653402 -708
0.000653516 -696
0.000655974 -688
0.000656049 -673
0.00065881 -654
0.00065898 -652
0.000659443 -637
0.000660067 -616
0.000660275 -595
0.000660388 -535
0.000661513 -513
0.000662052 -466
0.000665531 -409
0.000665673 -366
0.000666609 -322
0.000667535 -309
0.000668755 -248
0.000684693 -196
0.000685194 -175
0.000699383 -151
0.000699591 -79
0.000700631 -58
0.000701709 -39
0.000702843 9
0.000704044 50
0.000704573 61
0.000705207 95
0.000710387 99
0.000714594 140
0.000716012 150
0.000717515 179
0.000718356 182
0.000720077 190
0.000723139 199
0.000724075 200
0.000725408 212
0.000728802 217
0.000733982 233
0.000741696 237
0.000743341 247
0.000743634 279
0.000744012 344
0.000744693 402
0.000748786 403
0.000751395 404
0.000751594 409
0.000751773 415
0.000752142 448
0.000756037 452
0.000758069 475
0.00075926 478
0.000760754 484
0.000764876 495
0.000766861 500
0.00076929 535
0.00076998 540
0.00077017 562
0.000771257 573
0.000773459 583
0.000773904 592
0.000773998 619
0.000775322 626
0.000776447 638
0.000778989 661
0.000779065 683
0.000779264 710
0.000780058 714
0.000780502 717
0.000783338 719
0.000786004 723
0.000787705 732
0.000789105 743
0.000790523 744
0.000790844 752
0.000792177 754
0.000793188 774
0.000794616 803
0.000797839 816
0.000799409 824
0.000802226 828
0.000803228 859
0.000805336 863
0.000805875 872
0.000808474 878
0.000811216 885
0.000811291 893
0.000813078 899
0.000813163 941
0.000813721 942
0.000817625 945
0.000818882 986
0.000825604 1001
0.000825708 1008
0.000833346 1032
0.000833677 1040
0.000834074 1042
0.000835596 1045
0.000836031 1047
0.000836749 1050
0.000842024 1053
0.000844293 1056
0.000853349 1060
0.000853434 1083
0.000860363 1091
0.000872218 1100
0.000872388 1125
0.00087408 1127
0.000874988 1146
0.000880367 1149
0.000880622 1191
0.000882777 1211
0.000887419 1213
0.000893081 1217
0.000900984 1218
0.000902431 1240
0.0009059 1246
0.000907441 1248
0.000912735 1252
0.00091386 1263
0.00091402 1267
0.000916091 1275
0.000916185 1296
0.000919645 1319
0.000920732 1333
0.000921961 1337
0.000929892 1349
0.000931963 1359
0.000940187 1368
0.000949035 1374
0.000949215 1383
0.000957591 1393
0.000962913 1398
0.000963026 1403
0.000966467 1405
0.000966741 1407
0.000970457 1409
0.0009818 1416
0.000984967 1419
0.000986707 1422
0.000988125 1435
0.000988522 1438
0.000998977 1440
0.00101032 1453
0.00101084 1470
0.00101291 1471
0.00101943 1474
0.00103221 1478
0.00103304 1487
0.00105558 1491
0.00106892 1497
0.00107595 1499
0.00108311 1502
0.00111488 1503
0.00114203 1512
0.00115241 1520
0.00115852 1528
0.00119457 1535
0.00120269 1543
0.00121322 1547
0.00128085 1559
0.00154245 1570
0.00157107 1577
0.00159933 1580
0.00173534 1584
0.00192269 1588
0.00192715 1592
0.00192797 1596
0.00194401 1598
2 1598
