0 -903
1.04e-07 -875
1.1921e-05 -827
0.000439843 -789
0.000441913 -779
0.000442055 -778
0.00044214 -754
0.000442509 -711
0.000442802 -701
0.000442972 -607
0.000449665 -582
0.000451395 -565
0.000453361 -550
0.000453758 -470
0.000462493 -464
0.000462947 -445
0.000463136 -349
0.00046359 -333
0.000464025 -325
0.000468515 -303
0.000468808 -290
0.000468893 -232
0.000507236 -221
0.000508427 -197
0.00050924 -177
0.000510535 -169
0.000511272 -159
0.000527834 -146
0.00052998 -126
0.000530822 -107
0.000532712 -76
0.000533478 -51
0.000534253 -3
0.000535387 22
0.000535548 54
0.000552668 66
0.000553283 78
0.000558964 88
0.000559777 97
0.000561923 106
0.000562017 136
0.000568748 140
0.000568918 166
0.000569164 228
0.00057754 238
0.000578551 240
0.00058064 250
0.000581075 257
0.000581746 262
0.000581898 268
0.000584176 279
0.000585811 282
0.00058722 300
0.000588496 305
0.000588931 321
0.000589092 357
0.000591653 361
0.000591739 385
0.000592353 387
0.000601078 404
0.000601683 422
0.000601976 433
0.000602118 438
0.000604132 455
0.000619096 493
0.000619683 494
0.000619786 512
0.000623256 533
0.00062336 534
0.000623993 542
0.000624986 544
0.000646558 549
0.000649366 551
0.000649479 560
0.00065016 574
0.000650321 576
0.000657411 600
0.000659604 603
0.000661674 620
0.000662099 626
0.00066227 639
0.000665777 654
0.00066659 658
0.000666817 660
0.000666883 661
0.00066831 671
0.000686111 686
0.000686801 690
0.000696717 697
0.000696802 710
0.000714111 711
0.000714962 715
0.000716465 721
0.000720833 725
0.000721721 740
0.000722062 753
0.000723725 759
0.000730192 770
0.000730522 772
0.000731005 774
0.000731714 790
0.000732007 797
0.000734776 804
0.00073592 805
0.000736894 813
0.000743237 815
0.000744976 817
0.000745723 831
0.000748134 843
0.000750743 845
0.000752274 848
0.000752671 865
0.000752785 878
0.000755545 882
0.000759639 883
0.000764214 899
0.000766209 904
0.000767419 912
0.000773336 924
0.000776957 928
0.000778148 936
0.000787441 939
0.000791525 942
0.000799853 948
0.000802301 949
0.000806149 957
0.000807075 966
0.000816963 972
0.000817067 974
0.000821189 979
0.000827438 984
0.000843622 989
2 989
