0 189
1.1806e-05 194
1.2154e-05 198
1.2248e-05 199
0.000255749 204
0.000256313 241
0.00033722 251
0.000354418 264
0.000358475 279
0.000368563 294
0.000368929 298
0.000381027 307
0.000381215 324
0.000381421 348
0.000382098 353
0.000383478 359
0.000383629 378
0.000417676 389
0.000418137 396
0.000418278 441
0.000443356 442
0.00044391 449
0.000443976 451
0.000444727 469
0.000458262 474
0.000458431 489
0.00045859 491
0.000458731 495
0.000460196 500
0.000460459 507
0.000460854 510
0.000461089 513
0.000461211 520
0.000464019 521
0.000464874 523
0.000465635 538
0.000467664 546
0.000467757 561
0.000468575 565
0.000488712 570
0.000489088 575
0.000489276 598
0.000489774 603
0.000489896 607
0.000497485 609
0.000499936 612
0.000501862 620
0.000501909 629
0.000502228 635
0.000505534 636
0.000505872 637
0.000519369 647
0.000521135 650
0.000528912 654
0.000529532 662
0.000530086 664
0.000534134 677
0.000534313 682
0.000537816 687
0.000539056 702
0.000539253 720
0.000540362 726
0.00054069 752
0.000541639 753
0.000542099 765
0.00056002 766
0.00056157 776
0.000562115 783
0.000563674 795
0.000567168 798
0.000568126 805
0.000568464 812
0.000568868 817
0.000569666 825
0.000571705 837
0.000593495 839
0.00059388 849
0.000603442 851
0.000607706 856
0.000607791 860
0.000608213 861
0.00061151 887
0.000622105 888
0.000627693 889
0.000641557 891
0.000663178 902
0.00067567 905
0.00068062 906
0.000683015 912
0.000711024 914
0.00073243 915
0.000732937 917
0.000738666 926
0.000744208 929
0.000745025 931
0.000746171 938
0.000790964 943
2 943
