0 -4133
2.74e-07 -3995
6.71e-07 -3864
0.000703666 -3787
0.000703883 -3755
0.000707003 -3692
0.000707957 -3661
0.00070965 -3597
0.000711436 -3582
0.000713043 -3569
0.000714405 -3538
0.000715359 -3489
0.000719282 -3406
0.0007214 -3400
0.000739011 -3375
0.000743436 -3313
0.000743795 -3236
0.000746735 -3170
0.000747746 -3120
0.000752426 -3109
0.000752861 -3056
0.000753815 -2936
0.000756387 -2846
0.000758627 -2776
0.00076861 -2754
0.000769177 -2740
0.000774707 -2625
0.000776343 -2553
0.000780738 -2529
0.000784302 -2494
0.00078521 -2446
0.000785465 -2425
0.000787356 -2301
0.00078815 -2267
0.000788282 -2162
0.000789104 -2138
0.000791496 -2068
0.000792111 -2032
0.000792791 -1977
0.000793349 -1924
0.000796327 -1826
0.000797887 -1770
0.000798047 -1703
0.00079818 -1646
0.000801403 -1577
0.000843064 -1551
0.000843366 -1449
0.000853217 -1395
0.000854616 -1365
0.000856875 -1303
0.000858161 -1270
0.000860401 -1183
0.0008618 -1171
0.00086474 -1135
0.000865232 -1127
0.000865629 -1055
0.000867019 -976
0.000873248 -966
0.000873626 -933
0.000875139 -875
0.000876311 -860
0.000876755 -829
0.000876982 -817
0.000877096 -759
0.000882881 -756
0.000883779 -698
0.000892372 -610
0.000892713 -596
0.000894707 -536
0.000895369 -498
0.000896314 -497
0.000896929 -489
0.000897279 -461
0.000899613 -444
0.000899859 -416
0.000900455 -411
0.000901655 -396
0.000902913 -333
0.000903215 -332
0.000903971 -261
0.000904491 -239
0.000911676 -213
0.000926612 -202
0.000927198 -198
0.000930214 -133
0.000930516 -112
0.000936084 -64
0.000937521 -59
0.000937862 -4
0.000939705 39
0.000940017 64
0.000940773 92
0.000941009 99
0.000941955 119
0.000943032 173
0.000943883 185
0.000944195 199
0.000945405 248
0.000947182 320
0.000955322 331
0.00096003 345
0.000960417 347
0.000960739 348
0.000972045 351
0.000972536 385
0.00097471 411
0.000976582 434
0.000980486 467
0.000981659 512
0.000983256 520
0.000985374 521
0.000992511 601
0.000993088 603
0.000993929 608
0.000996954 630
0.00099824 650
0.0010011 671
0.00101565 675
0.00102184 684
0.00102222 691
0.00102661 698
0.00102794 704
0.00102925 713
0.00102961 722
0.00103549 778
0.00103858 794
0.00103944 807
0.00104022 809
0.00104261 813
0.00104399 823
0.00104821 826
0.00104939 834
0.00104973 844
0.0010566 847
0.00106919 861
0.00107009 872
0.0010722 878
0.00107588 884
0.00108026 885
0.00108094 891
0.00108321 903
0.00109145 904
0.00109236 911
0.00109482 915
0.00109535 928
0.00110075 960
0.00110116 970
0.00111661 979
0.00111879 1005
0.00112024 1014
0.00112212 1017
0.00112767 1022
0.00112784 1033
0.00113568 1043
0.00114183 1053
0.00114331 1060
0.00114721 1061
0.00115437 1081
0.00115644 1082
0.00115842 1095
0.00116384 1103
0.0011707 1105
0.00117583 1111
0.00118332 1114
0.00118596 1118
0.00119064 1133
0.001198 1173
0.00119976 1174
0.00120063 1184
0.00120321 1185
0.00120448 1194
0.00121593 1210
0.00121905 1229
0.00121998 1242
0.0012216 1243
0.00122419 1247
0.00123026 1256
0.00123598 1262
0.00123785 1265
0.00123866 1267
0.00124169 1273
0.00124375 1277
0.00124674 1287
0.00125319 1291
0.00127127 1296
0.00127168 1302
0.00130544 1304
0.00131693 1308
0.00133162 1328
0.00133212 1347
0.00134332 1356
0.0013493 1366
0.00136819 1369
0.00137386 1375
0.00137597 1379
0.00140069 1380
0.00145614 1384
0.00148029 1392
0.0015067 1397
0.00151278 1399
0.00152998 1411
0.00154756 1415
0.00155095 1423
0.00155166 1425
0.0015555 1426
0.00156174 1427
0.00161285 1429
0.0016154 1438
0.00166336 1439
0.00176384 1444
0.0017825 1448
0.00179287 1453
0.00195306 1457
0.00199175 1458
0.00200891 1465
2 1465
