0 -11779
2.81e-07 -11639
1.0125e-05 -11302
0.000368882 -11250
0.000369042 -11077
0.000370018 -10817
0.000371164 -10728
0.00037541 -10491
0.00037556 -10194
0.000379909 -10018
0.000381017 -9921
0.000381167 -9728
0.000381289 -9481
0.000394007 -9407
0.000395444 -9192
0.000395951 -8908
0.000396355 -8685
0.000407025 -8658
0.000409298 -8503
0.000411195 -8399
0.000437062 -8280
0.00044514 -8138
0.000445863 -7956
0.000446427 -7837
0.000449601 -7698
0.000484072 -7543
0.000488552 -7334
0.000489407 -7197
0.000489576 -6918
0.000491201 -6789
0.000491858 -6613
0.000510418 -6480
0.000513348 -6321
0.000515565 -6108
0.000516232 -5830
0.000516401 -5643
0.000519435 -5588
0.000521388 -5424
0.000524244 -5423
0.000527916 -5195
0.000528095 -4887
0.000528574 -4708
0.000528912 -4499
0.000542954 -4369
0.000547321 -4222
0.000547518 -3978
0.000548016 -3813
0.00054919 -3789
0.000557644 -3709
0.00055801 -3503
0.00056063 -3385
0.000560781 -3292
0.000561109 -3104
0.000563636 -2897
0.000571573 -2862
0.000575771 -2744
0.000585201 -2586
0.000588893 -2571
0.000592856 -2492
0.000595298 -2408
0.000596209 -2295
0.000596923 -2114
0.000598332 -1976
0.000599487 -1932
0.00060471 -1841
0.000609857 -1700
0.000610308 -1641
0.000613125 -1572
0.000615116 -1430
0.000616028 -1344
0.000616262 -1264
0.000624133 -1210
0.000625223 -1031
0.000625871 -897
0.000626115 -784
0.000626867 -710
0.00063485 -659
0.000638222 -574
0.000639603 -527
0.000646394 -500
0.000648084 -491
0.00066006 -487
0.000665864 -470
0.000670476 -413
0.000676224 -378
0.000679897 -327
0.000681268 -279
0.000681625 -231
0.00068588 -227
0.000693554 -202
0.000701584 -187
0.000734214 -137
0.000736459 -108
0.000750256 -104
0.000754145 -71
0.000756192 -67
0.000767905 -32
0.000768083 -11
0.000769473 -8
0.000773155 4
0.000776565 13
0.000781449 29
0.000781853 63
0.000785459 67
0.000789292 124
0.00080107 184
0.0008037 185
0.000806489 188
0.000815619 197
0.000824457 212
0.000839091 215
0.00085395 233
0.000912155 243
0.000917894 247
0.000920909 270
0.000928536 279
0.00101081 281
0.00105545 335
0.00107666 361
0.00111111 369
0.00112558 385
2 385
