0 -31599
5.6e-08 -31201
5.0439e-05 -30843
0.000137994 -30487
0.000220235 -30135
0.000301688 -29785
0.000430467 -29440
0.000565026 -29099
0.000701531 -28758
0.000857499 -28418
0.00102152 -28079
0.00115654 -27752
0.00126703 -27429
0.00136984 -27106
0.00149078 -26790
0.00158504 -26475
0.00169417 -26163
0.00177646 -25852
0.0018623 -25550
0.00192864 -25251
0.00199007 -24952
0.00205047 -24657
0.00210752 -24363
0.00216129 -24072
0.00221581 -23788
0.00226487 -23507
0.00232173 -23228
0.00238222 -22952
0.00250602 -22679
0.00263502 -22409
0.00275068 -22139
0.00285043 -21871
0.00294201 -21604
0.00306525 -21337
0.00318384 -21070
0.00328589 -20804
0.00338137 -20542
0.00346242 -20282
0.00355722 -20023
0.00363563 -19765
0.00370576 -19510
0.00376193 -19256
0.00381184 -19007
0.00385859 -18759
0.0039195 -18513
0.00405128 -18269
0.00418092 -18025
0.00432137 -17784
0.0044461 -17548
0.00455722 -17317
0.00466475 -17087
0.00475133 -16860
0.00481445 -16635
0.00486647 -16411
0.00491743 -16188
0.00496216 -15966
0.00501531 -15744
0.00506976 -15523
0.00511878 -15311
0.00516054 -15099
0.00520467 -14892
0.005245 -14687
0.00528614 -14482
0.00533536 -14278
0.0053902 -14074
0.00547439 -13872
0.00560707 -13670
0.00572913 -13469
0.00582263 -13269
0.00590444 -13073
0.00597532 -12878
0.00603576 -12683
0.00608676 -12489
0.00612799 -12295
0.00616878 -12105
0.00623263 -11916
0.00628471 -11728
0.00633307 -11543
0.00638612 -11360
0.0064439 -11180
0.00649645 -11003
0.00655373 -10827
0.00662315 -10652
0.00667629 -10477
0.00672146 -10303
0.00675945 -10130
0.00679517 -9959
0.00683832 -9789
0.00687928 -9619
0.00693423 -9449
0.0069874 -9279
0.00702837 -9113
0.00706689 -8949
0.00710244 -8786
0.00713787 -8626
0.00717597 -8466
0.0072143 -8307
0.00728113 -8153
0.00737894 -8001
0.00746475 -7853
0.00754304 -7706
0.00760891 -7561
0.00766254 -7417
0.0077036 -7273
0.00774322 -7129
0.00778014 -6988
0.0078556 -6847
0.00794769 -6706
0.00802309 -6565
0.00808986 -6425
0.00816397 -6286
0.00821825 -6149
0.00825858 -6013
0.00829046 -5877
0.00832271 -5743
0.00835507 -5612
0.00838349 -5482
0.00841747 -5356
0.00844896 -5231
0.00848544 -5106
0.00851867 -4981
0.00854972 -4860
0.00857957 -4739
0.0086144 -4619
0.00865057 -4502
0.00868389 -4387
0.00871648 -4273
0.00874891 -4159
0.00878289 -4046
0.00882758 -3936
0.00886452 -3826
0.00890137 -3719
0.00893805 -3612
0.00897267 -3506
0.00900428 -3402
0.0090405 -3304
0.00907781 -3207
0.00911164 -3111
0.00914246 -3016
0.00917558 -2921
0.00920889 -2827
0.00924122 -2737
0.00927494 -2648
0.00930715 -2560
0.00933894 -2473
0.00937039 -2389
0.00940098 -2306
0.009449 -2227
0.00954238 -2150
0.00969834 -2073
0.0098215 -1998
0.00990121 -1923
0.0099609 -1850
0.010011 -1778
0.0100595 -1708
0.0101094 -1639
0.0101548 -1570
0.0101987 -1502
0.01024 -1436
0.0102814 -1371
0.010323 -1307
0.0103631 -1244
0.0104035 -1183
0.0104841 -1124
0.0105776 -1065
0.0106444 -1007
0.0107361 -949
0.0107846 -893
0.0108199 -837
0.0108578 -782
0.0108928 -728
0.0109271 -676
0.0109618 -624
0.0110023 -574
0.0110354 -525
0.011071 -476
0.0111031 -428
0.0111884 -380
0.0112709 -333
0.0113404 -286
0.0113959 -240
0.0114463 -195
0.0115416 -151
0.0116288 -108
0.0116836 -67
0.0117294 -28
0.0117718 10
0.0118152 48
0.0118591 85
0.0119019 122
0.0119455 157
0.0119996 191
0.0120609 224
0.0121235 257
0.0121839 289
0.0122523 321
0.0123181 352
0.0123808 383
0.0124437 414
0.0125004 443
0.0125604 472
0.0126231 500
0.0126847 528
0.0127591 557
0.0128269 584
0.0128894 610
0.0129585 634
0.0131277 658
0.0131874 681
0.0132454 704
0.0132915 727
0.0133364 750
0.0135455 772
0.0136154 794
0.0137831 815
0.0138409 834
0.0139081 859
0.0139563 878
0.0140012 898
0.0140467 916
0.0140907 934
0.0141389 951
0.0141835 972
0.0142261 989
0.0142686 1006
0.0143113 1022
0.0143728 1037
0.0144173 1052
0.0144603 1066
0.0145029 1085
0.0145651 1099
0.0146286 1118
0.0146855 1135
0.0147389 1150
0.0147898 1164
0.0148386 1183
0.0148864 1200
0.0149326 1221
0.0149792 1236
0.0150242 1250
0.0150689 1265
0.0151145 1283
0.0151615 1298
0.0152076 1321
0.0152533 1338
0.0153467 1352
0.0154247 1365
0.0154938 1378
0.0155469 1390
0.0155957 1412
0.015643 1428
0.0156889 1446
0.0157325 1458
0.0157878 1470
0.0158322 1482
0.0158764 1493
0.0159181 1504
0.0159708 1527
0.0160131 1538
0.0160559 1549
0.0160989 1578
0.0161418 1588
0.0161846 1598
0.0162244 1608
0.0162664 1618
0.0163081 1632
0.0163492 1642
0.0163897 1651
0.0164407 1659
0.0164774 1667
0.0165199 1682
0.0165626 1693
0.0166051 1701
0.0166478 1708
0.0166903 1725
0.0167539 1735
0.0168061 1742
0.016848 1749
0.0168902 1756
0.0169332 1774
0.0169799 1782
0.0170225 1789
0.0170669 1796
0.0171102 1804
0.0171594 1811
0.0172143 1819
0.0172629 1832
0.0173069 1842
0.0173477 1852
0.0173904 1862
0.0174421 1868
0.0175186 1885
0.0175815 1897
0.0176602 1903
0.0177164 1909
0.0177394 1917
0.0177714 1923
0.0177818 1928
0.0177942 1933
0.0178085 1938
0.017825 1950
0.0178488 1964
0.0178564 1968
0.0178709 1973
0.0178968 1976
0.0179066 1979
0.0179117 1981
0.017925 1989
0.0179539 2000
0.0179587 2002
0.0179679 2004
0.01798 2013
0.0180057 2016
0.0180103 2038
0.0180591 2047
0.0180658 2049
0.0180742 2059
0.01809 2061
0.0180974 2062
0.018109 2063
0.0181238 2080
0.0181668 2081
0.018179 2086
0.0182046 2102
0.0182336 2103
0.0182902 2113
0.0183099 2114
0.0183141 2118
0.0185465 2119
0.018613 2141
0.018688 2144
0.0187081 2147
0.018876 2150
0.0188863 2153
0.0192793 2154
0.0192851 2157
0.0194114 2159
0.0194514 2162
0.019466 2165
0.0217588 2171
0.0218791 2172
0.0218924 2175
0.0219163 2196
2 2196
