0 -16923
1.14e-07 -16590
3.9194e-05 -16276
5.9322e-05 -15984
7.3956e-05 -15698
9.4322e-05 -15415
0.00015185 -15140
0.000222921 -14875
0.000294058 -14611
0.000381613 -14358
0.00045835 -14111
0.000512452 -13865
0.000551295 -13621
0.000592131 -13382
0.000625782 -13153
0.000660165 -12926
0.000693152 -12701
0.000722448 -12484
0.000758348 -12267
0.00084485 -12052
0.000899816 -11841
0.000946602 -11632
0.000988292 -11426
0.00102484 -11224
0.00105774 -11022
0.00108963 -10820
0.00112186 -10624
0.00115233 -10430
0.00118283 -10238
0.00121458 -10050
0.00124775 -9864
0.00129103 -9680
0.00135424 -9497
0.00139825 -9318
0.00144048 -9140
0.00147741 -8964
0.00151098 -8788
0.00154459 -8614
0.00157248 -8442
0.00160017 -8271
0.00162889 -8110
0.00165844 -7954
0.00169011 -7799
0.00171932 -7646
0.00175247 -7493
0.00178448 -7342
0.00181643 -7192
0.00184831 -7044
0.00187663 -6900
0.00190862 -6757
0.00193738 -6614
0.00196676 -6472
0.00199162 -6331
0.00202266 -6190
0.00205882 -6049
0.00208992 -5910
0.00211999 -5774
0.002149 -5639
0.00217789 -5507
0.00220654 -5378
0.00225169 -5251
0.00228418 -5126
0.00231443 -5003
0.0023408 -4882
0.00236943 -4761
0.00239921 -4640
0.00242783 -4520
0.00245435 -4402
0.00248328 -4285
0.00251091 -4171
0.002538 -4058
0.00256779 -3946
0.00259998 -3834
0.0026285 -3723
0.00265453 -3613
0.00268293 -3504
0.00271366 -3399
0.00274246 -3294
0.00277022 -3191
0.00279902 -3088
0.00282866 -2985
0.00285463 -2885
0.00288159 -2786
0.0029106 -2687
0.00293897 -2593
0.00296689 -2502
0.00299493 -2412
0.00302135 -2324
0.00304831 -2238
0.00307552 -2154
0.00310198 -2072
0.00312912 -1992
0.00316473 -1914
0.00321021 -1836
0.00323709 -1761
0.00326107 -1687
0.00328307 -1614
0.00329994 -1541
0.00331836 -1469
0.0033364 -1399
0.00335651 -1331
0.00337609 -1265
0.0033966 -1200
0.00341635 -1135
0.00343327 -1071
0.00345072 -1008
0.00346893 -945
0.00348731 -883
0.00350711 -822
0.00352548 -762
0.00354471 -702
0.00356194 -643
0.00358202 -585
0.0035999 -527
0.00361776 -469
0.00363534 -412
0.00365662 -358
0.00368113 -305
0.00370614 -253
0.00372806 -202
0.00375122 -152
0.00377263 -106
0.00378856 -60
0.00381077 -14
0.00383033 30
0.00384876 74
0.00386638 117
0.00388534 159
0.00390387 201
0.00393385 241
0.00395036 281
0.00396859 320
0.00398836 358
0.00400741 395
0.00402662 426
0.00406332 453
0.0040827 480
0.00410495 505
0.00413266 530
0.00451012 555
0.00453943 579
0.00456797 607
0.0045868 630
0.00460276 653
0.00462076 675
0.00463904 696
0.00465722 721
0.00467576 742
0.00469408 763
0.00470987 784
0.00472851 805
0.00474597 825
0.0047784 845
0.00479403 869
0.00481318 889
0.00483255 908
0.00485159 927
0.00487025 946
0.00488874 965
0.00490728 983
0.00492773 1000
0.00494723 1018
0.00496541 1035
0.00498398 1051
0.00500064 1066
0.00501905 1081
0.00503488 1096
0.00505162 1113
0.00506966 1132
0.00508709 1147
0.00510373 1161
0.00512223 1175
0.00513966 1189
0.00515673 1209
0.00517302 1222
0.00519061 1234
0.00520846 1246
0.00522587 1260
0.00524379 1282
0.00526218 1296
0.00528021 1313
0.00529638 1325
0.00531324 1337
0.00532988 1350
0.00534663 1364
0.00536168 1376
0.00537871 1388
0.00539544 1400
0.00541333 1411
0.00543074 1423
0.00544671 1446
0.00546253 1462
0.00548016 1478
0.00549739 1490
0.00551449 1521
0.0055312 1532
0.00554898 1541
0.00556628 1550
0.00558496 1558
0.00560237 1574
0.00563375 1580
0.00566842 1584
0.00567498 1588
0.00568701 1591
0.00570197 1594
0.00571558 1597
0.0057216 1600
0.0057291 1602
0.00574041 1609
0.00577568 1615
0.00578179 1617
0.00579175 1619
0.00580649 1621
0.00581653 1634
0.00583371 1636
0.00583837 1637
0.00584476 1638
0.00585257 1658
0.0058665 1659
0.00586994 1660
0.005884 1663
0.00589557 1669
0.0058997 1672
0.00592685 1685
0.0059542 1698
0.00597906 1703
0.00598213 1704
0.00610519 1708
0.00634754 1713
0.00635662 1714
0.00637376 1716
0.0065025 1718
0.00652061 1720
0.00680744 1722
0.00681555 1727
0.00682301 1728
0.00702746 1729
0.00704426 1732
0.00706503 1733
0.00707127 1737
0.00725738 1739
0.00726812 1740
0.00758966 1742
0.00777149 1743
0.00792832 1744
0.00795683 1751
0.00797221 1757
0.00842364 1765
0.00843864 1766
0.00891547 1769
0.00891934 1772
0.00915695 1776
0.00917839 1781
0.00918765 1784
0.00926104 1787
0.00946897 1789
0.00947433 1792
0.0099777 1793
0.0100909 1796
2 1796
