0 -11062
5.7e-08 -10690
1.8828e-05 -10375
4.9747e-05 -10091
8.6312e-05 -9813
0.000109278 -9546
0.000142123 -9297
0.000162963 -9054
0.000181089 -8823
0.000197345 -8592
0.00021159 -8362
0.000228245 -8137
0.000242261 -7913
0.000256383 -7694
0.000271832 -7481
0.000289721 -7271
0.000303643 -7061
0.000319396 -6860
0.000335235 -6662
0.00034873 -6467
0.000361997 -6272
0.000376033 -6086
0.000392232 -5904
0.000409855 -5736
0.000430695 -5570
0.000448005 -5408
0.000463597 -5251
0.000479076 -5097
0.000493064 -4944
0.000507973 -4792
0.000524675 -4645
0.00054096 -4500
0.000559551 -4357
0.000575627 -4215
0.000589729 -4074
0.000605692 -3941
0.000621246 -3808
0.000634997 -3678
0.000648235 -3548
0.000663429 -3419
0.000680283 -3294
0.000696843 -3175
0.000713622 -3060
0.000737062 -2947
0.000753432 -2834
0.000768123 -2722
0.000780194 -2611
0.000793898 -2505
0.000808655 -2400
0.000823896 -2297
0.000838862 -2198
0.00085546 -2099
0.000891835 -2000
0.000923712 -1904
0.000944115 -1809
0.000959717 -1714
0.000975091 -1619
0.000988225 -1529
0.00100068 -1441
0.00101418 -1353
0.00102501 -1270
0.00103733 -1189
0.00105043 -1109
0.00106278 -1032
0.00107705 -957
0.00109014 -883
0.00110207 -811
0.00111488 -745
0.00112725 -685
0.00113718 -626
0.00115147 -568
0.00116544 -512
0.00118015 -459
0.00119194 -408
0.00120429 -359
0.00121663 -310
0.00123219 -263
0.0012488 -216
0.00126361 -171
0.0012763 -128
0.00128771 -86
0.00129998 -47
0.00131443 -12
0.00132663 23
0.00133727 57
0.00134862 91
0.00136277 123
0.00137533 154
0.00138907 185
0.00140426 215
0.00142056 244
0.00143318 273
0.00144773 300
0.00146335 328
0.00147872 354
0.00149298 381
0.00150774 406
0.0015439 429
0.00156468 451
0.00158065 471
0.00159469 492
0.00160836 514
0.00162202 534
0.00163599 554
0.00164939 572
0.00166037 590
0.00167337 607
0.00168654 623
0.00169984 638
0.00171544 652
0.00172849 666
0.00174291 679
0.00175722 692
0.00176854 705
0.00178092 723
0.0017944 735
0.00180645 746
0.00181751 757
0.00182836 767
0.00184173 781
0.00185443 795
0.00186674 805
0.00187906 816
0.00189034 832
0.00190415 843
0.00191795 854
0.0019324 868
0.00194447 878
0.00195556 888
0.00197156 899
0.00198575 910
0.00199786 918
0.00201068 927
0.00202526 935
0.00203851 946
0.0020501 970
0.0020631 977
0.00207579 984
0.0020891 992
0.00210331 1008
0.00211795 1017
0.00213149 1033
0.00214055 1039
0.00215519 1042
0.00216797 1045
0.00217661 1053
0.00219426 1060
0.00220417 1064
0.00222256 1066
0.00222525 1067
0.0022291 1070
0.00224577 1078
0.00227975 1081
0.00228425 1084
0.00228706 1086
0.00228913 1103
0.00230889 1106
0.00232592 1113
0.00233871 1136
0.00236153 1139
0.00244257 1144
0.00245369 1147
0.00245692 1148
0.00254812 1151
0.00256011 1156
0.00256386 1160
0.0025698 1161
0.00265668 1174
0.00267477 1177
0.00269735 1178
0.00277776 1179
0.00280022 1183
0.00289848 1193
0.00290434 1196
0.00302067 1198
0.0032362 1199
0.00323827 1204
0.00350705 1208
0.00351857 1209
0.00352125 1210
0.00363623 1212
0.00364264 1213
0.00365178 1217
2 1217
