0 -49810
6.5e-08 -49193
6.587e-06 -48610
1.2672e-05 -48033
2.3668e-05 -47489
3.4793e-05 -46951
4.6816e-05 -46426
5.9572e-05 -45903
7.3689e-05 -45392
8.5861e-05 -44893
9.844e-05 -44401
0.000109852 -43910
0.000122154 -43424
0.000133306 -42940
0.000145321 -42459
0.00015753 -41982
0.000169007 -41508
0.000180891 -41040
0.00019297 -40575
0.000204781 -40113
0.000216453 -39653
0.000227911 -39193
0.000239759 -38738
0.000251541 -38285
0.000263889 -37833
0.000277784 -37382
0.000287649 -36932
0.000297829 -36483
0.000310066 -36034
0.000322673 -35586
0.000337846 -35139
0.000367229 -34695
0.000387098 -34252
0.000486001 -33810
0.000505 -33369
0.000515097 -32932
0.00052411 -32497
0.000532836 -32063
0.000542062 -31629
0.000551103 -31197
0.00055994 -30767
0.000568897 -30337
0.000577873 -29908
0.000587368 -29479
0.000596131 -29050
0.000605422 -28622
0.000614361 -28194
0.000623624 -27768
0.000632785 -27344
0.00064278 -26925
0.000652451 -26508
0.000661334 -26093
0.000671412 -25680
0.000680657 -25276
0.000689883 -24874
0.000700425 -24473
0.000710299 -24075
0.000719664 -23677
0.000729854 -23280
0.000740043 -22885
0.000750705 -22491
0.000760589 -22099
0.000770019 -21707
0.000779912 -21317
0.000790898 -20929
0.000800476 -20542
0.000810258 -20156
0.000820494 -19772
0.000829618 -19396
0.000838751 -19027
0.000850145 -18659
0.000863799 -18299
0.000876749 -17939
0.000886911 -17580
0.00089748 -17224
0.000908151 -16873
0.000919841 -16524
0.000932096 -16180
0.000943647 -15836
0.000954346 -15495
0.000966175 -15154
0.000975948 -14817
0.000987629 -14482
0.00100168 -14148
0.00101407 -13815
0.0010256 -13482
0.00103573 -13152
0.00104856 -12824
0.00105869 -12497
0.00106992 -12171
0.00108257 -11846
0.00109607 -11522
0.0011125 -11202
0.00112503 -10883
0.00113609 -10568
0.00114896 -10253
0.00115902 -9951
0.00117172 -9650
0.0011881 -9351
0.00120049 -9054
0.00121423 -8758
0.00122554 -8462
0.00124154 -8168
0.00125548 -7875
0.00127145 -7588
0.00128665 -7303
0.00131375 -7021
0.001329 -6757
0.00134495 -6495
0.00136136 -6235
0.00137566 -5975
0.00139007 -5716
0.00140376 -5458
0.00141864 -5214
0.00143261 -4976
0.00144666 -4741
0.0014676 -4510
0.00148489 -4284
0.00150518 -4065
0.00152362 -3852
0.00154195 -3642
0.00156219 -3432
0.00158141 -3223
0.00160264 -3025
0.0016237 -2830
0.0016449 -2636
0.00166497 -2443
0.00169593 -2265
0.00171707 -2088
0.00174902 -1922
0.00188105 -1761
0.00193394 -1604
0.0019692 -1456
0.00200004 -1314
0.00203272 -1173
0.00206541 -1047
0.00228383 -930
0.00233634 -821
0.0023748 -715
0.00241036 -616
0.00244299 -520
0.00247531 -424
0.00251152 -337
0.00254599 -255
0.00258042 -180
0.00261572 -114
0.00265086 -52
0.00268337 -9
0.00271661 31
0.00275031 61
0.00278071 86
0.00280927 105
0.00284 122
0.0028687 138
0.00290138 154
0.00293705 169
0.00296854 181
0.00299696 187
0.0030253 192
0.00305536 195
0.00308384 196
0.00311014 217
0.00313664 221
0.00316565 239
0.00319461 247
0.00325239 250
0.00328012 254
0.00340535 255
0.00344099 257
0.0036423 264
0.00378523 266
0.00381663 268
0.00461807 271
0.00464829 278
0.00467915 279
0.00476818 285
0.00479938 294
0.00483481 301
0.00591655 302
0.00600643 318
0.00603812 324
2 324
