0 -219444
6.5e-08 -218372
1.5275e-05 -217309
4.8002e-05 -216256
8.058e-05 -215237
0.000114104 -214223
0.000145978 -213209
0.000180076 -212195
0.000223427 -211182
0.000301451 -210176
0.000346692 -209181
0.00039952 -208190
0.000456313 -207202
0.000509603 -206216
0.00055515 -205233
0.000600299 -204255
0.000645577 -203281
0.00069131 -202312
0.000736903 -201345
0.000800318 -200382
0.000905659 -199421
0.000959774 -198460
0.00101237 -197505
0.00105801 -196553
0.0011039 -195601
0.00114973 -194652
0.00119525 -193707
0.00124067 -192764
0.00128594 -191822
0.00133259 -190881
0.0013849 -189941
0.00144243 -189001
0.0015054 -188062
0.00156199 -187125
0.00160987 -186189
0.00165612 -185254
0.00170181 -184320
0.0017479 -183387
0.00179398 -182457
0.00183956 -181528
0.00189603 -180601
0.00194297 -179675
0.00198886 -178749
0.00203459 -177833
0.00207993 -176917
0.00212651 -176002
0.00217264 -175087
0.00221869 -174174
0.00226975 -173262
0.00231669 -172352
0.00237807 -171444
0.00248007 -170537
0.00256774 -169631
0.00261388 -168726
0.0026598 -167823
0.00277309 -166921
0.00284996 -166019
0.00291745 -165118
0.00298469 -164218
0.0030474 -163318
0.00309487 -162419
0.00314652 -161524
0.00319376 -160632
0.00324078 -159742
0.0032913 -158852
0.00333809 -157966
0.00338459 -157080
0.00343114 -156195
0.00347762 -155310
0.00352446 -154426
0.00357112 -153543
0.00361987 -152663
0.00366672 -151784
0.00371342 -150907
0.00375959 -150032
0.00380594 -149158
0.00385234 -148285
0.00389695 -147413
0.00394372 -146542
0.00400104 -145672
0.00404953 -144804
0.00411592 -143937
0.00417103 -143072
0.00422485 -142207
0.00431105 -141345
0.00435696 -140484
0.00440608 -139624
0.00446437 -138765
0.00451049 -137906
0.00456247 -137048
0.0046187 -136190
0.00466536 -135336
0.00471123 -134482
0.00475706 -133630
0.00480298 -132781
0.00484919 -131933
0.00489517 -131086
0.0049414 -130239
0.00498874 -129392
0.00503586 -128546
0.005082 -127700
0.00513236 -126857
0.00517861 -126015
0.0052251 -125177
0.00527218 -124340
0.0053191 -123504
0.00536588 -122668
0.00541289 -121835
0.00546227 -121002
0.00550964 -120170
0.00555663 -119339
0.00560358 -118508
0.00565086 -117677
0.00569821 -116847
0.00574511 -116017
0.00579262 -115190
0.00584017 -114369
0.00589524 -113549
0.00594804 -112730
0.00599608 -111912
0.0060573 -111096
0.00611409 -110281
0.00616271 -109466
0.00621008 -108653
0.00625697 -107842
0.00630466 -107032
0.00635234 -106223
0.0064042 -105414
0.0064521 -104605
0.00651167 -103799
0.00655996 -102994
0.00660787 -102190
0.00665589 -101386
0.0067043 -100582
0.00675268 -99781
0.00680064 -98981
0.00685391 -98182
0.00691361 -97383
0.00705048 -96585
0.00710757 -95787
0.00723655 -94990
0.00728607 -94196
0.00733197 -93402
0.00737506 -92609
0.00741705 -91817
0.00745833 -91026
0.00749908 -90236
0.00753891 -89447
0.00757909 -88661
0.00763259 -87875
0.00767358 -87089
0.00771264 -86305
0.00775123 -85522
0.00778924 -84739
0.00782861 -83957
0.00786931 -83176
0.00790981 -82396
0.00795503 -81618
0.00799471 -80841
0.00803493 -80068
0.00807627 -79296
0.00811736 -78524
0.00815701 -77753
0.00819705 -76982
0.00823909 -76213
0.00837159 -75446
0.00847835 -74680
0.0085689 -73914
0.00861479 -73149
0.00869887 -72385
0.00878317 -71621
0.0088505 -70857
0.00889733 -70094
0.00894122 -69331
0.00898418 -68570
0.00902621 -67810
0.00906733 -67052
0.00910821 -66296
0.00916391 -65541
0.0092233 -64788
0.00926969 -64035
0.00931465 -63284
0.00935844 -62534
0.00940146 -61786
0.00944426 -61039
0.00948649 -60293
0.0095316 -59548
0.00957866 -58804
0.00966948 -58060
0.00971806 -57317
0.00976279 -56578
0.00980812 -55841
0.00986121 -55105
0.0099078 -54370
0.00995329 -53638
0.00999807 -52908
0.0100444 -52179
0.0100917 -51454
0.0102273 -50730
0.0105036 -50006
0.0105726 -49287
0.0106266 -48572
0.010681 -47857
0.0107314 -47143
0.0107824 -46430
0.0108334 -45717
0.0108872 -45010
0.0109451 -44303
0.0109993 -43601
0.011052 -42899
0.0111032 -42200
0.011153 -41502
0.0112084 -40813
0.0112627 -40124
0.0113177 -39435
0.0113736 -38749
0.0114295 -38067
0.0114891 -37386
0.0115437 -36705
0.0115992 -36032
0.0116588 -35361
0.0117124 -34692
0.0117681 -34023
0.0118745 -33357
0.0119618 -32691
0.0120542 -32032
0.0121409 -31377
0.0122304 -30724
0.0123357 -30074
0.0124188 -29432
0.0125113 -28790
0.0126 -28151
0.0126781 -27514
0.0127421 -26878
0.0132822 -26244
0.0133586 -25613
0.0135447 -24982
0.0137814 -24358
0.0139001 -23741
0.0140166 -23124
0.014098 -22511
0.0141896 -21903
0.014271 -21299
0.0143577 -20696
0.0144846 -20100
0.014568 -19507
0.0146496 -18915
0.0147633 -18340
0.0148485 -17769
0.0149845 -17199
0.0150756 -16631
0.015167 -16079
0.0152575 -15543
0.0153561 -15009
0.0155091 -14475
0.0156635 -13942
0.0157772 -13420
0.0159371 -12898
0.0160607 -12383
0.0164118 -11873
0.0165281 -11374
0.0166429 -10881
0.0167603 -10404
0.0168814 -9946
0.017048 -9491
0.0171826 -9038
0.0173156 -8594
0.0175402 -8156
0.0177573 -7728
0.0179576 -7306
0.0181283 -6892
0.0183466 -6489
0.0185181 -6087
0.018745 -5709
0.0189234 -5342
0.0191036 -4978
0.0194472 -4623
0.0197808 -4278
0.0200015 -3962
0.0202069 -3653
0.0204545 -3346
0.0206711 -3054
0.0209001 -2768
0.0211209 -2509
0.0214053 -2261
0.0216362 -2022
0.0224032 -1790
0.0229237 -1564
0.0232028 -1357
0.0234614 -1170
0.0236699 -986
0.0239036 -827
0.024161 -679
0.0244032 -536
0.0246726 -405
0.0248397 -285
0.0250431 -191
0.0252765 -107
0.0254196 -37
0.0255511 12
0.0256709 40
0.0257818 63
0.0258822 69
0.0259734 78
0.0260791 89
0.0265217 117
0.0266463 120
0.0267723 122
0.0269863 126
0.0273973 131
0.027504 134
0.0276004 139
0.0277031 146
0.0279176 148
0.0294048 160
0.029532 164
0.0297548 166
0.0299828 167
0.0300924 178
0.0476433 187
0.0853662 189
0.124306 191
2 191
