0 -32168
1.8e-07 -31690
4.5523e-05 -31270
7.7903e-05 -30859
0.000145187 -30450
0.000198322 -30042
0.000276235 -29649
0.000390315 -29260
0.000489571 -28881
0.000579983 -28503
0.00066805 -28128
0.00078007 -27755
0.000875464 -27384
0.000964576 -27016
0.00105309 -26650
0.0011444 -26291
0.00122307 -25946
0.00129834 -25608
0.0013751 -25274
0.00146627 -24941
0.00155272 -24613
0.00163088 -24287
0.00169991 -23962
0.00176985 -23638
0.00183964 -23315
0.00190701 -22995
0.00197055 -22677
0.00203341 -22360
0.00209983 -22044
0.00216294 -21747
0.00222197 -21452
0.00228279 -21157
0.00234725 -20869
0.00241394 -20582
0.00247565 -20295
0.00253726 -20009
0.00262209 -19725
0.00272185 -19442
0.00281503 -19161
0.00290418 -18888
0.0029962 -18617
0.00307504 -18357
0.00315667 -18099
0.00322288 -17845
0.00328149 -17591
0.00334138 -17341
0.00339418 -17091
0.00344135 -16841
0.00348939 -16593
0.00353471 -16348
0.00358271 -16104
0.00362976 -15863
0.0036757 -15627
0.00372132 -15395
0.00376852 -15164
0.00381913 -14937
0.00386866 -14712
0.00391493 -14488
0.00395986 -14264
0.00400968 -14044
0.00405775 -13824
0.00410561 -13609
0.00415381 -13394
0.00419908 -13181
0.00425839 -12970
0.00431493 -12760
0.00436745 -12551
0.00441435 -12345
0.00445678 -12140
0.00452936 -11942
0.00461984 -11748
0.00470089 -11555
0.0047765 -11363
0.00484769 -11172
0.00490935 -10982
0.00496648 -10795
0.00501805 -10609
0.00506557 -10423
0.00510976 -10237
0.00515135 -10053
0.00519235 -9872
0.00523355 -9693
0.00527217 -9518
0.00531074 -9344
0.00536298 -9170
0.00540687 -8999
0.00544791 -8830
0.00548558 -8663
0.00552395 -8496
0.00556073 -8330
0.00560267 -8165
0.00563973 -8000
0.005681 -7837
0.00572405 -7675
0.00576166 -7514
0.00580319 -7354
0.00584385 -7197
0.00588462 -7040
0.00592641 -6885
0.00597031 -6732
0.00601227 -6581
0.00605165 -6434
0.00609417 -6289
0.00613366 -6145
0.00617465 -6001
0.00621506 -5857
0.00625821 -5714
0.00631108 -5573
0.0063688 -5433
0.00646934 -5303
0.00654741 -5174
0.00661643 -5046
0.00667068 -4920
0.00671701 -4795
0.00675774 -4671
0.00679519 -4548
0.00683091 -4426
0.00686165 -4304
0.00689547 -4183
0.00694141 -4062
0.00698037 -3942
0.00701898 -3822
0.00705431 -3705
0.00708997 -3591
0.00715577 -3480
0.00719108 -3370
0.00722734 -3260
0.00725924 -3150
0.00729331 -3043
0.00734003 -2938
0.00738263 -2833
0.00744277 -2732
0.00751251 -2636
0.00757055 -2540
0.00762523 -2445
0.00767085 -2350
0.00771445 -2257
0.00775732 -2165
0.00780057 -2076
0.00783566 -1987
0.0078728 -1901
0.00790835 -1815
0.00794307 -1732
0.00797925 -1650
0.00801628 -1575
0.00805346 -1500
0.00809078 -1426
0.00812816 -1352
0.0081642 -1279
0.00820157 -1207
0.00823971 -1135
0.0082754 -1063
0.00832337 -994
0.00837674 -928
0.0084289 -862
0.00848241 -796
0.00853247 -731
0.00858413 -670
0.0086359 -609
0.00868685 -551
0.00873778 -496
0.00878817 -444
0.00883952 -392
0.0088904 -344
0.00894455 -300
0.00899389 -256
0.00903352 -215
0.00907073 -174
0.00910876 -134
0.00914791 -96
0.00918626 -58
0.00922417 -20
0.00925951 17
0.00929446 54
0.00933123 90
0.00936657 124
0.00940248 156
0.00943856 188
0.00947525 220
0.00951121 251
0.009547 285
0.00958358 316
0.00961728 347
0.00965098 376
0.00968661 404
0.00972936 431
0.00976598 465
0.00980112 492
0.00983707 519
0.00993208 545
0.00998417 569
0.0100265 594
0.0100676 621
0.0100969 645
0.0101259 668
0.0101559 691
0.0101911 714
0.0102237 736
0.0102642 762
0.01031 792
0.0103564 812
0.0104009 831
0.0104377 854
0.0104796 873
0.0105098 890
0.010533 911
0.0105622 928
0.0106271 947
0.0106809 964
0.0107276 980
0.010769 995
0.0108073 1010
0.0108423 1037
0.0108786 1058
0.0109148 1075
0.0109492 1090
0.0109788 1104
0.01101 1125
0.011039 1137
0.0110687 1157
0.0111038 1169
0.0111674 1180
0.0111995 1196
0.011229 1210
0.0112591 1220
0.0112847 1231
0.0113137 1248
0.0113468 1277
0.0113789 1293
0.011414 1305
0.0114506 1315
0.0114848 1325
0.0115305 1334
0.0115689 1343
0.0116001 1358
0.0116317 1368
0.0116637 1376
0.0116933 1384
0.0117216 1391
0.0117537 1398
0.0117851 1405
0.0118148 1427
0.0118445 1447
0.0118718 1453
0.0119008 1459
0.0119318 1467
0.0119588 1478
0.0119838 1494
0.012011 1502
0.0120448 1508
0.0120772 1516
0.0121082 1531
0.0121407 1537
0.0121842 1542
0.0122303 1567
0.0122756 1572
0.0122912 1576
0.0123264 1579
0.0123456 1582
0.0123555 1590
0.0123725 1601
0.0123776 1604
0.01239 1615
0.012413 1617
0.0124311 1627
0.0124538 1634
0.0124722 1636
0.0124944 1643
0.0125256 1654
0.0127862 1656
2 1656
