0 -32527
1.9e-07 -32143
7.2409e-05 -31760
0.000129387 -31394
0.000174351 -31036
0.000229564 -30693
0.000293612 -30357
0.000403013 -30022
0.000526156 -29690
0.000638432 -29364
0.000741627 -29048
0.000838207 -28732
0.000928504 -28417
0.00102296 -28106
0.0011027 -27799
0.00117827 -27502
0.0012491 -27206
0.001317 -26915
0.0013877 -26626
0.00145731 -26337
0.00152285 -26049
0.00158601 -25761
0.00164952 -25476
0.00171117 -25195
0.00176991 -24918
0.00182957 -24642
0.00189033 -24374
0.00194983 -24111
0.00200982 -23849
0.00207088 -23588
0.00213065 -23330
0.00219231 -23073
0.00227055 -22816
0.00239246 -22560
0.00250943 -22304
0.00261967 -22050
0.00272831 -21796
0.00282453 -21543
0.00291685 -21295
0.00299226 -21047
0.00305798 -20800
0.00311636 -20555
0.00316524 -20318
0.00320951 -20081
0.00325246 -19846
0.00329291 -19611
0.00333667 -19379
0.00338535 -19149
0.0034239 -18920
0.00346455 -18695
0.00352105 -18470
0.00357021 -18248
0.00361673 -18029
0.00366163 -17810
0.00370198 -17592
0.00375055 -17375
0.00379258 -17158
0.00385399 -16942
0.00390151 -16726
0.00394796 -16512
0.00399298 -16298
0.00410181 -16086
0.00419518 -15878
0.00425421 -15672
0.00431227 -15467
0.00435955 -15263
0.00440519 -15062
0.00444812 -14862
0.00448857 -14665
0.00453068 -14468
0.00457101 -14272
0.00460949 -14077
0.00464762 -13883
0.0046843 -13690
0.00501656 -13501
0.00514454 -13312
0.00525706 -13124
0.00535268 -12937
0.00545551 -12751
0.00554064 -12566
0.00561812 -12383
0.00568141 -12202
0.00573634 -12023
0.00578662 -11845
0.00583297 -11670
0.00587779 -11495
0.0059191 -11322
0.00595721 -11150
0.00600182 -10980
0.00604812 -10810
0.00609012 -10641
0.00613071 -10473
0.00618117 -10305
0.00623659 -10139
0.00643495 -9973
0.00667214 -9809
0.00680056 -9646
0.00690294 -9484
0.00698903 -9324
0.00707574 -9166
0.0071444 -9011
0.00720302 -8858
0.00725189 -8708
0.00730133 -8559
0.00734737 -8411
0.00738975 -8264
0.00743289 -8118
0.00747351 -7973
0.00752908 -7829
0.00762061 -7686
0.00770225 -7543
0.00777789 -7401
0.00786401 -7259
0.00795372 -7121
0.00809938 -6985
0.00816491 -6849
0.00821691 -6715
0.00826952 -6584
0.00831323 -6455
0.00835563 -6327
0.00839844 -6202
0.00844332 -6078
0.00851051 -5954
0.00856597 -5832
0.00861962 -5710
0.00867406 -5589
0.00872398 -5470
0.00876285 -5355
0.00880403 -5244
0.00886855 -5133
0.00891376 -5023
0.0090131 -4914
0.00909825 -4806
0.0091715 -4701
0.00924023 -4596
0.0093344 -4492
0.00941984 -4388
0.00948763 -4287
0.00954463 -4186
0.00959791 -4086
0.00964677 -3990
0.00969278 -3894
0.00973069 -3799
0.00976781 -3706
0.00980447 -3613
0.00984241 -3521
0.00987814 -3431
0.00994131 -3342
0.00998731 -3254
0.0100348 -3167
0.0100752 -3080
0.0101144 -2994
0.0101547 -2908
0.0101974 -2824
0.0102403 -2741
0.0102966 -2659
0.0103594 -2578
0.0104626 -2498
0.0105383 -2418
0.0106042 -2338
0.0106707 -2262
0.0107463 -2187
0.0108069 -2113
0.0108767 -2039
0.0109426 -1966
0.010998 -1893
0.0110469 -1821
0.0111148 -1749
0.0111765 -1678
0.0112334 -1607
0.011287 -1537
0.0113573 -1470
0.0114153 -1403
0.0114696 -1339
0.011523 -1276
0.0115693 -1215
0.0116121 -1154
0.0116538 -1094
0.011695 -1034
0.0117376 -975
0.0117784 -917
0.0118176 -859
0.0118606 -802
0.0119105 -746
0.0119518 -690
0.0119945 -635
0.0120574 -581
0.0121132 -528
0.0121572 -475
0.0122618 -425
0.0123476 -376
0.0124111 -328
0.0124552 -281
0.0124888 -234
0.0125209 -189
0.0125549 -144
0.0125862 -99
0.012619 -54
0.0126503 -14
0.0126819 24
0.0127132 62
0.0127448 98
0.0127778 134
0.012809 169
0.0128742 204
0.0129409 238
0.0129944 271
0.0130386 302
0.0130797 332
0.0131169 362
0.0131559 391
0.0132871 420
0.0133467 449
0.0133979 478
0.0134445 506
0.0134787 533
0.0135087 560
0.0135398 587
0.0135695 612
0.013597 637
0.0136263 662
0.013656 687
0.0136861 712
0.0137189 737
0.0137596 767
0.0138046 791
0.0138482 815
0.0139081 842
0.013955 865
0.0139998 888
0.0140335 910
0.0140683 932
0.0140996 954
0.0141316 975
0.0141654 996
0.0141989 1021
0.0142324 1045
0.0142661 1067
0.014301 1086
0.0143378 1105
0.0143685 1124
0.0144008 1156
0.0144338 1178
0.0144673 1196
0.0144992 1214
0.0145298 1232
0.0145607 1249
0.014594 1266
0.0146311 1283
0.0146725 1299
0.0147192 1315
0.0147768 1330
0.0148228 1348
0.0148701 1372
0.0149096 1387
0.0149478 1407
0.0149862 1422
0.0150602 1436
0.0151118 1450
0.0151622 1469
0.015206 1483
0.0152366 1496
0.0152677 1509
0.0152987 1527
0.0153313 1540
0.0153618 1553
0.0153903 1565
0.0154222 1595
0.0154542 1611
0.0154869 1629
0.0155193 1648
0.0155536 1660
0.0155902 1672
0.0156275 1687
0.0156603 1704
0.0157078 1716
0.0157421 1730
0.015776 1741
0.0158412 1752
0.0158786 1762
0.0159128 1771
0.015943 1780
0.0159753 1806
0.0160078 1815
0.0160809 1824
0.0161264 1832
0.0161644 1840
0.0162005 1850
0.0162377 1858
0.0162752 1875
0.0163127 1888
0.0163476 1899
0.0163828 1907
0.0164169 1922
0.0164497 1932
0.0164821 1941
0.0165156 1948
0.0165498 1955
0.0165839 1972
0.0166217 1984
0.0166616 1991
0.0166929 2006
0.0167253 2017
0.0167575 2026
0.0167922 2043
0.0168219 2054
0.0168539 2063
0.0168892 2070
0.0169249 2076
0.0169558 2097
0.0169895 2105
0.0170227 2122
0.0170564 2128
0.0170883 2136
0.0171199 2141
0.0171898 2146
0.0172102 2150
0.0172286 2158
0.0172621 2160
0.0172769 2162
0.0173286 2168
0.01735 2175
0.0173704 2183
0.0174158 2187
0.0174385 2188
0.0174578 2191
0.0174822 2194
0.0175287 2199
0.0175564 2202
0.0175626 2205
0.0175797 2208
0.0176004 2209
0.0176506 2210
0.0176561 2212
0.017672 2213
0.0178548 2217
0.0179415 2225
0.0180061 2231
0.0180316 2236
0.0180378 2239
0.0180534 2240
0.0180631 2242
0.0180899 2253
0.0181468 2262
0.0183752 2263
0.0185793 2265
0.0185856 2267
0.0185948 2272
0.0197694 2274
2 2274
