0 -18276
4.8e-08 -17976
2.9277e-05 -17681
4.8105e-05 -17388
6.6677e-05 -17099
0.000108813 -16824
0.000152439 -16552
0.000210176 -16282
0.000250651 -16013
0.000281882 -15745
0.000309214 -15485
0.000334799 -15230
0.000357955 -14988
0.000381708 -14755
0.000404209 -14528
0.000426662 -14304
0.000450501 -14081
0.000475375 -13858
0.00050022 -13637
0.000524343 -13425
0.000551371 -13216
0.000576662 -13008
0.000600747 -12801
0.000622432 -12595
0.000646432 -12389
0.000670632 -12185
0.000694879 -11989
0.000716175 -11794
0.000738865 -11600
0.000761546 -11410
0.000783279 -11220
0.000806064 -11032
0.00083014 -10847
0.000853865 -10663
0.000875996 -10479
0.000915769 -10300
0.000977084 -10122
0.00102308 -9945
0.00106312 -9770
0.00109965 -9596
0.00113021 -9423
0.00115485 -9250
0.00118681 -9080
0.00121247 -8911
0.00123572 -8743
0.0012569 -8575
0.0012787 -8412
0.00130429 -8249
0.00133167 -8095
0.00135241 -7942
0.00137343 -7790
0.00139424 -7639
0.00141399 -7491
0.00143768 -7346
0.00145936 -7202
0.0014804 -7059
0.00149932 -6916
0.00151925 -6776
0.00153808 -6638
0.0015581 -6500
0.00157856 -6364
0.00160034 -6228
0.00162001 -6093
0.00164298 -5958
0.00166481 -5824
0.00168697 -5692
0.00170842 -5561
0.00172936 -5431
0.00175445 -5302
0.00177506 -5175
0.00179533 -5050
0.001818 -4927
0.00185025 -4804
0.00187196 -4682
0.00189228 -4560
0.00191185 -4442
0.00193241 -4326
0.00195217 -4212
0.00197284 -4099
0.00198891 -3988
0.00200745 -3880
0.0020257 -3772
0.00204582 -3664
0.00206711 -3557
0.00208619 -3454
0.00210674 -3351
0.00213538 -3249
0.00215502 -3147
0.00217516 -3047
0.00219278 -2947
0.00221054 -2848
0.00222995 -2754
0.00224859 -2661
0.00226744 -2571
0.00228753 -2482
0.00230496 -2395
0.00232179 -2309
0.00233923 -2223
0.00235592 -2138
0.00237376 -2054
0.00239184 -1970
0.00241114 -1888
0.00242947 -1807
0.00244809 -1727
0.00246575 -1647
0.0024826 -1567
0.00250036 -1488
0.00251867 -1411
0.00253628 -1336
0.00255475 -1262
0.00260412 -1189
0.00262472 -1117
0.00264295 -1046
0.00265989 -976
0.00267677 -906
0.00269309 -841
0.00270863 -778
0.00272855 -716
0.00275335 -654
0.00284795 -594
0.00289375 -538
0.00291956 -482
0.00294521 -429
0.0029627 -377
0.00297934 -326
0.00299689 -275
0.00301506 -228
0.00303192 -183
0.00304867 -140
0.00309253 -98
0.00313457 -57
0.00318267 -17
0.00320567 21
0.00322436 59
0.00324412 96
0.00326285 133
0.00328148 169
0.00330039 204
0.00332166 238
0.00334069 272
0.00335706 305
0.00337487 337
0.00339233 368
0.00341176 398
0.0034305 426
0.00345825 457
0.0034881 485
0.00350739 512
0.00352532 541
0.00354486 567
0.00356617 592
0.0035886 616
0.00361182 640
0.0036349 663
0.00365716 686
0.00368133 708
0.00370552 730
0.00372938 752
0.00375139 774
0.00377126 803
0.00378774 827
0.00380769 847
0.00383162 867
0.00385187 887
0.00387433 907
0.00393725 925
0.00399065 943
0.0040232 959
0.00403965 975
0.00405649 1002
0.00407174 1019
0.00408694 1048
0.00410095 1069
0.00411754 1087
0.00413278 1102
0.00414822 1116
0.00416485 1141
0.00418152 1161
0.00419818 1179
0.00421457 1193
0.00422988 1207
0.00424516 1221
0.00426105 1249
0.00427797 1271
0.00429414 1284
0.00430944 1297
0.00432494 1310
0.00434147 1324
0.00435597 1336
0.0043715 1348
0.00438812 1362
0.00440493 1376
0.00442111 1405
0.00443744 1417
0.00445307 1439
0.00446972 1451
0.00448567 1462
0.00450131 1473
0.00451855 1488
0.00453483 1498
0.00455246 1513
0.00456993 1527
0.00458987 1538
0.00461671 1552
0.00462673 1565
0.00463327 1574
0.00464965 1593
0.00466736 1607
0.00467097 1613
0.00467885 1619
0.00468709 1623
0.00469712 1626
0.00470816 1636
0.00472837 1639
0.00473526 1642
0.0047421 1645
0.0047536 1647
0.00475769 1649
0.00476301 1651
0.00476966 1652
0.00477627 1659
0.00479254 1661
0.00479595 1662
0.00481066 1664
0.00491619 1665
0.00493475 1669
0.00504399 1670
0.00505526 1673
0.00514695 1676
0.00518162 1677
0.00518467 1680
0.00518852 1682
0.00519088 1684
0.00519396 1686
0.00527513 1695
0.00528107 1697
0.00529135 1701
0.00531374 1702
0.00542652 1713
0.00549736 1715
0.00550449 1717
0.00557458 1720
0.00572708 1722
0.00574747 1725
0.0060719 1726
0.00648158 1727
0.00692569 1730
0.00692919 1733
2 1733
