0 -23481
1.14e-07 -23064
3.4003e-05 -22653
7.575e-05 -22264
0.00011073 -21897
0.000161521 -21539
0.000229763 -21187
0.000296175 -20841
0.000351872 -20508
0.000398771 -20182
0.00043918 -19868
0.000477244 -19556
0.0005151 -19245
0.000552557 -18935
0.000589416 -18631
0.000628553 -18328
0.000668136 -18026
0.000704701 -17724
0.000740469 -17434
0.000777281 -17150
0.000813457 -16867
0.000850307 -16586
0.000881643 -16307
0.000919859 -16029
0.000961948 -15754
0.00100279 -15480
0.00112746 -15211
0.00119078 -14944
0.00125931 -14682
0.00130974 -14420
0.00135651 -14159
0.00140841 -13904
0.00145057 -13656
0.00149677 -13410
0.00153725 -13169
0.00157948 -12929
0.00170356 -12692
0.00178851 -12456
0.00186372 -12227
0.00192833 -12003
0.00197668 -11783
0.0020127 -11564
0.00204465 -11347
0.0020754 -11130
0.00210476 -10915
0.00213316 -10702
0.00216205 -10490
0.00219745 -10280
0.00222955 -10074
0.00226441 -9868
0.00230678 -9663
0.00234549 -9466
0.00238095 -9269
0.00241455 -9073
0.00246369 -8877
0.00249449 -8686
0.00252666 -8497
0.00256169 -8310
0.00259443 -8123
0.00263362 -7938
0.00267064 -7753
0.00270273 -7572
0.00273202 -7399
0.00275953 -7226
0.00278674 -7055
0.00281465 -6886
0.00284135 -6719
0.00287027 -6554
0.00289967 -6391
0.00292669 -6231
0.00295135 -6071
0.00297664 -5915
0.00300288 -5762
0.00303154 -5612
0.00306337 -5463
0.00309265 -5316
0.00312277 -5171
0.00315015 -5028
0.00322429 -4888
0.00327615 -4748
0.00331748 -4609
0.00335451 -4471
0.00338748 -4334
0.00342053 -4198
0.00345191 -4064
0.0034845 -3933
0.00352197 -3802
0.00356054 -3674
0.00361164 -3547
0.00366827 -3422
0.00372916 -3298
0.00376862 -3174
0.00380129 -3054
0.00383181 -2937
0.0038601 -2821
0.00388425 -2705
0.00390851 -2591
0.003931 -2477
0.00395195 -2365
0.00397502 -2255
0.00399716 -2150
0.00401865 -2045
0.00403859 -1941
0.00405941 -1847
0.00408199 -1754
0.00410621 -1664
0.00413205 -1578
0.0041589 -1496
0.00418499 -1414
0.00421057 -1333
0.00423582 -1254
0.00426221 -1175
0.0042879 -1097
0.00430887 -1019
0.00433236 -944
0.00435475 -870
0.00438005 -797
0.00440652 -725
0.00442797 -659
0.00445345 -593
0.0044795 -531
0.00450505 -470
0.00453135 -409
0.00456097 -349
0.00458334 -291
0.00460751 -236
0.00463306 -184
0.00465376 -133
0.00468006 -82
0.00471626 -32
0.00473972 17
0.0047665 65
0.00479455 113
0.00482242 158
0.00484867 197
0.00487544 236
0.00490236 274
0.00492962 310
0.00495756 345
0.00498415 379
0.00501282 408
0.00504445 435
0.0050932 462
0.00513329 488
0.00516677 512
0.00519703 536
0.0052266 561
0.00525453 584
0.00528087 603
0.00530594 622
0.00533429 641
0.00536076 659
0.00538921 680
0.00541262 700
0.00543798 719
0.00546376 736
0.00548929 753
0.00551678 769
0.00554213 793
0.00556659 809
0.00559966 825
0.0056247 841
0.00564925 856
0.00567326 895
0.00569983 921
0.00572674 938
0.00575175 955
0.0057781 970
0.0057989 984
0.00582472 997
0.00584981 1009
0.00587106 1027
0.00589557 1041
0.00592264 1052
0.00594875 1079
0.00597493 1091
0.00599977 1102
0.00602574 1113
0.00605117 1123
0.00607738 1137
0.006104 1150
0.00612875 1165
0.00615436 1184
0.0061808 1194
0.00620754 1208
0.00622979 1221
0.00626065 1234
0.00628987 1253
0.00631795 1263
0.00635426 1275
0.00638387 1284
0.00640871 1291
0.00643072 1303
0.00645601 1321
0.00648097 1328
0.00650481 1343
0.0065325 1378
0.00655603 1391
0.00657979 1398
0.00660597 1405
0.00663142 1412
0.0066579 1425
0.00668361 1431
0.00670659 1437
0.00673229 1450
0.00675851 1466
0.0067845 1482
0.00681033 1486
0.00683423 1502
0.00685817 1521
0.00688433 1527
0.00690831 1535
0.00693442 1554
0.00697526 1562
0.00700192 1570
0.00700579 1577
0.00701038 1581
0.00701583 1590
0.00704539 1597
0.00705611 1599
0.00707308 1609
0.00709133 1610
0.00713142 1611
0.00714002 1613
0.00724641 1614
0.00725293 1617
0.00748263 1618
0.00778506 1619
0.00793253 1621
0.00793866 1622
0.00794248 1623
0.00794515 1626
0.00900418 1631
0.00901641 1645
0.0106662 1647
0.0118025 1648
0.0120772 1651
0.0122035 1652
0.0123373 1654
0.0123436 1655
0.0138791 1657
0.0153614 1658
0.0155087 1661
0.015922 1663
0.0165982 1664
0.0181092 1668
0.0181185 1670
0.0181229 1671
0.0181284 1674
0.018133 1679
2 1679
