766 0.751955
700 0.952369
747 0.720555
773 0.556576
747 0.904904
735 0.528958
768 0.558699
738 0.497262
755 0.999693
764 0.600252
455 0.980564
431 0.916778
408 0.866789
429 1.3325
455 0.756201
426 0.803558
435 0.925349
398 0.883172
395 0.896267
440 0.963978
1494 0.0940138
1539 0.164077
1558 0.0836989
1530 0.0997244
1561 0.0836356
1540 0.100612
1490 0.0797739
1483 0.160123
1531 0.141987
1532 0.0904008
1462 0.121438
1443 0.104483
1471 0.230591
1391 0.0984221
1419 0.0791466
1454 0.119607
1503 0.147809
1491 0.0869572
1447 0.142889
1490 0.188994
