817 0.254871
782 0.207075
811 0.222335
781 0.395708
776 0.638353
821 0.321768
813 0.23919
771 0.377659
828 0.227773
815 0.292137
412 0.905012
446 0.644098
462 2.73794
467 0.379368
472 0.337072
449 0.36837
459 0.355993
451 0.335524
439 0.349117
442 0.374789
1198 0.0377943
1185 0.0406437
1181 0.0370148
1175 0.0568139
1182 0.0542525
1193 0.0413552
1204 0.0516408
1216 0.0439811
1213 0.048637
1220 0.0660348
1090 0.0447036
1155 0.0663927
1114 0.0975792
1119 0.081058
1104 0.0764941
1135 0.138925
1054 0.05254
1062 0.0551506
1087 0.066376
1082 0.0376912
