0 -112854
7e-08 -112000
1.0697e-05 -111153
2.3059e-05 -110335
3.4588e-05 -109521
4.5453e-05 -108709
6.1215e-05 -107909
7.4935e-05 -107118
8.8625e-05 -106333
0.00045376 -105549
0.000526424 -104769
0.000559356 -103991
0.000589195 -103223
0.00066182 -102463
0.000693592 -101703
0.000720774 -100944
0.000745597 -100188
0.000770211 -99434
0.000794251 -98686
0.000817686 -97939
0.000882687 -97192
0.000909949 -96446
0.000934217 -95701
0.000957711 -94958
0.000981394 -94217
0.00100455 -93480
0.00108798 -92744
0.00111263 -92011
0.00113671 -91278
0.00116109 -90547
0.00118599 -89818
0.00121053 -89091
0.00123451 -88364
0.00125859 -87638
0.00128356 -86914
0.00131181 -86190
0.00133569 -85469
0.00136034 -84750
0.00138551 -84032
0.00141183 -83318
0.00143652 -82607
0.00152434 -81898
0.00155277 -81189
0.00163342 -80481
0.00166178 -79774
0.00168663 -79067
0.00171149 -78360
0.00173584 -77654
0.00176 -76953
0.0017851 -76254
0.00181066 -75555
0.00183558 -74861
0.0018599 -74171
0.00188359 -73481
0.00190822 -72793
0.00193269 -72108
0.00200613 -71425
0.00203383 -70746
0.00205938 -70067
0.00208541 -69390
0.00210968 -68716
0.00213482 -68045
0.00216011 -67375
0.0021853 -66706
0.00220897 -66041
0.00223507 -65378
0.00226002 -64717
0.00228894 -64058
0.00231388 -63401
0.00233942 -62748
0.00236442 -62097
0.00238809 -61447
0.00241543 -60797
0.00248385 -60150
0.00250996 -59504
0.00253543 -58858
0.00263848 -58213
0.00266815 -57572
0.00269841 -56931
0.00279108 -56291
0.00282264 -55653
0.00285105 -55016
0.00287725 -54379
0.00290183 -53742
0.00292665 -53108
0.00295159 -52476
0.00297684 -51845
0.00300233 -51217
0.00302691 -50590
0.0030507 -49964
0.00307574 -49340
0.00310222 -48720
0.00312663 -48102
0.00315193 -47486
0.00317924 -46871
0.00320613 -46256
0.00323256 -45643
0.00325894 -45033
0.00328629 -44423
0.00331537 -43813
0.0033425 -43208
0.00336957 -42604
0.003399 -42001
0.00342884 -41400
0.00346022 -40800
0.00353048 -40203
0.0036098 -39608
0.00363978 -39019
0.00366943 -38431
0.00369624 -37850
0.00372478 -37269
0.0038116 -36693
0.00388627 -36121
0.00394449 -35549
0.00399773 -34981
0.00405084 -34413
0.00410556 -33848
0.00416285 -33286
0.00423797 -32724
0.00429478 -32163
0.00434504 -31604
0.00447267 -31047
0.00452752 -30497
0.00457439 -29951
0.00461876 -29408
0.0046605 -28869
0.00470093 -28331
0.0047419 -27794
0.00478215 -27259
0.00484578 -26725
0.00489909 -26193
0.0049438 -25662
0.00498677 -25132
0.00503006 -24604
0.00507467 -24081
0.00511605 -23559
0.00515983 -23039
0.00520168 -22521
0.00524534 -22018
0.005293 -21517
0.00534137 -21017
0.00539717 -20518
0.00544106 -20023
0.00548134 -19530
0.00552262 -19040
0.00556671 -18551
0.00561198 -18069
0.00565781 -17590
0.00570528 -17116
0.00574984 -16643
0.0058019 -16171
0.00585027 -15702
0.00589459 -15247
0.00595115 -14798
0.00600894 -14351
0.00607113 -13904
0.00613869 -13463
0.00620533 -13029
0.00626344 -12595
0.00632371 -12163
0.00638038 -11742
0.00643905 -11324
0.00649718 -10911
0.0065564 -10502
0.00661639 -10097
0.00668231 -9696
0.00679016 -9298
0.00686637 -8907
0.00693615 -8520
0.00699622 -8143
0.0070628 -7766
0.00712084 -7397
0.0071853 -7038
0.0072616 -6692
0.00733853 -6347
0.00742988 -6009
0.00751628 -5681
0.00759659 -5354
0.00767686 -5037
0.00776236 -4722
0.00785033 -4419
0.00794933 -4116
0.00805455 -3822
0.00816827 -3544
0.0082841 -3276
0.00839855 -3010
0.00851741 -2753
0.00863335 -2514
0.00875478 -2277
0.00888915 -2048
0.00901738 -1830
0.00914711 -1621
0.00927753 -1441
0.00940591 -1266
0.00953542 -1095
0.00967137 -927
0.00981638 -773
0.00994332 -632
0.0100651 -499
0.0101972 -387
0.0103161 -289
0.0104289 -203
0.0105478 -129
0.0106607 -55
0.0107902 -2
0.0108877 51
0.0109752 81
0.0110672 101
0.0111481 103
0.0112165 108
0.0112794 111
0.0114098 121
0.0114682 130
0.0115346 145
0.0116045 155
0.0159457 160
0.0160256 162
2 162
