0 -81839
5.7e-08 -81015
8.044e-06 -80233
1.7711e-05 -79486
3.0632e-05 -78772
4.7176e-05 -78064
6.4015e-05 -77357
8.7019e-05 -76653
0.000111352 -75953
0.000133655 -75256
0.000157143 -74572
0.000178554 -73897
0.000201549 -73223
0.000224554 -72555
0.000247663 -71891
0.000271047 -71229
0.000294127 -70573
0.000320746 -69918
0.000345212 -69263
0.000369279 -68610
0.000393972 -67959
0.000418855 -67311
0.000442533 -66669
0.000467056 -66030
0.000489558 -65391
0.000513615 -64752
0.000537521 -64114
0.000561531 -63476
0.000585409 -62841
0.000609618 -62208
0.000633192 -61581
0.000657506 -60954
0.000681526 -60328
0.000705792 -59705
0.000729916 -59085
0.000754571 -58468
0.000778847 -57853
0.000802829 -57243
0.000825928 -56635
0.00085434 -56028
0.000879441 -55422
0.000904144 -54818
0.000927433 -54214
0.000951766 -53613
0.000975767 -53014
0.000999435 -52417
0.00102431 -51822
0.00105902 -51227
0.00108423 -50632
0.00110895 -50044
0.00113375 -49458
0.00116848 -48874
0.00119778 -48292
0.00122527 -47713
0.00125152 -47134
0.00128209 -46556
0.00130881 -45981
0.00133571 -45410
0.00136227 -44842
0.00138586 -44275
0.00140935 -43711
0.00144737 -43151
0.00147429 -42592
0.00150043 -42034
0.00153172 -41478
0.00156363 -40923
0.00159024 -40369
0.00161807 -39816
0.00165081 -39265
0.00167782 -38715
0.00170463 -38167
0.00173813 -37620
0.00176683 -37076
0.00180188 -36533
0.0018357 -35990
0.0018639 -35453
0.00189193 -34920
0.00193034 -34388
0.00196619 -33862
0.00199323 -33336
0.00202131 -32811
0.00204908 -32287
0.00207587 -31768
0.00210407 -31250
0.00213187 -30735
0.00215943 -30221
0.00218797 -29708
0.00221565 -29196
0.00224292 -28684
0.00227145 -28172
0.00230273 -27664
0.00233095 -27158
0.00235879 -26653
0.00238638 -26152
0.00241371 -25654
0.00244357 -25160
0.00247404 -24669
0.00251481 -24179
0.00255593 -23692
0.00259157 -23206
0.00263012 -22722
0.00266408 -22241
0.002693 -21768
0.00272136 -21299
0.00275104 -20835
0.00277843 -20377
0.00280755 -19920
0.00283753 -19463
0.00286935 -19010
0.00290073 -18557
0.00292777 -18105
0.00295839 -17665
0.0029887 -17226
0.00301885 -16792
0.00304735 -16358
0.00307742 -15928
0.00310597 -15500
0.00313524 -15073
0.00316409 -14647
0.00320028 -14222
0.00323425 -13807
0.00326358 -13396
0.00329594 -12985
0.0033279 -12576
0.00337927 -12170
0.00341452 -11772
0.0034509 -11379
0.00348332 -10997
0.00351455 -10619
0.00355253 -10245
0.00359335 -9873
0.0036309 -9507
0.00367318 -9144
0.00370806 -8783
0.00374186 -8426
0.00377886 -8070
0.0038172 -7723
0.00385513 -7376
0.00389615 -7029
0.00393637 -6696
0.00398097 -6366
0.0040228 -6037
0.00406583 -5717
0.00411332 -5410
0.00416197 -5110
0.00420976 -4810
0.00426141 -4517
0.00431034 -4236
0.00435826 -3961
0.00441392 -3689
0.00447382 -3428
0.00453442 -3169
0.00459581 -2934
0.00466167 -2700
0.00473155 -2478
0.00480639 -2278
0.00488699 -2082
0.00496523 -1891
0.00505497 -1704
0.00514271 -1526
0.00524767 -1360
0.00535122 -1205
0.00545014 -1059
0.0055446 -923
0.00563286 -795
0.00571854 -675
0.00579769 -561
0.00587862 -459
0.00595616 -371
0.00603374 -286
0.00610455 -210
0.00617598 -144
0.00623924 -80
0.00630117 -21
0.00636125 29
0.00641913 69
0.00647112 93
0.00652108 117
0.0065704 123
0.00661781 128
0.00666289 133
0.0067119 142
0.00785011 144
0.00790858 149
0.00796472 150
0.0153489 153
0.0154265 155
0.0229969 163
0.0230442 171
0.0230992 173
0.0232714 175
0.0233328 176
0.0416123 182
0.0416684 183
2 183
