0 -13104
5.6e-08 -12715
3.348e-06 -12359
6.251e-06 -12029
8.784e-06 -11712
1.625e-05 -11396
2.3232e-05 -11085
2.8288e-05 -10780
3.2519e-05 -10490
3.6911e-05 -10203
4.1133e-05 -9916
4.4927e-05 -9635
4.9376e-05 -9363
5.3712e-05 -9092
5.8683e-05 -8827
6.3502e-05 -8565
6.7363e-05 -8307
7.2372e-05 -8052
7.703e-05 -7797
8.1792e-05 -7546
8.6525e-05 -7301
9.1126e-05 -7058
9.5006e-05 -6816
9.9873e-05 -6581
0.000104654 -6348
0.000108942 -6128
0.00011323 -5910
0.00011802 -5693
0.000122906 -5477
0.000127659 -5262
0.000131757 -5055
0.000136794 -4850
0.000142258 -4645
0.000147666 -4449
0.000152181 -4257
0.000157266 -4066
0.000162806 -3877
0.000168204 -3692
0.000174247 -3514
0.000180584 -3336
0.000186797 -3165
0.00019431 -2997
0.000200666 -2836
0.000206908 -2676
0.000212847 -2517
0.000220085 -2358
0.000225274 -2199
0.000232835 -2046
0.000239143 -1896
0.000246761 -1759
0.000253193 -1623
0.000261162 -1496
0.000267717 -1373
0.000276245 -1252
0.000283312 -1136
0.000291926 -1021
0.000299307 -911
0.000309258 -805
0.000320471 -707
0.00033102 -609
0.000362828 -512
0.000378623 -421
0.000392236 -332
0.000404084 -249
0.00041728 -171
0.000430627 -98
0.000443358 -29
0.000456421 23
0.000468934 69
0.000480574 107
0.000494073 140
0.000507781 166
0.000520018 189
0.00053163 199
0.000542321 205
0.000552614 210
0.000561768 217
0.000573057 220
0.000584099 237
0.000592941 240
0.000604002 242
0.000888614 246
0.00089867 247
0.00090845 248
0.000927793 250
0.000939196 252
0.000948028 259
0.000967409 260
0.000987416 276
2 276
