0 -117365
5.7e-08 -116345
9.932e-06 -115406
2.0244e-05 -114529
3.4445e-05 -113652
4.9728e-05 -112777
6.8435e-05 -111913
9.3745e-05 -111077
0.000120895 -110245
0.0001489 -109414
0.000179446 -108585
0.000209527 -107776
0.000239713 -106968
0.000269757 -106173
0.000299383 -105380
0.000329161 -104588
0.000359366 -103798
0.000389685 -103008
0.000420127 -102220
0.000449772 -101439
0.00048454 -100659
0.000515105 -99881
0.000550243 -99109
0.000581615 -98343
0.000612958 -97580
0.000643874 -96817
0.000675246 -96058
0.00070657 -95300
0.000737999 -94542
0.00076956 -93786
0.000800932 -93035
0.000832398 -92284
0.000863941 -91537
0.000895901 -90792
0.000940487 -90054
0.000973965 -89318
0.00100798 -88583
0.00104439 -87849
0.00107647 -87117
0.00110868 -86386
0.00114016 -85655
0.00117178 -84924
0.00120333 -84196
0.00123402 -83472
0.00126562 -82753
0.00129752 -82036
0.00132956 -81321
0.00136177 -80606
0.00139316 -79891
0.0014292 -79177
0.00146619 -78463
0.00153113 -77750
0.00156672 -77037
0.00159949 -76329
0.00163233 -75622
0.00169028 -74915
0.00172438 -74209
0.00175657 -73505
0.00178846 -72802
0.00182193 -72100
0.00185527 -71398
0.0018886 -70696
0.00192191 -69997
0.00195596 -69298
0.00199419 -68605
0.00202843 -67914
0.00206247 -67223
0.00209597 -66533
0.0021296 -65844
0.00216308 -65155
0.00219675 -64466
0.0022295 -63779
0.00226353 -63092
0.00229755 -62407
0.00233145 -61724
0.00236419 -61042
0.00240229 -60362
0.00243948 -59683
0.00247366 -59005
0.00250647 -58328
0.00254022 -57659
0.00257525 -56990
0.00261031 -56321
0.00264477 -55653
0.00268687 -54987
0.00272282 -54323
0.00276369 -53663
0.00281792 -53006
0.00286363 -52351
0.00290707 -51696
0.00294785 -51041
0.00298324 -50387
0.00301924 -49734
0.00305753 -49083
0.00309304 -48434
0.00312852 -47785
0.00316362 -47139
0.00319947 -46495
0.00323859 -45851
0.00328682 -45211
0.00332716 -44571
0.00337147 -43933
0.00341058 -43297
0.00345221 -42662
0.00350006 -42032
0.00355115 -41403
0.0036026 -40778
0.00365356 -40154
0.00370242 -39532
0.00373971 -38916
0.00377721 -38301
0.00381526 -37688
0.00385544 -37077
0.00389631 -36469
0.00393568 -35864
0.0039757 -35260
0.00401504 -34657
0.00405158 -34056
0.00409099 -33455
0.00412937 -32855
0.00416931 -32262
0.00420953 -31674
0.00424968 -31088
0.00429238 -30509
0.00433674 -29933
0.00437713 -29361
0.00441739 -28793
0.00445707 -28226
0.00449733 -27660
0.00454527 -27095
0.00458631 -26533
0.00462122 -25972
0.00465937 -25413
0.00469895 -24858
0.00475698 -24309
0.00480068 -23764
0.00484988 -23224
0.00488871 -22688
0.00492478 -22154
0.00496432 -21626
0.00500329 -21101
0.00504237 -20578
0.00508525 -20057
0.00512948 -19539
0.00517043 -19031
0.00521275 -18528
0.00525811 -18029
0.00530406 -17531
0.00534905 -17034
0.00539447 -16540
0.00544436 -16047
0.00549655 -15554
0.00554022 -15061
0.00558238 -14571
0.00561854 -14089
0.00569568 -13607
0.00576997 -13135
0.00583644 -12667
0.00588796 -12216
0.00593876 -11774
0.00598645 -11338
0.00603833 -10906
0.00609455 -10479
0.00615267 -10060
0.00621159 -9651
0.00627422 -9244
0.00632946 -8837
0.00638676 -8438
0.00644538 -8040
0.00650197 -7647
0.00656387 -7263
0.00663814 -6881
0.00670681 -6513
0.00677815 -6158
0.00688778 -5812
0.00698934 -5473
0.00708696 -5140
0.00718861 -4827
0.00728254 -4515
0.00737616 -4217
0.00747201 -3922
0.00757515 -3642
0.00767992 -3373
0.0077886 -3114
0.00789653 -2856
0.0080085 -2606
0.00812423 -2366
0.00824193 -2132
0.00836187 -1901
0.00848612 -1685
0.00863259 -1488
0.00877286 -1306
0.00891834 -1136
0.00911642 -968
0.00928484 -817
0.00943167 -683
0.00958967 -560
0.00980317 -449
0.009927 -341
0.0100422 -242
0.0101456 -152
0.0102416 -73
0.0103366 -15
0.0104321 33
0.0105267 71
0.0106085 100
0.0106813 119
0.0107471 124
0.0109441 125
0.0110972 127
0.0118969 130
0.011967 144
0.0120378 157
2 157
