0 -36239
3.71e-07 -35762
5.6996e-05 -35324
0.000103613 -34900
0.000187258 -34497
0.000315538 -34094
0.000457392 -33692
0.000664739 -33291
0.000869028 -32890
0.0010396 -32498
0.00119811 -32106
0.00134925 -31714
0.00149867 -31334
0.00164771 -30955
0.00178879 -30581
0.00195382 -30211
0.0020965 -29849
0.00223284 -29490
0.00236546 -29135
0.00250486 -28781
0.00265646 -28429
0.00278554 -28080
0.00291119 -27734
0.00303525 -27389
0.00315707 -27046
0.00327685 -26705
0.00339674 -26364
0.00351509 -26026
0.00363102 -25688
0.00377603 -25359
0.00392653 -25032
0.00407262 -24707
0.00421402 -24385
0.00435129 -24064
0.00448115 -23750
0.0046064 -23437
0.00472807 -23126
0.00484669 -22817
0.00496541 -22511
0.0050827 -22206
0.00519728 -21901
0.00531158 -21603
0.0054296 -21308
0.00556219 -21023
0.00571354 -20743
0.00583888 -20464
0.00601028 -20188
0.00615058 -19915
0.00628823 -19642
0.00649782 -19370
0.00664083 -19099
0.00676946 -18831
0.00689093 -18566
0.00700676 -18305
0.00711758 -18045
0.0072264 -17786
0.00733143 -17528
0.0074347 -17270
0.00754053 -17016
0.00763987 -16767
0.00773819 -16519
0.00783423 -16272
0.0079316 -16025
0.00806736 -15779
0.00819506 -15534
0.00831739 -15291
0.0084395 -15049
0.00855387 -14809
0.00865844 -14570
0.00875696 -14333
0.00885151 -14096
0.00894321 -13860
0.00903308 -13631
0.00912173 -13403
0.00921021 -13177
0.00929844 -12954
0.0093838 -12733
0.00946897 -12515
0.00955328 -12300
0.00966022 -12088
0.00974295 -11877
0.00983585 -11668
0.00993499 -11460
0.0100135 -11256
0.0100899 -11053
0.0101658 -10851
0.0102406 -10650
0.0103203 -10452
0.0103954 -10261
0.0104691 -10073
0.0105428 -9887
0.0106135 -9701
0.0106863 -9515
0.010758 -9331
0.0108277 -9148
0.0108992 -8967
0.0109741 -8788
0.0110499 -8609
0.0111284 -8431
0.0111981 -8253
0.0112833 -8076
0.0113683 -7901
0.0114634 -7726
0.0115571 -7553
0.0116494 -7382
0.0117765 -7214
0.0118535 -7050
0.0119205 -6889
0.0119921 -6730
0.0121185 -6575
0.0122685 -6420
0.0123912 -6266
0.0125362 -6114
0.0126434 -5963
0.0127365 -5812
0.0128207 -5664
0.0128989 -5516
0.0129764 -5368
0.0130536 -5221
0.0131649 -5076
0.0132624 -4935
0.0133511 -4795
0.0134346 -4658
0.0135124 -4524
0.013587 -4394
0.0136656 -4270
0.0137376 -4147
0.0138075 -4029
0.0138788 -3912
0.014048 -3796
0.014115 -3681
0.0141839 -3569
0.0142507 -3459
0.0143174 -3349
0.0144131 -3239
0.014507 -3130
0.0145922 -3021
0.0146724 -2913
0.0147472 -2806
0.0148168 -2700
0.0148888 -2597
0.014961 -2494
0.0150283 -2394
0.0150948 -2295
0.0151614 -2198
0.0152278 -2101
0.0152927 -2009
0.0153593 -1919
0.0154241 -1830
0.0154904 -1742
0.0155562 -1654
0.0156217 -1569
0.0156889 -1486
0.0157565 -1404
0.0158289 -1324
0.0158924 -1245
0.0159586 -1170
0.0160255 -1095
0.0160917 -1021
0.0161569 -948
0.0162293 -879
0.0162986 -811
0.0163642 -746
0.0164279 -682
0.0164898 -618
0.0165609 -556
0.0166344 -494
0.0167444 -434
0.0168408 -374
0.0169369 -316
0.0170121 -262
0.0170785 -209
0.0171433 -158
0.0172134 -108
0.0172818 -58
0.0173501 -9
0.0174271 40
0.0175136 87
0.0175975 132
0.0176707 176
0.0177332 219
0.017794 261
0.017855 302
0.0179299 342
0.0179904 381
0.0180511 419
0.0181396 456
0.0182107 490
0.018277 524
0.0183399 558
0.0184005 590
0.0184603 620
0.0185192 647
0.0185804 674
0.0186399 700
0.018699 724
0.0187571 747
0.0188152 769
0.0188731 788
0.0189294 806
0.0189846 824
0.0190437 841
0.0190991 858
0.0191541 874
0.0192096 889
0.0192652 916
0.0193208 931
0.0193924 944
0.0194559 957
0.0195208 971
0.0195833 983
0.0196421 999
0.0197001 1010
0.0197575 1018
0.0198141 1036
0.0198718 1048
0.0199376 1058
0.0200017 1066
0.0200606 1072
0.020119 1078
0.0201776 1084
0.0202364 1090
0.020296 1097
0.0203566 1119
0.0204186 1124
0.0204783 1129
0.0205364 1133
0.0205943 1138
0.0206522 1142
0.0207092 1153
0.0207655 1171
0.0208212 1181
0.0208816 1190
0.02094 1202
0.0209974 1215
0.021055 1218
0.0211137 1219
0.0211725 1222
0.0212885 1224
0.0215817 1227
0.0216547 1232
0.0217158 1239
0.0217845 1240
0.0218491 1241
0.0219229 1242
0.0220375 1244
0.0220947 1253
0.022677 1256
0.0227382 1259
0.0227968 1260
0.024508 1262
0.0245667 1266
0.0246252 1269
0.024684 1276
0.024743 1280
0.0248017 1287
0.0248612 1288
0.0249352 1289
0.0253515 1292
0.0254107 1293
0.0254705 1294
0.0273278 1296
0.0274188 1297
0.0284544 1300
0.0285424 1302
0.0318091 1303
0.0331625 1308
0.0332201 1309
0.033294 1310
0.0343034 1320
0.0343868 1325
0.0344591 1328
0.0345254 1331
0.0345894 1332
0.0346515 1333
0.0353848 1337
0.0354433 1340
0.0355608 1342
0.0356192 1343
0.0356767 1347
0.035735 1352
0.0409483 1353
0.0428603 1357
0.0429192 1360
0.0429773 1362
0.0430351 1364
0.0430955 1382
0.043156 1383
0.0434001 1384
0.0434599 1387
0.0435208 1388
0.043655 1389
0.0461711 1392
0.0463059 1401
2 1401
