0 -9305
1.12e-07 -8868
3.94e-07 -8577
0.000187797 -8526
0.0001879 -8319
0.000190854 -8111
0.000190967 -7766
0.000191529 -7561
0.000192261 -7293
0.000192664 -7003
0.000192767 -6751
0.000193227 -6407
0.000193564 -6051
0.000295383 -6029
0.00029694 -5721
0.000297709 -5532
0.000299284 -5241
0.000300569 -5158
0.000303073 -5077
0.000305005 -4837
0.000307087 -4754
0.000307631 -4439
0.000308972 -4243
0.000313867 -4210
0.000314223 -4055
0.0003366 -3816
0.000337884 -3542
0.000338147 -3476
0.000352214 -3458
0.000353555 -3417
0.000357597 -3227
0.000358319 -3047
0.000358845 -2854
0.000360383 -2684
0.000363337 -2517
0.00036646 -2365
0.000370098 -2183
0.000373587 -2027
0.000374722 -1822
0.000375932 -1614
0.000377151 -1492
0.000382318 -1418
0.000390796 -1265
0.000393722 -1258
0.000394013 -1145
0.000402143 -1054
0.000403588 -881
0.000405201 -716
0.000405979 -678
0.000420975 -659
0.000421537 -587
0.000423104 -554
0.000425983 -383
0.000428552 -273
0.000435736 -147
0.000522212 -146
0.000528861 -132
0.000551368 -99
0.000557023 -98
0.000564667 -89
0.000566945 -70
0.000579878 -43
0.000584576 -1
0.000594817 13
0.000607375 21
0.000607843 44
0.000608322 50
0.000608969 65
0.000610179 72
0.000612364 74
0.00061288 116
0.000623711 119
0.00063263 146
0.00065616 167
0.00066113 205
0.000665782 207
0.000666729 219
0.000667226 224
0.000669073 230
0.000673875 246
0.000676904 251
0.000677504 253
0.00069204 255
0.000699627 256
0.000731804 260
0.000740797 262
0.000744877 263
0.000755971 269
0.000765284 278
0.000785634 283
0.000786291 293
0.000788213 303
0.000896943 308
0.000939998 316
2 316
