0 -9651
2.62e-07 -9395
6.949e-06 -9152
7.184e-06 -8847
0.000271947 -8846
0.000272922 -8735
0.000277011 -8542
0.000277546 -8263
0.000279543 -7983
0.000281644 -7961
0.000281944 -7752
0.000282563 -7608
0.000282657 -7255
0.000284054 -7105
0.000284514 -6839
0.000294192 -6815
0.000304302 -6634
0.000304527 -6383
0.000310407 -6370
0.00031504 -6363
0.000317722 -6140
0.000318706 -5939
0.000320263 -5644
0.00032484 -5606
0.000324952 -5333
0.000325627 -5176
0.000326659 -5164
0.00035454 -5114
0.000356913 -4960
0.000358001 -4665
0.000359848 -4375
0.000362446 -4011
0.000363103 -3808
0.000370718 -3767
0.000372256 -3749
0.000374356 -3625
0.000377198 -3548
0.000378192 -3315
0.00037942 -3105
0.00038275 -2930
0.000385976 -2816
0.000388058 -2625
0.000392587 -2604
0.0003942 -2445
0.00039557 -2154
0.000395898 -1991
0.000397126 -1865
0.00039768 -1719
0.000405651 -1607
0.000409787 -1602
0.000414907 -1461
0.000417908 -1422
0.000423723 -1358
0.00042452 -1120
0.00042587 -913
0.000426339 -815
0.000427108 -745
0.000428018 -638
0.000429237 -608
0.000432482 -539
0.000473061 -528
0.000494565 -513
0.000496713 -502
0.000497229 -404
0.000518264 -377
0.000530981 -323
0.000533137 -189
0.00053445 -120
0.000541165 -111
0.000543763 -98
0.000547495 -63
0.000549371 -44
0.000555786 -33
0.000567508 -21
0.000572957 -16
0.000576643 -1
0.000577918 37
0.000588778 79
0.000636813 91
0.000643734 117
0.000648104 141
0.000654359 147
0.000660239 183
0.000661993 186
0.000662659 221
0.000675723 229
0.000677073 240
0.000682953 258
0.000693888 260
0.000748375 265
0.000790408 279
2 279
