0 -2185
1.97e-07 -2082
6.878e-06 -1966
7.112e-06 -1869
7.252e-06 -1743
0.000528123 -1676
0.000528367 -1597
0.000538327 -1540
0.000538786 -1507
0.000542206 -1491
0.000543162 -1420
0.000550283 -1363
0.000586994 -1279
0.000587678 -1193
0.0005881 -1155
0.000588802 -1064
0.000589477 -1016
0.000591004 -942
0.000596373 -933
0.000597629 -890
0.000598631 -875
0.000608264 -851
0.000609529 -819
0.000611487 -816
0.000612049 -781
0.000615197 -753
0.000618318 -704
0.000618936 -687
0.000619161 -606
0.000627837 -561
0.00062795 -509
0.000628072 -422
0.0006284 -369
0.000629543 -365
0.00062973 -350
0.000630142 -337
0.000631211 -329
0.000631304 -316
0.000643804 -267
0.000645453 -262
0.000645528 -193
0.000647177 -192
0.000647383 -176
0.000649023 -135
0.000649566 -125
0.00064996 -82
0.000651281 -28
0.000651927 -25
0.000655806 0
0.000656725 12
0.00065769 67
0.000657887 87
0.000659498 125
0.00066036 173
0.000679728 226
0.000680665 250
0.000680758 255
0.000681545 275
0.000682267 301
0.000692452 304
0.000692658 328
0.000693455 359
0.000693558 375
0.000696087 400
0.0006962 422
0.000698552 426
0.000698645 451
0.000702909 474
0.000704905 480
0.000706432 485
0.000706685 511
0.000708915 519
0.000709215 533
0.000710377 545
0.000722717 557
0.000728189 564
0.000729716 568
0.000732986 571
0.000736134 601
0.000738102 629
0.000738917 632
0.00074155 645
0.00074185 682
0.000742168 693
0.000742759 705
0.000744277 711
0.00074675 720
0.000747809 723
0.000748559 735
0.000748915 741
0.000750714 752
0.000750789 754
0.000752578 758
0.000756757 760
0.000757348 764
0.000758622 778
0.000758809 791
0.000760149 799
0.000763532 820
0.000763822 827
0.000764028 832
0.000765612 843
0.000765912 856
0.000766202 860
0.00076727 868
0.000767551 870
0.000769285 884
0.00077204 892
0.000772133 902
0.000773192 924
0.0007759 935
0.000777034 936
0.000780051 937
0.000780501 946
0.000781016 963
0.000781634 966
0.000782993 968
0.000784736 980
0.000786947 981
0.000787565 987
0.000789355 1004
0.000789561 1016
0.00079107 1036
0.000792138 1042
0.000793365 1043
0.000793712 1051
0.000795061 1054
0.000796401 1080
0.000797769 1096
0.000798556 1100
0.000807092 1106
0.000808039 1148
0.000811374 1157
0.000811534 1165
0.000815263 1169
0.000815722 1175
0.000818664 1177
0.000818776 1209
0.000820323 1231
0.000821391 1235
0.000822965 1244
0.000824895 1256
0.000832606 1285
0.000851187 1292
0.000851412 1300
0.000852039 1312
0.000853492 1322
0.000860032 1326
0.000860257 1354
0.000861025 1374
0.00086111 1386
0.000865926 1388
0.000866553 1394
0.000866769 1399
0.000866938 1403
0.000870123 1421
0.000880271 1439
0.000885021 1442
0.000885827 1456
0.00088742 1460
0.000892705 1462
0.000893436 1466
0.000894138 1476
0.000900425 1479
0.000901391 1494
0.000901803 1500
0.000902318 1502
0.000902983 1504
0.000910414 1512
0.000915202 1518
0.000932667 1519
0.000936687 1523
0.000936893 1524
0.00096593 1526
0.00109167 1530
0.00109204 1536
0.00109279 1537
0.00109925 1557
0.00110028 1565
0.0011379 1566
0.00120765 1588
2 1588
