0 -22551
1.5e-07 -21945
0.000193302 -21546
0.000194005 -21457
0.000194568 -21241
0.000196875 -21201
0.000197775 -21007
0.000199763 -20730
0.000202361 -20211
0.00020268 -19859
0.000212208 -19338
0.000212611 -18982
0.000213099 -18529
0.000213596 -18148
0.000213952 -17650
0.000215481 -17467
0.000217291 -17392
0.000218257 -16892
0.000221774 -16610
0.00023088 -16562
0.000231011 -16133
0.000231133 -15800
0.000231893 -15347
0.000232118 -14847
0.000232249 -14640
0.000237782 -14597
0.000240624 -14280
0.000241186 -13830
0.000242237 -13392
0.000247442 -13281
0.000248698 -12687
0.000248961 -12235
0.000249767 -11899
0.000261837 -11731
0.000266564 -11666
0.000274338 -11640
0.000275135 -11267
0.00027703 -10815
0.00027717 -10467
0.000280809 -10386
0.00028094 -10047
0.000281419 -9610
0.000285751 -9575
0.000287355 -9119
0.000287711 -8826
0.000288415 -8481
0.000290215 -8102
0.000290506 -7767
0.000290956 -7448
0.000291716 -7040
0.000292335 -6653
0.000310172 -6530
0.000311222 -6211
0.000313164 -5917
0.000313717 -5620
0.000315836 -5269
0.000317027 -4941
0.000318218 -4456
0.00032001 -4114
0.000321079 -3779
0.000331489 -3582
0.000331901 -3376
0.000337481 -3321
0.000340717 -3050
0.000354793 -3033
0.000362174 -3026
0.000365934 -2989
0.000366713 -2767
0.000373887 -2548
0.000388958 -2255
0.000391077 -1939
0.000392278 -1788
0.000395419 -1658
0.000395982 -1517
0.00040264 -1273
0.000403569 -1161
0.000403747 -1063
0.00048046 -1011
0.000481858 -867
0.000571194 -748
0.000583057 -727
0.000583629 -518
0.000594236 -410
0.000597921 -360
0.000605002 -302
0.000608153 -238
0.00061136 -186
0.000630951 -168
0.000634149 -130
0.000649567 -107
0.000655616 -93
0.000657735 -83
0.000659892 -37
0.00066294 22
0.000672778 26
0.000684435 67
0.000699655 129
0.000752942 136
0.000773452 164
0.000778582 168
0.000803368 178
0.000815063 182
0.000825407 189
0.000829861 199
0.000831193 205
0.000882688 217
0.00104091 223
0.00107047 225
2 225
