0 -159
3.66e-07 -128
0.000448892 -123
0.000449342 -68
0.000449679 -26
0.000449829 20
0.000450953 38
0.000451075 64
0.000451469 69
0.000455713 84
0.000486615 90
0.000486718 92
0.000487308 116
0.000487655 133
0.000530382 140
0.000531693 155
0.000533061 158
0.000535207 161
0.000538093 184
0.000538758 188
0.00053933 197
0.000541091 215
0.0005414 219
0.000542347 224
0.0005426 236
0.000542843 251
0.000543068 257
0.000545504 264
0.000546217 278
0.000546629 280
0.000547866 285
0.00054825 295
0.000548671 308
0.000548924 313
0.000550649 336
0.00055107 343
0.000551323 357
0.000551557 361
0.000551632 386
0.000554977 415
0.000555174 456
0.000555249 477
0.000555418 495
0.000555746 507
0.000555811 523
0.000556046 539
0.000556111 560
0.000592551 595
0.000593047 621
0.000593197 632
0.000593666 657
0.000593741 662
0.00059404 704
0.000595034 732
0.00060535 773
0.000606062 777
0.000607795 817
0.000608114 824
0.000608732 832
0.000633909 834
0.000634499 858
0.000634584 859
0.000634987 863
0.000635286 866
0.000637863 870
0.000652405 893
0.000652827 906
0.000653389 913
0.000653801 914
0.000654476 915
0.000655788 916
0.000656472 922
0.000675418 931
0.000676383 935
0.000676467 944
0.000676654 953
0.000676954 967
0.000677891 970
0.000680252 977
0.000684338 980
0.00068892 989
0.000691496 1002
0.000691656 1024
0.000695816 1027
0.000697296 1030
0.000700332 1034
0.000703658 1035
0.000705626 1036
0.000712504 1046
0.000729004 1051
0.000729079 1061
0.000734466 1063
0.000734898 1080
0.000744305 1083
0.000747069 1084
0.000753375 1106
0.000785551 1108
0.000785673 1115
0.000785982 1134
0.000789552 1135
0.000791735 1144
0.000822571 1150
0.000824258 1153
0.000829702 1158
2 1158
