0 -741
1.41e-07 -706
0.000460164 -705
0.000460763 -605
0.000466648 -568
0.000467875 -545
0.00046929 -511
0.000469712 -456
0.000469815 -423
0.000469983 -416
0.000470171 -368
0.000472963 -362
0.000473647 -348
0.000474321 -335
0.000474453 -259
0.000476776 -248
0.000483007 -238
0.000483429 -237
0.000484094 -206
0.000484188 -127
0.000484291 -122
0.000484516 -44
0.000485397 -32
0.000485481 26
0.000485593 46
0.000485743 57
0.000487992 108
0.000491721 113
0.000492555 172
0.000493661 215
0.000494973 248
0.000495141 255
0.000496256 259
0.000496434 274
0.000496631 294
0.000497118 295
0.000497624 301
0.000498112 322
0.000498411 332
0.000508053 358
0.000525134 390
0.000525303 408
0.000525368 412
0.000526287 459
0.000526455 510
0.00052654 512
0.000527261 519
0.000551126 522
0.000551389 536
0.000551604 540
0.000551688 552
0.000551745 557
0.000553281 590
0.000553956 598
0.0005542 630
0.000554368 648
0.000557076 655
0.000557292 664
0.000557479 665
0.000557704 737
0.000557938 771
0.000558304 774
0.000561686 778
0.000562314 815
0.00056296 828
0.000563101 847
0.000564872 849
0.000565828 865
0.000566118 870
0.000570756 874
0.000585514 887
0.000585607 889
0.000594274 904
0.000594443 914
0.000594977 935
0.000595633 942
0.000595792 958
0.000597826 959
0.00059791 960
0.000598425 990
0.000599653 992
0.000603813 993
0.000609913 1001
0.000611843 1013
0.000615919 1023
0.000616415 1031
0.000617034 1039
0.000621072 1059
0.000622665 1062
0.000623968 1063
0.000624127 1072
0.000624773 1083
0.000627781 1098
0.000628746 1111
0.000628915 1112
0.000630667 1115
0.000631435 1127
0.000632026 1144
0.000632578 1162
0.000633384 1177
0.000641602 1182
0.000641686 1195
0.000646699 1198
0.000646905 1204
0.000647523 1209
0.000652686 1210
0.000654213 1212
0.000654476 1230
0.000656181 1235
0.000673009 1237
0.000673206 1239
0.000673375 1252
0.000673562 1253
0.00067374 1262
0.000677076 1268
0.000677526 1270
0.000677591 1271
0.000678594 1285
0.000679503 1286
0.000680908 1295
0.000700482 1300
0.000701297 1305
0.000705167 1311
0.000705645 1322
0.000706001 1337
0.000706675 1353
0.000706835 1366
0.00070691 1374
0.000710217 1381
0.000710639 1391
0.000711763 1393
0.00071478 1400
0.000755164 1403
0.00076237 1411
0.000764806 1414
0.000765021 1420
0.000770503 1426
0.000772124 1429
0.000777474 1436
0.000777896 1444
0.000797169 1455
0.000801386 1457
0.000801948 1459
0.000802735 1463
0.000804094 1466
0.000834424 1468
0.000845565 1480
0.000863958 1483
0.000867753 1484
0.000868483 1489
0.000868971 1492
0.000881508 1493
2 1493
