0 -997
8.62e-07 -891
1.246e-06 -808
0.000471069 -759
0.00047344 -726
0.000474611 -650
0.00047612 -609
0.000476438 -603
0.000476532 -592
0.000478087 -544
0.0004785 -515
0.000514133 -506
0.000517179 -504
0.000517685 -420
0.000518228 -381
0.000518743 -342
0.000520364 -297
0.000520945 -229
0.000521179 -164
0.000549167 -133
0.000550029 -126
0.000572686 -117
0.000573473 -48
0.000574522 -27
0.000575478 -17
0.000575918 33
0.000576968 56
0.000578251 108
0.00058288 140
0.000593749 145
0.000593833 170
0.000611758 183
0.00061307 199
0.00061337 221
0.000613641 249
0.000613744 257
0.000613932 273
0.000614363 282
0.000614466 310
0.000614841 317
0.000617071 318
0.000617417 327
0.000618167 344
0.000618701 351
0.00061886 357
0.000619057 398
0.000621362 404
0.000621437 459
0.000621681 476
0.000621868 508
0.000623592 525
0.000623789 528
0.000624866 530
0.000625541 540
0.000625738 557
0.000627537 577
0.000627621 580
0.000627696 595
0.000630516 598
0.000630826 620
0.00063121 625
0.00064429 629
0.000646211 633
0.000646989 640
0.000649162 661
0.000649312 693
0.000649406 713
0.000649518 795
0.000655065 831
0.000655496 846
0.000655656 852
0.000655749 876
0.000660069 901
0.000660481 902
0.00066317 924
0.000663826 931
0.000664754 933
0.00066525 937
0.000696105 943
0.000698485 970
0.000701859 994
0.00070229 1010
0.000703995 1014
0.000705325 1046
0.000707846 1103
0.000709504 1109
0.000709626 1120
0.00070972 1125
0.000710245 1140
0.000713084 1147
0.000713402 1153
0.000714011 1158
0.000714817 1160
0.000716625 1168
0.000717844 1188
0.000718706 1192
0.000719127 1194
0.000719792 1205
0.000723634 1227
0.000733941 1228
0.000735178 1232
0.000742205 1243
0.000755848 1244
0.000761479 1263
0.000761685 1276
0.000762735 1295
0.000764468 1300
0.000764768 1317
0.000776396 1324
0.000786281 1335
0.000789439 1336
0.000789607 1339
0.000799183 1341
0.000804674 1343
0.000807213 1348
0.000818635 1354
0.000824604 1372
0.000824988 1379
0.000829523 1383
0.000836007 1387
0.000842285 1393
0.000847316 1398
0.000847747 1401
0.000849453 1411
0.000850221 1423
0.000870319 1425
0.000874704 1426
0.000893875 1437
0.000904501 1438
0.000912887 1441
0.000968778 1457
0.000975037 1463
0.000977258 1475
0.00097796 1483
0.00100208 1485
0.00100465 1486
0.00100728 1495
0.00104241 1506
2 1506
