0 -2474
2.27e-07 -2427
0.000504071 -2403
0.000504374 -2325
0.000504724 -2257
0.000506965 -2220
0.000507683 -2149
0.000510567 -2046
0.000514141 -2034
0.000516827 -1964
0.000517659 -1928
0.000518037 -1859
0.00051937 -1824
0.000519559 -1766
0.000521734 -1729
0.000522131 -1710
0.000522244 -1688
0.000523842 -1600
0.000524296 -1535
0.000525081 -1432
0.000525251 -1428
0.000525384 -1393
0.000525573 -1335
0.000526216 -1283
0.000526471 -1183
0.00052684 -1155
0.000531879 -1120
0.000542838 -1108
0.000542989 -1069
0.000547726 -1042
0.000547849 -1010
0.000548105 -969
0.000557664 -964
0.000558118 -936
0.000559281 -903
0.000567516 -857
0.000567838 -831
0.000569549 -755
0.000575809 -708
0.000576111 -672
0.000576792 -655
0.000622575 -653
0.000623738 -647
0.000624154 -572
0.000625127 -539
0.000634063 -500
0.000634223 -447
0.000634375 -445
0.000634507 -415
0.00063497 -412
0.000635282 -336
0.000636001 -321
0.000637164 -316
0.000638696 -294
0.000644237 -235
0.000645466 -208
0.000645617 -193
0.00064644 -136
0.000646808 -130
0.000649664 -88
0.000651007 -77
0.000651546 -47
0.000653673 -5
0.00065425 30
0.000656557 39
0.000658542 43
0.000661209 60
0.000662362 87
0.000663488 97
0.000669643 107
0.000671506 109
0.000676403 116
0.000676942 137
0.000678295 169
0.000681046 172
0.000681642 174
0.000682266 213
0.000683334 247
0.000684649 250
0.000684894 253
0.000685282 306
0.000689215 320
0.000689367 325
0.000697035 345
0.000697631 369
0.00069921 402
0.000703417 431
0.000709317 442
0.00071569 478
0.000718101 495
0.00071864 497
0.000719576 499
0.000719869 520
0.000719973 528
0.000721345 545
0.000728285 570
0.000729968 628
0.000730497 636
0.000733012 646
0.000767411 666
0.000768508 709
0.000770039 728
0.000770361 743
0.000771562 785
0.000774965 809
0.000778171 814
0.000779551 820
0.00078078 840
0.000781707 858
0.000785073 889
0.000785262 909
0.000785641 924
0.000788175 929
0.000788732 933
0.000789148 978
0.000790501 1013
0.000791219 1015
0.000791361 1018
0.000792032 1021
0.000794576 1022
0.00079658 1024
0.000797734 1031
0.000798027 1044
0.000799152 1048
0.000799303 1062
0.000800013 1084
0.000800154 1115
0.000801374 1129
0.000801866 1151
0.00080387 1176
0.000804532 1184
0.000806584 1206
0.000807511 1218
0.000808976 1240
0.00080925 1277
0.000809421 1279
0.000809619 1291
0.00080978 1292
0.0008103 1301
0.000810536 1337
0.000813808 1353
0.000814356 1355
0.000814451 1358
0.000814574 1365
0.000815585 1368
0.000817571 1373
0.000819906 1385
0.000821145 1390
0.000821675 1408
0.000823575 1415
0.000824237 1426
0.000824596 1432
0.000825977 1446
0.000827887 1449
0.000834345 1454
0.000834695 1475
0.000835772 1483
0.00083755 1486
0.00083999 1495
0.00084137 1538
0.000841975 1545
0.000843516 1562
0.000848792 1576
0.000849312 1585
0.000849823 1594
0.000858238 1599
0.000861822 1609
0.000862465 1613
0.000875277 1632
0.000876374 1641
0.000877896 1665
0.000878312 1678
0.000884032 1680
0.000903387 1684
0.00090803 1686
0.000908588 1691
0.000910223 1697
0.00091184 1704
0.000915083 1743
0.000916332 1751
0.000917003 1761
0.000921116 1763
0.000921948 1770
0.000924482 1773
0.000931328 1805
0.000935299 1809
0.000938986 1813
0.000939894 1814
0.000941 1829
0.000943308 1833
0.000944319 1837
0.00094465 1845
0.000946371 1847
0.00094691 1854
0.000948952 1864
0.000951515 1868
0.000954191 1869
0.000959769 1872
0.000960176 1884
0.000962795 1889
0.000964847 1908
0.000967768 1916
0.000980873 1924
0.000997458 1927
0.00100126 1929
0.00100308 1931
0.00101836 1951
0.0010204 1953
0.00102732 1963
0.00102745 1967
0.00102999 1986
0.0010341 1988
0.00103848 1991
0.00105022 1994
0.00105197 2000
0.00105785 2010
0.00105941 2037
0.00106366 2041
0.00107182 2049
0.0010746 2061
0.00108153 2065
0.00108294 2072
0.00108441 2076
0.00109356 2082
0.00110828 2083
0.00110869 2093
0.00111209 2100
0.00111309 2123
0.0011907 2133
2 2133
