0 -714
6.7e-08 -654
9.872e-06 -646
0.000437005 -611
0.000437695 -569
0.000440702 -556
0.000458251 -531
0.000458327 -500
0.000458941 -453
0.00045915 -447
0.000459216 -441
0.000459745 -425
0.000462033 -358
0.000463669 -352
0.000467782 -343
0.000468359 -329
0.000468662 -278
0.000496148 -255
0.000496252 -242
0.000497122 -205
0.000497878 -113
0.00050272 -111
0.0005034 -63
0.000507315 -55
0.00050739 -27
0.00050791 26
0.000509622 53
0.00051069 72
0.000512024 80
0.000512336 115
0.000512421 128
0.000512506 137
0.000512733 189
0.000513007 196
0.000513952 206
0.000514548 210
0.000514671 221
0.000514917 224
0.000515276 234
0.000515503 321
0.000518794 340
0.000521394 395
0.000521791 396
0.000522396 405
0.000539803 409
0.000540295 453
0.00054073 516
0.000587193 549
0.000590578 560
0.00059071 563
0.000591561 570
0.000592091 593
0.000592999 608
0.00059332 614
0.000593566 643
0.000593746 653
0.000595334 658
0.000595788 670
0.000596838 680
0.000596923 687
0.000611389 696
0.000611673 697
0.000611824 710
0.000612089 711
0.000616211 743
0.000634375 744
0.00063464 762
0.000635396 777
0.000637949 790
0.000638176 794
0.000640824 810
0.000648643 835
0.000648889 836
0.000649929 865
0.000650014 881
0.000650194 917
0.000650402 937
0.000650563 954
0.000652321 965
0.000659025 969
0.000659101 973
0.000666324 981
0.000667393 984
0.000669085 992
0.000670854 1014
0.000689301 1017
0.00069087 1019
0.000691315 1022
0.00070251 1032
0.000704373 1033
0.000705536 1046
0.000705621 1056
0.000706216 1067
0.000707209 1070
0.000708835 1080
0.00071032 1088
0.000722687 1098
0.000725326 1100
0.000728919 1101
0.00073636 1106
0.000736549 1129
0.000824521 1138
0.000825769 1139
0.000875561 1140
0.000884089 1142
0.000885631 1152
0.000903227 1153
0.000924501 1161
0.000960422 1162
0.00100389 1165
0.00101995 1168
0.00114435 1170
2 1170
