0 -11405
6.6e-08 -11152
3.51e-07 -10874
1.121e-05 -10705
0.000177086 -10668
0.000181411 -10300
0.000181534 -10138
0.000182198 -10096
0.00020494 -10047
0.000210062 -9797
0.000210157 -9472
0.000210764 -9234
0.000287442 -9129
0.000287698 -8828
0.000288315 -8550
0.000288599 -8440
0.000299601 -8243
0.000300151 -7976
0.000303565 -7671
0.000307567 -7643
0.000309104 -7541
0.000309217 -7283
0.000309587 -7135
0.00030972 -6808
0.000311882 -6667
0.000313514 -6378
0.000313921 -6041
0.000352645 -5954
0.000353764 -5629
0.000357225 -5528
0.000358335 -5313
0.000361664 -5092
0.000363627 -4840
0.000364471 -4602
0.000367174 -4483
0.000370408 -4323
0.00037074 -4121
0.000374173 -4056
0.0003746 -3926
0.000375217 -3715
0.000376108 -3645
0.000376715 -3464
0.000385848 -3286
0.00038618 -3181
0.000387242 -3147
0.000389907 -2919
0.000391776 -2610
0.00039592 -2413
0.000403185 -2328
0.000417459 -2209
0.000422912 -1977
0.000425378 -1908
0.000434795 -1811
0.000440998 -1780
0.000442117 -1627
0.000454655 -1492
0.000454864 -1398
0.000461133 -1340
0.000463361 -1241
0.000467164 -1240
0.000473158 -1232
0.00047735 -1186
0.00047772 -1068
0.000480556 -985
0.000487887 -882
0.000490998 -782
0.000494374 -659
0.000512365 -655
0.000515552 -615
0.000517269 -497
0.000533372 -362
0.000534264 -358
0.000540969 -267
0.000543359 -153
0.00054499 -100
0.000565609 -51
0.00057221 14
0.000574438 38
0.000577208 79
0.000594838 93
0.000704663 114
0.000727823 137
0.000731133 165
0.000735923 170
0.000737279 173
0.000755574 189
0.000766224 198
0.000769079 202
0.000783163 203
0.000792286 206
0.000798442 210
0.000845283 213
0.000861178 214
0.000884765 218
0.00090269 252
0.000903401 253
0.000912639 264
2 264
