0 -14813
4.7e-08 -14502
2.7511e-05 -14199
4.8336e-05 -13910
7.8416e-05 -13623
0.000111339 -13364
0.000154963 -13106
0.000238026 -12863
0.00031665 -12622
0.000388191 -12382
0.00046283 -12145
0.000525351 -11912
0.00057552 -11684
0.000610436 -11460
0.00063942 -11244
0.000666752 -11028
0.000726535 -10813
0.00077864 -10599
0.000820044 -10389
0.000858208 -10179
0.000893738 -9973
0.000924668 -9772
0.000953832 -9573
0.000980333 -9375
0.00100717 -9179
0.00103337 -8985
0.00105965 -8792
0.00108391 -8600
0.00110808 -8410
0.00113312 -8221
0.0011706 -8036
0.00119531 -7853
0.00121959 -7673
0.00124557 -7494
0.00126879 -7324
0.00129265 -7155
0.00131926 -6987
0.00134656 -6823
0.00137045 -6661
0.00139847 -6501
0.00142422 -6342
0.00144854 -6183
0.00147075 -6024
0.00149827 -5868
0.0015215 -5715
0.00154501 -5563
0.00156876 -5417
0.00159262 -5277
0.00161626 -5140
0.00168012 -5003
0.0017268 -4866
0.00176574 -4731
0.00179991 -4596
0.00182964 -4462
0.00185404 -4330
0.00187949 -4200
0.00190381 -4070
0.00192728 -3942
0.00194947 -3814
0.00197241 -3688
0.00199666 -3563
0.00201994 -3438
0.00204185 -3316
0.00206304 -3194
0.00208449 -3074
0.00212453 -2955
0.00214916 -2842
0.00216949 -2730
0.0021915 -2620
0.00221519 -2510
0.00223984 -2405
0.00226365 -2300
0.00228693 -2195
0.00230991 -2091
0.00233422 -1987
0.0023554 -1885
0.00237766 -1784
0.00239961 -1689
0.00242689 -1600
0.00245088 -1511
0.00247508 -1422
0.00249738 -1335
0.00251943 -1251
0.00254396 -1167
0.00258726 -1085
0.0026397 -1004
0.00267842 -927
0.00271026 -851
0.00273608 -777
0.00276476 -705
0.00279007 -634
0.00281499 -566
0.00283807 -500
0.0028576 -436
0.00288056 -373
0.00290381 -310
0.00292702 -248
0.0029479 -189
0.00297205 -130
0.00299439 -72
0.00301764 -17
0.0030586 37
0.00310686 90
0.00315069 142
0.00318306 193
0.00322078 244
0.00325254 294
0.00328052 344
0.00330516 390
0.00332855 436
0.00335699 481
0.00338129 524
0.00340465 566
0.00342775 605
0.00345008 644
0.00347292 683
0.00349655 720
0.00352819 757
0.00355306 791
0.0035767 823
0.00360422 855
0.00362651 886
0.00365122 916
0.00367441 941
0.00369705 966
0.00372165 990
0.00374278 1013
0.00376647 1036
0.00379112 1059
0.00383083 1081
0.00385645 1103
0.00388257 1124
0.00390815 1144
0.00393298 1163
0.00395828 1181
0.00399697 1198
0.00402542 1214
0.00405199 1230
0.0040734 1245
0.0040989 1258
0.00412646 1271
0.0041512 1283
0.00417343 1296
0.00419953 1307
0.00422508 1318
0.00424802 1329
0.00427211 1340
0.00429618 1350
0.00432264 1360
0.00434862 1369
0.0043713 1378
0.00439246 1388
0.00441671 1396
0.00443994 1407
0.00448193 1425
0.00452213 1436
0.00455349 1449
0.00458389 1457
0.00461278 1465
0.00464075 1473
0.00466655 1481
0.00469246 1488
0.00471706 1495
0.00473793 1502
0.0047627 1509
0.00478733 1515
0.00481255 1534
0.00483721 1547
0.00486124 1553
0.00488637 1558
0.00491096 1563
0.00495645 1568
0.00499735 1576
0.00503186 1582
0.00507147 1586
0.0051072 1594
0.00513069 1597
0.00515686 1600
0.00518095 1609
0.0052056 1612
0.00523092 1621
0.00525569 1627
0.00528165 1629
0.00530628 1631
0.00533131 1633
0.00535686 1634
0.00542509 1642
0.00547788 1648
0.00553129 1652
0.00641338 1653
0.00646982 1655
0.00662256 1662
0.00664794 1663
0.00720406 1664
0.00722626 1666
0.00724676 1668
0.00727029 1670
0.00730888 1675
0.00740837 1676
0.00743187 1677
0.00763026 1679
0.00765387 1681
0.00767607 1683
0.00786914 1684
0.00863609 1688
0.008661 1690
0.0091665 1693
0.00920963 1702
0.00925338 1706
0.00928755 1709
0.00939841 1710
0.00942402 1712
0.00944696 1716
0.00947252 1718
0.00995469 1720
0.0100006 1721
0.0100225 1722
0.0100456 1732
2 1732
