0 -11924
4.7e-08 -11661
2.227e-05 -11413
4.8204e-05 -11173
7.7179e-05 -10936
9.4802e-05 -10703
0.000111764 -10481
0.000145934 -10260
0.000184165 -10046
0.000224832 -9833
0.000250615 -9620
0.000272016 -9408
0.000291339 -9196
0.000308972 -8988
0.000327275 -8789
0.000347732 -8592
0.000366129 -8395
0.000385651 -8198
0.000404624 -8009
0.000423249 -7826
0.000444527 -7645
0.000465219 -7466
0.000486639 -7288
0.000504904 -7114
0.000521545 -6943
0.000540481 -6778
0.000560938 -6614
0.000578608 -6456
0.0005971 -6300
0.00061461 -6145
0.000632073 -5996
0.000651481 -5849
0.000672041 -5703
0.000689589 -5561
0.000708336 -5421
0.000725751 -5285
0.000745424 -5149
0.00076164 -5014
0.000778281 -4880
0.000797991 -4748
0.000814783 -4616
0.000834456 -4485
0.000853514 -4356
0.00087024 -4229
0.000887202 -4104
0.000904325 -3980
0.000926151 -3858
0.000944596 -3736
0.000960217 -3621
0.000976565 -3506
0.000992979 -3391
0.0010107 -3278
0.00103023 -3165
0.00105275 -3053
0.00107382 -2941
0.00109553 -2835
0.00111629 -2732
0.00113688 -2629
0.00115805 -2526
0.00117783 -2423
0.00121369 -2323
0.00126088 -2224
0.00132108 -2126
0.00135904 -2028
0.00138292 -1933
0.00140338 -1839
0.0014232 -1746
0.00144477 -1655
0.0014681 -1565
0.00148966 -1477
0.00151043 -1391
0.00153417 -1308
0.0015548 -1225
0.00157553 -1144
0.00159699 -1064
0.00161922 -984
0.00163865 -905
0.00165893 -831
0.00167909 -759
0.00169785 -688
0.00171751 -617
0.00173539 -546
0.00175749 -475
0.0017771 -406
0.00179774 -338
0.00181993 -271
0.00184062 -207
0.00186205 -145
0.00188173 -85
0.00190171 -29
0.00192369 27
0.00194474 82
0.00196792 135
0.0019899 183
0.00201731 230
0.00204388 277
0.00206743 322
0.00209123 364
0.00211799 405
0.00214217 446
0.00216448 487
0.00218791 527
0.00222186 566
0.00224523 602
0.00226267 637
0.00227738 670
0.00230055 702
0.00232482 733
0.00234221 763
0.00236259 791
0.00239192 818
0.00241235 845
0.00243338 869
0.00245238 893
0.00247856 915
0.00249977 936
0.00252109 956
0.00254857 975
0.0025756 993
0.00260299 1009
0.00262289 1024
0.00264058 1041
0.00266508 1055
0.00269112 1069
0.00271512 1088
0.00273979 1100
0.00276192 1110
0.00277758 1119
0.00279383 1132
0.00281684 1143
0.00283184 1162
0.00285391 1172
0.00288298 1199
0.00291772 1208
0.00294339 1218
0.00296599 1227
0.0029884 1236
0.00301083 1244
0.00303219 1251
0.00305444 1262
0.00307721 1269
0.00311729 1276
0.00314053 1283
0.00317509 1290
0.00320248 1297
0.00322555 1303
0.00324717 1309
0.00326942 1314
0.00329326 1320
0.00331535 1323
0.00334254 1326
0.00336684 1338
0.00339097 1346
0.0034175 1349
0.00344015 1363
0.00346351 1364
0.00348646 1371
0.00351077 1376
0.00353362 1377
0.0036027 1388
0.00362759 1395
0.00365053 1396
0.00369491 1398
0.00374444 1400
0.00397245 1401
0.00399538 1405
0.00401815 1407
0.00404457 1409
0.00407133 1410
0.00409369 1411
0.00411067 1412
0.00415462 1415
0.00437521 1417
0.00439805 1419
0.00448416 1420
0.00450516 1421
0.00452763 1422
0.00454931 1423
0.00604674 1426
0.00606519 1427
0.00608145 1428
0.00609571 1429
0.00611026 1430
0.00616787 1432
0.00618421 1435
0.00620028 1441
0.00659266 1442
0.0066139 1443
0.00743053 1445
0.00744699 1449
0.00746258 1451
0.00747812 1452
0.00749478 1453
0.00750885 1454
0.00835033 1455
0.00836447 1456
0.008378 1458
0.0083931 1461
0.00929931 1462
0.00948275 1463
0.00978873 1470
0.00992711 1471
0.00994676 1473
0.0102194 1476
0.010238 1478
2 1478
