0 -18252
5.7e-08 -17887
4.2172e-05 -17531
6.9087e-05 -17185
8.8743e-05 -16839
0.000108559 -16527
0.000158811 -16216
0.000238698 -15906
0.000301007 -15605
0.000349701 -15309
0.000392798 -15014
0.000430684 -14732
0.00046096 -14451
0.000493058 -14170
0.000528366 -13890
0.000562286 -13620
0.000594422 -13357
0.000627078 -13101
0.000660668 -12850
0.00069034 -12600
0.000718888 -12352
0.000746464 -12112
0.00077507 -11875
0.000806686 -11638
0.000839058 -11405
0.000872459 -11176
0.000938827 -10952
0.00102565 -10728
0.00109373 -10508
0.00118449 -10290
0.00124002 -10072
0.00128193 -9855
0.00131633 -9646
0.00134507 -9438
0.00137061 -9230
0.00139924 -9023
0.00142964 -8817
0.00145817 -8619
0.00148667 -8422
0.00151211 -8226
0.00154026 -8031
0.00156624 -7836
0.00159425 -7650
0.00162001 -7466
0.00164932 -7285
0.00167925 -7105
0.0017091 -6927
0.001741 -6752
0.00177248 -6579
0.00180106 -6408
0.0018302 -6237
0.00185899 -6070
0.00188615 -5904
0.00191304 -5739
0.0019396 -5576
0.00197004 -5415
0.00199803 -5255
0.00202352 -5100
0.00204933 -4946
0.00207198 -4792
0.00210164 -4639
0.00213061 -4490
0.00215561 -4343
0.00218002 -4201
0.00220573 -4062
0.0022302 -3924
0.00226124 -3788
0.00228982 -3654
0.00231479 -3522
0.00234116 -3390
0.00237099 -3259
0.00239888 -3132
0.00242939 -3011
0.00245764 -2892
0.0024853 -2773
0.00251212 -2656
0.00253658 -2539
0.00255931 -2423
0.00258411 -2310
0.00261246 -2202
0.00263601 -2096
0.00266145 -1992
0.00268438 -1888
0.00270821 -1792
0.00273768 -1696
0.00276373 -1604
0.00278991 -1513
0.00281786 -1425
0.00284292 -1337
0.00287693 -1252
0.0029159 -1168
0.00294463 -1087
0.00297068 -1007
0.00299477 -929
0.00302057 -854
0.00304495 -780
0.00306894 -709
0.00309348 -640
0.00312026 -574
0.00314865 -509
0.00317529 -446
0.0032019 -389
0.00322599 -332
0.00325347 -276
0.00328139 -225
0.00330924 -174
0.0033394 -125
0.00336592 -77
0.00339279 -30
0.00341981 16
0.00344693 62
0.0034725 108
0.00349959 153
0.00352593 197
0.00355367 240
0.00357847 283
0.00360335 326
0.0036277 367
0.00365085 407
0.0036757 447
0.00370122 482
0.00372534 517
0.00375143 550
0.00377732 579
0.00380333 607
0.00383864 634
0.00387295 660
0.00390164 683
0.00392942 706
0.00396249 728
0.00399319 751
0.00402323 771
0.00404988 791
0.00407958 810
0.00412094 828
0.0041568 846
0.00419333 863
0.00422532 879
0.00425209 894
0.00427931 910
0.00430991 923
0.00434589 934
0.00438615 945
0.00442418 955
0.00448507 965
0.00453391 975
0.0045769 985
0.00461267 996
0.00465178 1010
0.00469057 1023
0.00472729 1033
0.00476359 1044
0.00482039 1058
0.00486757 1067
0.00491404 1074
0.00495383 1080
0.00499235 1099
0.00504955 1106
0.00521842 1112
0.00526718 1118
0.00530358 1123
0.00534161 1134
0.00537063 1143
0.00539129 1148
0.0054118 1152
0.00543132 1156
0.00545464 1164
0.00547828 1178
0.00550272 1189
0.00552584 1193
0.00554908 1200
0.00557142 1203
0.00559326 1207
0.00561691 1210
0.00564187 1220
0.00566755 1226
0.00569133 1234
0.00571292 1236
0.00589029 1241
0.00591145 1246
0.00593378 1249
0.00597349 1260
0.00599703 1263
0.00602466 1266
0.00604603 1267
0.00606929 1268
0.00613139 1269
0.0062163 1274
0.00624007 1280
0.00626216 1281
0.00630797 1291
0.00632923 1293
0.00634947 1295
0.00636971 1296
0.00647194 1300
0.00649621 1301
0.00651668 1306
0.00653562 1307
0.00657312 1313
0.0066856 1315
0.00671189 1321
0.00673525 1323
0.00676186 1325
0.00695942 1327
0.00697724 1329
0.00699665 1331
0.00701399 1332
0.00703093 1333
0.00705047 1336
0.00992969 1337
0.00995025 1338
0.0121401 1339
0.0121668 1340
0.0121931 1344
0.0122214 1361
0.0122495 1370
0.0122767 1374
0.0123055 1375
0.0130475 1378
0.0130764 1382
0.0131069 1383
0.0131717 1384
2 1384
