0 -15153
1.13e-07 -14870
2.8503e-05 -14589
6.2956e-05 -14321
0.000106664 -14060
0.000175693 -13807
0.000225984 -13561
0.000270788 -13319
0.000317727 -13081
0.000353917 -12844
0.000381825 -12608
0.000409705 -12378
0.000489349 -12148
0.000556801 -11924
0.00061257 -11702
0.000674619 -11481
0.000718592 -11265
0.000753772 -11053
0.000780925 -10847
0.000805594 -10641
0.000833228 -10437
0.000859917 -10234
0.000884284 -10037
0.000910634 -9849
0.000936398 -9666
0.000965373 -9484
0.00102136 -9303
0.00105367 -9122
0.00107971 -8941
0.00110726 -8761
0.00113391 -8585
0.00116293 -8409
0.00119037 -8234
0.00122231 -8061
0.00125566 -7893
0.00128953 -7728
0.00131918 -7568
0.00135573 -7417
0.00139533 -7267
0.00143349 -7117
0.00147157 -6967
0.00150205 -6818
0.00152758 -6669
0.00155379 -6521
0.00158418 -6375
0.00160987 -6230
0.00163684 -6088
0.00166499 -5948
0.00169106 -5809
0.0017165 -5671
0.00174515 -5534
0.00177324 -5399
0.00180178 -5264
0.00182916 -5130
0.0018548 -5001
0.00188935 -4877
0.00192179 -4753
0.00198914 -4629
0.00204283 -4507
0.00208195 -4385
0.00211904 -4265
0.00215726 -4148
0.00219528 -4032
0.0022216 -3916
0.00224623 -3800
0.00226868 -3686
0.00229337 -3575
0.00231763 -3465
0.00234027 -3355
0.00239601 -3246
0.0024374 -3138
0.00246135 -3030
0.00248546 -2927
0.00251007 -2825
0.00253717 -2725
0.0025615 -2628
0.00258395 -2532
0.00260888 -2436
0.00264067 -2347
0.00266426 -2258
0.00268701 -2171
0.00271117 -2085
0.00273474 -2000
0.0027566 -1916
0.00277971 -1832
0.00280288 -1752
0.00282572 -1672
0.00284871 -1592
0.00287054 -1516
0.00292454 -1442
0.00297196 -1369
0.00300816 -1299
0.00303807 -1229
0.00306914 -1159
0.00309577 -1091
0.00312192 -1023
0.00314412 -955
0.00316554 -888
0.00318737 -822
0.00321335 -756
0.00323344 -695
0.0032598 -634
0.00328414 -573
0.00330751 -514
0.00332941 -456
0.00338728 -400
0.00343938 -344
0.00347802 -290
0.00351423 -237
0.00354065 -184
0.00357008 -132
0.00359579 -82
0.00361619 -33
0.00364091 15
0.00366455 61
0.00368915 105
0.0037144 149
0.00373955 192
0.00376511 235
0.0037904 278
0.0038143 320
0.00385838 361
0.00390056 402
0.00392889 440
0.00395697 475
0.0039808 507
0.00400794 539
0.00403467 570
0.00406027 601
0.00409233 629
0.00411555 656
0.00414041 681
0.00416448 706
0.00418848 730
0.00421241 754
0.00423821 777
0.0042596 799
0.00428424 820
0.00432606 840
0.00435306 869
0.00438048 889
0.00440581 909
0.0044352 928
0.0044596 946
0.00448476 963
0.00451038 980
0.0045365 996
0.00456112 1011
0.00458707 1026
0.00461177 1041
0.00463467 1056
0.0046592 1073
0.00468368 1087
0.00470758 1101
0.00473333 1119
0.00475977 1133
0.00480128 1147
0.00484372 1160
0.00487712 1172
0.00490418 1184
0.00493269 1195
0.00495994 1205
0.00498653 1219
0.00500927 1232
0.00503537 1242
0.0050618 1252
0.00508792 1261
0.00511337 1280
0.00513911 1292
0.00516541 1309
0.00519099 1318
0.0052142 1325
0.00523841 1342
0.0052737 1354
0.00529937 1360
0.00532146 1365
0.00534477 1373
0.00536875 1383
0.00539573 1390
0.00541953 1396
0.00544249 1401
0.0054653 1405
0.0054899 1417
0.00551476 1420
0.00554046 1438
0.00556492 1440
0.00558882 1441
0.00561419 1442
0.0056394 1444
0.00568887 1452
0.00582296 1453
0.00593866 1471
0.00598648 1479
0.00602922 1481
0.00609322 1482
0.00612367 1487
0.00615045 1497
0.00617521 1509
0.00621696 1516
0.00625262 1521
0.00629675 1523
0.00632848 1536
0.00638063 1538
0.00647705 1546
0.00651672 1548
0.00654504 1557
0.00657182 1558
0.00660288 1569
0.0066344 1571
0.00667436 1575
0.00670506 1577
0.00673678 1578
0.00688846 1583
0.00696916 1587
0.0072389 1598
0.00731928 1600
0.00744087 1602
0.00746612 1603
0.00750919 1604
0.00773766 1605
0.0077705 1607
0.00844228 1608
0.00846222 1611
0.00848045 1614
0.00850785 1615
0.00852884 1616
0.00856718 1617
0.00860832 1619
0.00887083 1626
0.00888237 1632
0.00890288 1642
0.00891349 1656
0.00892924 1658
0.00893557 1660
0.00894022 1661
0.00894889 1669
0.00897837 1670
0.00898552 1671
0.00907582 1673
0.0091503 1675
0.00917375 1677
0.00918065 1680
0.0108595 1685
0.0111922 1686
0.0112022 1690
0.0112203 1695
0.0116892 1696
0.0117147 1699
0.0118342 1703
0.0122472 1706
0.0135312 1711
0.0144194 1713
0.0145465 1714
0.0145537 1716
0.0145702 1719
0.0149728 1720
2 1720
