0 -6051
1.7e-07 -5835
1.342e-05 -5622
3.2148e-05 -5414
4.6003e-05 -5234
7.4808e-05 -5057
9.5208e-05 -4883
0.00010979 -4714
0.000136036 -4554
0.000153272 -4395
0.000168043 -4243
0.000183069 -4092
0.000195668 -3944
0.000208918 -3796
0.000221734 -3649
0.000234805 -3502
0.000248093 -3361
0.000261344 -3228
0.000275095 -3097
0.000289413 -2966
0.000315923 -2837
0.000337182 -2709
0.00035031 -2583
0.000361312 -2461
0.000374478 -2339
0.000385887 -2218
0.00039772 -2099
0.000408544 -1989
0.000418942 -1879
0.000428896 -1772
0.000441835 -1667
0.00045534 -1563
0.000467448 -1463
0.000479641 -1365
0.000512441 -1268
0.000535513 -1178
0.000547612 -1089
0.00056021 -1001
0.000574264 -917
0.000592416 -834
0.000603182 -754
0.000613392 -675
0.000625254 -601
0.000635066 -533
0.000648902 -466
0.000661992 -401
0.000674837 -338
0.000688276 -275
0.000699817 -213
0.000712416 -153
0.000726828 -93
0.000739257 -34
0.000751978 24
0.000764123 81
0.000774881 136
0.000786393 188
0.000797594 238
0.000808427 286
0.000821819 333
0.000830914 378
0.000839244 418
0.000848896 457
0.000857708 494
0.00086735 530
0.000876115 564
0.000886333 598
0.000895655 628
0.00090389 658
0.000912286 687
0.000920163 715
0.000929721 741
0.000938825 767
0.000949034 790
0.000957497 812
0.00096593 833
0.00097528 853
0.000984375 873
0.000992979 891
0.00100247 908
0.00101104 925
0.001019 938
0.00102772 951
0.00103743 969
0.00104584 980
0.00105571 990
0.00106304 1000
0.00107144 1009
0.00108018 1019
0.00108982 1027
0.00109886 1035
0.00110773 1042
0.00111596 1048
0.00112281 1053
0.00113106 1061
0.00113946 1069
0.00114849 1074
0.00115717 1088
0.00116566 1092
0.00117364 1097
0.00118218 1101
0.00119198 1113
0.00120093 1116
0.00120918 1118
0.00121659 1119
0.00122583 1128
0.00123398 1136
0.00124375 1143
0.00125165 1145
0.0012603 1146
0.00126895 1154
0.0012772 1160
0.00128566 1166
0.00129369 1171
0.00130262 1174
0.00131182 1183
0.00131956 1185
0.00132792 1198
0.0013357 1201
0.00134391 1203
0.00135161 1204
0.00135983 1212
0.00136978 1224
0.00137922 1228
0.00138854 1229
0.00143896 1232
0.00144442 1234
0.00144754 1236
0.00147537 1237
0.00149508 1238
0.00149963 1243
0.00151645 1246
0.00153274 1251
0.00153996 1256
0.00154919 1258
0.00155791 1260
0.0015641 1262
0.00157012 1279
0.00158906 1281
0.00159299 1284
0.0016469 1287
0.00164906 1290
0.00165396 1292
0.00165655 1293
0.00168634 1294
0.00183042 1297
0.00184395 1304
0.00184646 1306
0.00213356 1308
0.00213623 1310
0.00245164 1315
2 1315
