0 -39198
6.6e-08 -38648
6.799e-06 -38111
1.2863e-05 -37584
2.2222e-05 -37059
3.1156e-05 -36564
4.6494e-05 -36070
6.2276e-05 -35584
7.6659e-05 -35100
9.4188e-05 -34616
0.000112529 -34133
0.000130303 -33652
0.000147653 -33180
0.000164426 -32713
0.000180821 -32254
0.000198161 -31795
0.000213659 -31341
0.000230319 -30889
0.000246941 -30438
0.000263308 -29996
0.000279307 -29555
0.000296505 -29115
0.000317462 -28677
0.000334358 -28241
0.000351084 -27809
0.000366922 -27379
0.000382826 -26950
0.000399326 -26530
0.000415702 -26110
0.000432881 -25692
0.000452327 -25274
0.000469828 -24858
0.000487715 -24443
0.000505093 -24029
0.000521894 -23615
0.000537223 -23202
0.000556357 -22789
0.000570986 -22383
0.000583179 -21979
0.000598809 -21575
0.000611795 -21173
0.000625678 -20778
0.00063857 -20383
0.000651348 -19990
0.000662795 -19599
0.000674695 -19212
0.000689418 -18827
0.000702452 -18443
0.00071709 -18059
0.000732617 -17683
0.000746878 -17307
0.000760638 -16933
0.000773832 -16565
0.000787243 -16201
0.000802496 -15837
0.000820714 -15473
0.000835353 -15111
0.000851927 -14751
0.000868719 -14392
0.00088706 -14035
0.000901945 -13683
0.0009197 -13334
0.000934981 -12997
0.000950914 -12661
0.000964674 -12325
0.000987662 -11989
0.001003 -11657
0.00102159 -11325
0.00109334 -10995
0.00111212 -10665
0.00112693 -10339
0.00113986 -10020
0.00115374 -9704
0.00116625 -9392
0.00117893 -9083
0.00119282 -8775
0.00120765 -8468
0.00122104 -8169
0.0012398 -7872
0.00125515 -7577
0.00126738 -7284
0.00128117 -6998
0.00129462 -6716
0.00130794 -6437
0.0013231 -6170
0.00133932 -5906
0.00135288 -5650
0.00136837 -5402
0.00138876 -5156
0.00140461 -4914
0.00141992 -4678
0.00143919 -4447
0.00148036 -4219
0.00149914 -3993
0.00151877 -3770
0.00153619 -3554
0.00155847 -3341
0.00157745 -3137
0.00159845 -2934
0.00162575 -2734
0.00165295 -2534
0.00167868 -2349
0.00170345 -2171
0.00172848 -2001
0.0017565 -1841
0.00178557 -1689
0.00187319 -1537
0.00190944 -1391
0.00195038 -1248
0.00198904 -1109
0.00203209 -987
0.00207065 -869
0.00210596 -757
0.00214185 -653
0.00217969 -550
0.00221903 -450
0.00225789 -355
0.00229372 -266
0.0023307 -181
0.00236832 -108
0.00240092 -51
0.00243181 4
0.00246437 37
0.00249513 70
0.00252651 101
0.00255353 131
0.00258016 151
0.00260851 162
0.0026576 175
0.00269585 177
0.00328974 185
0.00331338 206
0.00333693 218
2 218
