0 446
6.6e-08 453
3.78e-07 472
9.056e-06 495
0.00061713 507
0.000617678 511
0.000618057 531
0.000620779 554
0.000621573 564
0.000624362 590
0.000628795 603
0.00062907 613
0.000632955 632
0.000633201 662
0.000634184 673
0.000636963 699
0.000641822 702
0.000642011 730
0.000643836 750
0.000644185 756
0.000656976 762
0.000657354 764
0.000660114 773
0.000660473 774
0.000663234 776
0.000663347 779
0.000663442 786
0.000664699 792
0.000665616 796
0.000665815 801
0.000666448 814
0.000666571 843
0.000669293 845
0.000669946 856
0.000672073 864
0.0006723 891
0.000672432 905
0.000700527 907
0.00070064 933
0.000700877 942
0.000712816 943
0.000713667 968
0.000713932 971
0.000714934 974
0.00072209 977
0.000722506 1012
0.000722912 1015
0.000765329 1022
0.000766123 1026
0.000766227 1033
0.000766804 1043
0.000768052 1054
0.00083811 1067
0.000838224 1068
0.000839037 1073
0.000839869 1099
0.000840001 1103
0.000840965 1105
0.000844557 1112
0.00084468 1117
0.000844992 1134
0.0008452 1136
0.000845777 1139
0.000846032 1152
0.000847677 1156
0.000848953 1161
0.000849388 1164
0.000849785 1169
0.000850106 1191
0.000851846 1194
0.000852309 1197
0.000853755 1202
0.000853897 1203
0.00085765 1205
0.00085921 1207
0.000859787 1219
0.000860741 1248
0.000879128 1252
0.000879251 1254
0.000881274 1259
0.000881974 1264
0.000885377 1270
0.000906467 1271
0.000906694 1275
0.00090849 1276
0.000909123 1277
0.000911165 1281
0.000912347 1291
0.000914748 1308
0.00091644 1315
0.000916847 1316
0.000923861 1319
0.000926045 1324
0.000930488 1331
0.000930734 1332
0.00093184 1333
0.000932265 1337
0.000936283 1338
0.000943439 1348
0.000943666 1356
0.00095033 1358
0.000990044 1360
0.00100715 1361
0.00101099 1368
0.00101513 1375
0.00102584 1379
0.00103869 1381
0.00104446 1383
0.00107423 1384
0.00108319 1387
0.00108357 1392
0.00109082 1394
0.00109588 1395
0.00109623 1396
0.0010992 1397
0.00109972 1408
0.00111479 1409
0.0011422 1410
0.0011716 1415
0.00118019 1428
2 1428
