0 -5791
3.29e-07 -5615
0.000455961 -5489
0.000456271 -5403
0.000457154 -5394
0.000462507 -5286
0.000463362 -5194
0.000463963 -5117
0.000468857 -5097
0.000469138 -4960
0.000469693 -4820
0.00047174 -4813
0.000472003 -4675
0.000472106 -4566
0.000472379 -4454
0.000474812 -4348
0.000475788 -4309
0.000477113 -4205
0.000478728 -4117
0.000480184 -3971
0.00048133 -3804
0.000481677 -3703
0.000483678 -3563
0.000488093 -3494
0.000494123 -3394
0.00049478 -3266
0.000495597 -3158
0.000499683 -3057
0.000499824 -2995
0.000500819 -2887
0.000501101 -2769
0.000502238 -2696
0.000504417 -2634
0.000510757 -2573
0.000511536 -2425
0.000513603 -2335
0.000515913 -2216
0.000516026 -2127
0.000521746 -2107
0.000524273 -2080
0.000528819 -1969
0.000530969 -1888
0.00053127 -1812
0.000541865 -1732
0.000545922 -1662
0.000548947 -1578
0.000549097 -1521
0.000549285 -1466
0.000550778 -1398
0.000557325 -1354
0.00056421 -1278
0.0005676 -1205
0.000574307 -1122
0.000584648 -1036
0.000593186 -978
0.000593533 -907
0.000595224 -841
0.000612891 -774
0.000616395 -704
0.000621373 -645
0.000628426 -633
0.000634344 -576
0.000634522 -531
0.000642534 -514
0.000644065 -496
0.000650142 -427
0.000652866 -367
0.000653476 -285
0.000682499 -243
0.000683175 -215
0.000694925 -214
0.00071898 -197
0.000753986 -159
0.00075655 -109
0.00076969 -88
0.000776265 -61
0.000782426 -24
0.00079551 13
0.000799774 63
0.000801549 103
0.000816249 110
0.000817752 121
0.000818672 131
0.000822082 142
0.000828628 177
0.00085458 181
0.000859849 190
0.000897795 223
0.000903073 227
0.000923155 239
0.000931561 245
0.00093653 273
0.000944889 274
0.000953295 276
0.000968295 278
0.000973142 280
0.00098863 286
0.000992331 296
0.00100914 301
0.00103301 310
0.00105121 312
0.0010526 357
0.00106844 358
0.00108303 362
0.00108633 363
0.00109958 365
0.00116636 368
0.00120366 371
0.00127143 372
0.00132718 374
0.00144835 376
0.00156184 384
0.00214536 387
0.00277563 389
2 389
