0 620
8.915e-06 626
0.000569788 642
0.00057044 662
0.000571291 668
0.00057961 675
0.000579742 687
0.000580329 713
0.000584686 717
0.000628862 730
0.000629958 746
0.000630904 750
0.000631263 762
0.000633295 769
0.000633428 779
0.00063391 795
0.000634742 799
0.000635857 808
0.000636566 831
0.000637795 858
0.000638542 883
0.000639251 891
0.000659519 898
0.000661825 907
0.000662317 952
0.000670853 953
0.000670948 961
0.000671108 973
0.000672233 978
0.000672356 982
0.000677679 986
0.000677792 989
0.000687311 1002
0.000689136 1018
0.00069011 1020
0.000690299 1033
0.000696812 1034
0.000697162 1037
0.000698722 1052
0.000699884 1066
0.000708959 1068
0.000709054 1079
0.000740014 1101
0.000743549 1102
0.000744116 1107
0.000771559 1112
0.000773535 1115
0.000775492 1125
0.000885925 1127
0.000893544 1128
0.000895331 1130
0.000898819 1139
0.00098613 1140
0.000989977 1141
0.00109329 1150
2 1150
