0 404
2.27e-07 421
9.737e-06 463
0.00068354 476
0.000684542 504
0.000688474 517
0.000688597 518
0.000688871 550
0.000693853 580
0.000694146 597
0.000700187 604
0.000700452 638
0.000701832 642
0.000702106 663
0.000703212 682
0.000703864 700
0.000704365 714
0.000705538 735
0.000741715 745
0.000742056 792
0.000747614 865
0.000759658 870
0.000760215 877
0.000782327 878
0.000784274 908
0.000784718 912
0.000784822 918
0.000784917 947
0.000785484 980
0.000785607 983
0.000786675 995
0.000796497 998
0.000796677 1022
0.000797433 1028
0.000798643 1034
0.000799475 1066
0.000800345 1072
0.000801016 1078
0.000809647 1087
0.000813362 1089
0.000815082 1111
0.000815583 1125
0.000816548 1127
0.000816793 1132
0.000816926 1135
0.000817852 1141
0.000820981 1148
0.000822626 1160
0.000825216 1172
0.000827192 1183
0.000827315 1190
0.000827778 1191
0.00082896 1195
0.000829433 1206
0.000829848 1212
0.000831389 1230
0.000831541 1246
0.000833072 1249
0.000837005 1261
0.000837723 1269
0.000837855 1275
0.000858435 1279
0.000859362 1283
0.000859494 1300
0.000875735 1308
0.000876274 1312
0.000879667 1318
0.000880584 1329
0.000880858 1340
0.00088135 1348
0.000888988 1358
0.000889206 1363
0.000891134 1371
0.000895936 1375
0.000896504 1381
0.000913198 1383
0.00091524 1390
0.000916327 1402
0.000916828 1406
0.000918795 1432
0.000920137 1445
0.00092025 1453
0.000920666 1459
0.000921602 1463
0.000932256 1469
0.00097662 1470
0.00097714 1472
0.000977339 1486
0.000978294 1490
0.00098095 1492
0.000983966 1494
0.000985932 1495
0.00098717 1506
0.000987388 1507
0.000988144 1508
0.000988257 1509
0.000993201 1522
0.00101394 1523
0.00101614 1527
0.00101765 1528
0.00101978 1548
0.00104785 1550
0.00105543 1560
0.00105563 1561
0.00106057 1563
0.0010685 1571
0.00108491 1572
0.00108501 1576
0.00109085 1581
0.00109294 1591
0.00109345 1602
0.00109803 1605
0.00110018 1609
0.00110776 1610
0.00111008 1612
0.00111022 1616
0.00111343 1617
0.00112557 1619
0.00114023 1632
0.00115258 1639
0.00115365 1647
0.00118213 1649
0.00122464 1652
0.00122474 1654
0.0012875 1655
2 1655
