0 185
6.6e-08 190
8.397e-06 248
8.726e-06 342
0.000378942 351
0.000379148 362
0.000379214 382
0.000380059 383
0.000380238 420
0.000380407 428
0.000380463 441
0.000393763 443
0.000394148 447
0.000394317 466
0.000394392 486
0.0003983 491
0.000400338 505
0.000400836 521
0.000400873 527
0.00040169 530
0.000401859 535
0.000402019 541
0.000461089 542
0.000461906 563
0.000462629 572
0.00046369 578
0.000464019 585
0.00046432 586
0.000489679 592
0.000506793 602
0.000529992 609
0.000530415 627
0.000530659 629
0.000535168 630
0.000535844 632
0.000538248 638
0.000538399 639
0.000538464 641
0.000539507 665
0.000539826 677
0.000540549 683
0.000541348 708
0.000543348 723
0.000543414 729
0.00054364 744
0.000544729 748
0.000550975 751
0.00055167 765
0.000551802 767
0.000552224 769
0.00060826 771
0.000609209 772
0.000610186 775
0.000617052 780
0.000617268 782
0.000618442 784
0.000622236 792
0.000622621 802
0.000625326 806
0.000627487 815
0.000627881 817
0.000629309 821
0.000631638 825
0.000641885 826
0.000753422 828
0.000763096 830
0.000790334 837
2 837
