724 0.00314131
741 0.00371137
742 0.0015408
717 0.00150767
752 0.00372091
724 0.00160468
734 0.00299974
714 0.00318968
721 0.00339469
705 0.00187925
439 0.0082581
468 0.00733987
469 0.0117371
469 0.0161841
497 0.00606916
495 0.00703274
466 0.00753786
484 0.0062935
468 0.00806396
471 0.00629426
894 0.00125318
907 0.00124483
886 0.00150124
935 0.00170633
922 0.00181412
897 0.00169487
907 0.00212241
891 0.00161037
904 0.00128128
920 0.00115194
822 0.00145487
844 0.00235054
821 0.00147427
866 0.0014267
828 0.00229287
853 0.00158625
846 0.00229959
876 0.0022872
801 0.00213467
825 0.00173826
