636 0.0103412
655 0.0124247
695 0.0156888
657 0.0111314
687 0.00996757
667 0.0105903
739 0.0105894
633 0.00978533
699 0.011366
738 0.0111727
438 0.0136686
403 0.0145799
375 0.0134029
400 0.0137838
387 0.0136859
422 0.0162976
417 0.0147257
355 0.014469
370 0.0160529
395 0.0148013
1534 0.0229484
1489 0.0196597
1608 0.0270772
1558 0.0279549
1548 0.0245067
1519 0.0288416
1537 0.0231763
1573 0.0289899
1561 0.0169368
1515 0.0193088
1470 0.0222451
1520 0.0245619
1479 0.026135
1450 0.0222077
1428 0.0255459
1528 0.0302892
1510 0.0226962
1528 0.0299004
1486 0.0273855
1545 0.0307306
