0 -1816
1.48e-07 -1648
9.833e-06 -1613
9.99e-06 -1551
1.0758e-05 -1534
1.0888e-05 -1333
1.1221e-05 -1241
0.000380719 -1204
0.000381977 -1141
0.000383337 -1092
0.000383697 -1062
0.000384336 -1004
0.000389137 -1001
0.000391773 -984
0.000392217 -882
0.000392856 -821
0.000392985 -804
0.000426612 -795
0.000427334 -708
0.000427657 -616
0.000429591 -601
0.000431561 -554
0.000435992 -543
0.00043824 -486
0.000444059 -410
0.000444346 -409
0.000446982 -392
0.000447223 -365
0.000448333 -299
0.000469767 -225
0.000470739 -200
0.00047208 -127
0.000502219 -89
0.000502922 -61
0.000504921 -51
0.000507131 -42
0.000518945 -16
0.000537817 37
0.000546059 47
0.000546568 59
0.000547123 63
0.000549796 93
0.000582942 98
0.000585403 99
0.000586199 104
0.000586282 130
0.000588086 133
0.000591064 135
0.000604534 142
0.00061113 156
0.000612573 157
0.000620769 168
0.000630473 169
0.000644164 171
0.000647874 192
0.000648059 196
0.000652092 200
0.000669021 212
0.000677449 216
0.000684628 230
0.00069942 237
0.000707912 238
0.00071596 246
0.00071806 250
0.000734166 255
0.000738736 258
0.000745998 269
0.000764139 270
0.000764518 275
0.000784981 278
0.000827794 279
0.000829006 280
2 280
