0 -1650
7.16e-07 -1619
0.000553645 -1618
0.000554596 -1603
0.000554728 -1566
0.000555528 -1537
0.000555782 -1433
0.000562591 -1352
0.000562921 -1349
0.00056374 -1321
0.000563957 -1320
0.000575521 -1284
0.000575842 -1227
0.000576859 -1184
0.000576972 -1119
0.00057749 -1032
0.000578026 -957
0.000582519 -946
0.00059107 -898
0.000591616 -876
0.000591719 -803
0.000591898 -782
0.000592416 -778
0.000593829 -777
0.000594432 -753
0.000613672 -729
0.00066656 -714
0.000666777 -698
0.000667756 -669
0.00067012 -635
0.000670629 -562
0.000671269 -494
0.000671363 -443
0.000672192 -431
0.000672578 -418
0.000672964 -414
0.000673576 -381
0.00067368 -345
0.000674405 -336
0.000678633 -318
0.000680498 -292
0.000681007 -263
0.000681195 -212
0.000683013 -159
0.000708412 -126
0.000708864 -73
0.00071183 -44
0.000715983 10
0.000720118 23
0.000720579 50
0.000720777 55
0.00072283 73
0.000724789 84
0.000727312 88
0.000731343 115
0.00073171 156
0.000732652 161
0.000739753 172
0.000741166 174
0.000741636 228
0.000741834 233
0.000742117 240
0.000742503 243
0.000743068 263
0.000743887 285
0.000745865 290
0.000747108 310
0.000748464 327
0.000748813 365
0.000748926 384
0.000750489 410
0.000750884 416
0.000751647 431
0.000752382 434
0.000753493 461
0.000754077 466
0.000756299 468
0.000761498 469
0.000763127 475
0.000765755 485
0.000772394 495
0.000772648 504
0.000772931 519
0.000773835 535
0.000774306 548
0.000774824 622
0.000779363 625
0.000783638 636
0.000785061 673
0.000792029 674
0.000793499 675
0.000794365 689
0.000795278 692
0.00079654 705
0.000797284 732
0.000799884 733
0.000800976 735
0.000804037 745
0.000804781 747
0.00080512 755
0.000805892 771
0.000809103 795
0.000810007 807
0.000811203 809
0.000815187 828
0.000818088 882
0.000818728 885
0.00081967 888
0.000826959 897
0.000829398 902
0.00083099 905
0.000831159 910
0.000835058 915
0.000837629 927
0.000838062 931
0.00083825 932
0.000839051 946
0.000847056 963
0.000847225 971
0.000849702 984
0.000850295 989
0.000854844 996
0.000858027 1014
0.000866607 1019
0.000872182 1025
0.000872935 1036
0.000879838 1042
0.000886845 1050
0.000893823 1063
0.000894379 1065
0.000895471 1068
0.000897995 1080
0.000901206 1081
0.000907347 1084
0.00092426 1085
0.000925004 1088
0.000926662 1092
0.000927161 1095
0.000927472 1096
0.000929562 1099
0.000949782 1112
0.000966639 1120
0.000982169 1132
0.000988167 1150
0.000998216 1152
0.0010078 1174
0.00101136 1181
0.00103003 1182
0.00104549 1201
0.00105644 1215
0.0010598 1224
0.0010646 1233
0.00106778 1240
0.00109955 1242
0.00113895 1247
0.00118416 1248
0.00137155 1251
2 1251
