720 0.168589
682 0.245438
693 0.18913
681 0.215488
702 0.347004
724 0.203001
729 0.447031
700 0.243388
668 0.20004
731 0.334501
452 0.524833
439 0.322677
401 0.349359
442 0.290393
416 0.539449
418 0.36081
449 0.398065
434 0.376228
431 0.415293
409 0.331381
2016 0.00841974
2121 0.0117073
2072 0.00808305
2123 0.00772959
2131 0.0090808
2199 0.0103608
2091 0.012248
2144 0.0109104
2072 0.010421
2083 0.00906213
2077 0.015528
2029 0.0137308
2001 0.0120503
2059 0.0121415
1995 0.0119062
2028 0.00910795
2032 0.0143323
2034 0.00914205
2027 0.0113948
2050 0.0120008
