0 -3025
6.5e-08 -2916
0.000473213 -2901
0.000473522 -2866
0.000474167 -2794
0.000524448 -2783
0.000526543 -2674
0.000527806 -2652
0.000529882 -2600
0.000538421 -2570
0.000538795 -2544
0.000539571 -2441
0.000540385 -2347
0.000554957 -2306
0.000555069 -2278
0.000555406 -2275
0.000556332 -2186
0.000556883 -2164
0.000557286 -2094
0.000557884 -2051
0.000558006 -2027
0.000558483 -1988
0.000567957 -1975
0.000569659 -1901
0.000570164 -1897
0.000570249 -1845
0.00057051 -1824
0.000570856 -1766
0.000573419 -1710
0.000574102 -1673
0.000574364 -1625
0.00057471 -1616
0.000575402 -1520
0.000577553 -1463
0.000578152 -1447
0.000579742 -1423
0.000605303 -1379
0.000605724 -1377
0.000609521 -1368
0.000609708 -1362
0.000609811 -1289
0.000610045 -1287
0.000610138 -1262
0.000610886 -1241
0.000612841 -1221
0.000613823 -1184
0.000614253 -1138
0.000615011 -1121
0.00061531 -1097
0.000615413 -1074
0.000616012 -1027
0.00061734 -975
0.000617779 -966
0.000618509 -911
0.000619482 -886
0.000626814 -875
0.000629685 -857
0.000630097 -810
0.000639955 -766
0.000640843 -752
0.000640928 -705
0.000645641 -649
0.000646558 -601
0.00064667 -570
0.000648681 -554
0.000649354 -500
0.000650552 -493
0.000651552 -460
0.000654414 -459
0.000654508 -424
0.000654611 -388
0.000655724 -387
0.000656687 -375
0.000656996 -356
0.000657566 -337
0.000657865 -272
0.000658408 -254
0.00065967 -194
0.000660662 -163
0.000663178 -147
0.000663384 -143
0.00066444 -106
0.000667134 -79
0.000667789 -66
0.000667873 -36
0.000668612 4
0.000670248 30
0.000670856 40
0.000671128 67
0.000676795 70
0.000677927 72
0.000692424 140
0.000693256 146
0.000694182 153
0.000694379 185
0.000701693 238
0.000714758 259
0.000718995 267
0.000720015 317
0.000720922 351
0.000721015 373
0.000721605 376
0.000725692 404
0.000726216 406
0.000728947 407
0.000730434 417
0.000731462 427
0.000738253 441
0.000740095 450
0.000740666 463
0.000741086 481
0.000742069 485
0.000744846 513
0.000745398 519
0.000747549 534
0.000752506 552
0.000753423 579
0.000758305 580
0.000761354 606
0.000765095 609
0.000766395 611
0.000766573 612
0.000767499 662
0.000768649 666
0.000769061 678
0.000769238 694
0.000769556 799
0.000770922 803
0.000771109 805
0.000772699 809
0.000776234 815
0.000781434 836
0.000782117 840
0.00078756 844
0.00078814 849
0.000790525 850
0.000792948 858
0.000793948 887
0.0007958 895
0.000795978 899
0.000796745 911
0.000798223 913
0.000803778 927
0.000810624 928
0.000811794 942
0.000814048 943
0.000816769 951
0.00081994 959
0.000822147 963
0.000824102 988
0.000829433 1001
0.000832968 1002
0.000833698 1021
0.000834427 1029
0.000835531 1044
0.000847755 1048
0.000853245 1051
0.000856042 1063
0.000860101 1064
0.000861569 1070
0.000862691 1074
0.000868471 1108
0.000868668 1115
0.000868743 1125
0.00087022 1139
0.000870969 1144
0.000884259 1148
0.000885297 1173
0.000890899 1198
0.000894491 1208
0.000905181 1210
0.000912093 1217
0.000916395 1221
0.000920819 1234
0.000922306 1241
0.000924308 1250
0.000925589 1253
0.000929031 1302
0.000933211 1303
0.000939525 1306
0.000944098 1309
0.000945838 1320
0.000946642 1321
0.000947699 1324
0.000948269 1335
0.000948999 1337
0.000951346 1357
0.000956631 1358
0.000960849 1368
0.000962504 1371
0.000963309 1373
0.00096892 1398
0.000973662 1400
0.00097412 1402
0.000981734 1418
0.000984792 1420
0.00101611 1423
0.0010167 1426
0.00101738 1427
0.00102185 1438
0.00103034 1444
0.00105287 1456
0.00106718 1457
0.00106748 1470
0.00107597 1482
0.00108638 1485
0.00108723 1490
0.00109247 1494
0.00109447 1495
0.00109746 1499
0.00110438 1500
0.00112445 1503
0.00113806 1512
0.00114746 1513
0.00119168 1528
0.00119358 1532
0.00119383 1539
0.00121535 1542
0.00123975 1554
0.00126684 1560
0.00130853 1565
0.00131538 1566
0.00132172 1577
0.00135513 1584
0.00138461 1589
0.00142013 1590
0.00142129 1595
2 1595
