0 -180005
5.7e-08 -178828
1.4176e-05 -177661
4.1003e-05 -176510
6.9499e-05 -175410
9.6755e-05 -174341
0.000139159 -173283
0.000175253 -172254
0.000220966 -171228
0.000266965 -170204
0.000309999 -169200
0.000370889 -168203
0.000412931 -167206
0.00050428 -166212
0.000567897 -165228
0.000615717 -164256
0.00066121 -163290
0.000705779 -162327
0.000748146 -161365
0.000789854 -160404
0.000831211 -159454
0.000872376 -158507
0.00091295 -157561
0.000954039 -156617
0.000995176 -155677
0.00103565 -154741
0.00107562 -153806
0.00111603 -152876
0.0011567 -151948
0.00119724 -151021
0.00123746 -150094
0.00127782 -149169
0.00133137 -148245
0.00139369 -147323
0.00145328 -146401
0.00151501 -145480
0.00157553 -144560
0.00165528 -143640
0.0017198 -142722
0.00178147 -141804
0.0018474 -140890
0.00191111 -139976
0.00197018 -139062
0.00203076 -138150
0.00208869 -137246
0.00214212 -136343
0.00219936 -135444
0.0022583 -134545
0.00232224 -133647
0.00242453 -132750
0.00248016 -131854
0.00252088 -130958
0.00256114 -130064
0.00260157 -129179
0.0026425 -128298
0.00268343 -127425
0.00272374 -126552
0.00276348 -125679
0.00281985 -124809
0.00286014 -123943
0.00289997 -123077
0.0029396 -122214
0.00297911 -121353
0.00301889 -120492
0.0030583 -119636
0.00309854 -118780
0.00313807 -117931
0.00317746 -117083
0.00321745 -116238
0.00325722 -115393
0.00329656 -114549
0.00333693 -113706
0.0033785 -112866
0.00341958 -112027
0.00346094 -111190
0.00350299 -110356
0.00355767 -109525
0.00360007 -108694
0.00364126 -107864
0.00368188 -107036
0.00372349 -106209
0.00376577 -105388
0.00380686 -104568
0.00384832 -103749
0.00389187 -102933
0.00394741 -102118
0.00401248 -101303
0.00407399 -100490
0.00413474 -99679
0.00419606 -98869
0.00425832 -98064
0.00432004 -97260
0.00438283 -96456
0.0044429 -95652
0.00448507 -94850
0.00453358 -94048
0.00458702 -93248
0.00464067 -92449
0.00468323 -91652
0.0047249 -90855
0.00476552 -90059
0.0048069 -89264
0.00485629 -88470
0.00489836 -87676
0.00493918 -86883
0.00497995 -86094
0.00502013 -85306
0.00506201 -84519
0.00510325 -83733
0.00514471 -82950
0.00518666 -82168
0.00522731 -81386
0.00526814 -80605
0.00531085 -79824
0.00535318 -79047
0.00539592 -78271
0.00545377 -77495
0.00550035 -76720
0.00554432 -75945
0.00559871 -75172
0.00564263 -74401
0.0056856 -73630
0.00573062 -72860
0.00577866 -72090
0.00584726 -71324
0.00591559 -70560
0.00597364 -69799
0.00606339 -69039
0.00611096 -68279
0.00616303 -67523
0.0062085 -66768
0.00625315 -66013
0.00629612 -65259
0.00635306 -64508
0.00644003 -63759
0.0064885 -63011
0.00653429 -62263
0.00657859 -61519
0.00662339 -60776
0.00670838 -60036
0.00676924 -59298
0.00681635 -58561
0.0069266 -57824
0.00700101 -57091
0.00706423 -56358
0.00712125 -55626
0.00717407 -54896
0.00722271 -54167
0.0072712 -53441
0.00732033 -52716
0.00736834 -51993
0.00741575 -51271
0.00746717 -50551
0.00752121 -49832
0.00757216 -49114
0.00763524 -48397
0.0076992 -47684
0.0077662 -46972
0.00783234 -46260
0.00788824 -45554
0.00794037 -44849
0.00799299 -44144
0.00804533 -43441
0.00809879 -42740
0.0081507 -42041
0.00820538 -41343
0.00826266 -40646
0.00831969 -39955
0.00837651 -39270
0.00852485 -38594
0.00861218 -37920
0.00876242 -37247
0.00914353 -36577
0.00926707 -35908
0.00935198 -35241
0.00945556 -34579
0.00959043 -33922
0.00972996 -33266
0.00987037 -32614
0.010041 -31967
0.0101932 -31321
0.0102956 -30675
0.0104665 -30029
0.0105708 -29387
0.0106632 -28751
0.0107489 -28116
0.0108307 -27490
0.0109189 -26869
0.0110013 -26249
0.0111002 -25633
0.0111894 -25020
0.0112628 -24409
0.0113352 -23801
0.0114122 -23194
0.0114879 -22594
0.0115639 -22005
0.0116426 -21419
0.0117238 -20834
0.0118063 -20252
0.0118902 -19671
0.0119751 -19097
0.0120613 -18525
0.0121694 -17955
0.0122673 -17393
0.0123795 -16836
0.0124936 -16281
0.012624 -15740
0.0127441 -15201
0.0128566 -14665
0.0129478 -14140
0.0130437 -13616
0.0131438 -13094
0.0132516 -12585
0.0133617 -12082
0.0134709 -11581
0.0135811 -11100
0.0136924 -10622
0.0138068 -10155
0.0139273 -9689
0.0140789 -9226
0.0142433 -8768
0.014423 -8325
0.0146083 -7890
0.0147987 -7467
0.0150054 -7049
0.0151763 -6639
0.0153481 -6250
0.0155215 -5862
0.0156981 -5483
0.0158795 -5115
0.0160853 -4750
0.0162853 -4400
0.0164962 -4079
0.0167042 -3759
0.0169152 -3445
0.0171282 -3148
0.0173639 -2869
0.0175873 -2591
0.0178121 -2325
0.0180691 -2064
0.0183446 -1823
0.0186213 -1606
0.0188464 -1399
0.0190675 -1207
0.0192821 -1026
0.0195019 -864
0.0197158 -703
0.0199251 -560
0.0201125 -424
0.0203114 -307
0.020487 -200
0.0206798 -107
0.0208573 -26
0.0210022 51
0.021136 91
0.0212608 98
0.021378 102
0.0231396 104
0.0233592 112
0.0234537 114
0.023783 117
0.0238938 120
0.0239963 131
0.0240896 138
0.0353222 154
2 154
