0 -42015
5.7e-08 -41412
6.606e-06 -40851
1.7131e-05 -40291
2.4844e-05 -39768
3.5302e-05 -39252
5.1023e-05 -38740
6.6057e-05 -38236
8.051e-05 -37736
9.2036e-05 -37237
0.000104296 -36740
0.000116108 -36257
0.000129273 -35777
0.000142334 -35302
0.000153927 -34835
0.000164852 -34374
0.000177846 -33924
0.000190621 -33474
0.000201842 -33028
0.00021454 -32584
0.000225952 -32140
0.000238155 -31704
0.000250157 -31268
0.000262064 -30832
0.000273791 -30398
0.000286527 -29967
0.000298759 -29537
0.000311257 -29108
0.000324108 -28680
0.0003353 -28254
0.000347999 -27829
0.000361765 -27405
0.000374559 -26985
0.000387772 -26569
0.000401405 -26153
0.0004148 -25738
0.000425963 -25325
0.000439634 -24912
0.000451637 -24501
0.000464726 -24091
0.000477101 -23682
0.000489189 -23273
0.000501525 -22865
0.000514586 -22457
0.000526655 -22055
0.000538763 -21655
0.000552701 -21256
0.000566619 -20858
0.000578679 -20460
0.00059216 -20067
0.000605802 -19677
0.000619368 -19293
0.000632829 -18913
0.000646843 -18534
0.000659761 -18157
0.000673756 -17788
0.000689172 -17424
0.000703977 -17061
0.000718659 -16698
0.000733397 -16341
0.000747736 -15985
0.000760806 -15630
0.000774553 -15278
0.000789073 -14928
0.000804278 -14579
0.000819742 -14237
0.00083571 -13898
0.000851297 -13567
0.000865435 -13237
0.000878916 -12911
0.00089252 -12585
0.000907669 -12260
0.000920243 -11938
0.000935173 -11617
0.000953744 -11296
0.000967291 -10978
0.000982239 -10662
0.000997569 -10348
0.00101096 -10037
0.0010267 -9731
0.00104314 -9431
0.00105784 -9134
0.00107327 -8838
0.00108692 -8545
0.00110115 -8252
0.00111584 -7964
0.00113041 -7681
0.00114609 -7404
0.00115998 -7128
0.00117713 -6859
0.00119254 -6590
0.00121119 -6323
0.00123091 -6063
0.0012475 -5805
0.00126686 -5550
0.00128628 -5299
0.0013057 -5051
0.0013265 -4809
0.00134266 -4569
0.00136025 -4334
0.00137979 -4100
0.00139709 -3869
0.00141679 -3646
0.001438 -3431
0.00146129 -3219
0.00148565 -3007
0.00150696 -2798
0.00152789 -2593
0.00154713 -2391
0.00156986 -2202
0.00159189 -2022
0.00161727 -1843
0.00164727 -1665
0.00167713 -1495
0.00170696 -1338
0.00175155 -1190
0.00179877 -1046
0.00184024 -908
0.00188145 -780
0.00192104 -669
0.00195968 -567
0.00204527 -466
0.00209175 -376
0.00213168 -292
0.00217183 -209
0.00222235 -136
0.00225874 -65
0.0022961 0
0.00233528 61
0.00237451 105
0.00240632 141
0.00243857 161
0.00246715 175
0.00249452 188
0.00252092 191
0.00254916 193
0.00257575 195
0.00265206 210
0.00267837 212
0.00273652 213
0.00284973 214
0.00617361 219
0.00762559 221
0.00777187 222
0.0153751 223
0.015401 226
0.0154278 231
0.015477 236
2 236
