0 -15502
5.8e-08 -15182
4.3609e-05 -14867
0.000117598 -14568
0.000222483 -14313
0.000310573 -14060
0.000369406 -13808
0.000408979 -13568
0.000442368 -13329
0.000471032 -13095
0.000496973 -12869
0.00052417 -12643
0.000552191 -12421
0.000584277 -12212
0.000611301 -12004
0.0006359 -11798
0.000658706 -11594
0.000688578 -11391
0.000718871 -11190
0.000744783 -10990
0.000769718 -10796
0.000793636 -10603
0.000818925 -10412
0.000842479 -10225
0.000866158 -10038
0.000892569 -9852
0.000918577 -9667
0.000966883 -9486
0.00105356 -9306
0.00111309 -9127
0.00115807 -8949
0.00119036 -8774
0.00121638 -8599
0.00124492 -8426
0.0012708 -8255
0.00129472 -8088
0.00131946 -7921
0.00134232 -7754
0.00136773 -7587
0.00139203 -7425
0.00141734 -7264
0.00144207 -7103
0.00146412 -6943
0.00149081 -6783
0.00151756 -6623
0.00154371 -6464
0.00156976 -6308
0.00159608 -6153
0.00161919 -5999
0.00164367 -5845
0.00166372 -5692
0.00168683 -5544
0.00170833 -5399
0.00173031 -5257
0.00175002 -5116
0.0017806 -4977
0.0018103 -4842
0.00183274 -4712
0.0018548 -4582
0.00187692 -4452
0.00189955 -4325
0.00192241 -4200
0.00194794 -4079
0.00197263 -3960
0.00199323 -3841
0.00201522 -3724
0.0020418 -3608
0.00206192 -3493
0.00208427 -3379
0.00211089 -3268
0.00214358 -3158
0.00217308 -3051
0.00220514 -2945
0.00223491 -2840
0.00226518 -2736
0.00229429 -2636
0.00232788 -2539
0.00236051 -2444
0.00239279 -2349
0.00242295 -2254
0.00245391 -2162
0.00247942 -2071
0.00250252 -1982
0.00252452 -1893
0.00254506 -1805
0.00256667 -1721
0.00258867 -1637
0.00261164 -1553
0.00263174 -1473
0.00265406 -1393
0.00267725 -1313
0.00270052 -1234
0.00272594 -1155
0.00274589 -1077
0.00277185 -1001
0.00279876 -926
0.00282012 -853
0.00284367 -781
0.00286453 -709
0.00291985 -637
0.00296444 -565
0.00300041 -494
0.00303401 -424
0.00306674 -354
0.00310305 -287
0.00313663 -220
0.00316917 -155
0.00320028 -92
0.00322817 -30
0.00325763 27
0.00328601 82
0.00331618 136
0.00334589 190
0.00337633 242
0.003406 290
0.00343841 337
0.00347075 382
0.00350142 426
0.00353259 470
0.00356427 513
0.00359448 551
0.00361827 588
0.00363946 624
0.00365903 660
0.00367748 694
0.00369697 726
0.00371816 753
0.00373679 780
0.00375713 807
0.00379575 831
0.00384868 855
0.00390388 878
0.00394352 900
0.00396971 921
0.00402124 942
0.00406797 963
0.00410206 983
0.00412578 1000
0.00414958 1014
0.00417703 1031
0.00423251 1045
0.00426886 1059
0.0043135 1072
0.00434932 1085
0.00438027 1099
0.00440935 1111
0.00443394 1136
0.00446294 1148
0.0044914 1159
0.0045179 1176
0.00454722 1194
0.00457459 1205
0.00460385 1216
0.00462601 1227
0.00464758 1238
0.00466769 1248
0.00468911 1258
0.00471043 1270
0.00473178 1279
0.00475136 1288
0.0047711 1306
0.00479248 1314
0.00484041 1322
0.00487302 1329
0.00490389 1336
0.00493404 1342
0.00496468 1353
0.0050047 1359
0.00504385 1367
0.00507758 1373
0.00510724 1384
0.00513808 1389
0.00517094 1407
0.00520245 1419
0.0052403 1424
0.00533344 1440
0.00537671 1451
0.00544765 1459
0.00550331 1464
0.00554944 1468
0.00558821 1472
0.00561251 1481
0.00563818 1485
0.00566408 1493
0.00568978 1505
0.00571523 1512
0.00573925 1518
0.00576471 1524
0.00578941 1530
0.00581402 1533
0.00583863 1540
0.00587763 1543
0.0059021 1551
0.00592648 1554
0.00594743 1566
0.00597224 1569
0.00599521 1572
0.00602089 1574
0.00604529 1580
0.00606982 1583
0.00609294 1584
0.00611687 1592
0.00614608 1603
0.00618094 1614
0.00621435 1617
0.00623915 1628
0.00628618 1629
0.0063107 1633
0.0063357 1636
0.00637665 1642
0.00640523 1652
0.0065106 1656
0.00654571 1661
0.00658608 1666
0.00709734 1667
0.00712096 1668
0.00714564 1675
0.00720199 1678
0.00722685 1680
0.00751666 1681
0.00754599 1684
0.00757356 1685
0.00778556 1690
0.00785037 1693
0.00789499 1696
0.00792399 1698
0.00795754 1704
0.00798423 1706
0.00811598 1707
0.00823835 1708
0.00967128 1709
0.0100445 1711
0.0102868 1713
2 1713
