0 -10387
1.44e-07 -10107
2.6075e-05 -9844
4.2804e-05 -9597
5.6819e-05 -9356
7.9903e-05 -9121
0.000104071 -8896
0.000140471 -8671
0.000181903 -8458
0.000240352 -8246
0.000279618 -8040
0.000305521 -7836
0.000329487 -7645
0.00035376 -7454
0.000383814 -7266
0.000407665 -7080
0.000427375 -6895
0.000447228 -6724
0.000465155 -6555
0.000483686 -6387
0.000503233 -6221
0.000521361 -6058
0.000539863 -5896
0.000560301 -5743
0.000581257 -5596
0.000602788 -5452
0.000623879 -5308
0.000643339 -5165
0.000663988 -5022
0.000686344 -4879
0.000709409 -4736
0.000730538 -4598
0.0007532 -4462
0.000774348 -4326
0.000795745 -4192
0.000820823 -4060
0.000848672 -3935
0.000874287 -3810
0.000914924 -3688
0.00096995 -3567
0.00100879 -3449
0.00103749 -3332
0.00106009 -3219
0.00108261 -3113
0.00110247 -3008
0.00112147 -2905
0.00113932 -2804
0.00115931 -2704
0.00118347 -2605
0.0012054 -2506
0.00123203 -2408
0.00125994 -2314
0.00128469 -2222
0.00130878 -2130
0.0013487 -2039
0.00137876 -1950
0.0014082 -1863
0.00143174 -1776
0.00145289 -1689
0.00147022 -1607
0.00148929 -1525
0.00150596 -1446
0.00152346 -1367
0.00154249 -1289
0.00156213 -1213
0.00158177 -1141
0.00160492 -1069
0.0016477 -997
0.00166669 -925
0.00168972 -856
0.00170874 -788
0.00172861 -720
0.00176987 -654
0.00179458 -590
0.00181577 -526
0.00184616 -463
0.00186921 -401
0.00195779 -339
0.00201142 -277
0.00204567 -216
0.00207581 -155
0.00210375 -95
0.00212981 -36
0.00215934 21
0.00218549 75
0.00221274 126
0.00224116 173
0.00226774 220
0.0022932 267
0.00231932 314
0.0023449 359
0.00237072 403
0.0023959 447
0.00242313 491
0.00245318 534
0.0024789 575
0.00250638 613
0.00253539 648
0.00256277 681
0.0025873 714
0.00261601 746
0.0026411 778
0.00266848 809
0.00269564 838
0.00272199 865
0.00275008 891
0.00277191 916
0.0027909 941
0.00281028 966
0.00284339 987
0.00286175 1008
0.00287953 1029
0.00289895 1050
0.00291626 1070
0.00293515 1090
0.00295389 1107
0.00297369 1122
0.00299277 1135
0.00301673 1148
0.00303782 1161
0.00306753 1174
0.00309525 1186
0.00312808 1198
0.00315453 1209
0.0031818 1224
0.00320848 1235
0.00323361 1244
0.00325457 1259
0.00328074 1268
0.0033183 1276
0.00334359 1284
0.00336833 1295
0.00339267 1305
0.0034171 1314
0.00343765 1323
0.00345568 1332
0.0034735 1340
0.00349458 1359
0.00351391 1366
0.00353098 1373
0.00354624 1380
0.00356384 1386
0.00358193 1395
0.00360732 1402
0.003654 1407
0.00369686 1412
0.00372982 1417
0.00376155 1422
0.00378937 1437
0.00381695 1442
0.00384474 1446
0.00387234 1449
0.0038988 1452
0.00392271 1455
0.00394049 1458
0.00395707 1461
0.0039744 1471
0.00399171 1473
0.00400944 1475
0.00402765 1477
0.00404978 1479
0.00406668 1480
0.00408982 1481
0.00411313 1489
0.00416483 1496
0.00419206 1498
0.00441475 1507
0.00444112 1508
0.00456421 1512
0.00458918 1513
0.00463912 1514
0.00509146 1516
0.00510872 1517
0.00529953 1520
0.00531859 1524
0.00533795 1528
0.0053547 1530
0.00537228 1532
0.00539009 1533
0.00540462 1535
0.00542866 1536
0.0054513 1537
0.00546829 1538
0.00588519 1539
0.00596968 1540
2 1540
