0 -11368
5.7e-08 -10958
4.033e-06 -10588
7.713e-06 -10236
1.0697e-05 -9903
1.4768e-05 -9607
2.0545e-05 -9324
2.8057e-05 -9044
3.433e-05 -8769
3.9059e-05 -8497
4.598e-05 -8226
5.2101e-05 -7955
5.6505e-05 -7699
6.1748e-05 -7446
8.0377e-05 -7201
8.9872e-05 -6965
9.7165e-05 -6735
0.000103886 -6506
0.000110684 -6277
0.000118835 -6052
0.00012547 -5831
0.000130094 -5610
0.000135289 -5394
0.000139541 -5180
0.000145166 -4970
0.000151258 -4760
0.000156234 -4566
0.000161764 -4372
0.000167036 -4181
0.00017144 -3994
0.000177694 -3809
0.000182909 -3625
0.000188343 -3453
0.000195455 -3282
0.000201308 -3117
0.000207476 -2954
0.000213664 -2791
0.000219965 -2629
0.000227621 -2470
0.00023519 -2315
0.000242073 -2160
0.000249557 -2008
0.000259949 -1856
0.00026993 -1707
0.000280198 -1562
0.000288625 -1428
0.000296223 -1296
0.000303297 -1165
0.000311334 -1051
0.000319733 -941
0.000328217 -834
0.000337236 -731
0.000347465 -630
0.000357209 -531
0.000364254 -443
0.000374655 -361
0.000387353 -290
0.000399423 -220
0.000408642 -153
0.000420244 -87
0.00043299 -26
0.000443782 31
0.000454555 78
0.0004667 121
0.000480066 157
0.000494938 178
0.000509257 196
0.000520126 212
0.000533024 227
0.000544331 237
0.000556991 245
0.0005707 250
0.000579948 256
0.000590625 263
0.00060177 275
0.000612419 276
0.000654557 277
0.000675435 285
0.000688705 286
0.000823308 296
0.000845702 305
0.0015245 306
0.00153407 308
2 308
