0 -7337
7.6e-08 -6986
1.7083e-05 -6702
3.2344e-05 -6438
6.0155e-05 -6186
7.6452e-05 -5948
0.000118575 -5725
0.000156144 -5517
0.000181357 -5311
0.000205831 -5121
0.000226154 -4940
0.000243956 -4759
0.000260685 -4582
0.000274499 -4408
0.00028839 -4248
0.000304792 -4091
0.000321875 -3937
0.000337588 -3790
0.000351478 -3645
0.000366453 -3501
0.000380113 -3359
0.000392106 -3217
0.000406275 -3082
0.00042121 -2948
0.000435859 -2815
0.000450296 -2683
0.00046435 -2551
0.00047524 -2421
0.000488671 -2300
0.000503827 -2182
0.000514976 -2071
0.00052879 -1962
0.000540773 -1853
0.000555354 -1746
0.000569485 -1642
0.000582628 -1546
0.000593106 -1453
0.00060692 -1362
0.000625144 -1271
0.00063544 -1187
0.000647279 -1106
0.000663087 -1027
0.000680477 -948
0.000694205 -872
0.000709236 -797
0.000722475 -724
0.000735292 -654
0.000747352 -584
0.000759978 -514
0.000771405 -445
0.000784615 -377
0.000798717 -313
0.00081254 -250
0.000826249 -190
0.000838539 -131
0.000850886 -74
0.000864183 -18
0.000876223 32
0.000888695 78
0.000900966 124
0.000912288 167
0.000924165 209
0.000937519 248
0.000949857 284
0.000961236 320
0.000972903 354
0.000984292 386
0.000997137 415
0.00101015 444
0.00102352 471
0.00103715 497
0.00104644 523
0.00105826 548
0.00106959 570
0.00108001 593
0.00109082 615
0.00110239 634
0.00111598 652
0.00112763 669
0.00113816 686
0.00115087 702
0.00116294 718
0.00117499 733
0.00118514 747
0.0011978 760
0.00120767 773
0.00121978 783
0.00123124 795
0.00124317 803
0.00125525 813
0.00126781 821
0.00128015 841
0.00129318 849
0.00130615 861
0.00131851 873
0.00133337 895
0.00134445 905
0.00135515 914
0.00136626 919
0.00137901 924
0.00139241 940
0.00140361 945
0.00141409 948
0.00142446 951
0.0014349 960
0.00144838 964
0.00146008 968
0.00147134 971
0.00148284 973
0.00150147 974
0.0015388 978
0.00156811 979
0.00159399 995
0.00160634 999
0.0016205 1012
0.00163328 1014
0.00169393 1016
0.0017064 1018
0.00185605 1025
0.00186593 1029
0.00187839 1030
0.00188586 1031
0.00190565 1039
0.00191505 1040
0.00194473 1043
0.00198093 1047
0.00203346 1050
0.00206759 1053
0.00227413 1054
0.00229603 1058
0.00230827 1064
0.00231075 1065
0.00232326 1066
0.00232975 1069
0.00249449 1071
0.00290582 1073
0.0029251 1082
0.00297385 1084
0.00317032 1086
0.00319172 1087
0.00357779 1092
0.00387812 1093
0.00401198 1099
0.00453301 1102
0.00473194 1104
0.00477669 1106
0.0047847 1110
0.00479431 1116
2 1116
