0 -12047
1.22e-07 -11726
0.000243793 -11622
0.000244047 -11157
0.000245193 -11108
0.000254756 -10948
0.000255537 -10759
0.000257505 -10498
0.000259178 -10480
0.000259421 -10259
0.000259614 -9939
0.000259756 -9626
0.000262322 -9363
0.000263894 -9265
0.000274015 -8961
0.000274482 -8649
0.000274593 -8322
0.000274898 -7982
0.000275465 -7548
0.000303659 -7356
0.00030586 -7313
0.000308588 -7230
0.000311478 -6955
0.00031163 -6675
0.000312644 -6507
0.00032166 -6410
0.000324044 -6403
0.00032452 -6190
0.000330615 -6025
0.000330909 -5861
0.000331275 -5665
0.000333465 -5473
0.0003381 -5376
0.000339449 -5025
0.000339591 -4816
0.000343708 -4655
0.000344083 -4393
0.000344773 -4120
0.000345949 -4059
0.000353434 -3958
0.000357876 -3637
0.000358018 -3352
0.000361669 -3239
0.000366222 -3054
0.000367906 -2947
0.000368159 -2782
0.000373737 -2623
0.000374944 -2436
0.000376039 -2236
0.000376668 -2119
0.000377104 -1867
0.000383838 -1657
0.000384447 -1515
0.000384853 -1304
0.000387063 -1209
0.000393483 -1079
0.000422599 -1072
0.000423979 -970
0.000441899 -870
0.000452913 -803
0.000499899 -722
0.00050069 -574
0.000500852 -556
0.000520932 -536
0.000526652 -462
0.000540556 -336
0.000544187 -218
0.000546448 -156
0.000552067 -151
0.000567239 -129
0.000569886 -59
0.000595311 -19
0.000605026 21
0.000605878 30
0.000614823 81
0.000683634 84
0.000683806 86
0.000703643 87
0.00070483 89
0.000708906 101
0.000714606 123
0.00071773 128
0.000729068 130
0.000812716 136
0.00102487 139
0.00105477 142
2 142
