0 -1798
1.26e-07 -1713
1.0161e-05 -1664
1.0368e-05 -1606
1.0647e-05 -1543
0.000646583 -1527
0.000647465 -1492
0.000647618 -1447
0.000648032 -1440
0.00064868 -1420
0.000649121 -1399
0.000649652 -1364
0.000649949 -1350
0.000650255 -1334
0.00067388 -1315
0.000674753 -1271
0.000675356 -1176
0.00067838 -1092
0.000679091 -1077
0.000679721 -1021
0.000680234 -983
0.000682322 -964
0.000689946 -883
0.000698397 -851
0.000705687 -848
0.000705777 -797
0.000706641 -769
0.000706713 -767
0.000707406 -760
0.000707505 -740
0.000708603 -694
0.000709521 -667
0.000711186 -637
0.000711726 -586
0.000713616 -551
0.000714372 -520
0.000728547 -503
0.000729321 -485
0.000729411 -415
0.000731715 -362
0.00073311 -348
0.000734658 -341
0.00074104 -338
0.000741346 -332
0.000741517 -330
0.000741715 -310
0.000742741 -282
0.00074653 -244
0.000747124 -208
0.000747673 -183
0.000763045 -172
0.000763603 -144
0.000768157 -94
0.000769192 -85
0.000769696 -71
0.000773224 -34
0.000774016 -29
0.000774268 -22
0.000777517 12
0.000777616 15
0.000778048 38
0.000778246 67
0.000778984 80
0.000779776 102
0.000781072 145
0.000781504 151
0.000781837 158
0.000782476 167
0.000783835 171
0.000784007 213
0.000785519 229
0.000794501 266
0.000796193 280
0.000798668 282
0.000798911 324
0.000799856 344
0.000802853 373
0.000816344 404
0.000817757 417
0.000821132 438
0.000821375 450
0.000821726 452
0.000836748 501
0.000840555 502
0.000843507 525
0.000845343 526
0.000846045 531
0.000849969 540
0.000850554 551
0.000851859 556
0.000852552 562
0.000853875 573
0.000855855 583
0.000856584 602
0.000860265 605
0.000860454 616
0.000860922 618
0.000866106 620
0.000866862 629
0.000867996 632
0.000868572 649
0.000868797 660
0.000871002 669
0.000872748 704
0.000873279 714
0.000876258 820
0.000877329 827
0.000883045 842
0.00088372 863
0.000887716 888
0.000892918 889
0.000895087 896
0.000896149 904
0.000898894 937
0.000900577 944
0.000914239 948
0.000925777 949
0.00093224 961
0.000934355 963
0.000940151 971
0.000944975 993
0.000947801 994
0.000948242 995
0.000954173 1000
0.000956558 1009
0.000957503 1027
0.000964163 1031
0.00096563 1034
0.000966728 1035
0.000971768 1041
0.000973659 1045
0.000977934 1057
0.000978357 1058
0.000980391 1079
0.00100384 1080
0.00100839 1094
0.00101212 1106
0.00101779 1109
0.00101984 1115
0.00102108 1116
0.00103829 1127
0.00105945 1131
0.0010608 1132
0.00106922 1144
0.00108191 1147
0.0011149 1150
0.00115495 1158
0.00128907 1161
0.00129051 1163
0.00129181 1164
0.00131049 1171
0.0013157 1172
0.0013431 1173
0.00134513 1183
0.00135805 1186
0.00136192 1197
0.0013633 1201
0.00137375 1203
0.00138306 1209
0.00143735 1212
0.00149116 1218
0.00193905 1223
2 1223
