0 -984
2.45e-07 -956
0.000467467 -923
0.000472129 -883
0.000475001 -870
0.000475453 -850
0.000476517 -819
0.000476753 -815
0.000477195 -813
0.000478288 -791
0.000478834 -745
0.000478938 -729
0.000479032 -633
0.000480463 -597
0.000481283 -562
0.00048181 -542
0.000529538 -514
0.000531704 -503
0.000534492 -488
0.000540839 -485
0.000541715 -438
0.000542958 -402
0.00054325 -396
0.000544352 -382
0.000544729 -355
0.000544851 -342
0.000547422 -336
0.000547808 -289
0.000549861 -273
0.000551057 -262
0.00055165 -251
0.000553167 -239
0.000557009 -238
0.000579376 -200
0.000579856 -183
0.000581259 -176
0.0005814 -162
0.000581862 -133
0.000582144 -114
0.000582785 -81
0.000584028 -71
0.000584292 -64
0.000584772 -53
0.000603428 -35
0.000606037 -30
0.00060759 5
0.000607685 35
0.000608532 42
0.000609568 71
0.000609982 82
0.000610067 100
0.000611282 102
0.000611753 110
0.00061229 116
0.000612666 144
0.000613147 156
0.000615953 159
0.000616518 216
0.000616697 240
0.000616782 255
0.000619522 256
0.000620605 282
0.000621331 288
0.000623751 289
0.000624985 302
0.000625484 325
0.000626105 343
0.000629825 359
0.000630136 366
0.000630918 384
0.000631275 390
0.000632255 393
0.000634459 417
0.00063508 471
0.000636756 478
0.000639629 486
0.000640166 488
0.000640345 497
0.000640533 504
0.000640731 521
0.000641682 525
0.000642096 532
0.000642652 537
0.000652625 548
0.000652879 595
0.000653576 606
0.000655846 629
0.000656213 654
0.000657362 671
0.000658972 673
0.000659377 714
0.000660263 720
0.000660347 732
0.000660922 749
0.000661317 757
0.000661948 763
0.000663512 780
0.000663954 786
0.000665094 800
0.000666893 801
0.000667354 819
0.000667702 827
0.000668795 828
0.000669285 840
0.000671385 850
0.000671488 852
0.000671752 858
0.000672468 874
0.000674172 878
0.000674897 883
0.000675274 884
0.000677271 886
0.000678071 893
0.000681452 907
0.000682394 934
0.000683618 938
0.000683938 941
0.000684437 960
0.00068989 965
0.00069878 976
0.000702689 989
0.00070283 1052
0.000707068 1061
0.000707256 1065
0.000711127 1069
0.000712473 1087
0.000716984 1094
0.000718548 1101
0.000719047 1111
0.000720083 1126
0.000722936 1131
0.000723661 1134
0.000725827 1150
0.000726138 1153
0.00072741 1154
0.000727513 1159
0.00073015 1175
0.000730611 1180
0.000734944 1185
0.000736055 1207
0.000737044 1217
0.000739681 1227
0.000743994 1230
0.000744229 1231
0.000746621 1247
0.000748137 1270
0.000750925 1271
0.000751057 1281
0.000751349 1284
0.000755511 1289
0.000756886 1293
0.000758242 1304
0.000771295 1313
0.000774554 1320
0.000775382 1334
0.00077575 1344
0.00077914 1353
0.000791326 1358
0.000802401 1359
0.00080275 1361
0.000802816 1369
0.000805113 1371
0.000814079 1375
0.000832641 1381
0.000833677 1386
0.000837755 1394
0.000840589 1395
0.000840815 1397
0.0008485 1404
0.000852126 1405
0.000855007 1408
0.00085707 1411
0.000858162 1419
0.000860065 1424
0.000861063 1433
0.000863916 1434
0.000868013 1455
0.000872515 1459
0.000872872 1473
0.000875104 1488
0.000885492 1497
0.000891604 1510
0.000904374 1513
0.000936008 1514
0.00093856 1525
0.000942383 1528
0.000947497 1530
0.000958798 1541
0.000999548 1542
0.00102073 1548
0.0010479 1553
2 1553
