0 -41286
5.7e-08 -40746
1.1779e-05 -40233
2.9588e-05 -39722
5.525e-05 -39233
8.7075e-05 -38750
0.000114368 -38282
0.000136824 -37818
0.000153761 -37360
0.000173145 -36910
0.000192206 -36463
0.000210954 -36020
0.000228289 -35580
0.000247379 -35146
0.000266298 -34712
0.000283956 -34279
0.00030131 -33846
0.000319831 -33414
0.000338636 -32982
0.000357489 -32560
0.000376597 -32140
0.000394501 -31722
0.000435175 -31305
0.000468243 -30890
0.000506574 -30478
0.000528888 -30067
0.00054995 -29657
0.000572122 -29250
0.000593013 -28843
0.000613212 -28440
0.000630794 -28043
0.000648452 -27652
0.000667722 -27266
0.000685882 -26882
0.000703388 -26506
0.000720287 -26131
0.000738429 -25762
0.00075566 -25393
0.000773308 -25025
0.000791563 -24658
0.000809695 -24293
0.000827865 -23930
0.000846499 -23571
0.000864621 -23217
0.000882004 -22866
0.000903654 -22515
0.000922384 -22167
0.000939994 -21821
0.000958951 -21475
0.000976134 -21131
0.000994977 -20789
0.00101264 -20447
0.00103228 -20108
0.00105037 -19776
0.00106845 -19447
0.00109018 -19122
0.00110895 -18800
0.00112846 -18480
0.00114558 -18160
0.00116481 -17842
0.00118546 -17528
0.00121949 -17217
0.00125114 -16906
0.00127325 -16599
0.00129415 -16292
0.0013145 -15988
0.00133553 -15685
0.00135556 -15383
0.00137473 -15085
0.00139482 -14787
0.0014164 -14491
0.00143874 -14199
0.00145971 -13910
0.00148116 -13621
0.00150248 -13333
0.00152432 -13047
0.00154291 -12771
0.00156572 -12497
0.00158604 -12226
0.00160832 -11958
0.00163032 -11690
0.00165559 -11423
0.00168144 -11158
0.0017049 -10899
0.00173398 -10642
0.0017562 -10386
0.00177752 -10136
0.00180027 -9889
0.00182428 -9645
0.00185413 -9403
0.00188083 -9168
0.00190509 -8933
0.00193123 -8699
0.00195714 -8466
0.00198158 -8238
0.00200594 -8013
0.00203618 -7793
0.0020635 -7575
0.00208752 -7359
0.0021122 -7146
0.00213998 -6934
0.00216889 -6723
0.00219779 -6514
0.00222273 -6310
0.00224719 -6106
0.00227442 -5902
0.002304 -5701
0.00233396 -5505
0.0023653 -5311
0.00242581 -5117
0.0024808 -4924
0.00252726 -4739
0.00257176 -4561
0.00261062 -4384
0.00264852 -4211
0.00269073 -4039
0.00273363 -3871
0.00278041 -3707
0.00282294 -3545
0.00286443 -3383
0.00294311 -3224
0.00300666 -3073
0.00306067 -2924
0.00310962 -2776
0.00315395 -2633
0.0031941 -2493
0.00323639 -2354
0.00328247 -2216
0.0033238 -2082
0.00337103 -1954
0.00341134 -1828
0.003453 -1703
0.00349681 -1578
0.00354838 -1462
0.00360508 -1354
0.00366036 -1246
0.00370652 -1144
0.00375512 -1045
0.00379677 -950
0.00383758 -861
0.00387781 -772
0.00392061 -687
0.00396084 -607
0.0040035 -528
0.00404462 -452
0.00408587 -378
0.00412711 -306
0.00416493 -236
0.0042021 -176
0.00424322 -117
0.00428947 -62
0.00432951 -7
0.00436574 42
0.00440257 87
0.00443314 125
0.00446275 161
0.0044946 196
0.00452642 231
0.00456059 258
0.00459347 282
0.00462308 303
0.00465128 322
0.00468215 338
0.00471762 345
0.00475179 363
0.00478075 372
0.0048091 381
0.00483545 388
0.00486471 391
0.00489367 400
0.00492287 402
0.00497983 407
0.00500965 418
0.00503591 421
0.00512932 428
0.00515919 434
0.00518547 440
0.00604217 448
0.00608356 452
0.00612481 460
0.00844897 464
0.00847684 465
0.0115365 471
0.0115651 476
0.0116893 478
0.0117212 481
0.0117535 482
0.0118395 486
0.0140766 490
0.0141119 496
0.0141459 499
0.0252168 502
2 502
