0 -190479
6e-08 -189405
1.5181e-05 -188354
3.0671e-05 -187314
4.8141e-05 -186281
7.0102e-05 -185271
9.1792e-05 -184261
0.000123533 -183253
0.000185604 -182247
0.000246225 -181245
0.000299746 -180248
0.000350527 -179256
0.000410178 -178270
0.000457419 -177287
0.00050222 -176305
0.000546091 -175326
0.000589762 -174350
0.000636003 -173385
0.000696694 -172421
0.000759675 -171463
0.000804256 -170506
0.000847617 -169549
0.000890888 -168594
0.000934359 -167640
0.00098518 -166694
0.00102927 -165752
0.00107291 -164811
0.00111732 -163872
0.00116181 -162933
0.00120599 -161997
0.00125009 -161062
0.00129362 -160127
0.00133726 -159194
0.00138116 -158262
0.00142424 -157332
0.00146749 -156405
0.00151079 -155480
0.00155439 -154555
0.00161389 -153631
0.00167591 -152708
0.00172166 -151786
0.00177034 -150868
0.00181457 -149950
0.00185841 -149039
0.0019025 -148130
0.00194652 -147223
0.00199055 -146317
0.00203471 -145412
0.00207837 -144511
0.00212284 -143612
0.00216762 -142716
0.00222995 -141820
0.00231216 -140926
0.00236415 -140032
0.00240902 -139141
0.00245302 -138257
0.00249682 -137373
0.0025479 -136492
0.00261228 -135612
0.00267588 -134732
0.00273955 -133853
0.00281095 -132975
0.00286417 -132100
0.00290794 -131226
0.00295177 -130356
0.00299762 -129487
0.00304202 -128619
0.00309648 -127751
0.0031525 -126887
0.00319791 -126023
0.00324206 -125162
0.00328649 -124302
0.00333189 -123446
0.00337637 -122590
0.00342097 -121734
0.00346474 -120878
0.00350749 -120023
0.00355001 -119170
0.00359307 -118321
0.00363566 -117473
0.00367809 -116625
0.00372022 -115783
0.00376256 -114943
0.00380942 -114105
0.00385184 -113267
0.00389403 -112430
0.00393607 -111593
0.00397795 -110756
0.00402016 -109919
0.00406266 -109083
0.00410524 -108251
0.00414759 -107420
0.00418981 -106591
0.00423197 -105763
0.00429107 -104936
0.00433424 -104110
0.00437703 -103285
0.00441992 -102461
0.00446286 -101639
0.0045056 -100820
0.00454788 -100003
0.00459097 -99186
0.0046346 -98371
0.00467806 -97559
0.00472224 -96748
0.00477101 -95939
0.00481494 -95130
0.00485947 -94323
0.0049033 -93517
0.00494673 -92712
0.00499022 -91907
0.00503309 -91104
0.00507531 -90301
0.00511861 -89498
0.0051612 -88700
0.00520358 -87902
0.00524587 -87104
0.0052879 -86306
0.00533768 -85510
0.00538531 -84716
0.00542904 -83925
0.00547378 -83136
0.00553434 -82347
0.00561442 -81558
0.00568125 -80774
0.00574863 -79991
0.00581711 -79209
0.00588083 -78428
0.00594368 -77648
0.00600077 -76872
0.00604816 -76098
0.00611291 -75324
0.00618586 -74553
0.0062748 -73784
0.00633471 -73017
0.00638506 -72250
0.00643336 -71484
0.00648047 -70720
0.00652701 -69959
0.00657341 -69200
0.00662182 -68441
0.00666914 -67683
0.00671522 -66926
0.00676369 -66171
0.00681462 -65417
0.00685984 -64663
0.00690523 -63910
0.00695165 -63157
0.00699847 -62409
0.00704474 -61663
0.00709341 -60918
0.00714108 -60174
0.00718631 -59431
0.00723512 -58690
0.00728384 -57951
0.00733099 -57212
0.00737794 -56475
0.00742603 -55739
0.00747377 -55004
0.00752083 -54270
0.00757132 -53536
0.00762326 -52803
0.00767322 -52071
0.00772279 -51345
0.00777322 -50622
0.00782622 -49900
0.00788344 -49178
0.00794002 -48457
0.00799239 -47736
0.00808034 -47015
0.00814008 -46297
0.00819949 -45580
0.0082703 -44871
0.00833052 -44167
0.00838509 -43467
0.00844095 -42768
0.00849939 -42069
0.00855931 -41374
0.00862176 -40680
0.00868682 -39986
0.00874916 -39293
0.00881689 -38601
0.00887995 -37918
0.008943 -37237
0.00900426 -36558
0.00906641 -35886
0.00913185 -35216
0.00919935 -34551
0.00927028 -33886
0.00934263 -33225
0.00941773 -32564
0.00948923 -31915
0.00956995 -31266
0.00968574 -30618
0.0097637 -29974
0.0098401 -29331
0.00992812 -28688
0.0100084 -28051
0.0100853 -27417
0.0101618 -26786
0.010237 -26162
0.0103351 -25541
0.0104292 -24921
0.0105126 -24307
0.0105976 -23696
0.0107038 -23091
0.01081 -22489
0.0109198 -21903
0.0110311 -21318
0.0111485 -20735
0.0112581 -20152
0.0113756 -19572
0.0114916 -19007
0.0116102 -18444
0.0117263 -17886
0.0118429 -17328
0.011966 -16772
0.0120829 -16219
0.0127384 -15674
0.0128506 -15131
0.0129826 -14592
0.0130964 -14061
0.0132153 -13534
0.0134231 -13008
0.0136612 -12487
0.0138322 -11967
0.0139786 -11458
0.0141505 -10968
0.0142959 -10489
0.0144385 -10014
0.0145977 -9542
0.0147516 -9075
0.0149079 -8612
0.0150764 -8169
0.0152423 -7732
0.0154085 -7297
0.0156033 -6868
0.0158144 -6444
0.0160212 -6038
0.0162338 -5644
0.0164552 -5272
0.0166821 -4906
0.0169277 -4545
0.0171552 -4205
0.0173672 -3865
0.0176157 -3547
0.0178431 -3241
0.0180846 -2939
0.0183138 -2644
0.0185837 -2369
0.0188373 -2107
0.0190823 -1853
0.0193248 -1626
0.0197323 -1415
0.019981 -1223
0.0202138 -1039
0.0204397 -871
0.0206707 -705
0.0208805 -541
0.0211126 -420
0.0213235 -303
0.0215266 -204
0.021813 -114
0.0219783 -45
0.0221313 7
0.0222728 54
0.0224032 65
0.0225247 74
0.0226364 75
0.0227385 82
0.0229326 90
0.0231592 104
0.0232535 107
0.0304842 114
0.0305881 126
0.0661998 127
0.0818114 128
0.0820345 132
2 132
