0 -14561
4.6e-08 -14232
2.6126e-05 -13922
6.0483e-05 -13615
0.000121241 -13327
0.000171448 -13041
0.000234158 -12756
0.000279553 -12473
0.000312242 -12199
0.000340475 -11926
0.00037112 -11655
0.000398557 -11391
0.000423023 -11130
0.00045045 -10872
0.000477254 -10617
0.000500721 -10362
0.000527012 -10114
0.000550176 -9869
0.000578584 -9632
0.000600942 -9398
0.000624611 -9168
0.000644036 -8942
0.000671674 -8720
0.00070021 -8500
0.000729526 -8283
0.000752828 -8070
0.000832084 -7857
0.000901184 -7655
0.000954673 -7456
0.000999242 -7259
0.00103278 -7067
0.00107893 -6877
0.0011084 -6691
0.00114356 -6506
0.00119242 -6322
0.00122803 -6141
0.0012669 -5963
0.00130554 -5786
0.00133692 -5612
0.00136533 -5439
0.00138899 -5279
0.00141186 -5126
0.00143548 -4974
0.00146098 -4823
0.00148591 -4672
0.00150883 -4521
0.00153734 -4373
0.00156571 -4227
0.00159098 -4082
0.00161589 -3938
0.00164305 -3795
0.0016722 -3652
0.00169668 -3516
0.0017202 -3384
0.00174244 -3253
0.00176687 -3125
0.00179174 -2998
0.00181834 -2878
0.00184472 -2759
0.00186836 -2641
0.00190492 -2528
0.00193419 -2415
0.00195798 -2303
0.00198486 -2191
0.0020146 -2081
0.00204188 -1976
0.00206653 -1871
0.00209718 -1768
0.00211979 -1668
0.00214193 -1570
0.00216352 -1476
0.00219034 -1384
0.00221543 -1293
0.00223744 -1205
0.00226399 -1119
0.00228779 -1035
0.00231125 -951
0.00233693 -868
0.0023601 -787
0.00237913 -706
0.0024012 -628
0.00242291 -550
0.00244633 -473
0.00246991 -396
0.00249238 -321
0.0025136 -249
0.00253438 -178
0.00256308 -109
0.00258463 -42
0.00260767 21
0.00263116 78
0.00265852 135
0.00267867 189
0.00270149 240
0.00272218 290
0.00274621 339
0.00276925 386
0.00279161 432
0.0028152 471
0.00283729 507
0.00286226 542
0.00289985 576
0.0029236 610
0.00294738 644
0.00297183 677
0.00299415 706
0.00301628 735
0.00304046 762
0.00306012 789
0.00308241 813
0.00310539 836
0.00312884 857
0.00315115 877
0.00317695 897
0.00321011 916
0.00323553 934
0.00325527 952
0.0032788 969
0.00330299 986
0.00332624 1003
0.00334577 1018
0.0033663 1036
0.00339633 1050
0.0034248 1063
0.00345186 1076
0.00348642 1088
0.00352104 1104
0.00355209 1115
0.0035828 1125
0.00362756 1134
0.00366271 1142
0.00369331 1154
0.00372237 1161
0.00375603 1167
0.00378878 1172
0.00382071 1181
0.0038539 1185
0.00388505 1190
0.00391786 1197
0.0039495 1203
0.00397989 1223
0.00401241 1233
0.00404049 1241
0.00407078 1247
0.00410066 1252
0.00413109 1259
0.00416325 1263
0.00419332 1266
0.00422315 1268
0.00424927 1276
0.00427979 1285
0.00431273 1287
0.00434397 1289
0.00437926 1295
0.00440935 1300
0.00446801 1303
0.0045589 1310
0.00458301 1312
0.004601 1316
0.00463106 1323
0.00468066 1325
0.00470052 1326
0.00473745 1327
0.0048458 1342
0.00490036 1346
0.00494642 1351
0.00497497 1360
0.00500228 1362
0.00510109 1370
0.00513733 1375
0.00523739 1376
0.00527284 1379
0.00530721 1389
0.00534338 1390
0.00538182 1395
0.00548169 1398
0.00551468 1399
0.0063015 1408
0.00633434 1413
0.00636894 1416
0.00640138 1417
0.00770281 1423
0.00772448 1425
0.0077479 1426
0.0119539 1427
0.0120315 1429
0.0120783 1430
0.0222119 1432
0.0222434 1433
0.0222693 1434
0.02231 1436
0.0237203 1437
2 1437
