0 -22246
5.5e-08 -21891
3.9793e-05 -21539
6.8934e-05 -21219
0.000104218 -20900
0.00016471 -20586
0.000224395 -20283
0.000338284 -19992
0.000441191 -19703
0.000559553 -19421
0.000700787 -19141
0.000811477 -18865
0.000932846 -18593
0.00102495 -18330
0.00110703 -18068
0.00118597 -17806
0.00125574 -17545
0.0013219 -17289
0.00138178 -17034
0.00144113 -16780
0.00150209 -16528
0.00155662 -16286
0.00161195 -16044
0.00166369 -15804
0.00171656 -15574
0.00177064 -15344
0.00183808 -15116
0.00188751 -14889
0.00194131 -14663
0.00199706 -14441
0.00205116 -14219
0.00210505 -14002
0.00215785 -13786
0.0022098 -13571
0.00225812 -13356
0.00231246 -13149
0.00238161 -12942
0.00248671 -12737
0.00258229 -12534
0.00267116 -12335
0.00276502 -12143
0.00284654 -11951
0.00291177 -11760
0.00296928 -11570
0.00303127 -11381
0.00308509 -11192
0.00313991 -11006
0.00319313 -10820
0.00325942 -10638
0.00332396 -10456
0.00339145 -10275
0.00345427 -10094
0.00352257 -9915
0.00359879 -9738
0.00370176 -9562
0.00379698 -9387
0.00387963 -9213
0.00395472 -9041
0.0040246 -8870
0.00409459 -8701
0.00414918 -8533
0.00421665 -8365
0.00426992 -8200
0.00433102 -8042
0.00439388 -7885
0.00445728 -7730
0.00453166 -7576
0.00458273 -7423
0.00463033 -7272
0.00467966 -7121
0.00473917 -6972
0.00478284 -6827
0.00487196 -6683
0.00491768 -6540
0.00496358 -6398
0.00500963 -6259
0.00505546 -6121
0.00509954 -5984
0.00514275 -5848
0.00518689 -5715
0.00523063 -5584
0.00526759 -5454
0.00531062 -5325
0.00535127 -5198
0.00539267 -5071
0.00543554 -4944
0.00547681 -4818
0.00551158 -4694
0.00555137 -4572
0.00559057 -4455
0.00563151 -4340
0.00567041 -4226
0.00571073 -4112
0.00575312 -3999
0.00579347 -3887
0.00583517 -3775
0.00587578 -3666
0.00591433 -3558
0.00595513 -3451
0.00599228 -3345
0.00604587 -3243
0.00609073 -3142
0.00613169 -3042
0.00617272 -2944
0.00621301 -2847
0.00624633 -2754
0.00628566 -2661
0.00632429 -2569
0.00636736 -2479
0.00640425 -2389
0.00644138 -2299
0.00647826 -2209
0.00655022 -2122
0.00659381 -2035
0.00663446 -1948
0.0066751 -1863
0.00671103 -1778
0.00675196 -1694
0.00679285 -1611
0.00683431 -1529
0.00687117 -1451
0.00691091 -1376
0.00695279 -1303
0.00699555 -1230
0.00703737 -1158
0.00707439 -1086
0.00711745 -1016
0.00715808 -949
0.00719892 -882
0.00724981 -817
0.00729001 -753
0.00732892 -690
0.00736673 -628
0.00740598 -566
0.00745713 -507
0.00750896 -449
0.00756254 -392
0.00761393 -336
0.00765497 -282
0.007696 -229
0.00773652 -176
0.0077818 -125
0.0078364 -74
0.00790975 -24
0.00797542 25
0.00804134 73
0.00810532 120
0.00817052 165
0.00823377 210
0.00829485 254
0.00834989 297
0.00839139 340
0.00843013 382
0.00847352 422
0.00853576 462
0.00858258 501
0.00862807 539
0.0086873 577
0.0087457 615
0.00880879 652
0.00896643 689
0.0090306 725
0.00907827 760
0.00911975 795
0.00915521 828
0.00918849 860
0.00922055 890
0.00924975 919
0.00928172 948
0.00931664 975
0.00934983 1000
0.00942942 1025
0.0094686 1049
0.00950701 1071
0.0095389 1092
0.00957037 1111
0.00959936 1129
0.00962747 1147
0.00965824 1164
0.00969049 1181
0.00972846 1196
0.00976241 1212
0.00979583 1226
0.00983087 1239
0.00986245 1251
0.0100044 1268
0.0100894 1279
0.0101272 1296
0.010294 1307
0.0103289 1318
0.010363 1328
0.0103947 1337
0.0104366 1349
0.0104696 1363
0.0105048 1372
0.0105388 1381
0.0105727 1391
0.0106039 1400
0.0106333 1409
0.0107208 1418
0.0107824 1426
0.0108342 1434
0.0108865 1441
0.0110314 1450
0.011076 1463
0.0111198 1469
0.0111663 1475
0.0112259 1481
0.0112711 1487
0.0113235 1492
0.0113648 1515
0.0114105 1525
0.0114513 1530
0.0114932 1535
0.0115439 1540
0.0116066 1545
0.0116637 1563
0.0117135 1567
0.011771 1571
0.0118223 1575
0.0118667 1582
0.0119125 1586
0.0119656 1600
0.0120147 1606
0.0121304 1617
0.0122175 1621
0.0122924 1625
0.0123617 1628
0.0124265 1635
0.012483 1639
0.0126076 1644
0.0126676 1647
0.0127186 1650
0.012765 1652
0.0128449 1662
0.0129067 1666
0.0129586 1673
0.0130073 1680
0.0130541 1682
0.0131004 1684
0.0131441 1687
0.0131911 1688
0.0132354 1689
0.0132789 1690
0.0133219 1691
0.0133625 1703
0.0134057 1711
0.0134478 1720
0.0134899 1725
0.0135318 1729
0.0135736 1731
0.0136161 1733
0.0136596 1734
0.0137021 1745
0.0137471 1748
0.0137917 1749
0.0138347 1759
0.0139799 1761
0.014204 1763
0.0142461 1764
0.0142864 1772
0.0143294 1776
0.0143681 1778
0.0144105 1779
0.0144538 1780
0.0145786 1781
0.0146185 1786
0.0146608 1787
0.0147003 1794
0.0147408 1799
0.0151082 1808
0.0151493 1813
0.0151902 1814
0.0152309 1815
0.0152708 1816
0.0153102 1817
0.0153509 1818
0.0154302 1820
0.0154707 1822
0.0155135 1826
0.0155546 1830
0.0156804 1837
0.0157224 1839
0.0160349 1849
0.0160746 1860
0.0161163 1861
0.0161583 1862
0.0163581 1863
0.0164042 1865
0.016449 1866
0.0165741 1877
0.0166158 1879
0.0166569 1880
0.0183153 1881
0.0183551 1883
0.0183958 1884
0.0192875 1897
0.0193277 1898
0.019417 1902
0.0194988 1904
0.0195787 1905
0.0196529 1907
0.0231834 1908
0.0232373 1910
0.0232798 1911
0.0233216 1912
0.0243978 1920
0.0290689 1922
0.0293429 1923
0.0293738 1924
0.0356869 1928
0.0357183 1932
0.0357505 1933
0.0358419 1936
0.0370976 1937
0.0371251 1939
2 1939
