0 -22619
6.5e-08 -22262
4.5395e-05 -21943
8.3785e-05 -21633
0.000119069 -21336
0.000158605 -21042
0.000198518 -20751
0.000234149 -20462
0.000297932 -20176
0.000446783 -19892
0.000572662 -19613
0.000673864 -19335
0.000763186 -19064
0.000848768 -18794
0.000928052 -18525
0.00100409 -18256
0.001073 -17998
0.00114003 -17743
0.00120299 -17488
0.00126401 -17236
0.00132162 -16986
0.00137265 -16739
0.00142874 -16495
0.00148327 -16251
0.00153803 -16013
0.0016435 -15777
0.00174892 -15542
0.00185888 -15310
0.00196065 -15080
0.00204634 -14852
0.00212071 -14627
0.00218994 -14404
0.00226782 -14188
0.00232692 -13974
0.0023763 -13766
0.00242967 -13560
0.00248809 -13356
0.00254346 -13153
0.00259573 -12950
0.00264419 -12748
0.00270824 -12548
0.00276192 -12349
0.00281991 -12153
0.00287407 -11959
0.00293332 -11766
0.00300699 -11579
0.00306099 -11393
0.00312107 -11210
0.00316997 -11028
0.00321327 -10848
0.00325671 -10669
0.00330211 -10490
0.0033486 -10312
0.00339667 -10135
0.00344287 -9959
0.00348644 -9788
0.00361785 -9618
0.00375455 -9452
0.00390039 -9288
0.00404453 -9124
0.00414108 -8963
0.00439337 -8803
0.00450585 -8643
0.00460276 -8484
0.00524873 -8325
0.00550579 -8166
0.00561126 -8009
0.00569645 -7854
0.0057942 -7701
0.00588246 -7549
0.00595855 -7398
0.00606128 -7250
0.00612254 -7102
0.0061688 -6955
0.00620545 -6808
0.00627779 -6661
0.00631334 -6515
0.00634685 -6372
0.00638636 -6230
0.00647721 -6089
0.00651207 -5948
0.00654603 -5812
0.00658123 -5676
0.00661534 -5541
0.0066479 -5407
0.00667977 -5274
0.00671384 -5147
0.00674556 -5022
0.00677763 -4900
0.00681765 -4779
0.00685371 -4660
0.00697942 -4541
0.0070842 -4423
0.007128 -4306
0.00716077 -4190
0.0071948 -4074
0.0072279 -3959
0.00727993 -3845
0.00731662 -3732
0.00742716 -3623
0.0075021 -3514
0.00766557 -3406
0.00786446 -3300
0.00791472 -3195
0.00795718 -3090
0.00805686 -2987
0.00811877 -2884
0.00817268 -2783
0.00822337 -2686
0.00826022 -2589
0.00829385 -2495
0.00832511 -2403
0.00835426 -2312
0.00838631 -2226
0.00842124 -2140
0.0084527 -2057
0.00848577 -1974
0.00851885 -1891
0.00855293 -1809
0.00858618 -1727
0.00861828 -1646
0.00865527 -1565
0.00868778 -1485
0.00872104 -1406
0.00875384 -1328
0.00878836 -1251
0.00882361 -1175
0.00885726 -1099
0.00900328 -1023
0.00912505 -951
0.00916475 -879
0.00924356 -808
0.00927912 -737
0.00931058 -667
0.00934056 -598
0.00947808 -529
0.00951579 -461
0.00954501 -393
0.00957397 -329
0.0096012 -266
0.00962906 -204
0.00965959 -143
0.00969218 -83
0.00972533 -24
0.00975496 34
0.00978491 92
0.00981363 147
0.00984562 202
0.00992248 257
0.00999371 309
0.0100468 360
0.0101522 409
0.010223 457
0.0102751 503
0.010349 549
0.0103868 589
0.0104213 629
0.0104544 667
0.0104868 704
0.0105198 738
0.0105533 770
0.0106963 802
0.0109822 833
0.0110258 864
0.0110607 894
0.0110925 923
0.0111368 950
0.0111786 977
0.0112096 1004
0.0112833 1030
0.0113327 1055
0.0113657 1080
0.0113947 1105
0.0114265 1130
0.0114612 1153
0.0114953 1178
0.0115396 1200
0.0115818 1222
0.0116254 1242
0.0116664 1262
0.0117003 1281
0.0117338 1299
0.0117636 1316
0.0118001 1332
0.0118399 1347
0.0118811 1362
0.0119151 1376
0.0119515 1389
0.0120185 1402
0.0120526 1414
0.012086 1426
0.0121217 1437
0.0121502 1448
0.0121817 1461
0.0122098 1473
0.0122408 1483
0.0122688 1493
0.0122983 1507
0.0123295 1519
0.0123634 1529
0.0123938 1538
0.012424 1552
0.012455 1561
0.0124858 1569
0.0125136 1580
0.012551 1588
0.0125831 1595
0.0126146 1602
0.0126463 1609
0.0126799 1616
0.0127666 1622
0.0128162 1628
0.0128625 1634
0.0129075 1646
0.0129496 1656
0.0129937 1662
0.0130271 1668
0.0130631 1674
0.0131052 1679
0.0131496 1684
0.0132029 1692
0.0135556 1697
0.0138711 1706
0.0140905 1716
0.0141429 1723
0.0142296 1734
0.0143048 1747
0.0143447 1752
0.0143823 1757
0.0144189 1762
0.0144494 1774
0.0144773 1779
0.0145042 1783
0.0145353 1787
0.0145691 1792
0.0146542 1796
0.0146915 1804
0.0147245 1808
0.0147557 1812
0.0147832 1827
0.0148559 1831
0.0149048 1834
0.014938 1837
0.0149717 1841
0.0150724 1851
0.0152206 1854
0.0152658 1865
0.0153132 1868
0.015377 1879
0.0154134 1880
0.015504 1896
0.0155397 1897
0.0155791 1898
0.0156664 1909
0.0157056 1918
0.0157387 1924
0.0157712 1925
0.0158185 1926
0.0158516 1927
0.0158819 1935
0.0159128 1940
0.0162992 1944
0.0163499 1945
0.0163899 1953
0.0164313 1954
0.0164685 1962
0.016502 1965
0.0166651 1980
0.0166999 1986
0.0169209 1990
0.0169562 1991
0.0169892 1992
0.0171395 1994
0.0171697 1995
0.0172825 1996
0.0179512 2004
0.0179826 2005
0.0180172 2006
0.0180506 2007
0.0182052 2011
0.0182561 2012
0.0183011 2013
0.0198039 2015
0.0198363 2016
0.0198668 2017
0.0201456 2018
0.0201913 2019
0.0202303 2020
0.0202644 2024
0.0202958 2025
0.0203318 2026
0.0203647 2027
0.0209455 2031
0.0215502 2032
0.0216036 2034
0.0219974 2041
0.0220471 2042
0.0224671 2044
0.0225022 2046
0.0225343 2048
0.0225649 2049
0.0225972 2050
0.0226364 2051
0.0226692 2054
0.0226985 2055
0.023159 2057
0.0231879 2066
0.0232201 2075
0.0232542 2077
0.0232841 2078
0.0246878 2079
0.025478 2080
0.0255103 2085
0.0261502 2098
0.0261836 2100
0.0262157 2101
0.026867 2102
2 2102
