0 -33078
1.7e-07 -32574
4.91e-07 -31960
9.148e-06 -31902
9.828e-06 -31258
1.7617e-05 -31132
0.000161929 -30698
0.000162127 -30245
0.000163638 -30153
0.000166744 -29789
0.000168812 -29736
0.000168916 -29297
0.000169114 -28586
0.000169454 -28085
0.000176138 -27998
0.000177592 -27547
0.000177885 -26940
0.00017814 -26371
0.000179424 -26074
0.000179773 -25522
0.00020146 -25266
0.000208513 -25202
0.000208872 -24717
0.000209816 -24337
0.000209929 -23780
0.000211544 -23321
0.000211638 -22887
0.000212771 -22385
0.000213385 -22216
0.000223931 -22198
0.000225422 -21674
0.000225762 -21240
0.000226055 -20730
0.000226952 -20410
0.000228349 -20284
0.000230304 -20053
0.000232182 -20004
0.000232862 -19585
0.000234024 -19239
0.000235581 -18841
0.00023662 -18780
0.000247364 -18690
0.0002498 -18616
0.0002503 -18122
0.000254096 -17748
0.000254332 -17322
0.000255059 -16930
0.000257599 -16908
0.00025927 -16654
0.00025994 -16241
0.000261706 -15816
0.000265095 -15201
0.000269127 -14916
0.000269533 -14500
0.000269872 -13835
0.000272195 -13585
0.000272299 -13235
0.000278521 -13210
0.000288085 -12806
0.000291899 -12584
0.000293759 -12276
0.000295647 -11891
0.000316437 -11827
0.000319298 -11271
0.000322725 -10981
0.000332884 -10846
0.000333338 -10481
0.000335084 -10028
0.000335575 -9828
0.000336019 -9366
0.000343393 -8970
0.000344733 -8548
0.000344903 -8213
0.000348595 -7895
0.000360208 -7427
0.000361426 -6954
0.000375739 -6614
0.000379685 -6292
0.000384132 -5983
0.00038519 -5663
0.000385388 -5339
0.000390222 -5088
0.000393885 -4778
0.000394678 -4411
0.000396746 -4141
0.000398294 -3852
0.000406197 -3529
0.000409709 -3322
0.000413287 -3036
0.000418291 -2746
0.000450949 -2632
0.000476875 -2621
0.000479528 -2294
0.000484655 -2043
0.000489866 -1744
0.000496343 -1494
0.000498703 -1283
0.000501451 -1134
0.000502159 -980
0.000507408 -823
0.000513026 -769
0.000516491 -705
0.000517633 -647
0.000547298 -451
0.000550348 -360
0.000550839 -260
0.000560998 -246
0.000610471 -222
0.000633517 -138
0.000636491 -85
0.000642855 -4
0.000643978 17
0.000646442 54
0.000719849 55
0.000720595 75
0.00072592 99
0.000730442 102
0.000731538 105
0.000739308 114
0.00074536 125
0.00075601 128
0.0007626 132
0.000786118 134
0.00081939 153
0.000833401 155
0.000874367 163
0.00090338 172
0.000993291 182
0.0010379 183
0.00109992 193
0.00110944 214
2 214
