0 -11555
4.53e-07 -11333
0.000185485 -11330
0.000186259 -11205
0.00018658 -11126
0.000186798 -10763
0.000187544 -10732
0.000203169 -10696
0.000203273 -10449
0.000204378 -10221
0.000207182 -10179
0.000225139 -10136
0.000226508 -9859
0.000226924 -9834
0.000228821 -9776
0.000230105 -9585
0.000255748 -9310
0.000257145 -9238
0.000258892 -9010
0.000260998 -8966
0.000261205 -8540
0.000261337 -8245
0.000262367 -8042
0.00026315 -8022
0.000264831 -7609
0.000271581 -7588
0.000272063 -7243
0.000272176 -6905
0.00027261 -6633
0.000293533 -6368
0.000297489 -6142
0.000299698 -6058
0.000302455 -5947
0.000305703 -5684
0.000306345 -5398
0.000306599 -5136
0.000308233 -5044
0.000310121 -5025
0.000312453 -4742
0.00034664 -4527
0.000352787 -4453
0.000358206 -4380
0.000359688 -4141
0.000363777 -3870
0.000365995 -3645
0.000366345 -3444
0.000367024 -3269
0.000371953 -2980
0.000372916 -2729
0.000374058 -2491
0.000385256 -2263
0.000389155 -2095
0.000390401 -1980
0.000395452 -1843
0.000396368 -1719
0.000396642 -1608
0.000400541 -1485
0.000400985 -1424
0.000413655 -1272
0.000414213 -1140
0.000418235 -999
0.000422228 -916
0.000427695 -908
0.000427912 -724
0.000432302 -700
0.00043657 -629
0.000474335 -626
0.000478225 -514
0.000482568 -492
0.000484343 -394
0.000485825 -349
0.000488327 -262
0.000508844 -248
0.000513659 -247
0.000521023 -176
0.000528888 -163
0.000553719 -64
0.000556985 -57
0.000561281 -49
0.000569495 7
0.000591229 18
0.000594996 62
0.000599122 70
0.000601067 84
0.000617495 90
0.00062197 133
0.000623736 179
0.00071409 212
0.000724938 215
0.00106595 216
0.00118748 218
0.00135899 226
2 226
