0 -4963
4.11e-07 -4798
1.0214e-05 -4795
0.000549888 -4757
0.000550131 -4640
0.000550327 -4566
0.000550747 -4441
0.000568271 -4375
0.000570269 -4354
0.000581668 -4263
0.000582406 -4186
0.000592657 -4079
0.00059304 -4019
0.000599509 -3941
0.000601844 -3776
0.000602534 -3617
0.000602833 -3569
0.000629282 -3544
0.000629534 -3465
0.000641485 -3394
0.000644257 -3351
0.00064675 -3198
0.000649644 -3129
0.000649943 -3057
0.000652716 -3051
0.000654443 -3016
0.000655059 -2932
0.000655918 -2851
0.000657356 -2767
0.000660988 -2712
0.000661651 -2581
0.000662808 -2550
0.000663228 -2490
0.000663714 -2392
0.000664255 -2341
0.000665049 -2303
0.000667486 -2274
0.000676607 -2204
0.000677942 -2193
0.000679081 -2172
0.000680108 -2041
0.000680267 -1965
0.000685831 -1924
0.000686186 -1789
0.000692236 -1660
0.000693197 -1628
0.000694701 -1623
0.0006964 -1622
0.00069808 -1612
0.000701432 -1598
0.00070244 -1568
0.000702814 -1526
0.000706109 -1504
0.000709722 -1344
0.00071017 -1340
0.000710357 -1302
0.000711319 -1241
0.000711692 -1190
0.000714129 -1152
0.0007151 -1056
0.00071651 -982
0.000716892 -952
0.00071791 -911
0.000718143 -881
0.000719992 -819
0.000724436 -778
0.000728852 -692
0.000732138 -674
0.000733315 -596
0.000734444 -562
0.000741278 -539
0.000743743 -478
0.000744901 -408
0.000745965 -349
0.000746329 -287
0.000747375 -271
0.000747711 -195
0.000750699 -177
0.000751137 -134
0.000751231 -115
0.000751669 -52
0.000754452 -22
0.000755292 8
0.000755432 14
0.000755665 29
0.000758055 74
0.000758989 75
0.000759521 149
0.000761183 171
0.000763153 172
0.000763265 174
0.000770435 201
0.000773731 210
0.000775393 269
0.000776886 271
0.000779239 273
0.000781144 281
0.000781452 287
0.000783254 292
0.000785186 305
0.000785298 364
0.000786577 381
0.000788491 440
0.000794027 472
0.000795082 476
0.000795456 478
0.000805623 487
0.000810356 496
0.000813699 502
0.000818693 523
0.000822232 529
0.000822764 535
0.000825266 540
0.000825649 560
0.000826881 571
0.000828319 596
0.000829393 599
0.000829831 637
0.000831792 726
0.000834378 733
0.000842062 736
0.000843303 758
0.00084504 801
0.000845143 818
0.000845423 822
0.000847159 833
0.000848914 851
0.000852453 862
0.000853965 868
0.000855048 871
0.000855132 881
0.000860361 882
0.000868296 889
0.000869771 902
0.000871153 905
0.000874439 961
0.000881208 964
0.00088554 965
0.000885633 990
0.000886632 994
0.000887706 1000
0.000888612 1002
0.000896099 1012
0.000904651 1014
0.000904763 1025
0.000905006 1037
0.000905855 1038
0.00090607 1071
0.000907125 1090
0.000911859 1111
0.000915929 1114
0.000916461 1118
0.000926722 1122
0.000928776 1146
0.000928869 1191
0.000929747 1212
0.000931259 1225
0.00093265 1235
0.000936478 1249
0.000937458 1252
0.000938046 1255
0.000940959 1259
0.000942929 1272
0.000944049 1280
0.000944918 1283
0.000949278 1289
0.000951369 1294
0.000953563 1312
0.000954749 1323
0.000956849 1325
0.000962414 1331
0.000964869 1340
0.000966036 1341
0.000966269 1358
0.000966372 1381
0.000970555 1386
0.000974037 1388
0.000981431 1406
0.00098665 1439
0.000991094 1446
0.000992205 1450
0.000992308 1457
0.000993288 1489
0.000996238 1492
0.000999291 1511
0.00100226 1520
0.00100931 1530
0.00101384 1532
0.00101943 1547
0.00101986 1551
0.00102078 1573
0.00102603 1578
0.00103017 1595
0.00104433 1597
0.00105749 1605
0.00106894 1606
0.00107152 1612
0.00110793 1624
0.00111625 1629
0.00113716 1632
0.00113849 1646
0.00116759 1648
0.00118704 1652
0.00118803 1654
0.00119184 1656
0.00119262 1673
0.00121672 1676
0.00123511 1687
0.00123677 1702
0.00126289 1706
0.0012785 1707
0.00128633 1713
0.00129292 1719
0.00130132 1721
0.00138505 1732
0.00139806 1736
0.00143913 1741
0.00152722 1748
0.00156963 1762
0.00158288 1772
0.0016024 1773
0.00163014 1781
0.00167421 1791
0.00174351 1793
2 1793
