0 280
6.864e-06 285
7.204e-06 288
8.243e-06 299
9.253e-06 307
9.451e-06 329
9.536e-06 361
1.0735e-05 364
1.0877e-05 376
1.1094e-05 411
1.1179e-05 421
1.1387e-05 429
0.000360633 467
0.000361077 475
0.000423532 476
0.000424325 495
0.00042458 513
0.000431765 533
0.000432133 540
0.00043573 550
0.000437666 558
0.000438355 562
0.000471768 570
0.000472032 583
0.000472297 597
0.000472344 613
0.000472542 617
0.000472637 627
0.000482918 634
0.000483022 648
0.000483353 651
0.000483711 660
0.000490198 670
0.000492501 672
0.000492558 683
0.000493379 692
0.000494002 694
0.000497184 697
0.000497354 710
0.000512309 716
0.000531013 719
0.000531966 720
0.000532193 733
0.000534355 737
0.000535375 747
0.000535526 748
0.000536319 766
0.000599321 773
0.000600992 779
0.000602427 782
0.000602966 784
0.000603277 788
0.000603362 804
0.000630506 806
0.00063145 807
0.000635595 808
0.000639636 809
0.000643885 820
2 820
