0 -25257
1.79e-07 -24909
0.000174458 -24840
0.000174826 -24468
0.00020569 -24312
0.000206115 -23848
0.000207635 -23618
0.000208381 -23615
0.000208485 -23099
0.000209797 -22542
0.000210194 -22069
0.000210288 -21622
0.000210685 -21184
0.00021093 -20713
0.000211176 -20275
0.000211903 -19814
0.000212006 -19253
0.000212837 -18791
0.000213385 -18453
0.000214197 -17907
0.00021432 -17457
0.000214829 -16952
0.000219144 -16718
0.000226848 -16313
0.000227792 -15871
0.000229048 -15682
0.000230021 -15120
0.000230285 -14686
0.000230936 -14249
0.000231182 -13792
0.000231654 -13403
0.000232013 -13083
0.000233297 -12715
0.000235317 -12343
0.00028378 -11988
0.000285234 -11668
0.000285328 -11328
0.000288529 -11084
0.000288963 -10649
0.000294401 -10306
0.000297432 -9905
0.000299981 -9736
0.000300737 -9349
0.000302578 -8911
0.000302814 -8519
0.000303097 -8110
0.00030508 -8018
0.000306722 -7592
0.000314814 -7521
0.000319242 -7430
0.000322433 -7121
0.000323679 -6852
0.000326719 -6498
0.00032772 -6069
0.000328438 -5811
0.000328796 -5596
0.000329448 -5271
0.00033076 -4966
0.000331997 -4741
0.000332158 -4394
0.000351305 -4337
0.00036304 -4299
0.000364447 -4063
0.000365552 -3743
0.000370631 -3578
0.00037353 -3421
0.000373907 -3119
0.000375295 -2916
0.000380186 -2659
0.000382103 -2447
0.000382688 -2197
0.000387144 -2030
0.000389675 -1833
0.000390165 -1594
0.000457332 -1462
0.000468557 -1173
0.000483229 -1160
0.000497986 -1122
0.000504642 -991
0.000520731 -841
0.000527141 -709
0.000540284 -607
0.000571157 -496
0.000578049 -386
0.000578219 -281
0.000581089 -229
0.000587396 -86
0.000589775 -83
0.000591296 -50
0.00059358 -48
0.000623311 -29
0.000654704 14
0.000666128 18
0.000666874 76
0.000667979 82
0.000693045 103
0.000768747 125
0.000799488 126
0.000831673 138
0.000857732 139
0.000890503 140
0.000974805 154
0.0010246 166
0.00105306 186
0.0011111 197
0.00128486 199
2 199
