0 -1458
1.49e-07 -1406
0.000395786 -1375
0.000456947 -1369
0.000457516 -1335
0.000469326 -1316
0.000469877 -1280
0.000471623 -1278
0.000472575 -1260
0.000472743 -1192
0.000473425 -1155
0.000494114 -1146
0.000494627 -1137
0.000495421 -1083
0.000501601 -1031
0.000502395 -981
0.000505009 -954
0.000506643 -890
0.000507474 -880
0.000508277 -868
0.000509304 -854
0.000509388 -793
0.00050949 -763
0.000529227 -726
0.000529376 -676
0.000540626 -653
0.000541644 -619
0.000541952 -589
0.000544874 -564
0.000546517 -557
0.000547246 -507
0.00054747 -489
0.000548207 -465
0.000551671 -458
0.00055211 -444
0.000552296 -435
0.000552446 -391
0.000553053 -353
0.000553669 -342
0.00055605 -333
0.000557702 -321
0.000557767 -286
0.000559551 -248
0.000560419 -219
0.000566758 -170
0.000567001 -138
0.000567188 -135
0.000567729 -32
0.000570661 -5
0.000572481 -1
0.000573275 31
0.00057348 61
0.000573676 93
0.00057377 134
0.000576832 158
0.000577859 166
0.000582966 169
0.000583694 204
0.000583843 229
0.000584375 259
0.00058445 270
0.000585076 301
0.000586345 323
0.000586635 333
0.000590369 355
0.00059429 387
0.000607557 389
0.000608911 415
0.000609611 433
0.000610348 468
0.000623335 477
0.000624138 499
0.000625286 528
0.000625697 550
0.000625996 556
0.000626491 560
0.000627135 579
0.000627228 582
0.000627602 605
0.000629441 627
0.000630066 650
0.000635948 669
0.000640299 698
0.000643193 702
0.000643342 727
0.000643846 744
0.000644127 750
0.000644463 779
0.000645368 807
0.00064619 836
0.000646358 838
0.00064774 859
0.00064829 868
0.000649159 869
0.000649317 875
0.000649401 886
0.000652212 908
0.000662892 919
0.000663499 937
0.000664358 943
0.000664442 959
0.000664619 963
0.000665049 981
0.000672527 989
0.000690723 1003
0.000695027 1041
0.000695503 1054
0.000696157 1066
0.000697987 1077
0.000700302 1119
0.000704615 1133
0.000712448 1135
0.000717499 1141
0.000719432 1161
0.000725883 1172
0.00072648 1188
0.000734248 1199
0.000734855 1208
0.000735406 1224
0.000740074 1248
0.000745097 1254
0.000752061 1269
0.000759717 1274
0.000759829 1285
0.00076066 1287
0.000761397 1302
0.000762919 1306
0.000764777 1315
0.000770239 1320
0.000770706 1322
0.000771359 1326
0.000772703 1330
0.000773394 1345
0.000777932 1353
0.000778371 1355
0.000779015 1366
0.000779724 1369
0.000784532 1371
0.000800674 1376
0.00080242 1377
0.000806295 1384
0.000823062 1385
0.000826872 1386
0.000840941 1389
0.000845544 1391
0.000850483 1396
0.000857812 1397
0.000859697 1398
0.000903895 1401
0.000908217 1409
2 1409
