0 -5542
1.61e-07 -5473
0.000578333 -5432
0.000578835 -5354
0.000579527 -5307
0.000580579 -5281
0.000581982 -5145
0.000583082 -5012
0.000583385 -4881
0.000583555 -4766
0.000584162 -4703
0.00058438 -4585
0.000584873 -4547
0.000584996 -4417
0.000585631 -4298
0.000590428 -4272
0.000590854 -4191
0.000591385 -4104
0.000623623 -4021
0.000623955 -3956
0.000624808 -3946
0.000625443 -3880
0.000641008 -3817
0.000643368 -3723
0.000644031 -3696
0.000644866 -3675
0.000645804 -3660
0.00064716 -3641
0.00064842 -3581
0.000648733 -3495
0.000649472 -3387
0.000668269 -3386
0.000672468 -3362
0.000675843 -3287
0.000677464 -3286
0.000678886 -3147
0.000679995 -3063
0.000680791 -2951
0.000681881 -2927
0.000683123 -2831
0.000685246 -2790
0.000687 -2706
0.000687275 -2668
0.000693616 -2642
0.000695341 -2544
0.000697768 -2481
0.00069791 -2396
0.000698678 -2297
0.00069919 -2266
0.000699313 -2200
0.000703152 -2176
0.000704413 -2144
0.000705048 -2107
0.000708631 -2006
0.000709304 -1944
0.000710138 -1887
0.000713825 -1820
0.000716925 -1782
0.000717769 -1777
0.000719124 -1693
0.000723219 -1653
0.000728442 -1639
0.000729399 -1571
0.000731589 -1541
0.000732641 -1455
0.000737343 -1411
0.000742177 -1406
0.000742442 -1349
0.000743229 -1296
0.00074376 -1161
0.000744291 -1130
0.000759438 -1062
0.000760045 -994
0.000762263 -983
0.000763182 -924
0.000765969 -885
0.000766225 -862
0.00076669 -848
0.000768159 -738
0.00076832 -702
0.000772974 -655
0.000773192 -611
0.000774519 -606
0.000774624 -587
0.000775316 -586
0.000776036 -577
0.00077797 -572
0.000779211 -519
0.000779354 -492
0.000779941 -473
0.000781268 -447
0.000781581 -407
0.000782264 -401
0.000784624 -393
0.000786738 -327
0.000787572 -325
0.000802388 -243
0.000807971 -233
0.000808938 -225
0.000810938 -211
0.0008129 -204
0.000814815 -161
0.000815962 -153
0.000817308 -121
0.000825507 -115
0.000829213 -86
0.00082964 -73
0.000830313 -68
0.000833867 -66
0.000835848 -26
0.0008391 -19
0.000841109 37
0.000842143 53
0.000842446 57
0.00084256 91
0.000843574 96
0.000846275 99
0.000846882 123
0.000847508 132
0.000852266 171
0.000854835 179
0.000855328 222
0.000857612 280
0.000857859 309
0.000861764 343
0.000864627 345
0.00086657 371
0.000866873 391
0.000869072 394
0.0008693 407
0.000869499 408
0.000870324 419
0.000871774 422
0.000872286 430
0.000872968 438
0.000873129 449
0.000873907 455
0.000880931 474
0.000883755 520
0.000888447 524
0.00088986 569
0.000890969 579
0.000892068 589
0.000893595 612
0.000893831 635
0.000899652 642
0.000901377 644
0.000901671 652
0.000903121 683
0.000904287 686
0.000907633 690
0.000908259 708
0.000909083 720
0.000913529 722
0.000915282 727
0.000917908 732
0.00091823 733
0.000921131 760
0.000921245 772
0.000924316 775
0.000928022 776
0.000932269 786
0.000936705 789
0.000940715 799
0.000941918 806
0.000945094 827
0.000947208 834
0.000947748 842
0.000951492 870
0.000961294 872
0.00096481 891
0.000964952 894
0.000970024 905
0.000970213 912
0.000971948 991
0.000976649 998
0.000981939 1005
0.00098319 1018
0.000985854 1020
0.000987456 1021
0.000988024 1036
0.000995048 1038
0.000995598 1039
0.00100171 1044
0.00101952 1054
0.00102288 1057
0.0010346 1074
0.00103771 1087
0.00104116 1101
0.00104439 1102
0.00104757 1106
0.0010486 1115
0.00104896 1121
0.00105235 1161
0.00105822 1166
0.00107013 1181
0.00107424 1192
0.00107893 1208
0.00107933 1215
0.00108072 1226
0.00110323 1228
0.00110802 1229
0.00111911 1233
0.00111984 1242
0.00112177 1248
0.00113448 1262
0.00120458 1281
0.00122296 1285
0.00124738 1293
0.00125864 1310
0.00126082 1319
0.00129966 1320
0.00131533 1323
0.0013206 1325
0.0013315 1332
0.00133409 1335
0.00134312 1344
2 1344
