0 -5039
1.33e-07 -4944
1.1603e-05 -4928
1.1963e-05 -4777
1.2351e-05 -4692
0.000605917 -4689
0.000617121 -4583
0.000617282 -4532
0.000618458 -4408
0.000621434 -4398
0.000621586 -4325
0.00062551 -4296
0.000625756 -4175
0.000625946 -3999
0.000627055 -3910
0.000630117 -3902
0.00063025 -3806
0.000630723 -3692
0.000635112 -3681
0.000635672 -3631
0.000643008 -3622
0.000644601 -3518
0.000644762 -3419
0.000649132 -3324
0.000650705 -3299
0.000650857 -3196
0.000651227 -3103
0.00065135 -2975
0.000652222 -2892
0.000656952 -2869
0.000657322 -2813
0.000657767 -2783
0.000659634 -2665
0.000660402 -2657
0.000662421 -2551
0.000662706 -2480
0.000663208 -2464
0.000664658 -2463
0.000670573 -2443
0.000687901 -2414
0.000688744 -2340
0.000688981 -2276
0.000689863 -2204
0.000691143 -2167
0.00069319 -2139
0.000693455 -2119
0.000694015 -2044
0.000694138 -2037
0.000695285 -2010
0.000696697 -1988
0.000697731 -1946
0.000698233 -1942
0.000699257 -1842
0.000710802 -1769
0.000711693 -1742
0.000712186 -1674
0.000714034 -1588
0.000715475 -1582
0.000715797 -1530
0.000720234 -1436
0.000720859 -1387
0.000725513 -1341
0.000731466 -1305
0.000732518 -1282
0.000733267 -1245
0.000735097 -1209
0.000735808 -1191
0.00074013 -1190
0.000744035 -1176
0.000745211 -1122
0.000747021 -1079
0.000747486 -1073
0.000749401 -1053
0.00074959 -1052
0.000750557 -1017
0.000751069 -892
0.000751363 -851
0.000753477 -817
0.000753581 -734
0.000754567 -727
0.000760112 -711
0.000761259 -657
0.00076233 -595
0.000762756 -546
0.00076287 -513
0.000763202 -472
0.000763572 -418
0.000764093 -404
0.000764823 -320
0.000765249 -319
0.000765581 -264
0.000767411 -238
0.000773032 -234
0.000783572 -192
0.000783677 -171
0.000790151 -146
0.000793876 -135
0.000794852 -99
0.000796198 -95
0.000796284 -69
0.000798151 -48
0.00079836 -43
0.00079927 -24
0.000799497 -21
0.000801611 -16
0.000808919 -9
0.000809004 10
0.00080945 14
0.000811166 32
0.000811497 46
0.000811697 56
0.000815621 68
0.000815877 114
0.000821403 125
0.000822645 147
0.000825972 150
0.000826389 182
0.00082856 185
0.000832275 192
0.000832598 204
0.000833394 205
0.000833896 218
0.000857499 230
0.000860068 234
0.000860779 235
0.000861016 239
0.000862002 253
0.000862589 283
0.000863044 307
0.000866068 314
0.000867443 319
0.000867727 353
0.000876324 392
0.000877405 396
0.000878486 404
0.00088059 407
0.000883235 414
0.00088841 417
0.000889472 419
0.000890325 501
0.000890571 514
0.000893785 522
0.000895102 526
0.000898022 532
0.000903851 534
0.000906107 541
0.00090769 550
0.000907918 558
0.000909188 565
0.000909975 573
0.000911359 580
0.000913454 590
0.000916639 591
0.000921283 615
0.000928933 623
0.000929378 630
0.000931303 635
0.000942848 667
0.000945635 671
0.000946355 672
0.000952422 674
0.000955929 679
0.000957142 708
0.000957247 713
0.000957891 716
0.000958308 719
0.000959901 727
0.000966128 729
0.000969237 738
0.000981001 756
0.000983409 792
0.00098374 830
0.0009872 847
0.000987513 856
0.000989219 859
0.000992926 867
0.000993968 872
0.000994793 875
0.000997892 881
0.000999087 883
0.00100053 890
0.00100175 905
0.00100818 907
0.00101646 919
0.00102096 922
0.00102202 923
0.00102772 936
0.00104022 966
0.00104869 982
0.00105011 1000
0.00105849 1027
0.00106628 1031
0.00106804 1033
0.00108685 1036
0.00109879 1052
0.00111754 1066
0.00113345 1085
0.0011536 1095
0.00117411 1103
0.00117997 1125
0.00118637 1130
0.00118817 1134
0.00120514 1141
0.00121379 1150
0.00122036 1151
0.00122267 1153
0.00123028 1154
0.00123132 1162
0.00130552 1180
0.00133163 1186
0.001363 1191
0.00137935 1196
0.0014461 1203
0.00147624 1210
0.00152858 1216
0.0015302 1227
0.00165237 1233
2 1233
