0 -2419
6.86e-07 -2369
1.0121e-05 -2357
0.000521105 -2295
0.00052268 -2284
0.000522977 -2240
0.000523301 -2105
0.000523913 -2091
0.000524089 -2037
0.000524349 -1967
0.000524543 -1926
0.000529854 -1921
0.000530382 -1846
0.000544331 -1814
0.000544563 -1807
0.000546407 -1770
0.00054802 -1739
0.000549419 -1685
0.000552543 -1659
0.000553775 -1654
0.00055574 -1566
0.000556454 -1496
0.000563785 -1446
0.000564044 -1377
0.00056436 -1335
0.000564767 -1288
0.000569225 -1283
0.000570727 -1245
0.000571403 -1195
0.000571505 -1145
0.000578253 -1144
0.000578438 -1139
0.000579884 -1129
0.000582043 -1121
0.000582145 -1034
0.000582479 -978
0.000582655 -960
0.000582868 -952
0.000582961 -947
0.000584861 -906
0.000584963 -886
0.00058639 -868
0.000587456 -838
0.000588726 -810
0.000608207 -798
0.000611349 -784
0.000611646 -744
0.000612304 -741
0.000612573 -718
0.000612804 -675
0.000613416 -671
0.000614973 -599
0.000616855 -596
0.000617022 -582
0.000617948 -565
0.000623268 -545
0.000623481 -534
0.000623685 -478
0.000623982 -398
0.000624084 -377
0.000624594 -345
0.000624696 -329
0.000625854 -277
0.000626623 -271
0.000627541 -269
0.00063199 -259
0.000633018 -258
0.000633111 -244
0.000633473 -198
0.000634891 -172
0.0006354 -156
0.000637106 -148
0.0006373 -129
0.00063768 -98
0.000638264 -85
0.000639386 -71
0.000641128 -67
0.000641832 -42
0.000652167 -29
0.00065276 -5
0.000653223 12
0.000653631 14
0.000655123 59
0.000655216 71
0.000657347 73
0.00066036 78
0.000661184 112
0.000664456 117
0.000668191 173
0.000669137 212
0.000673799 264
0.000675068 269
0.000678544 288
0.000678776 326
0.00067999 358
0.000681037 379
0.000682427 380
0.000684772 388
0.000688971 395
0.000690064 400
0.000690444 430
0.000692437 473
0.000693058 500
0.000694847 513
0.000695616 518
0.000696904 546
0.000698109 552
0.000698359 565
0.000699314 569
0.000703874 578
0.000704606 587
0.000706534 618
0.000709296 633
0.00071063 648
0.000711075 774
0.000712002 778
0.00071228 780
0.000715867 782
0.00071595 787
0.000716451 791
0.000721752 804
0.00072507 806
0.00073634 807
0.000736553 829
0.000736841 841
0.000742365 846
0.000742448 850
0.000742995 852
0.000743097 874
0.000749677 890
0.000752384 891
0.000754812 915
0.000755183 926
0.000755674 935
0.000756415 936
0.000756888 946
0.000758714 975
0.000760401 976
0.000760632 987
0.000762162 996
0.000762328 1003
0.000763172 1041
0.000765044 1056
0.00077485 1070
0.000777093 1071
0.000777862 1077
0.000777927 1084
0.000784109 1095
0.000786463 1096
0.000790958 1117
0.000793266 1128
0.000794406 1139
0.000795425 1151
0.000797492 1166
0.000802284 1178
0.000805972 1181
0.000809151 1196
0.000812358 1202
0.000815936 1239
0.000821181 1245
0.00082183 1249
0.000821914 1252
0.000823109 1262
0.000824101 1265
0.000826566 1278
0.000829856 1287
0.000831831 1288
0.000832007 1289
0.000832275 1298
0.000834908 1310
0.000837818 1313
0.000839041 1319
0.000844074 1329
0.000846011 1339
0.000846511 1344
0.000847012 1360
0.000855261 1362
0.000858097 1363
0.000858412 1366
0.00085996 1379
0.000860497 1396
0.00086135 1398
0.000864853 1403
0.000869209 1406
0.000873797 1421
0.000879052 1426
0.000880989 1429
0.000884298 1436
0.000886865 1439
0.000887523 1451
0.000901379 1452
0.000902464 1454
0.000904466 1459
0.000908497 1461
0.00090859 1468
0.000912399 1473
0.000917608 1480
0.000926162 1486
0.000929378 1493
0.000930296 1501
0.000937729 1515
0.000939509 1520
0.000940435 1531
0.000941928 1536
0.00094367 1543
0.000945375 1550
0.000949917 1553
0.000950278 1574
0.000953698 1583
0.00095406 1585
0.000956469 1601
0.000961762 1602
0.000963365 1614
0.000971882 1615
0.000976656 1633
0.000978185 1652
0.000979093 1658
0.000980113 1659
0.000981586 1660
0.000982393 1671
0.000985423 1677
0.000991253 1699
0.000995915 1710
0.00100971 1719
0.00101859 1721
0.00102108 1726
0.00102216 1734
0.00104049 1741
0.0010526 1750
0.0010866 1752
0.00108858 1772
0.00110447 1773
0.00110686 1781
0.00115909 1782
0.00116952 1788
0.00117301 1791
0.0011756 1794
0.00117674 1797
0.0012025 1806
0.00120329 1815
0.00121611 1830
0.00122927 1833
0.0012503 1834
0.00126618 1835
0.00126686 1838
0.00129963 1842
0.00133563 1843
0.00150812 1847
0.00166773 1860
2 1860
