0 -9912
2.96e-07 -9748
0.000407541 -9546
0.00041034 -9404
0.000411406 -9192
0.000412704 -8863
0.000412861 -8674
0.000413779 -8432
0.000413945 -8261
0.00041718 -8049
0.000421406 -8041
0.000422064 -8017
0.000423149 -7854
0.000423696 -7643
0.000424048 -7310
0.000426865 -7117
0.000427876 -6863
0.000428886 -6673
0.000429321 -6496
0.000429442 -6308
0.000433103 -6265
0.000434159 -6235
0.000436588 -6126
0.000437209 -5875
0.000438868 -5643
0.000445124 -5628
0.000450314 -5509
0.000450481 -5364
0.000455041 -5287
0.000462678 -5240
0.000462974 -5084
0.000463836 -4898
0.000464198 -4732
0.000464985 -4569
0.000466765 -4265
0.000467136 -4102
0.000468739 -3956
0.000482419 -3869
0.00048317 -3712
0.000488276 -3569
0.000491307 -3462
0.000494384 -3281
0.000495737 -3034
0.000509241 -2955
0.000509779 -2849
0.000509899 -2702
0.000511938 -2564
0.000514014 -2482
0.000518064 -2387
0.000520307 -2256
0.000521216 -2120
0.000527815 -2025
0.000549836 -1953
0.000552672 -1891
0.000555248 -1743
0.000573294 -1649
0.000577057 -1496
0.000577576 -1416
0.000579096 -1332
0.000589884 -1295
0.000591348 -1153
0.000591867 -1030
0.000591997 -943
0.000594759 -889
0.000605121 -782
0.000621461 -640
0.000623036 -637
0.000624324 -612
0.000631072 -538
0.000632962 -533
0.000636419 -501
0.00064452 -405
0.000652314 -372
0.000656513 -361
0.000656958 -311
0.000668098 -278
0.000670786 -225
0.0006715 -214
0.000680082 -172
0.000681296 -164
0.000692992 -149
0.000699768 -113
0.000703994 -73
0.000713864 -46
0.000713948 -34
0.000716988 -14
0.000720677 -11
0.000724551 11
0.00072494 32
0.000726775 37
0.00073064 71
0.000735876 74
0.000740195 105
0.000820532 109
0.00082144 111
0.000839931 134
0.000841432 146
0.000841951 166
0.000842665 169
0.000855937 199
0.000859839 201
0.000867059 221
0.000904391 254
0.000906504 267
0.000910656 276
0.000931102 283
0.000940092 287
0.000953207 291
0.000986748 293
0.00101092 296
0.00102997 301
0.00104011 303
0.00106419 326
0.0010711 341
0.00109554 350
0.00128106 355
0.00128656 358
2 358
