0 -10140
5.38e-07 -9870
9.065e-06 -9625
9.315e-06 -9401
9.491e-06 -9135
1.4348e-05 -9105
1.7119e-05 -8943
1.7286e-05 -8786
0.00031676 -8739
0.000346826 -8558
0.000347456 -8411
0.000355278 -8258
0.000355427 -8053
0.000355872 -8033
0.000359505 -7949
0.000362619 -7641
0.000366502 -7552
0.000370386 -7395
0.000389738 -7242
0.000391128 -6979
0.000393806 -6908
0.000396948 -6873
0.00039768 -6640
0.000401017 -6398
0.000401675 -6206
0.000402583 -6052
0.000403037 -5848
0.000404168 -5643
0.000406022 -5486
0.000409312 -5275
0.000413362 -5168
0.000414827 -5152
0.00041592 -5129
0.000434846 -5127
0.000435393 -4994
0.000435522 -4812
0.000435838 -4634
0.000436598 -4448
0.000441148 -4292
0.000444615 -4153
0.000445792 -4046
0.000446746 -4005
0.000448303 -3956
0.000448739 -3810
0.00045025 -3790
0.000455672 -3758
0.000464254 -3642
0.000465023 -3436
0.000466858 -3402
0.000470213 -3278
0.000470371 -3181
0.000472234 -3044
0.000473837 -2920
0.000476395 -2856
0.000477452 -2706
0.000478119 -2557
0.000479797 -2439
0.000484329 -2337
0.000492123 -2279
0.000492299 -2067
0.000492457 -1955
0.000493504 -1833
0.000515637 -1775
0.000517203 -1723
0.000518084 -1624
0.000521059 -1527
0.000522226 -1464
0.000522875 -1343
0.000523923 -1229
0.000524062 -1184
0.000524303 -1088
0.000525109 -1008
0.000531022 -920
0.000542478 -840
0.000544526 -838
0.000547464 -772
0.000549169 -678
0.000551449 -624
0.000552107 -559
0.000636902 -550
0.000645938 -478
0.000646374 -457
0.000648283 -363
0.000649683 -335
0.0006501 -325
0.000657681 -273
0.000658951 -247
0.000659878 -186
0.000662362 -183
0.000673864 -163
0.000675263 -141
0.000675439 -70
0.000679387 -69
0.000680323 -59
0.000682742 -44
0.000692752 -39
0.000703429 -5
0.000705644 2
0.000707479 15
0.000709852 60
0.000712438 79
0.000716738 80
0.000718527 86
0.000728351 115
0.000730261 120
0.000736841 148
0.000746387 207
0.000749983 208
0.000757657 209
0.000758297 212
0.000767769 222
0.000786259 223
0.000787575 231
0.000790217 237
0.000791885 266
0.000794814 267
0.000798039 275
0.000805889 279
0.000807687 292
0.00080879 295
0.000809578 301
0.000820042 302
0.000829977 326
0.000838541 328
0.000840589 330
0.00087515 332
0.000876772 335
0.000900137 342
0.000902992 343
0.00101555 348
0.0011127 361
0.00111943 364
0.00123709 367
2 367
