0 -6797
4.7e-08 -6533
1.7132e-05 -6317
4.4626e-05 -6109
7.0952e-05 -5909
0.00010548 -5719
0.000135397 -5532
0.000153284 -5348
0.000169077 -5172
0.000187868 -5001
0.000204727 -4830
0.000219474 -4662
0.000232844 -4495
0.000244922 -4344
0.000295102 -4195
0.000333279 -4048
0.000356662 -3904
0.000377575 -3766
0.00039565 -3631
0.000409643 -3497
0.000423956 -3366
0.000439918 -3242
0.000456494 -3119
0.000471627 -2996
0.000491739 -2884
0.000509503 -2773
0.000524259 -2663
0.000538496 -2554
0.000569112 -2446
0.000586875 -2340
0.000601443 -2237
0.000614521 -2135
0.000626967 -2036
0.00063913 -1939
0.000653122 -1845
0.000670075 -1755
0.000683662 -1668
0.000700454 -1581
0.000715503 -1495
0.000728373 -1412
0.000746703 -1334
0.000760959 -1258
0.000774046 -1183
0.000786322 -1109
0.000801408 -1039
0.000814807 -970
0.000827988 -907
0.000839595 -846
0.000851683 -786
0.000864223 -726
0.000877338 -668
0.00088986 -611
0.000905719 -555
0.000918627 -500
0.000931837 -446
0.000945197 -398
0.00095539 -351
0.000970297 -304
0.000981951 -260
0.000994821 -219
0.00100694 -180
0.00102126 -142
0.00103335 -105
0.0010463 -69
0.00106042 -34
0.00107559 0
0.00108826 29
0.00110137 57
0.00111529 85
0.00112622 113
0.00113709 140
0.00115012 167
0.0011646 193
0.00117811 219
0.00126198 244
0.00127305 269
0.0012856 293
0.00129617 316
0.00130492 338
0.00131381 360
0.00132286 382
0.00133507 403
0.00134643 424
0.0013584 444
0.00137075 464
0.00138301 483
0.00139522 501
0.00141206 518
0.00146163 534
0.00147425 554
0.00148513 570
0.0014973 585
0.00150783 600
0.00151967 614
0.00153042 627
0.00154243 642
0.00155515 655
0.00156629 668
0.00157646 680
0.00160233 704
0.00161496 723
0.00162768 739
0.00163931 755
0.00164983 771
0.00166208 785
0.00167313 799
0.00168293 813
0.00169413 831
0.00170411 843
0.00171455 857
0.00172724 868
0.00175301 879
0.0017732 899
0.00178752 908
0.00179428 915
0.00179882 922
0.00180635 929
0.00180904 936
0.00181279 947
0.00181872 953
0.00182066 957
0.00182355 961
0.00182715 964
0.00183067 967
0.00184503 975
0.00184785 978
0.00185188 989
0.00185854 992
0.00186086 994
0.00186875 996
0.00187259 1010
0.00188504 1012
0.00188811 1020
0.0018945 1022
0.0018966 1030
0.00190116 1031
0.00190343 1037
0.00190681 1038
0.00190865 1047
0.00191489 1048
0.00192167 1057
0.00193347 1067
0.00195293 1069
0.00197029 1077
0.0019782 1079
0.0019863 1082
0.00200065 1083
0.00200344 1085
0.00213324 1087
0.00213819 1088
0.00218532 1091
0.00218692 1092
0.00218889 1094
0.00219324 1097
0.00238491 1098
0.00239575 1102
0.00268377 1103
0.00268539 1106
0.00272466 1110
0.0027302 1111
0.00273225 1116
0.00273886 1118
0.00281735 1124
0.00291296 1125
0.00292099 1128
0.00300665 1129
0.00301135 1131
0.00301995 1132
0.00303248 1133
0.00314305 1138
0.00347027 1145
0.00348481 1146
0.00353283 1153
0.0035571 1154
0.00356262 1155
2 1155
