0 -2234
1.14e-07 -2232
1.0987e-05 -2149
0.000555318 -2117
0.000555972 -2103
0.00055711 -1961
0.00056147 -1893
0.000561821 -1782
0.000562456 -1770
0.000562854 -1626
0.000563015 -1600
0.000564646 -1563
0.00056548 -1551
0.000568968 -1517
0.000570163 -1509
0.000575396 -1505
0.000576751 -1487
0.000579036 -1481
0.000584458 -1413
0.000584913 -1344
0.000585112 -1280
0.000590335 -1239
0.000590468 -1223
0.000591169 -1141
0.000591293 -1106
0.000591501 -1084
0.00059171 -1048
0.000592155 -1011
0.000592724 -986
0.000593824 -960
0.000602734 -952
0.000605787 -939
0.000606109 -924
0.000606754 -908
0.000607038 -906
0.000608251 -858
0.000609133 -836
0.000612546 -779
0.000612953 -739
0.000614517 -728
0.000614622 -694
0.000616442 -692
0.000616555 -669
0.000620006 -662
0.00062012 -654
0.000621001 -634
0.00062121 -575
0.000621504 -546
0.00062176 -478
0.000622546 -457
0.000636197 -453
0.000636861 -402
0.000645079 -390
0.000646226 -355
0.000646549 -350
0.000653838 -338
0.000658531 -326
0.000660408 -240
0.000660673 -239
0.000660863 -215
0.000661318 -197
0.000661403 -186
0.000665773 -178
0.00068714 -161
0.000690277 -154
0.000690495 -152
0.000692657 -146
0.000692761 -141
0.000700345 -136
0.000701198 -118
0.000702203 -103
0.000704004 -95
0.000705606 -91
0.000705909 -50
0.000707426 23
0.000707976 47
0.00070972 49
0.000710516 89
0.00071209 98
0.000714052 120
0.000714545 136
0.000714886 158
0.000715208 217
0.000716346 247
0.000720602 279
0.000724242 289
0.000724432 298
0.000724508 300
0.0007261 330
0.000726195 339
0.000726546 364
0.00074906 368
0.000749998 376
0.000753667 396
0.000753761 424
0.000754482 425
0.000767933 426
0.000769118 433
0.00077219 444
0.000772493 447
0.000772701 485
0.000775299 487
0.000778816 489
0.000779622 504
0.000779783 532
0.000779972 540
0.000780731 551
0.000780806 587
0.000782105 608
0.000784162 621
0.00078439 643
0.000785176 658
0.00078565 695
0.000786181 767
0.000788703 774
0.000790096 782
0.000790466 783
0.000790637 808
0.000796239 824
0.000803813 845
0.000803993 846
0.0008055 895
0.000806411 905
0.000807539 908
0.000807709 914
0.000808335 920
0.000811766 921
0.000817805 926
0.000818156 927
0.000823293 955
0.000823938 979
0.000824763 980
0.000826118 994
0.000831531 1007
0.000833228 1009
0.0008381 1010
0.000841086 1011
0.000841513 1028
0.000842651 1052
0.00084285 1055
0.000845229 1059
0.000846585 1065
0.00084794 1075
0.000848613 1118
0.000851675 1121
0.000854111 1128
0.000854206 1135
0.000860406 1141
0.000863373 1155
0.000863761 1160
0.000865487 1164
0.000872871 1174
0.000873156 1177
0.000873914 1181
0.000879308 1187
0.000885289 1195
0.000887346 1202
0.000890759 1211
0.000896722 1229
0.000896797 1239
0.000896968 1260
0.00090021 1264
0.000906884 1273
0.00090767 1281
0.000909045 1284
0.000925985 1295
0.000928336 1305
0.000929359 1314
0.000929928 1336
0.000930668 1338
0.000933587 1352
0.000934052 1358
0.000934895 1369
0.000935369 1376
0.000935635 1387
0.000938232 1396
0.000945247 1407
0.000959959 1434
0.000965107 1436
0.000974444 1443
0.000978037 1453
0.000987876 1465
0.000994095 1480
0.000996806 1482
0.00100522 1485
0.00101703 1492
0.0010202 1499
0.00102081 1511
0.00102606 1516
0.00102624 1526
0.00102688 1531
0.00102752 1543
0.00107301 1544
0.00107398 1552
0.00108352 1555
0.00109191 1558
0.00109453 1565
0.00110192 1570
0.00110209 1589
0.00111049 1599
0.00111847 1605
0.00116709 1611
0.00116863 1615
0.00119561 1617
0.00128338 1624
0.00129522 1628
0.0013164 1638
0.00138072 1639
0.00138125 1647
0.00140064 1659
0.00144614 1667
0.00145432 1668
0.00147246 1674
0.00148982 1675
0.00149707 1685
0.00150231 1689
0.00158471 1705
0.00163529 1707
0.00167096 1710
0.00168459 1714
0.00169662 1717
0.00173432 1719
0.00174427 1729
2 1729
