0 -402
4.94e-07 -356
1.1839e-05 -313
0.000450797 -296
0.000452525 -285
0.000467782 -283
0.000474817 -280
0.000496853 -275
0.000496938 -207
0.000497109 -206
0.000497252 -168
0.000527803 -147
0.00052824 -136
0.000528402 -110
0.000528591 -108
0.000528686 -54
0.000530557 -28
0.000530823 -24
0.000531193 -11
0.000531573 36
0.000575739 68
0.000576432 85
0.00057704 88
0.000577362 95
0.000580533 104
0.000581559 190
0.000582176 196
0.000582499 212
0.000594214 217
0.000594423 221
0.000594775 243
0.00059485 251
0.000594917 268
0.000595534 275
0.000605664 278
0.000606433 285
0.0006065 286
0.000606623 291
0.000616829 295
0.000617218 304
0.000618158 314
0.000640223 336
0.000640973 368
0.000641087 377
0.000641552 379
0.000642083 396
0.000642159 419
0.000642416 436
0.000643441 444
0.000645663 450
0.000646014 466
0.000646403 476
0.000653799 485
0.000654445 503
0.000654663 510
0.000661746 514
0.000662458 535
0.0006626 538
0.000666056 544
0.000667376 546
0.000667651 557
0.00066786 579
0.000669379 583
0.000670195 584
0.000671021 589
0.000671914 605
0.000691263 611
0.000699257 614
0.000735552 621
0.000735647 623
0.000740527 624
0.000742322 633
0.000746679 634
0.000749072 637
0.000766275 642
0.000770994 645
0.000771801 646
0.000797606 647
0.00080634 651
0.000825547 655
0.000833284 656
0.000844231 659
0.000855253 660
0.000881467 672
2 672
