0 172
9.4744e-05 180
9.5217e-05 221
9.5354e-05 244
0.000232375 254
0.000232709 273
0.000232778 276
0.000233172 278
0.000233782 285
0.000234126 326
0.000234234 328
0.00023448 342
0.000497767 349
0.000497836 351
0.000497895 365
0.000497974 368
0.000504261 387
0.000505648 390
0.000506012 399
0.00050612 410
0.000506278 414
0.000506494 421
0.000508885 442
0.000545179 444
0.000565712 447
0.000586835 456
0.000587002 464
0.000590298 469
0.000590584 473
0.000590702 500
0.000590957 528
0.000591784 539
0.00059205 557
0.000592935 560
0.000593565 565
0.000611874 578
0.000612366 580
0.000613045 581
0.00061639 583
0.000616547 586
0.000617049 589
0.000617138 609
0.000617433 612
0.000638074 614
0.00063829 630
0.000638359 645
0.000643613 653
0.000644095 655
0.000646141 671
0.000646328 680
0.000665228 682
0.000665553 684
0.000665799 687
0.00068275 696
0.000683006 699
0.000683331 704
0.000683498 716
0.00068402 721
0.000684836 730
0.000695924 747
0.000696888 756
0.000716368 764
0.000716614 766
0.000718946 784
0.000719615 792
0.000721465 805
0.000723393 821
0.000725479 828
0.000729542 841
0.000742116 844
0.00074366 847
0.000743798 859
0.000743946 875
0.000745313 876
0.000745874 877
0.000755506 878
0.000762786 880
0.000764026 882
0.000764203 891
0.000773707 901
0.00078388 902
0.000785375 903
0.000788543 907
0.000805357 911
0.000808988 915
0.000809824 916
0.000813218 917
0.00082289 922
0.000833771 923
0.000869799 925
0.000901676 932
2 932
