0 -113
1.034e-06 -98
1.0883e-05 -69
0.000382062 -63
0.000440616 -45
0.000441233 -17
0.000441422 0
0.000441716 13
0.000459926 34
0.000460599 63
0.00046076 80
0.000461651 84
0.000482487 100
0.000482592 114
0.000483862 118
0.000484023 127
0.000486791 165
0.000488715 181
0.000489616 223
0.000489711 224
0.000505124 272
0.000507959 280
0.00050866 328
0.000509305 332
0.000509883 341
0.000510167 348
0.000510765 360
0.000510821 445
0.000511381 447
0.00051157 455
0.000512196 518
0.000513381 523
0.000513466 525
0.000513836 551
0.00051394 561
0.000514964 566
0.000515381 572
0.000517533 594
0.000517836 599
0.000518964 613
0.000519362 616
0.000519429 622
0.000519571 631
0.00053999 639
0.000540104 641
0.000548692 649
0.000549877 659
0.000550588 670
0.000558845 676
0.00057331 691
0.000580325 704
0.000582761 709
0.000583804 712
0.000584079 715
0.000584553 718
0.000585397 729
0.0005868 740
0.000587122 746
0.000588098 767
0.000588326 783
0.000589188 795
0.000590222 809
0.000590515 813
0.000591283 839
0.000592108 843
0.000593653 844
0.000599218 850
0.000599692 854
0.000601284 867
0.000601597 875
0.00060536 882
0.000605654 884
0.000605777 899
0.000606346 902
0.000606488 903
0.000606716 913
0.000615892 931
0.000620433 938
0.000622149 986
0.000626424 992
0.000626566 1019
0.000628395 1029
0.000630282 1033
0.000630699 1040
0.000631799 1041
0.000631855 1044
0.000643638 1046
0.000644482 1049
0.000644757 1052
0.000656578 1058
0.000657498 1059
0.000668399 1061
0.00067002 1063
0.000670977 1071
0.000671148 1072
0.000671347 1078
0.00067438 1084
0.000678665 1088
0.000680476 1099
0.00068368 1105
0.000685424 1124
0.000690543 1131
0.000690827 1142
0.000691794 1160
0.000694325 1170
0.000696041 1171
0.000698885 1181
0.000704601 1202
0.00070954 1209
0.000711787 1214
0.000713038 1222
0.000716631 1242
0.000721569 1243
0.000723702 1255
0.000747297 1264
0.000754463 1270
0.000756037 1291
0.000785546 1295
0.000806022 1302
0.000835655 1305
0.000839428 1306
0.000844262 1307
0.00103103 1315
0.00103607 1317
0.00103736 1322
0.00104129 1325
0.00104251 1329
0.00105178 1332
2 1332
