0 -54796
2.56e-07 -54025
0.000173364 -53154
0.000175223 -52548
0.000182641 -52254
0.000183793 -52199
0.000184294 -51526
0.000190945 -51247
0.000191053 -50654
0.000191772 -49756
0.000193916 -48859
0.00019429 -48245
0.000195943 -47999
0.000197881 -47365
0.00019917 -46424
0.000201138 -45672
0.000201561 -45079
0.000203253 -44474
0.000203361 -43735
0.000204207 -42964
0.000204443 -42428
0.000206018 -42245
0.000207769 -41600
0.000207877 -41045
0.000208881 -40851
0.000209058 -40210
0.000209402 -39290
0.000209825 -38692
0.000212796 -37895
0.000219388 -37183
0.00022109 -36542
0.000221248 -35792
0.000222723 -34977
0.000226088 -34803
0.000228882 -34079
0.000232286 -33297
0.000234972 -32543
0.000236025 -32531
0.000240561 -31840
0.00024423 -31182
0.000244398 -30363
0.000252298 -30261
0.000253882 -29728
0.000254816 -28821
0.000259254 -28255
0.000262943 -27451
0.000263701 -26902
0.000266288 -26392
0.000268049 -25755
0.000268394 -24950
0.000270046 -24384
0.000270666 -23826
0.000270981 -23030
0.000271306 -22472
0.000271847 -21803
0.000272162 -21020
0.000272673 -20370
0.000274316 -19734
0.000275359 -19151
0.000275546 -18650
0.000276815 -18146
0.000278212 -17681
0.000280613 -17638
0.000281302 -17136
0.000288779 -16540
0.000292449 -16074
0.000294751 -15548
0.000301402 -15443
0.000309627 -14952
0.000311093 -14213
0.000311565 -13700
0.000316887 -13548
0.00032219 -13039
0.000325968 -12590
0.000331291 -12074
0.000333682 -11673
0.000336781 -11337
0.000337676 -10819
0.000339496 -10299
0.000345232 -9936
0.000349148 -9439
0.000352926 -8892
0.000366365 -8530
0.000369484 -8100
0.000382697 -7928
0.000391965 -7481
0.000392476 -7011
0.000402836 -6676
0.000419414 -6146
0.00042211 -5606
0.000439317 -5243
0.000463727 -4823
0.000476153 -4329
0.000492061 -3996
0.000536098 -3751
0.000539394 -3320
0.00056828 -3046
0.000571901 -2709
0.000611284 -2438
0.000633175 -2210
0.000635723 -1956
0.000642 -1698
0.000643043 -1472
0.000657515 -1234
0.000665514 -1030
0.000683764 -897
0.000714076 -709
0.000723364 -536
0.000726611 -344
0.000743316 -246
0.000748147 -175
0.000783014 -102
0.000804994 -81
0.000820961 -71
0.000893786 -69
0.000900309 -41
0.000980994 12
0.000987724 19
0.000990419 22
0.000996972 33
0.00100653 42
0.00106656 77
0.00118176 79
0.00177901 81
0.00187944 90
0.00194057 102
0.00224404 104
2 104
