0 -2097
1.99e-07 -2078
0.000436388 -2013
0.000437706 -2010
0.000438682 -1985
0.000443213 -1966
0.000447991 -1917
0.000448759 -1852
0.000449517 -1805
0.000452579 -1744
0.000452664 -1724
0.000453916 -1610
0.000454077 -1533
0.000457309 -1523
0.000459338 -1497
0.000459764 -1476
0.00045985 -1448
0.000464068 -1431
0.000474259 -1415
0.000478543 -1404
0.000500782 -1392
0.000501067 -1387
0.000501142 -1324
0.000501474 -1274
0.000502024 -1210
0.000502706 -1209
0.000502887 -1091
0.000503171 -1020
0.000503399 -1005
0.000520945 -984
0.00052122 -880
0.000521893 -840
0.000522102 -799
0.000532453 -786
0.000532662 -762
0.00053287 -712
0.000533685 -682
0.000533761 -676
0.000534245 -673
0.000550967 -667
0.000556901 -657
0.000566826 -619
0.000566968 -562
0.000567063 -559
0.000567944 -512
0.000568276 -491
0.000568892 -461
0.000569234 -444
0.000569338 -430
0.000569414 -403
0.000569888 -373
0.000570191 -327
0.000570276 -273
0.00057258 -260
0.000576571 -241
0.000577149 -240
0.000578002 -223
0.000578495 -215
0.000582922 -204
0.00058313 -163
0.000585197 -135
0.000585643 -113
0.000585728 -88
0.00059207 -78
0.000594383 -68
0.000595321 -56
0.000627153 -48
0.000629068 -47
0.000629514 -24
0.000630101 -18
0.000630177 1
0.000630879 53
0.000634291 77
0.000635144 103
0.000637306 108
0.000637837 146
0.00063832 154
0.000638405 161
0.000640292 163
0.000640548 175
0.000641695 189
0.000643695 199
0.000643941 252
0.000644112 255
0.000644188 273
0.000646634 295
0.000647449 297
0.00064906 299
0.000649288 318
0.000650966 330
0.000651136 334
0.000654283 351
0.000655516 399
0.000659004 400
0.000659981 414
0.000661289 419
0.000670436 441
0.000671091 465
0.000671195 467
0.000672996 471
0.000674276 473
0.000674465 485
0.000674541 495
0.000682456 498
0.000683272 505
0.000683547 506
0.000684703 515
0.000685528 522
0.000685708 532
0.000685803 533
0.000686381 541
0.000686476 598
0.000687139 599
0.000688239 614
0.000690637 665
0.000690742 707
0.000691083 714
0.000691159 734
0.000694789 778
0.000695093 790
0.000695623 798
0.000696221 816
0.00069642 832
0.000696733 838
0.000697576 847
0.000698363 848
0.0006986 854
0.000698771 872
0.000699216 886
0.000699794 904
0.000700534 906
0.000701103 907
0.000710705 914
0.000711777 920
0.000713104 933
0.000713511 934
0.000714108 937
0.000714791 939
0.000717113 948
0.000717265 966
0.000719085 968
0.000719313 982
0.000723029 985
0.000728148 988
0.000728972 997
0.000729769 1011
0.000731532 1026
0.000733911 1051
0.000735352 1055
0.000735684 1056
0.00073629 1073
0.0007374 1083
0.000740063 1093
0.000740689 1096
0.000741789 1104
0.000742149 1106
0.000742338 1111
0.000744585 1116
0.00074468 1133
0.000753846 1140
0.000755316 1167
0.000757155 1179
0.000759041 1202
0.000765326 1220
0.000769146 1231
0.000778484 1237
0.00077855 1239
0.000779289 1243
0.000784427 1252
0.000785442 1256
0.000785603 1263
0.000786172 1272
0.00078783 1281
0.000787916 1286
0.000792949 1290
0.000794352 1296
0.000795708 1308
0.000800391 1315
0.000802344 1336
0.000810657 1341
0.00081533 1348
0.000817985 1362
0.000821246 1364
0.000828933 1383
0.000831123 1384
0.00084119 1385
0.000854083 1390
0.0009146 1391
0.000925198 1393
0.000926904 1399
0.000931634 1401
0.00093572 1420
0.00093773 1424
0.000939692 1430
0.000940782 1431
0.000941863 1432
0.000972737 1434
0.000973685 1438
0.00101222 1439
0.00101927 1444
0.00103644 1445
0.00105088 1449
0.00105658 1456
0.00110992 1457
2 1457
