0 -5535
5.4e-08 -5285
5.13e-06 -5066
1.0521e-05 -4872
2.0007e-05 -4687
2.8054e-05 -4503
3.4633e-05 -4326
4.2859e-05 -4164
4.8268e-05 -4007
5.3191e-05 -3851
5.7817e-05 -3695
6.2344e-05 -3545
6.6727e-05 -3399
7.1281e-05 -3254
7.6268e-05 -3114
8.0723e-05 -2975
8.5781e-05 -2838
8.9849e-05 -2703
9.488e-05 -2572
0.000100163 -2444
0.000104825 -2323
0.000109433 -2203
0.000114302 -2083
0.000119486 -1963
0.000125256 -1848
0.000130539 -1736
0.000136047 -1635
0.000141222 -1535
0.000146748 -1437
0.000152481 -1340
0.000159096 -1244
0.00016482 -1149
0.000170365 -1054
0.000175486 -962
0.000181147 -873
0.000187357 -788
0.000192721 -709
0.000199228 -638
0.000206239 -568
0.000213259 -502
0.000219461 -436
0.000225689 -373
0.000233132 -310
0.000237983 -249
0.000243995 -196
0.000250052 -144
0.000255776 -96
0.000274731 -51
0.000287394 -7
0.000294009 32
0.00030048 70
0.000305763 104
0.000310209 133
0.000315394 164
0.000320308 190
0.000326914 213
0.000332305 235
0.000336994 255
0.000341737 288
0.000347389 308
0.000353671 331
0.000358306 346
0.000363131 359
0.000369764 372
0.000374921 391
0.000381104 403
0.000386558 422
0.000391814 432
0.000397367 458
0.000403631 468
0.000409302 491
0.000414144 500
0.000420156 508
0.000425637 524
0.00042975 532
0.00043389 552
0.000438849 558
0.000444024 569
0.000449937 580
0.000454231 589
0.000459145 591
0.000466426 598
0.000478774 613
0.000484732 618
0.000491311 634
0.000494245 636
0.000497854 637
0.000502823 651
0.000517205 654
0.000518474 657
0.00051986 660
0.000603049 665
0.000627718 669
0.000746107 671
0.00075283 676
0.000755701 680
0.00143789 681
0.00172744 683
0.00177718 686
0.00267935 687
0.00275151 691
0.00275562 697
0.00297586 699
0.00301722 703
0.00361473 709
0.00381187 710
0.0038128 711
0.00432819 713
0.00442992 714
2 714
