0 -30269
1.79e-07 -29810
4.785e-05 -29380
7.9013e-05 -28968
0.000100051 -28560
0.000117163 -28165
0.000155295 -27774
0.000197268 -27392
0.000242388 -27019
0.000320346 -26656
0.000389301 -26295
0.000514177 -25942
0.000625474 -25600
0.000727908 -25263
0.000841559 -24934
0.000949879 -24605
0.00104932 -24276
0.00115499 -23951
0.00123854 -23628
0.00134569 -23310
0.00142828 -22998
0.00149546 -22687
0.00155284 -22380
0.0016209 -22073
0.00169934 -21768
0.00176873 -21465
0.00183343 -21165
0.00189581 -20874
0.0019586 -20587
0.002021 -20300
0.00207798 -20014
0.0021375 -19730
0.00219569 -19451
0.0022519 -19174
0.0023099 -18898
0.00236211 -18623
0.00245071 -18358
0.00254031 -18093
0.00261879 -17828
0.00267739 -17567
0.00272975 -17308
0.00278345 -17049
0.00283785 -16792
0.0028892 -16539
0.00293936 -16287
0.00299424 -16038
0.00304855 -15795
0.00309774 -15553
0.00314651 -15312
0.00319934 -15075
0.00325162 -14843
0.0033048 -14616
0.00335589 -14390
0.00340461 -14164
0.0034498 -13939
0.00349664 -13714
0.00354171 -13495
0.00358445 -13277
0.00362426 -13059
0.00366439 -12844
0.00370707 -12630
0.00374393 -12417
0.00378326 -12204
0.00381807 -11992
0.00386002 -11781
0.00389819 -11573
0.00393909 -11365
0.00399274 -11163
0.00403197 -10961
0.00407217 -10760
0.00411861 -10559
0.0041561 -10362
0.00419462 -10171
0.00423371 -9982
0.00427469 -9798
0.00431563 -9616
0.00436111 -9436
0.00440719 -9256
0.00445906 -9079
0.00453129 -8904
0.00461107 -8730
0.00468189 -8563
0.00474244 -8396
0.00479464 -8230
0.00484118 -8066
0.00489515 -7903
0.00494136 -7743
0.00498342 -7585
0.00502588 -7429
0.00506531 -7274
0.00513738 -7119
0.00520965 -6965
0.00528249 -6811
0.00536639 -6658
0.00542109 -6511
0.00546784 -6367
0.00550187 -6227
0.00553609 -6088
0.00556919 -5949
0.00560312 -5811
0.00563912 -5675
0.00567566 -5540
0.00571041 -5405
0.00574142 -5272
0.00577565 -5139
0.00580813 -5007
0.00584571 -4877
0.00587453 -4747
0.00590138 -4617
0.00593367 -4488
0.00596723 -4359
0.00600094 -4231
0.00603213 -4105
0.00606464 -3984
0.0060945 -3864
0.00613061 -3746
0.00616898 -3631
0.00620395 -3516
0.00624329 -3402
0.00628321 -3291
0.0063462 -3180
0.00641318 -3071
0.00646383 -2963
0.00650154 -2858
0.0065395 -2754
0.00658158 -2653
0.00661782 -2553
0.00665855 -2456
0.00669958 -2359
0.00675327 -2266
0.00680112 -2173
0.00684251 -2080
0.00689206 -1990
0.00694335 -1900
0.00699372 -1811
0.00704993 -1727
0.00710423 -1645
0.00715186 -1564
0.00723025 -1484
0.0072954 -1404
0.00734662 -1326
0.00739189 -1248
0.00743215 -1173
0.00747069 -1098
0.00751395 -1023
0.0075468 -952
0.00760962 -881
0.00767004 -810
0.00772499 -739
0.00777723 -671
0.00782867 -604
0.00788277 -544
0.00793398 -484
0.00798413 -427
0.00802293 -371
0.00805723 -316
0.00810214 -262
0.00816004 -209
0.00821285 -159
0.00827656 -110
0.00833369 -62
0.00838395 -15
0.00842857 32
0.00846986 73
0.00850676 112
0.00855321 150
0.00860095 186
0.00863791 222
0.00867579 258
0.00871137 293
0.00874654 327
0.00878249 361
0.00881919 394
0.00885442 426
0.00888914 457
0.0089255 485
0.00897139 513
0.00901578 539
0.00904882 564
0.00910202 589
0.00914307 613
0.00919369 637
0.00923801 660
0.00943129 691
0.00949274 713
0.0095406 734
0.00957709 757
0.00960675 778
0.0096344 799
0.00966411 818
0.00974979 836
0.00980681 854
0.00985204 874
0.00989271 895
0.00995913 912
0.0100118 931
0.0100558 948
0.0100982 964
0.0101366 980
0.0101752 1000
0.010212 1016
0.0102474 1036
0.0102982 1054
0.0103493 1075
0.0104012 1093
0.0104537 1110
0.0105056 1126
0.0105506 1141
0.01059 1156
0.0106246 1170
0.010668 1184
0.0107123 1204
0.0107583 1219
0.0108107 1232
0.0108494 1254
0.0108926 1267
0.01096 1280
0.011023 1294
0.0110752 1307
0.0112438 1325
0.0112971 1351
0.0113518 1365
0.0113892 1377
0.0114272 1388
0.0115598 1399
0.011664 1409
0.0117275 1425
0.0117727 1439
0.0118132 1448
0.011852 1457
0.011889 1468
0.0119253 1476
0.01196 1496
0.0119945 1514
0.0120285 1526
0.0120641 1537
0.0120992 1556
0.0121345 1566
0.012169 1582
0.0122049 1597
0.0122417 1609
0.0122776 1619
0.0123132 1636
0.0123482 1645
0.0123839 1655
0.0124274 1663
0.0124754 1670
0.0124989 1677
0.0125273 1683
0.0125652 1699
0.0126039 1705
0.0126198 1709
0.0126343 1719
0.0126553 1728
0.0126621 1731
0.0126699 1735
0.0126872 1737
0.0127087 1748
0.0127259 1750
0.0127298 1766
0.0127662 1768
0.0127896 1771
0.012805 1777
0.012809 1778
0.0128213 1779
0.01284 1783
0.0128615 1797
0.012895 1806
0.0134362 1810
0.0135721 1812
0.0135757 1813
0.0136129 1816
0.0136302 1823
0.0139044 1825
0.014067 1827
0.0146128 1837
0.0147263 1841
0.0147543 1848
0.0149566 1849
2 1849
