0 -1194
1.03e-07 -1148
3.2e-07 -1107
0.000459425 -1068
0.000469759 -1060
0.000470164 -1047
0.000478399 -1016
0.000483255 -1008
0.000484093 -960
0.000508355 -902
0.000508901 -826
0.00051052 -785
0.000510604 -751
0.000511414 -711
0.000511687 -707
0.00051227 -690
0.000512891 -670
0.000514313 -642
0.000514887 -624
0.000520515 -598
0.000523018 -567
0.000528223 -536
0.000528599 -513
0.000528966 -474
0.000529051 -427
0.000529437 -419
0.000529766 -402
0.000532364 -391
0.000532721 -386
0.000532806 -373
0.000534048 -362
0.000534415 -322
0.000536618 -304
0.000539996 -271
0.000540222 -254
0.000541606 -249
0.000542744 -243
0.000542942 -176
0.000543055 -109
0.000553276 -106
0.00055384 -99
0.000566197 -91
0.000567327 -65
0.000568409 -54
0.000576588 -36
0.0005783 -15
0.000579138 33
0.000579317 55
0.000580738 59
0.0005831 74
0.000583938 101
0.000586263 118
0.000592625 130
0.000593161 132
0.000599335 152
0.000600615 160
0.000601914 193
0.000602968 222
0.000607711 224
0.000607777 286
0.000608172 290
0.000613066 335
0.000613659 338
0.000615541 357
0.000615748 380
0.000615927 406
0.000616661 410
0.000617104 446
0.000618007 448
0.00062356 455
0.000624586 460
0.00062467 469
0.000625291 471
0.000625527 475
0.000626129 483
0.000630214 498
0.000630374 509
0.000639164 510
0.000639597 531
0.000641488 532
0.000641564 536
0.000641837 540
0.0006421 556
0.000642439 571
0.000643992 576
0.000644067 580
0.00064546 583
0.000645789 585
0.000645855 609
0.00064594 624
0.0006461 625
0.000655144 626
0.000655634 647
0.00065618 656
0.000657488 663
0.000658495 688
0.000662645 701
0.000663784 715
0.000664038 716
0.000668678 731
0.000670391 735
0.000670645 739
0.00067216 803
0.000673026 809
0.000674005 813
0.00067408 832
0.000674551 856
0.000675153 872
0.000676141 873
0.000676442 875
0.000677158 886
0.000677233 887
0.00067888 892
0.00067919 900
0.00068063 908
0.000680706 922
0.000681901 925
0.000682051 954
0.000685167 956
0.000686512 962
0.000687999 978
0.000688828 982
0.000689129 998
0.00069471 1002
0.000695312 1007
0.000696987 1014
0.000700338 1027
0.000712347 1033
0.000713165 1041
0.000715923 1044
0.000716318 1045
0.000719255 1048
0.000719433 1068
0.000721871 1074
0.00072236 1080
0.000723537 1105
0.000723866 1129
0.000725137 1136
0.000737447 1150
0.000738021 1151
0.000738915 1156
0.000742294 1157
0.000743715 1161
0.000743931 1169
0.000744223 1182
0.000744694 1188
0.000749559 1191
0.000751667 1215
0.000753785 1219
0.000759366 1226
0.000760533 1241
0.000764523 1250
0.000765041 1266
0.000772881 1267
0.000774123 1270
0.000779694 1278
0.000780937 1283
0.000781153 1284
0.000787995 1286
0.000788673 1287
0.000789228 1289
0.0007916 1290
0.000792804 1297
0.000800409 1303
0.000807938 1334
0.000825584 1345
0.000830619 1355
0.000833358 1360
0.0008354 1366
0.000839908 1367
0.000844247 1368
0.000846986 1372
0.000854854 1405
0.000855447 1409
0.000869714 1410
0.000876923 1418
0.000882118 1422
0.000883427 1426
0.000884942 1432
0.000891313 1445
0.000902136 1448
0.000902626 1449
0.000911651 1453
0.000914917 1464
0.000915576 1468
0.000925034 1470
0.000928931 1474
0.000959885 1490
0.000971065 1491
0.000972411 1502
0.000972853 1505
0.0010027 1517
0.00101957 1523
0.00107321 1533
0.00122051 1539
2 1539
