0 -66607
7.5e-08 -65872
7.36e-06 -65851
8.301e-06 -65822
8.969e-06 -65820
0.000142629 -65570
0.000145923 -65498
0.000146036 -64610
0.000146478 -63834
0.000147909 -63754
0.000148022 -63006
0.000150102 -62239
0.00015189 -62188
0.00015301 -61489
0.000153481 -60579
0.000154845 -59670
0.000165922 -59316
0.00016771 -58441
0.000168755 -57893
0.000168859 -57157
0.000169094 -56402
0.000169395 -55692
0.000171061 -54934
0.000171324 -54029
0.000171776 -53381
0.000174298 -53328
0.000174967 -53198
0.000175729 -53149
0.000177075 -52908
0.000177978 -52064
0.000178581 -51505
0.000179663 -51273
0.000181479 -51048
0.000182364 -50466
0.000183964 -50411
0.000184162 -49667
0.000186223 -49442
0.000186721 -48782
0.000188811 -47974
0.000193789 -47679
0.000199239 -47615
0.000201893 -47464
0.000205384 -46785
0.000205883 -45989
0.000206005 -45189
0.000207332 -44469
0.000207803 -43697
0.000208292 -43079
0.000208838 -42442
0.000210786 -41660
0.000212612 -41085
0.000212942 -40294
0.000215661 -39523
0.000222118 -39357
0.000222739 -38658
0.00022432 -37971
0.000225835 -37225
0.000227124 -36395
0.000227802 -35482
0.000230108 -34808
0.00023023 -34087
0.0002328 -33368
0.000236395 -32810
0.000236724 -32063
0.000237675 -31135
0.000244752 -30482
0.000244903 -29900
0.000247161 -29302
0.000250239 -28433
0.000251594 -27921
0.000256874 -27183
0.0002587 -26537
0.000262596 -25916
0.000263434 -25225
0.00026685 -24625
0.000267424 -24207
0.000270398 -23591
0.000277108 -22936
0.000278746 -22407
0.000278887 -21833
0.000279593 -21196
0.000281927 -20400
0.000282247 -19697
0.000285202 -19092
0.000287367 -18592
0.000293936 -17919
0.000296825 -17417
0.000299366 -16775
0.00030155 -16205
0.00031049 -15650
0.000313822 -15552
0.000315686 -15110
0.000320034 -14456
0.000343421 -13861
0.000353331 -13358
0.00035351 -12809
0.000361321 -12316
0.000372013 -11779
0.000373725 -11197
0.000382262 -10823
0.000387221 -10332
0.000398167 -9796
0.000400134 -9300
0.000415154 -8752
0.000432518 -8161
0.000444659 -7702
0.00046255 -7187
0.000464875 -6764
0.00047742 -6307
0.00047917 -5880
0.000488685 -5542
0.000557821 -5242
0.000565237 -4806
0.000603156 -4350
0.000621273 -3893
0.000672377 -3562
0.000673195 -3238
0.000694691 -2925
0.000706549 -2684
0.000708883 -2343
0.000724723 -2094
0.000727377 -1836
0.000774923 -1489
0.000777295 -1198
0.000798282 -1020
0.000798536 -847
0.000825989 -681
0.000850797 -531
0.000856171 -337
0.000885281 -183
0.000928996 -124
0.000937448 -118
0.000998932 -40
0.00100508 -37
0.00102337 9
0.00113901 59
0.00120681 75
0.00134703 84
0.00137771 94
2 94
