0 137
0.000441722 146
0.000442212 159
0.000442729 166
0.000442823 167
0.000443454 181
0.000443699 194
0.000443793 206
0.000444593 214
0.000446578 217
0.000446955 229
0.00044926 264
0.000450286 287
0.000451058 292
0.000452187 295
0.000452272 310
0.000455406 320
0.000455838 334
0.000462379 352
0.000463264 373
0.000463838 376
0.000480833 384
0.000490846 413
0.000491072 416
0.000491214 432
0.000491449 433
0.000543095 457
0.000543227 474
0.000545062 488
0.000545109 504
0.000545222 538
0.000546182 544
0.000546332 569
0.000546643 578
0.000547377 588
0.000547885 591
0.000548026 606
0.000560957 607
0.000561041 615
0.000578282 620
0.000586394 624
0.000589735 630
0.000590695 637
0.000594901 644
0.000595184 661
0.000595729 666
0.000595861 681
0.000597696 683
0.000600294 687
0.000604895 698
0.00060514 709
0.000627811 712
0.000629523 722
0.000630672 725
0.000631377 733
0.000632177 741
0.000633071 742
0.000634304 752
0.000639894 755
0.00063996 758
0.000640308 761
0.000641212 764
0.000649502 777
0.000655469 790
0.000661802 794
0.00066503 797
0.000676257 801
0.000677716 804
0.00068451 807
0.000713505 824
0.000717363 828
0.000770986 829
0.000771645 830
0.000775879 831
0.000776717 833
0.000778552 834
0.000802135 835
0.000803491 836
0.000804582 839
0.00081293 840
2 840
