0 -24043
2.91e-07 -23577
6.738e-06 -23020
0.000294726 -23019
0.000295018 -22647
0.000296486 -22231
0.00030027 -21936
0.000309822 -21790
0.000310641 -21489
0.00031097 -21119
0.000312655 -20845
0.000312796 -20443
0.000315987 -20261
0.000323262 -20187
0.000323393 -19837
0.000324664 -19518
0.000325332 -19475
0.000325991 -19137
0.000326283 -18926
0.00032745 -18595
0.000328428 -18223
0.000358479 -17988
0.000359298 -17715
0.0003615 -17354
0.00036326 -17005
0.000366065 -16702
0.000366215 -16484
0.000368003 -16200
0.00036837 -15911
0.000368888 -15701
0.000375485 -15382
0.000384916 -15187
0.000385461 -14812
0.00038645 -14446
0.000387221 -14258
0.000387372 -13832
0.000393245 -13523
0.000401103 -13513
0.000405809 -13178
0.000409893 -12925
0.000410063 -12585
0.000410505 -12266
0.000415343 -12255
0.00041587 -11971
0.000417799 -11764
0.000423446 -11557
0.000430514 -11534
0.000437986 -11190
0.000439549 -10876
0.000440631 -10592
0.000443972 -10337
0.000448631 -10074
0.000459642 -9807
0.00046191 -9552
0.000467594 -9357
0.000468272 -9019
0.00046894 -8788
0.000469279 -8358
0.000470747 -8074
0.000481966 -7807
0.000486653 -7589
0.000497654 -7499
0.000503772 -7351
0.000508637 -7043
0.000514981 -6834
0.000515847 -6657
0.000520486 -6410
0.000520712 -6219
0.000522717 -6008
0.000524863 -5745
0.000525465 -5501
0.000537747 -5307
0.000537963 -5160
0.000539121 -5103
0.000542377 -4829
0.000543074 -4626
0.000560231 -4347
0.000562527 -4163
0.000579477 -3998
0.000588597 -3855
0.000591749 -3710
0.000597199 -3703
0.000598366 -3547
0.000611024 -3365
0.000613301 -3254
0.000620096 -3137
0.000620896 -2978
0.000630214 -2864
0.000645667 -2665
0.000651954 -2492
0.000655361 -2370
0.000659737 -2337
0.000661168 -2213
0.000661902 -2005
0.000666796 -1912
0.000669751 -1816
0.000675247 -1672
0.000675529 -1568
0.000682851 -1517
0.000686908 -1456
0.000688442 -1315
0.000689599 -1266
0.000692658 -1191
0.000695218 -1060
0.00069663 -977
0.000699679 -958
0.000713034 -866
0.000716318 -762
0.000718238 -706
0.00072621 -606
0.000731047 -512
0.000742811 -452
0.00074347 -439
0.00076778 -384
0.000775205 -340
0.000782866 -271
0.000789464 -270
0.000792786 -198
0.000794649 -163
0.000797595 -155
0.000804333 -152
0.00080614 -150
0.000810489 -111
0.000815166 -104
0.000818771 -64
0.000826441 -41
0.000842958 -28
0.000854901 -1
0.000859221 8
0.000860454 47
0.000860548 59
0.000871681 73
0.000882824 97
0.00088577 98
0.000899765 131
0.000920451 164
0.000920555 165
0.000923896 185
0.000942135 207
0.000946765 208
0.000970077 217
0.000971847 220
0.00097787 229
0.000979366 239
0.000989342 243
0.000993897 244
0.00101315 245
0.00103778 252
0.0010485 262
0.00125388 281
2 281
