0 -1644
1.98e-07 -1586
0.000556814 -1562
0.000578555 -1531
0.000579195 -1431
0.000579468 -1403
0.000580239 -1336
0.000591627 -1331
0.000592126 -1326
0.000592267 -1292
0.000592832 -1276
0.000593114 -1208
0.000593227 -1202
0.000593538 -1134
0.000593886 -1081
0.000594968 -1051
0.000595062 -1044
0.000597142 -984
0.000597707 -978
0.000599646 -966
0.000600577 -940
0.000600662 -927
0.000605198 -845
0.000606186 -829
0.000607024 -788
0.000607391 -768
0.00061188 -703
0.000612313 -702
0.000613574 -666
0.000615523 -625
0.000615617 -600
0.000621687 -546
0.000623663 -517
0.000625329 -513
0.000625979 -485
0.000627099 -480
0.00062787 -460
0.000628934 -382
0.00063124 -334
0.000631767 -331
0.000633028 -319
0.000633319 -301
0.00064467 -292
0.000645517 -219
0.000646015 -139
0.000647606 -125
0.0006477 -51
0.000648255 -48
0.000659474 -39
0.000659841 -27
0.000663219 26
0.000666495 42
0.000666815 74
0.000667925 95
0.000668574 149
0.000670796 169
0.00067136 175
0.000675351 211
0.000675765 212
0.000678729 213
0.000680809 223
0.00068191 281
0.000682682 315
0.000682786 316
0.000683651 323
0.000687774 347
0.000692028 390
0.000692752 394
0.000693006 408
0.0006931 428
0.000693524 481
0.000694729 487
0.000695096 499
0.000698418 515
0.000699265 539
0.000701138 579
0.000702841 592
0.000705618 596
0.000706022 598
0.000708403 599
0.000708582 602
0.000709316 645
0.000710013 646
0.000711161 649
0.000711415 658
0.00072477 677
0.000725212 679
0.000726916 698
0.000727273 705
0.00073292 709
0.000735235 732
0.000735621 738
0.00073644 743
0.000737099 759
0.000738087 782
0.00074012 788
0.000743762 789
0.000744976 791
0.000746679 812
0.000748025 821
0.000748289 826
0.000750792 864
0.000751451 870
0.00075499 874
0.000755771 886
0.000756975 888
0.00075978 899
0.000760053 906
0.000760834 908
0.000774641 983
0.000774951 989
0.000775619 1025
0.000780287 1029
0.000782236 1036
0.000782772 1038
0.000783327 1051
0.000787741 1062
0.000787929 1064
0.000791591 1076
0.000791741 1097
0.000792343 1101
0.000794536 1106
0.000799289 1110
0.000799383 1112
0.000808352 1126
0.00081062 1153
0.00081127 1165
0.000815994 1174
0.000817105 1186
0.000824003 1190
0.000825255 1198
0.000825669 1209
0.000830657 1232
0.000837302 1233
0.000840878 1234
0.000841348 1235
0.000842534 1243
0.00084389 1255
0.000850976 1260
0.000851663 1272
0.000864256 1292
0.000865075 1299
0.000865225 1308
0.000867813 1316
0.000868058 1328
0.000868839 1339
0.000873008 1349
0.00087665 1360
0.000882598 1362
0.000884735 1371
0.000886354 1379
0.000887671 1380
0.000890495 1386
0.000891163 1388
0.000900593 1396
0.000900913 1406
0.000902391 1408
0.000902475 1432
0.000910249 1436
0.000919105 1438
0.000919406 1452
0.000921656 1457
0.000930173 1469
0.000933872 1471
0.000934888 1480
0.000940064 1483
0.000941834 1484
0.000946313 1486
0.000946502 1492
0.000960111 1504
0.00096076 1506
0.00096827 1515
0.000975903 1519
0.000981164 1521
0.000982914 1528
0.000983103 1534
0.000983206 1536
0.000994763 1539
0.00100739 1555
0.00100773 1562
0.0010112 1566
0.00101315 1585
0.00103259 1594
0.0010377 1599
0.00103998 1608
0.00104414 1609
0.00104464 1612
0.00104667 1631
0.00106957 1632
0.00108238 1637
0.00108319 1640
0.00108387 1649
0.00110515 1652
0.00114276 1659
0.00114338 1660
0.00114532 1669
0.00122259 1672
0.00124092 1679
0.00124445 1688
0.00126118 1694
0.00136669 1702
2 1702
