0 -32830
2.35e-07 -32255
6.277e-06 -31599
7.331e-06 -31506
7.971e-06 -31331
0.000175729 -31232
0.000180924 -30874
0.000181423 -30308
0.000182703 -30258
0.000183521 -29583
0.000183663 -28974
0.000188387 -28516
0.000189037 -27874
0.000189131 -27373
0.000190034 -26868
0.000190524 -26282
0.000191719 -26101
0.000192048 -25448
0.000196039 -24996
0.000200377 -24652
0.000200462 -24152
0.000201017 -23649
0.000201093 -23154
0.000216358 -22710
0.000216593 -22195
0.000216706 -21733
0.000217562 -21262
0.000219068 -21216
0.000232639 -20911
0.000234371 -20388
0.000235933 -19733
0.000238409 -19398
0.000239585 -19373
0.000240498 -18916
0.000245646 -18872
0.000247227 -18597
0.000247716 -18076
0.000248451 -17694
0.000248582 -17284
0.000249025 -16812
0.000251152 -16404
0.000254257 -15842
0.000256827 -15312
0.000258135 -14886
0.000258445 -14520
0.000260215 -14385
0.00026237 -13841
0.000282416 -13587
0.000283376 -13201
0.000283659 -12800
0.000285042 -12302
0.000289541 -11969
0.0002937 -11521
0.000295517 -11123
0.000296082 -10665
0.00029819 -10335
0.000299921 -9886
0.000300561 -9483
0.000307808 -9118
0.000311055 -8805
0.000313013 -8363
0.000313681 -7803
0.000317257 -7398
0.000323723 -7053
0.000333765 -6805
0.000342207 -6751
0.000351345 -6326
0.000353585 -6023
0.000355496 -5637
0.000365895 -5311
0.000371645 -5096
0.000372041 -4725
0.000373716 -4422
0.000385386 -4055
0.000390666 -3599
0.000398985 -3555
0.000401178 -3274
0.000415982 -3056
0.00042242 -2869
0.000433102 -2577
0.000437337 -2367
0.000437939 -2058
0.000447398 -2049
0.000452772 -1858
0.000461901 -1698
0.000470907 -1551
0.000474145 -1392
0.000490106 -1221
0.000559412 -964
0.000584907 -809
0.000598008 -612
0.000604464 -519
0.000606008 -354
0.000607607 -270
0.0006178 -172
0.000650806 -146
0.000675247 -136
0.000676696 -25
0.000681186 27
0.000681402 45
0.000714135 49
0.000739527 50
0.000793284 77
0.000821312 85
0.000889723 96
0.000941796 103
0.00095453 108
0.00102728 109
0.00103062 117
0.00108455 129
0.00153 130
0.00161237 131
0.00170657 142
2 142
