0 -252
2e-07 -220
0.000485809 -209
0.000489969 -199
0.000490259 -183
0.00049171 -157
0.00050532 -138
0.0005366 -57
0.00053693 -37
0.00053714 -30
0.00053733 -11
0.00053849 -2
0.0005387 3
0.00053904 40
0.00053939 103
0.0005395 114
0.00054018 124
0.00054095 159
0.000541261 185
0.000548841 222
0.000549291 232
0.000549731 239
0.000557181 294
0.000557281 297
0.000557451 309
0.000558561 363
0.000559071 387
0.000559461 392
0.000561621 449
0.000578781 460
0.000578871 466
0.000578981 493
0.000580531 494
0.000580881 495
0.000581881 506
0.000582051 536
0.000583561 562
0.000590291 567
0.000590811 582
0.000591371 600
0.000591601 604
0.000594092 626
0.000596412 635
0.000599292 658
0.000599472 660
0.000599662 662
0.000603072 669
0.000603242 681
0.000603322 730
0.000604772 761
0.000605902 764
0.000606382 768
0.000606532 807
0.000607822 828
0.000609122 830
0.000609522 841
0.000609682 844
0.000609942 887
0.000628072 917
0.000629212 946
0.000630102 967
0.000633802 980
0.000651783 981
0.000652153 987
0.000652593 1011
0.000652763 1016
0.000653183 1038
0.000660643 1042
0.000666943 1070
0.000668613 1078
0.000696894 1082
0.000697684 1094
0.000698104 1106
0.000698904 1122
0.000699074 1144
0.000700084 1145
0.000700764 1152
0.000701404 1175
0.000701604 1189
0.000712064 1191
0.000718584 1208
0.000725934 1219
0.000726604 1235
0.000728424 1241
0.000729304 1244
0.000729544 1251
0.000729754 1259
0.000730704 1265
0.000731764 1278
0.000736414 1305
0.000739774 1308
0.000740674 1326
0.000743665 1332
0.000766655 1338
0.000766745 1348
0.000767795 1369
0.000775045 1374
0.000775205 1411
0.000776205 1417
0.000784715 1427
0.000795406 1430
0.000801596 1431
0.000808206 1432
0.000818476 1433
0.000823046 1442
0.000823656 1443
0.000823916 1454
0.000824626 1459
0.000824916 1462
0.000825506 1466
0.000826496 1473
0.000827766 1478
0.000829916 1484
0.000830526 1493
0.000836306 1498
0.000836836 1511
0.000855317 1519
0.000874457 1520
0.000880357 1524
0.000882817 1529
0.000883997 1530
0.000894297 1539
0.000917318 1541
0.000918978 1542
0.000920118 1545
0.000921068 1555
0.000941358 1566
0.000942808 1576
0.000959009 1585
0.000979129 1592
0.00100249 1593
0.00100334 1594
0.00107129 1596
2 1596
