0 266
2.0321e-05 323
9.5612e-05 328
9.5792e-05 333
9.6172e-05 342
9.6582e-05 347
9.6782e-05 366
0.000352817 394
0.000352897 395
0.000353357 399
0.000353427 413
0.000393828 415
0.000394398 457
0.000394578 458
0.000394728 487
0.000394968 495
0.000395708 503
0.000398408 509
0.00047307 520
0.00047737 533
0.00047837 537
0.00047854 545
0.00047867 560
0.00048276 567
0.00048284 580
0.00050479 583
0.00050566 605
0.00050737 620
0.00050746 644
0.000543081 648
0.000559791 654
0.000565031 655
0.000566221 665
0.000568101 677
0.000568211 682
0.000571012 708
0.000573292 709
0.000573882 715
0.000575182 717
0.000580772 721
0.000582772 730
0.000583622 732
0.000583872 734
0.000600892 750
0.000600972 754
0.000601222 760
0.000601442 764
0.000607162 769
0.000617472 771
0.000620232 772
0.000620992 780
0.000623523 781
0.000626353 788
0.000627993 795
0.000628263 802
0.000647653 804
0.000650853 805
0.000664703 809
0.000667793 813
0.000674334 814
0.000675854 817
2 817
