0 -1209
5.7e-08 -1054
5.159e-06 -925
9.18e-06 -812
1.5127e-05 -711
2.1699e-05 -612
2.8025e-05 -514
3.5574e-05 -420
4.3038e-05 -329
4.7874e-05 -242
5.1611e-05 -157
5.5613e-05 -73
6.3959e-05 -2
6.7961e-05 63
7.1707e-05 125
7.5719e-05 186
8.0233e-05 243
8.488e-05 295
8.9233e-05 344
9.3472e-05 392
9.7238e-05 440
0.000101078 485
0.00010472 529
0.000109453 571
0.000113123 610
0.000116736 644
0.000120264 670
0.000123972 694
0.000127633 717
0.000131303 740
0.000149654 763
0.000160722 784
0.00016536 803
0.00017031 822
0.000174796 840
0.000179026 857
0.000182573 872
0.000186196 896
0.00018998 907
0.000196485 920
0.000202707 940
0.000204869 950
0.0002089 962
0.000212873 973
0.000214562 982
0.000216657 991
0.000219768 1006
0.00022671 1015
0.000229205 1034
0.000232733 1043
0.00023407 1049
0.000236479 1052
0.000238575 1059
0.000241941 1062
0.000243013 1064
0.000245308 1065
0.000246645 1075
0.00030866 1081
0.000312615 1082
0.000314388 1083
2 1083
