0 -12427
1.05e-07 -12160
2.8158e-05 -11905
4.7875e-05 -11651
6.3561e-05 -11398
8.6654e-05 -11151
0.000106835 -10913
0.000154975 -10678
0.000252203 -10451
0.000319519 -10231
0.000365686 -10018
0.00039831 -9806
0.000426781 -9594
0.000453241 -9390
0.000487695 -9188
0.000517493 -9000
0.000547121 -8815
0.000619909 -8633
0.000672658 -8455
0.000706619 -8279
0.000732652 -8106
0.000796611 -7934
0.000828476 -7765
0.000854804 -7597
0.0008872 -7430
0.000924879 -7263
0.000961051 -7102
0.000997516 -6942
0.00103293 -6784
0.00106496 -6627
0.00109272 -6470
0.00113625 -6320
0.00119968 -6171
0.00124639 -6022
0.00128593 -5874
0.00131811 -5726
0.00134805 -5578
0.00137648 -5432
0.00140235 -5288
0.00142757 -5149
0.00145233 -5012
0.00147587 -4879
0.00149771 -4746
0.00152087 -4615
0.00154252 -4484
0.00156637 -4356
0.00158981 -4228
0.00161251 -4102
0.00163713 -3981
0.00166182 -3862
0.00169475 -3744
0.00172026 -3631
0.00173983 -3519
0.00177087 -3409
0.00180344 -3302
0.00183589 -3195
0.00186489 -3091
0.00188791 -2987
0.00191192 -2884
0.00193571 -2782
0.00195837 -2681
0.00197979 -2581
0.0020007 -2483
0.0020244 -2385
0.00204918 -2288
0.0021021 -2193
0.00217403 -2100
0.00222772 -2008
0.00227156 -1916
0.00231078 -1826
0.0023473 -1737
0.00237487 -1651
0.00240185 -1565
0.00242648 -1481
0.00244789 -1399
0.00247066 -1320
0.00249214 -1242
0.00251541 -1164
0.00253965 -1087
0.00259321 -1011
0.00263981 -937
0.00267452 -864
0.00270438 -792
0.00273292 -723
0.00275795 -654
0.00278226 -587
0.00280537 -520
0.00282714 -454
0.00284801 -389
0.00286904 -324
0.00289238 -260
0.00291608 -197
0.00293919 -134
0.00296059 -72
0.00298261 -11
0.00300566 49
0.00304116 107
0.00308835 162
0.00312872 217
0.00316954 269
0.00320943 319
0.00324841 367
0.00328201 414
0.0033179 459
0.00335449 502
0.00338623 543
0.00342004 584
0.00345308 623
0.00348682 661
0.003532 697
0.00355685 732
0.00358026 766
0.0036043 799
0.00362888 831
0.00365307 863
0.00367565 892
0.00370118 919
0.00372378 943
0.00374895 967
0.00377396 988
0.00379966 1009
0.00382482 1028
0.00384948 1047
0.00387497 1066
0.00390016 1083
0.00392436 1100
0.00394889 1117
0.00397353 1133
0.0040159 1149
0.0040499 1163
0.00407524 1177
0.00410102 1191
0.00412483 1204
0.00414946 1216
0.00417336 1235
0.00419958 1247
0.00422487 1258
0.00425045 1268
0.00427307 1286
0.00429856 1296
0.00432414 1304
0.00434825 1312
0.00437276 1334
0.00439754 1341
0.00442358 1348
0.00444852 1361
0.00449438 1367
0.00451879 1378
0.00454375 1384
0.00459026 1389
0.00461972 1396
0.00464687 1404
0.00467356 1409
0.00470049 1414
0.00472741 1420
0.00478948 1425
0.00481793 1429
0.00484024 1443
0.00486413 1447
0.00488888 1462
0.00491394 1466
0.00496116 1474
0.00500272 1483
0.00503625 1488
0.00506821 1492
0.00509837 1501
0.00512544 1509
0.00515143 1513
0.00517735 1516
0.00520412 1519
0.00522791 1522
0.00525289 1525
0.00527902 1540
0.00530513 1551
0.00532925 1557
0.00535492 1560
0.00537948 1570
0.00541816 1573
0.00546203 1577
0.00549734 1584
0.00552985 1586
0.00556061 1593
0.00558981 1595
0.00561533 1597
0.00564157 1598
0.0056654 1600
0.00569075 1602
0.00571537 1606
0.00573831 1614
0.00576393 1617
0.00578833 1619
0.00581278 1623
0.00583694 1625
0.00586187 1632
0.00592541 1638
0.00596706 1639
0.00605882 1650
0.00609833 1654
0.00610931 1658
0.00612363 1659
0.00615812 1662
0.00618978 1666
0.00622929 1673
0.00624537 1678
0.00626385 1682
0.00628442 1686
0.0063199 1703
0.00634061 1711
0.0064507 1715
0.00646879 1717
0.00649873 1718
0.00650878 1719
0.00657505 1725
0.00660348 1734
0.00663367 1742
0.00666211 1744
0.00688387 1745
0.0068976 1746
0.00724129 1750
0.00734355 1763
0.00735201 1766
0.00736983 1767
0.00779981 1768
0.00785145 1770
0.00801273 1772
0.00802213 1776
0.00822076 1777
0.00823138 1778
0.00910033 1780
0.0094444 1787
0.00947828 1790
0.0100646 1791
0.0130504 1792
0.0147308 1794
0.0147432 1795
0.0152481 1797
0.0152559 1798
2 1798
