0 -7924
5.7e-08 -7617
1.5297e-05 -7348
2.5426e-05 -7097
3.3952e-05 -6863
4.3673e-05 -6650
5.1023e-05 -6438
6.7145e-05 -6230
8.9631e-05 -6035
0.000112336 -5846
0.000144675 -5663
0.000165711 -5483
0.000182374 -5312
0.000195518 -5146
0.000207714 -4982
0.000221722 -4821
0.000235597 -4662
0.000248533 -4503
0.000263261 -4347
0.0002776 -4195
0.000290991 -4047
0.00030663 -3904
0.000319746 -3763
0.000333431 -3623
0.000347467 -3486
0.000362433 -3349
0.000375634 -3217
0.000387726 -3085
0.000401146 -2958
0.000413949 -2832
0.000426012 -2708
0.00044094 -2585
0.000455611 -2464
0.000468708 -2345
0.000481511 -2227
0.000493708 -2116
0.000505733 -2010
0.000519902 -1904
0.000534355 -1799
0.000547225 -1696
0.000560995 -1595
0.000573685 -1497
0.000588318 -1403
0.000604554 -1310
0.00066674 -1218
0.000701317 -1127
0.000723159 -1046
0.000737157 -965
0.000751582 -885
0.000764555 -805
0.000776922 -733
0.000787933 -661
0.000799437 -590
0.000810817 -522
0.00082509 -455
0.000837201 -388
0.00085083 -324
0.000865899 -261
0.000884042 -203
0.000901388 -145
0.000915537 -88
0.00092744 -33
0.000940489 20
0.000954592 70
0.000967414 117
0.000981953 162
0.000992906 205
0.00100308 246
0.00101319 286
0.0010228 326
0.00103352 362
0.00104448 396
0.0010667 430
0.00109393 463
0.00111494 496
0.00112828 521
0.00114124 546
0.00116025 576
0.0011794 601
0.00119925 626
0.00121758 649
0.00123617 668
0.00125411 685
0.00127233 702
0.00128952 718
0.00130711 737
0.00132566 753
0.00134516 768
0.00136313 780
0.00138108 790
0.00139766 800
0.00141522 809
0.00143385 818
0.00145292 827
0.00147053 835
0.00148976 842
0.0015098 848
0.00152883 853
0.0015485 858
0.00156766 869
0.00158552 874
0.00160398 878
0.001623 879
0.00164372 880
0.00166315 889
0.00168172 893
0.00170004 894
0.00171742 896
0.00173641 901
0.00175391 904
0.00177098 905
0.00184829 907
0.00187679 909
0.00189416 916
0.0019105 918
0.00192334 920
0.00199262 925
0.0020061 926
0.00201777 927
0.00203187 933
0.00204431 937
0.0020604 949
0.00207237 952
0.00208463 953
0.00215771 960
0.00217194 969
0.00218418 987
0.00219404 997
0.00220653 1001
0.00222488 1002
0.00223631 1004
0.0023159 1016
0.00232877 1017
0.00240818 1022
0.00242454 1027
0.00243592 1037
0.00246188 1039
0.00289003 1043
0.00293725 1051
0.00295031 1052
0.00296335 1053
0.00330898 1054
0.00344708 1055
0.00345665 1057
0.00346075 1058
0.00350067 1059
2 1059
