0 -202160
6.6e-08 -200961
1.5089e-05 -199830
3.1885e-05 -198713
4.8794e-05 -197648
6.8188e-05 -196591
9.4373e-05 -195539
0.000127329 -194509
0.000169769 -193486
0.000218535 -192486
0.000267253 -191488
0.000314701 -190492
0.000362025 -189498
0.00041025 -188505
0.000456303 -187520
0.000502366 -186542
0.00054878 -185566
0.000595307 -184595
0.000641114 -183626
0.000687073 -182666
0.0007347 -181706
0.000781873 -180746
0.000829491 -179790
0.00087985 -178837
0.000927705 -177886
0.00097447 -176937
0.00102149 -175990
0.00106876 -175047
0.00111619 -174106
0.00116312 -173166
0.00122188 -172229
0.00127033 -171293
0.00131759 -170361
0.00136985 -169432
0.00142432 -168504
0.00147376 -167577
0.00152679 -166650
0.00158533 -165730
0.00163547 -164810
0.00168668 -163892
0.00173623 -162974
0.00178477 -162057
0.00183113 -161140
0.00188095 -160224
0.00192976 -159308
0.00197991 -158396
0.00203003 -157487
0.00207971 -156581
0.00212987 -155676
0.00218015 -154774
0.00222999 -153873
0.00227998 -152974
0.00234818 -152076
0.00240805 -151179
0.00246347 -150286
0.00251403 -149394
0.00256398 -148502
0.00261736 -147611
0.00266726 -146721
0.00271783 -145832
0.00276806 -144943
0.00281999 -144056
0.00287503 -143177
0.00292605 -142299
0.00297624 -141421
0.00302797 -140547
0.00313208 -139677
0.00318387 -138808
0.00323291 -137939
0.00329398 -137070
0.00335792 -136203
0.00342175 -135336
0.00348614 -134471
0.00354972 -133608
0.00359963 -132747
0.00364913 -131888
0.00369783 -131029
0.00375032 -130173
0.00380009 -129317
0.00384971 -128462
0.00389887 -127608
0.0039489 -126754
0.00400274 -125901
0.00405155 -125049
0.00410038 -124199
0.00414944 -123349
0.00420293 -122501
0.00425579 -121655
0.00430511 -120813
0.00435679 -119973
0.0044063 -119133
0.0044559 -118296
0.00450486 -117461
0.00455354 -116630
0.00460236 -115799
0.00465118 -114969
0.00470469 -114140
0.00475412 -113313
0.00480257 -112488
0.00485088 -111663
0.00490403 -110838
0.00495321 -110014
0.00502178 -109193
0.00509085 -108374
0.00514381 -107556
0.00519579 -106739
0.00524603 -105923
0.0052952 -105107
0.00534502 -104293
0.00539497 -103480
0.00544471 -102667
0.00549493 -101855
0.00554463 -101043
0.00560944 -100232
0.00566328 -99424
0.00571326 -98617
0.00576653 -97812
0.00583276 -97008
0.00588783 -96207
0.00594158 -95407
0.00602248 -94607
0.00608129 -93808
0.00614098 -93010
0.00619984 -92214
0.00625048 -91418
0.00631825 -90623
0.00637381 -89828
0.0064247 -89037
0.00647584 -88246
0.00655013 -87457
0.00660419 -86672
0.00666792 -85887
0.00671982 -85103
0.00694947 -84319
0.00702108 -83536
0.00708838 -82754
0.00713735 -81974
0.00723106 -81195
0.00728981 -80417
0.00734363 -79639
0.007415 -78861
0.0074919 -78084
0.00754573 -77310
0.00759824 -76536
0.00765073 -75763
0.00770403 -74991
0.00775738 -74221
0.00781069 -73451
0.00786415 -72682
0.00794372 -71913
0.00799837 -71147
0.00805147 -70383
0.00812064 -69623
0.00819837 -68864
0.00827778 -68106
0.00835696 -67349
0.00843463 -66594
0.0085268 -65841
0.008592 -65092
0.00864734 -64348
0.0087021 -63604
0.00875725 -62861
0.00882326 -62119
0.00888834 -61378
0.00897762 -60637
0.00906704 -59897
0.00912929 -59160
0.00918304 -58427
0.00923185 -57694
0.0092787 -56962
0.00959006 -56231
0.00965545 -55505
0.00970569 -54782
0.00975353 -54061
0.0098045 -53340
0.00985416 -52622
0.00990245 -51906
0.00995017 -51194
0.00999994 -50485
0.0100482 -49779
0.0100956 -49075
0.0101439 -48371
0.0101905 -47668
0.0102375 -46966
0.0102859 -46264
0.0103376 -45566
0.0103918 -44873
0.0104468 -44181
0.0105028 -43490
0.0105541 -42800
0.0106166 -42115
0.010669 -41431
0.0107204 -40748
0.0107778 -40066
0.0108348 -39391
0.0108943 -38717
0.0109522 -38049
0.011025 -37383
0.0111229 -36717
0.0111819 -36052
0.0112402 -35390
0.0113007 -34730
0.0113629 -34082
0.0114232 -33434
0.0114875 -32794
0.0115512 -32158
0.0116121 -31522
0.0116735 -30890
0.0117372 -30263
0.0118016 -29636
0.0118667 -29010
0.0119324 -28387
0.0119987 -27764
0.012066 -27151
0.012137 -26540
0.0122103 -25930
0.0122828 -25322
0.0123708 -24717
0.0124917 -24121
0.0125924 -23529
0.0126843 -22939
0.0127706 -22352
0.0128505 -21768
0.0129308 -21190
0.0130106 -20620
0.0130947 -20053
0.0131776 -19487
0.0132927 -18927
0.0133961 -18378
0.0134987 -17831
0.0135968 -17284
0.0136861 -16738
0.0137832 -16196
0.0138743 -15661
0.0139637 -15131
0.0140752 -14608
0.0141825 -14095
0.0142844 -13586
0.0144114 -13078
0.0145226 -12574
0.0146305 -12087
0.014807 -11604
0.0149683 -11122
0.0151363 -10640
0.0152776 -10170
0.0154724 -9703
0.0156214 -9242
0.0157845 -8787
0.015928 -8345
0.0160772 -7916
0.0162281 -7494
0.0164149 -7083
0.0165712 -6688
0.0167324 -6297
0.0168965 -5907
0.0170893 -5523
0.0173007 -5150
0.0175297 -4791
0.0177415 -4447
0.017937 -4125
0.0181521 -3819
0.0183595 -3514
0.0185653 -3224
0.0187735 -2939
0.0190048 -2665
0.0192599 -2415
0.0194807 -2169
0.0197028 -1929
0.0199242 -1707
0.0201473 -1488
0.0203666 -1292
0.0206127 -1113
0.0208413 -939
0.0210544 -781
0.0212781 -636
0.0214779 -494
0.0216654 -375
0.021842 -273
0.0220187 -182
0.0221768 -101
0.0223221 -25
0.0224584 34
0.0225916 83
0.0227162 92
0.0228621 95
0.0229915 108
0.0232457 119
0.0233631 139
2 139
