0 -10159
6.7e-08 -9845
1.7943e-05 -9546
3.1648e-05 -9262
4.6158e-05 -9004
6.265e-05 -8756
9.664e-05 -8517
0.000118927 -8285
0.000144325 -8060
0.000168224 -7846
0.000186158 -7634
0.000202413 -7426
0.000215453 -7222
0.00023167 -7019
0.000244492 -6818
0.000260046 -6618
0.000274926 -6420
0.000289341 -6225
0.000308205 -6038
0.000322288 -5855
0.000335679 -5673
0.000351223 -5492
0.000364709 -5311
0.000377455 -5145
0.000390467 -4980
0.000402578 -4821
0.000414006 -4662
0.000426543 -4503
0.000438427 -4351
0.000452301 -4201
0.000467513 -4052
0.000482972 -3903
0.000523183 -3759
0.000550686 -3626
0.000569834 -3495
0.00058956 -3365
0.000605569 -3236
0.000619283 -3107
0.00063255 -2979
0.000648919 -2852
0.000663174 -2727
0.000677494 -2606
0.000692147 -2486
0.000712802 -2368
0.0007325 -2251
0.000750557 -2136
0.000769544 -2023
0.000785998 -1913
0.000802889 -1807
0.000821961 -1703
0.000842911 -1601
0.000861812 -1502
0.000880239 -1406
0.000898049 -1311
0.000918089 -1217
0.000937938 -1123
0.000956033 -1032
0.000974261 -943
0.000992205 -854
0.00100989 -770
0.00102751 -693
0.00104809 -617
0.00106434 -544
0.00108257 -476
0.00110159 -409
0.00113091 -343
0.00115435 -279
0.00117249 -216
0.00119126 -156
0.00120982 -98
0.00122606 -41
0.0012429 13
0.00125566 63
0.00126647 110
0.00127746 155
0.00128903 197
0.00130134 238
0.00131324 279
0.00132399 319
0.0013353 359
0.00134707 399
0.00136029 439
0.00137082 477
0.00138306 509
0.00139711 540
0.00140871 569
0.00142127 598
0.00144274 622
0.00145635 645
0.00146792 665
0.00148009 684
0.00149406 702
0.00150641 718
0.00151536 734
0.00152392 749
0.00153558 763
0.00154823 776
0.00155999 789
0.00157167 804
0.00158194 815
0.00159403 826
0.00160632 836
0.00161706 845
0.00163052 858
0.00166663 867
0.00167929 884
0.00169182 892
0.00170289 906
0.00171508 914
0.001727 922
0.00173573 928
0.00174814 934
0.00175914 936
0.00177036 938
0.00178081 940
0.00179244 941
0.00180407 942
0.00181547 943
0.00182641 949
0.00183631 952
0.00184835 953
0.00185968 958
0.00187198 959
0.00190411 967
0.00192508 974
0.00195088 981
0.00196378 992
0.00197629 998
0.00198924 999
0.00200628 1014
0.00204157 1019
0.00205361 1025
0.00206661 1028
0.00207715 1029
0.00211147 1038
0.00212214 1039
0.0021415 1049
0.00229852 1050
0.00232423 1051
0.00233787 1054
0.00234368 1058
0.00235246 1061
0.00240566 1064
0.00242104 1067
0.00242722 1070
0.00253536 1072
0.00254315 1073
0.00260445 1076
0.00261573 1079
0.00262595 1084
0.00263704 1085
0.00263918 1089
0.00264884 1090
0.0026598 1095
0.00267275 1098
0.00270378 1099
0.00295557 1102
0.00299129 1105
0.00300753 1109
0.00301663 1114
0.00319141 1117
0.00319631 1122
0.00328202 1124
0.0032862 1130
0.00388259 1132
0.00390233 1133
2 1133
