0 -15421
4.8e-08 -15112
5.089e-05 -14804
7.6923e-05 -14524
0.000128221 -14245
0.000193508 -13970
0.000241534 -13696
0.000276965 -13434
0.000327941 -13177
0.000362196 -12923
0.000390676 -12672
0.000423784 -12422
0.000456029 -12176
0.000493367 -11931
0.000525336 -11697
0.000557373 -11464
0.000584563 -11232
0.000612255 -11004
0.000646843 -10777
0.00068621 -10558
0.000725995 -10342
0.000765295 -10127
0.000807726 -9912
0.000845301 -9699
0.000882876 -9486
0.000916173 -9275
0.0009539 -9069
0.000993703 -8863
0.00103117 -8663
0.00106108 -8465
0.00109163 -8272
0.00112055 -8086
0.0011669 -7901
0.00122285 -7717
0.00126637 -7535
0.00130665 -7356
0.00134066 -7181
0.0013714 -7008
0.00140395 -6837
0.0014438 -6667
0.00147098 -6500
0.00149527 -6336
0.00155459 -6172
0.00162757 -6010
0.00168103 -5849
0.00172489 -5690
0.00176162 -5534
0.00179286 -5380
0.00182432 -5227
0.00184707 -5076
0.00187652 -4925
0.00190848 -4775
0.00194043 -4630
0.0019766 -4486
0.00201245 -4344
0.00204842 -4202
0.0020826 -4062
0.00211453 -3922
0.00214722 -3792
0.00218149 -3663
0.0022071 -3536
0.002233 -3410
0.00226239 -3284
0.00228707 -3164
0.00231128 -3046
0.00233546 -2929
0.00236105 -2813
0.00238433 -2698
0.00240906 -2585
0.00243056 -2476
0.0024531 -2369
0.00247585 -2263
0.00250108 -2158
0.00252338 -2053
0.00254963 -1949
0.00257282 -1845
0.00259805 -1748
0.0026218 -1653
0.00264863 -1558
0.00267517 -1467
0.00270245 -1376
0.00272634 -1288
0.00275099 -1205
0.00278107 -1124
0.00280548 -1045
0.00283012 -968
0.00285483 -895
0.00287823 -823
0.00290184 -753
0.00292731 -684
0.00295395 -616
0.00297886 -550
0.00300674 -484
0.00303597 -419
0.00307824 -356
0.00310463 -295
0.00313036 -238
0.00315572 -181
0.00318075 -127
0.00320587 -74
0.0032299 -23
0.00325173 27
0.00327633 74
0.00330232 119
0.00333327 163
0.00335889 204
0.00338547 244
0.00341065 283
0.00343764 319
0.00346198 354
0.00348726 388
0.00351424 422
0.00354091 455
0.0035669 485
0.00359658 515
0.00362614 543
0.0036547 568
0.00368207 593
0.00371018 617
0.00373163 640
0.00376427 663
0.00379609 685
0.00383269 704
0.00386832 723
0.00389743 741
0.00392513 759
0.00395297 776
0.0039775 793
0.00400399 808
0.00406497 824
0.00409336 838
0.00412106 854
0.00414755 869
0.00417622 883
0.00420479 897
0.00423355 911
0.0042569 922
0.00428703 932
0.00431168 942
0.00433802 952
0.00436344 960
0.00439145 968
0.00441753 976
0.00444353 984
0.00446974 990
0.00449652 1000
0.00452414 1008
0.00454981 1025
0.00457567 1036
0.00460038 1047
0.00462771 1053
0.00465545 1059
0.00468974 1065
0.00472586 1070
0.00475234 1074
0.00477792 1086
0.00480504 1091
0.00483349 1095
0.00486347 1099
0.00489113 1102
0.00492025 1115
0.00494908 1117
0.00500059 1119
0.00503885 1120
0.00507106 1128
0.00510323 1132
0.00513259 1134
0.00516198 1136
0.00519022 1137
0.00527571 1140
0.00530442 1143
0.00533116 1145
0.00540982 1149
0.00543643 1153
0.00546076 1161
0.00548596 1162
0.00550993 1163
0.00553526 1170
0.00555962 1171
0.00558429 1183
0.00561077 1188
0.00563545 1196
0.00566282 1198
0.0057144 1201
0.00576686 1203
0.00589712 1204
0.00592328 1205
0.00595057 1206
0.00597632 1207
0.00609904 1208
0.00612559 1217
0.00615201 1219
0.00618485 1220
0.00622128 1231
0.00635216 1250
0.00637857 1253
0.00642938 1262
0.00652546 1264
0.00656553 1271
0.00664074 1273
0.00669945 1279
0.00672707 1284
0.00692514 1287
0.00695393 1289
0.0070817 1294
0.00710981 1300
0.00713635 1303
0.00716238 1306
0.00919447 1307
0.00922645 1308
0.0105941 1314
0.0106195 1317
0.0106456 1318
0.0111478 1325
0.013036 1326
0.0130541 1327
0.0131874 1328
0.01323 1330
0.0132659 1331
0.0135885 1332
0.0136159 1334
0.0136474 1335
0.0143007 1338
0.0145033 1346
0.0145232 1348
0.0145432 1350
0.0145634 1351
0.0153006 1353
0.0153156 1355
0.0154297 1358
0.015452 1359
0.0157645 1362
0.0207198 1363
0.0209516 1366
0.0209557 1369
0.0209667 1371
0.0210293 1377
0.0219742 1379
0.0248245 1388
0.0248555 1390
0.0296798 1393
2 1393
