0 -47014
1.14e-07 -46416
1.3681e-05 -45860
2.2861e-05 -45340
3.4491e-05 -44835
4.8912e-05 -44338
6.1083e-05 -43855
8.2738e-05 -43376
9.5953e-05 -42906
0.000121634 -42437
0.000149574 -41969
0.000173536 -41506
0.000195789 -41043
0.000217112 -40583
0.000237419 -40124
0.000256378 -39671
0.000273486 -39219
0.000288534 -38770
0.000304103 -38324
0.000325075 -37888
0.000347082 -37453
0.000368129 -37018
0.000389139 -36590
0.000412247 -36163
0.000429762 -35736
0.000446737 -35311
0.000462858 -34893
0.000478124 -34480
0.000494149 -34067
0.000510003 -33655
0.000525649 -33244
0.000544171 -32838
0.000560681 -32433
0.000576574 -32029
0.000593339 -31625
0.00061021 -31222
0.000626273 -30828
0.000643666 -30436
0.000658447 -30048
0.000675603 -29661
0.000692065 -29274
0.000707615 -28889
0.000723555 -28508
0.000740008 -28127
0.000756594 -27748
0.00077336 -27370
0.000789717 -26992
0.000807641 -26618
0.000823828 -26244
0.000842113 -25875
0.000859857 -25508
0.000876404 -25141
0.00089655 -24777
0.000912243 -24420
0.000928648 -24064
0.000947209 -23712
0.000964402 -23362
0.000980836 -23013
0.000999738 -22665
0.0010158 -22318
0.00103291 -21972
0.0010836 -21628
0.00111025 -21286
0.00112918 -20945
0.00114607 -20608
0.00116388 -20274
0.0011859 -19946
0.00120532 -19619
0.00122299 -19294
0.00123998 -18975
0.00125673 -18659
0.00127366 -18347
0.00129146 -18040
0.00130801 -17735
0.0013259 -17436
0.00134525 -17137
0.00136147 -16838
0.00141149 -16539
0.00143917 -16240
0.00146064 -15944
0.00148108 -15650
0.00150195 -15359
0.00151819 -15069
0.00153404 -14779
0.00155309 -14491
0.001571 -14204
0.00158953 -13918
0.00161112 -13639
0.0016325 -13364
0.00165181 -13092
0.00167202 -12821
0.00169187 -12551
0.00171257 -12281
0.00173468 -12017
0.00175595 -11754
0.00177897 -11491
0.0018025 -11231
0.00182425 -10973
0.00184594 -10716
0.0018664 -10460
0.00188754 -10208
0.00190816 -9959
0.00193003 -9716
0.00195361 -9474
0.00197998 -9236
0.00200453 -8998
0.00202958 -8761
0.00205148 -8527
0.0020712 -8297
0.00209479 -8070
0.00212126 -7844
0.0021456 -7620
0.00216957 -7397
0.00219414 -7180
0.00221941 -6965
0.00224757 -6751
0.00226901 -6541
0.00229311 -6332
0.00231933 -6124
0.00234322 -5921
0.0023697 -5722
0.00240087 -5525
0.00242907 -5331
0.00245861 -5139
0.00248721 -4947
0.00252703 -4758
0.00257645 -4570
0.00260868 -4389
0.00264163 -4210
0.00267194 -4035
0.00271443 -3863
0.00275561 -3693
0.00279268 -3534
0.00282964 -3375
0.00286433 -3216
0.00289837 -3057
0.00292665 -2900
0.00299133 -2743
0.00305716 -2598
0.00311676 -2457
0.00316741 -2318
0.0032162 -2179
0.00326655 -2040
0.00331771 -1903
0.00336827 -1767
0.00341656 -1638
0.00349506 -1512
0.00357093 -1390
0.00363943 -1272
0.00369793 -1154
0.00375152 -1041
0.00379992 -932
0.00384481 -825
0.00388722 -722
0.00393202 -633
0.00397847 -554
0.00402676 -476
0.00407222 -400
0.00411295 -325
0.00415643 -256
0.00419715 -190
0.00424141 -126
0.004284 -63
0.00432355 -6
0.00436049 49
0.00439639 102
0.00443675 155
0.00447693 202
0.00451532 236
0.00455362 270
0.00459815 297
0.00463269 323
0.0046601 338
0.0047334 347
0.00476835 359
0.00479688 372
0.00482465 381
0.00486606 394
0.00489388 402
0.00491998 409
0.00495013 422
0.0049796 427
0.00501318 437
0.00504908 440
0.00507784 448
0.00510687 450
0.00553113 460
0.00555751 463
0.00558303 468
0.00561172 476
0.0057753 479
0.00582102 482
0.00585637 484
0.00628391 492
0.00631608 493
0.00636569 496
0.0123834 498
2 498
