0 -14128
4.5e-08 -13846
2.4349e-05 -13572
4.2669e-05 -13299
6.1968e-05 -13044
7.6173e-05 -12792
0.000102172 -12542
0.000145802 -12295
0.000257827 -12057
0.000328299 -11822
0.000374721 -11592
0.000406648 -11368
0.000432094 -11145
0.000455191 -10926
0.000477781 -10707
0.000500743 -10493
0.000522381 -10281
0.000546177 -10073
0.000566891 -9866
0.000588674 -9661
0.000609451 -9463
0.000632766 -9265
0.000656254 -9067
0.000681255 -8877
0.000702993 -8688
0.000727124 -8501
0.000750113 -8315
0.000774425 -8132
0.000795719 -7949
0.000821337 -7773
0.000844552 -7599
0.000867795 -7427
0.000893186 -7260
0.000914825 -7094
0.000936481 -6930
0.000962661 -6769
0.000990554 -6613
0.00101529 -6459
0.00103846 -6305
0.00106045 -6154
0.0010847 -6003
0.00111238 -5853
0.00113471 -5703
0.0011566 -5557
0.00117747 -5413
0.00120078 -5276
0.00122381 -5145
0.00124448 -5015
0.00128456 -4886
0.00134165 -4758
0.00138142 -4630
0.00140898 -4503
0.0014325 -4379
0.00145535 -4256
0.00147716 -4134
0.00150117 -4017
0.00152108 -3902
0.00154421 -3788
0.00156417 -3674
0.00158604 -3560
0.00160791 -3447
0.00162752 -3336
0.00164723 -3225
0.00166744 -3115
0.00168682 -3009
0.00170587 -2903
0.00172847 -2798
0.0017475 -2695
0.00176743 -2593
0.00178686 -2491
0.0018067 -2390
0.00182841 -2291
0.00184906 -2193
0.00187069 -2095
0.00188999 -1998
0.00190755 -1904
0.00192689 -1812
0.0019454 -1721
0.00196401 -1635
0.00198462 -1549
0.00200259 -1469
0.00202109 -1390
0.00204144 -1313
0.00206089 -1236
0.00207972 -1159
0.00209854 -1083
0.00211901 -1008
0.00213935 -936
0.00215668 -865
0.00217506 -795
0.00219341 -725
0.00221666 -655
0.00223599 -586
0.00225386 -518
0.00227368 -451
0.00229404 -388
0.00231128 -328
0.00232824 -272
0.00234721 -217
0.00236668 -163
0.00238488 -112
0.00240538 -61
0.00242538 -10
0.00244697 41
0.00246639 91
0.00248684 141
0.00250585 191
0.00252415 240
0.00254297 288
0.0025609 335
0.00258058 381
0.00260039 423
0.00261726 465
0.00263589 506
0.00265578 546
0.00267466 586
0.00269475 624
0.00271613 660
0.00273651 692
0.00275625 723
0.00277414 752
0.00279237 781
0.00281032 808
0.0028286 835
0.00284501 861
0.00286469 886
0.00288749 908
0.00290969 930
0.00293139 951
0.00295442 977
0.0029725 998
0.00298979 1018
0.00300809 1041
0.00302715 1061
0.00304676 1077
0.0030674 1093
0.00310757 1108
0.00314733 1121
0.00317582 1137
0.00320217 1150
0.00322599 1162
0.00324795 1175
0.00326794 1193
0.00328694 1205
0.00330555 1217
0.00332408 1228
0.00334246 1239
0.00336382 1250
0.00338318 1260
0.00340062 1270
0.00342 1280
0.00343776 1289
0.00345695 1314
0.0034759 1329
0.00349522 1338
0.00351584 1347
0.0035379 1355
0.00355704 1363
0.00357728 1371
0.00359708 1378
0.00361479 1384
0.00363553 1390
0.00365506 1398
0.00367563 1403
0.00369449 1408
0.00371411 1413
0.00373269 1418
0.00375403 1428
0.00377204 1432
0.00379025 1435
0.00381747 1437
0.00383899 1439
0.00385743 1453
0.00387834 1458
0.00389793 1459
0.00391711 1461
0.00393521 1462
0.00395593 1463
0.00397619 1469
0.00399693 1473
0.00401667 1476
0.00405356 1478
0.00407399 1487
0.00409223 1489
0.00411244 1490
0.00413315 1505
0.00415502 1506
0.004246 1522
0.00459483 1524
0.00461464 1526
0.00463305 1528
0.00465341 1529
0.00467302 1530
0.00471115 1531
0.00473156 1532
0.00509067 1539
0.00510908 1540
0.00512796 1541
0.00531623 1545
0.00533669 1547
0.00535498 1548
0.00537466 1549
0.00539437 1550
0.00541331 1553
0.00573453 1556
0.00575366 1560
0.0057708 1562
0.00578973 1575
0.00581249 1582
0.00583346 1588
0.00585274 1589
0.00587211 1590
0.00596467 1592
0.00598459 1593
0.00600408 1594
0.0060209 1595
0.00621727 1597
0.0062368 1600
0.0062714 1605
0.00629034 1606
0.00637935 1613
0.00639739 1614
0.00645205 1615
0.00651104 1621
0.00654782 1622
0.00706798 1623
0.00708585 1624
0.00710351 1625
0.00713714 1630
0.00729027 1634
0.00730789 1635
0.00732788 1636
0.00734457 1637
0.00737789 1640
2 1640
