0 -8852
4.5e-08 -8516
1.4812e-05 -8251
2.4711e-05 -7993
3.0839e-05 -7741
4.1508e-05 -7500
5.6846e-05 -7272
8.6199e-05 -7048
0.00010529 -6826
0.000122486 -6606
0.000145747 -6387
0.000164331 -6173
0.000179143 -5975
0.000193384 -5780
0.000208187 -5589
0.000220633 -5403
0.00023172 -5217
0.000244221 -5032
0.000254283 -4849
0.000265886 -4669
0.000281016 -4496
0.000293045 -4340
0.000305147 -4185
0.000317185 -4032
0.000327202 -3879
0.000339177 -3730
0.000350499 -3585
0.000361993 -3441
0.000377631 -3298
0.000388264 -3158
0.000402786 -3018
0.000415577 -2880
0.000430208 -2752
0.00044172 -2625
0.000454838 -2501
0.000468897 -2379
0.00047973 -2262
0.000491678 -2153
0.000505112 -2045
0.00051783 -1943
0.000531238 -1842
0.000546086 -1745
0.000558061 -1649
0.000571622 -1556
0.000582736 -1463
0.000595345 -1370
0.000606958 -1278
0.0006177 -1188
0.000628714 -1098
0.000638649 -1009
0.000647669 -922
0.000658492 -837
0.000671519 -752
0.000684817 -668
0.000697028 -585
0.000707833 -509
0.000718376 -438
0.000730433 -368
0.000741746 -304
0.000752587 -241
0.000764599 -178
0.000776202 -117
0.000787905 -57
0.000799155 3
0.000812498 62
0.000825008 117
0.000836793 170
0.000846755 223
0.000856083 266
0.000868384 307
0.000880042 347
0.000890757 386
0.000900085 424
0.000911271 461
0.000921378 498
0.000932275 534
0.000943542 566
0.000953686 597
0.000964347 627
0.000976204 656
0.000985949 685
0.000998232 710
0.00101121 734
0.00102126 756
0.001032 786
0.00104775 807
0.00106412 828
0.00107873 846
0.00108927 864
0.00110076 881
0.00111328 896
0.00112383 910
0.00113501 925
0.00114654 939
0.00115788 952
0.00116737 964
0.00117755 976
0.00118842 987
0.00119947 996
0.00121055 1014
0.00122086 1023
0.00123144 1031
0.00124227 1039
0.00125514 1047
0.00126438 1054
0.0012752 1061
0.00128498 1070
0.00129498 1083
0.0013043 1093
0.00131379 1103
0.00132569 1113
0.00133651 1118
0.001346 1123
0.00135685 1128
0.0013663 1130
0.00137667 1132
0.0013878 1133
0.00139853 1134
0.00142082 1138
0.00143294 1142
0.00144649 1148
0.00145792 1151
0.00147038 1154
0.00151307 1159
0.00152325 1169
0.00153294 1174
0.00154246 1175
0.00155357 1176
0.00157171 1182
0.00159609 1187
0.00164234 1194
0.00165456 1209
0.0016645 1219
0.0016693 1229
0.00172608 1233
0.00194412 1234
0.00279271 1236
0.00329804 1239
0.00330718 1240
0.0033195 1241
0.00547532 1245
0.00597584 1248
2 1248
