0 -8575
5.5e-08 -8258
1.4876e-05 -7956
2.6452e-05 -7692
3.9352e-05 -7467
5.217e-05 -7244
6.2504e-05 -7022
7.7479e-05 -6807
0.000114909 -6601
0.000138559 -6395
0.000161712 -6200
0.000175926 -6006
0.000188997 -5819
0.000203175 -5633
0.000215993 -5449
0.000226998 -5267
0.000239925 -5088
0.000254021 -4909
0.000265116 -4735
0.000276792 -4563
0.000289674 -4392
0.000301812 -4229
0.000316624 -4068
0.000333766 -3922
0.000345822 -3779
0.000356492 -3639
0.000370162 -3504
0.000383669 -3370
0.000397674 -3238
0.000410529 -3106
0.000421234 -2975
0.000433119 -2850
0.000444414 -2728
0.000455881 -2608
0.000467013 -2490
0.000479278 -2380
0.000489875 -2271
0.000503128 -2164
0.000516018 -2058
0.000528564 -1954
0.000539315 -1853
0.000550003 -1756
0.000560872 -1661
0.000574606 -1566
0.000585094 -1473
0.000595682 -1387
0.000608636 -1301
0.000620892 -1217
0.000632948 -1136
0.000643763 -1057
0.000655865 -982
0.000667486 -908
0.000680005 -835
0.000689659 -762
0.000701154 -691
0.00071757 -621
0.000729409 -552
0.000738991 -483
0.000749153 -420
0.000758145 -357
0.000770265 -295
0.000780128 -235
0.000791822 -178
0.000804468 -122
0.000814711 -67
0.000833521 -13
0.000846122 41
0.000856374 95
0.000869165 147
0.000880822 197
0.000891202 246
0.00090004 292
0.0009111 336
0.000921923 379
0.000931868 419
0.000943398 456
0.000956008 492
0.000969161 525
0.000980329 557
0.00099147 588
0.00100125 618
0.00101139 646
0.00102017 670
0.00103269 693
0.00104473 713
0.00105548 732
0.00106544 749
0.00107673 766
0.00108681 783
0.00109923 799
0.0011102 813
0.00112039 827
0.00113057 847
0.00114197 859
0.00115368 883
0.00116441 894
0.00117495 908
0.00118738 928
0.0011971 938
0.00120718 947
0.00121627 956
0.00122674 960
0.00123797 965
0.00124654 967
0.0012563 969
0.00126774 973
0.00127882 977
0.00128983 992
0.00130075 1001
0.00131118 1009
0.0013227 1011
0.00133311 1020
0.00134902 1021
0.00135921 1036
0.001369 1047
0.00137905 1049
0.00138811 1050
0.00139873 1052
0.00140879 1054
0.00142042 1056
0.00143352 1057
0.00144271 1058
0.0014538 1059
0.00148713 1060
0.00150744 1073
0.00151824 1075
0.00152924 1079
0.00153776 1094
0.00154794 1096
0.00160573 1097
0.00161517 1108
0.00162619 1113
0.00163522 1120
0.00165613 1123
0.00166956 1125
0.00168276 1127
0.00170129 1129
0.00176261 1134
0.00178342 1139
0.00180513 1143
0.00227129 1145
0.00229209 1148
0.00241236 1152
0.00241908 1155
0.00488655 1160
0.00489135 1162
2 1162
