0 -42197
5.5e-08 -41700
6.099e-05 -41204
0.000116522 -40714
0.000176306 -40241
0.000228421 -39774
0.000315618 -39309
0.000395199 -38850
0.00049758 -38392
0.000621934 -37940
0.00077526 -37503
0.000933245 -37070
0.00109857 -36642
0.00125279 -36215
0.00140526 -35788
0.00155527 -35366
0.00170352 -34946
0.00184599 -34527
0.00200212 -34115
0.00215682 -33711
0.00230855 -33312
0.00245999 -32915
0.00260771 -32525
0.0027577 -32142
0.00290948 -31763
0.00305459 -31387
0.00320061 -31018
0.00333852 -30650
0.00347896 -30283
0.00361331 -29917
0.00375742 -29553
0.00391616 -29191
0.00408341 -28835
0.00423445 -28481
0.00438033 -28128
0.00452051 -27777
0.00466112 -27431
0.0047951 -27086
0.00492689 -26742
0.00508972 -26399
0.00522432 -26058
0.00535536 -25721
0.00551121 -25387
0.00569147 -25059
0.00586205 -24734
0.00600658 -24411
0.0061459 -24091
0.00628202 -23775
0.00641329 -23461
0.00654023 -23150
0.00666519 -22841
0.00678744 -22534
0.00690704 -22227
0.00702344 -21922
0.00714024 -21619
0.00725492 -21316
0.00736963 -21013
0.00749171 -20714
0.00760224 -20418
0.00771119 -20128
0.00781924 -19838
0.00792587 -19551
0.00803225 -19265
0.00813751 -18981
0.00823988 -18697
0.00833929 -18415
0.00847678 -18134
0.00863753 -17856
0.00878163 -17582
0.00890546 -17311
0.00905092 -17045
0.00916981 -16781
0.00930813 -16519
0.00944057 -16262
0.00957029 -16008
0.00969285 -15755
0.00980528 -15504
0.0099141 -15258
0.0100192 -15013
0.0101182 -14769
0.0102146 -14525
0.0103102 -14282
0.0104046 -14043
0.0105169 -13805
0.010643 -13575
0.0107614 -13345
0.0108725 -13119
0.0109772 -12896
0.0110903 -12673
0.011186 -12451
0.0112791 -12229
0.0113646 -12008
0.0114476 -11789
0.0115226 -11574
0.0115949 -11360
0.0116649 -11150
0.0117307 -10943
0.011796 -10738
0.0118556 -10538
0.0119176 -10338
0.0119755 -10139
0.0120365 -9942
0.0120917 -9747
0.0121477 -9552
0.0122014 -9358
0.0122541 -9170
0.0123064 -8983
0.0123611 -8796
0.0124137 -8610
0.0124741 -8425
0.0125598 -8244
0.0126183 -8066
0.0126781 -7889
0.0127427 -7718
0.0128104 -7548
0.0128762 -7381
0.0129329 -7215
0.0129807 -7050
0.013095 -6887
0.0131666 -6725
0.0132294 -6564
0.0132893 -6406
0.0133429 -6248
0.0133948 -6092
0.0134463 -5937
0.0135006 -5782
0.0135561 -5630
0.0136075 -5479
0.0136599 -5331
0.0137201 -5186
0.0137697 -5044
0.013825 -4904
0.0138775 -4764
0.0139334 -4625
0.0139845 -4488
0.0140451 -4352
0.0141059 -4216
0.0141632 -4084
0.014218 -3955
0.0142664 -3828
0.0143171 -3704
0.0143656 -3582
0.0144158 -3460
0.0144673 -3341
0.0145237 -3223
0.0145852 -3106
0.0146433 -2991
0.014715 -2877
0.0147757 -2765
0.0148362 -2656
0.0148926 -2551
0.0149468 -2450
0.015001 -2349
0.0150575 -2250
0.0151117 -2153
0.0151631 -2056
0.0152145 -1962
0.0152615 -1872
0.0153147 -1783
0.0153722 -1696
0.0154265 -1609
0.0154824 -1523
0.0155393 -1439
0.0155924 -1357
0.0156472 -1275
0.0157018 -1195
0.015754 -1116
0.0158039 -1039
0.0158567 -962
0.0159087 -886
0.0159618 -810
0.0160176 -738
0.0160712 -666
0.0161239 -595
0.0161707 -525
0.0162192 -455
0.0162718 -386
0.0163202 -323
0.0163677 -260
0.016417 -197
0.016474 -136
0.0165296 -76
0.016584 -18
0.0166397 39
0.0167016 96
0.0167565 152
0.0168095 208
0.0168623 258
0.0169136 303
0.0169642 347
0.0170159 390
0.0170705 432
0.0171239 474
0.0171762 512
0.0172281 548
0.0172779 583
0.017329 617
0.0173783 650
0.0174261 682
0.0174732 712
0.017516 741
0.0175591 766
0.0176038 791
0.0176462 815
0.0176909 838
0.0177359 860
0.0177795 881
0.0178276 899
0.0178772 917
0.0179291 934
0.0179809 951
0.0180312 968
0.0180794 984
0.0181265 1001
0.0181759 1016
0.0182492 1031
0.0183235 1046
0.0183818 1058
0.0184354 1072
0.0184871 1081
0.018536 1090
0.0185844 1098
0.0186397 1115
0.018688 1123
0.0187403 1130
0.0187934 1136
0.0188465 1142
0.018899 1148
0.0189488 1153
0.0189963 1158
0.0190447 1163
0.0190949 1168
0.0191445 1178
0.0191956 1187
0.0192449 1191
0.0192917 1196
0.0193363 1200
0.0193802 1208
0.0194285 1212
0.0194786 1216
0.0195322 1222
0.0195849 1235
0.0196367 1238
0.0197005 1248
0.0197672 1250
0.0198363 1252
0.0199015 1254
0.019957 1256
0.02001 1258
0.0200603 1270
0.0201189 1275
0.0201752 1276
0.020228 1286
0.0202777 1298
0.0203267 1301
0.0203773 1302
0.0204278 1313
0.0204898 1319
0.0205429 1325
0.020592 1329
0.020642 1331
0.020695 1348
0.0207442 1349
0.0207906 1350
0.0208398 1357
0.0208897 1358
0.0209921 1365
0.021338 1378
0.0213942 1379
0.0215957 1389
0.0216452 1397
0.0216948 1404
0.0217448 1408
0.0217891 1409
0.0218337 1410
0.0219416 1419
0.0223562 1422
0.0230802 1424
0.0231302 1425
0.0231772 1426
0.0236105 1427
0.023663 1430
0.0237135 1436
0.0237806 1437
0.0238343 1439
0.0243061 1446
0.0243565 1447
0.0244047 1448
0.0244532 1456
0.0247367 1461
0.024789 1469
0.0248425 1471
0.024895 1472
0.024948 1473
0.0250001 1474
0.0357117 1477
0.0358726 1484
0.0359822 1493
0.0366645 1500
0.0367212 1502
0.0367744 1504
0.0373726 1505
0.0374326 1507
2 1507
