0 -14549
4.5e-08 -14233
2.6119e-05 -13924
5.5972e-05 -13658
8.6456e-05 -13395
0.000146541 -13154
0.00019822 -12913
0.000237119 -12673
0.000275334 -12439
0.000306088 -12208
0.000331018 -11980
0.000357218 -11758
0.000379646 -11538
0.000404604 -11321
0.000427707 -11111
0.000453025 -10906
0.000475183 -10702
0.000499331 -10504
0.000524324 -10306
0.000545106 -10108
0.000566121 -9913
0.000588496 -9719
0.000611473 -9528
0.00063185 -9340
0.000653396 -9154
0.000709458 -8970
0.000776762 -8788
0.00082314 -8606
0.000858843 -8424
0.00088948 -8248
0.000914915 -8072
0.000940088 -7905
0.000963876 -7739
0.000985197 -7576
0.00100842 -7415
0.00104444 -7255
0.0010732 -7095
0.00109418 -6936
0.00111565 -6779
0.00113658 -6627
0.00115887 -6477
0.00118215 -6329
0.00120499 -6186
0.00122626 -6044
0.00124934 -5905
0.00126986 -5768
0.00129062 -5634
0.00131442 -5500
0.00133494 -5368
0.00137319 -5236
0.00140008 -5106
0.00142666 -4976
0.00149728 -4848
0.00153678 -4720
0.00156513 -4595
0.00158624 -4471
0.00160701 -4350
0.00162623 -4229
0.00164659 -4109
0.00166625 -3990
0.00169091 -3873
0.00171218 -3756
0.00173296 -3639
0.00175271 -3522
0.00177201 -3410
0.00178954 -3298
0.0018079 -3189
0.00182702 -3083
0.00184545 -2977
0.00186373 -2872
0.00188398 -2767
0.00190278 -2665
0.00192058 -2563
0.00193936 -2462
0.00195887 -2364
0.00197766 -2267
0.00199733 -2170
0.0020193 -2074
0.00203813 -1986
0.00205782 -1898
0.00207729 -1811
0.00209604 -1726
0.00211748 -1642
0.00213593 -1559
0.00215718 -1476
0.00217588 -1394
0.00219893 -1313
0.00221916 -1232
0.00223783 -1152
0.00225952 -1077
0.0022777 -1003
0.00229887 -929
0.00231965 -856
0.00233789 -784
0.00235782 -713
0.00237735 -643
0.00239571 -574
0.00241489 -506
0.00243402 -438
0.00244983 -374
0.0024662 -311
0.00248368 -250
0.00250533 -191
0.00252382 -133
0.00254402 -77
0.00256354 -25
0.00258349 26
0.00260164 77
0.00261987 128
0.0026396 178
0.00265919 226
0.00267701 273
0.00269432 320
0.00271314 363
0.00273076 406
0.00274845 446
0.0027671 486
0.0027859 525
0.00280389 563
0.00282237 599
0.00284106 635
0.00285905 670
0.00287976 704
0.00289977 735
0.00291934 766
0.00293773 796
0.00295892 825
0.00297874 849
0.00299806 872
0.00302149 895
0.00304342 917
0.00306219 939
0.00308094 960
0.00309973 981
0.00311679 1000
0.0031343 1018
0.00316446 1036
0.00318534 1054
0.00320338 1072
0.0032201 1088
0.00323942 1104
0.00325713 1120
0.00327673 1148
0.00329539 1163
0.00331463 1178
0.00333409 1193
0.00335357 1218
0.00337293 1233
0.00339107 1248
0.00340943 1262
0.00342689 1276
0.00344319 1290
0.00346322 1303
0.0034847 1316
0.00350169 1328
0.00352017 1343
0.0035398 1355
0.00355822 1366
0.00357579 1376
0.0035922 1386
0.0036101 1403
0.00362884 1412
0.00364547 1421
0.00366417 1430
0.00368201 1445
0.0037002 1453
0.00371828 1460
0.00373492 1467
0.00375299 1480
0.0037699 1488
0.00378808 1495
0.00380766 1508
0.00382485 1515
0.00384144 1522
0.00385957 1529
0.00387867 1535
0.00389716 1540
0.00391621 1545
0.00393484 1550
0.00395321 1554
0.00397272 1558
0.00399058 1562
0.00400915 1582
0.00402731 1587
0.00404645 1594
0.00406586 1598
0.00408507 1605
0.00410329 1608
0.00412082 1611
0.00413978 1621
0.00415776 1623
0.00417585 1624
0.00419291 1625
0.00421139 1626
0.00425144 1635
0.00430703 1638
0.00432429 1639
0.00435869 1640
0.00437655 1642
0.00441473 1646
0.00443188 1647
0.00447048 1651
0.00448981 1658
0.00454451 1660
0.00456211 1661
0.00465186 1673
0.00466828 1681
0.00468706 1687
0.00470676 1690
0.00472528 1691
0.00481823 1694
0.00483505 1695
0.00485299 1696
0.00490227 1704
0.00492076 1710
0.00513347 1716
0.00516307 1720
0.00518622 1721
0.00520711 1722
0.00526454 1723
0.00528342 1727
0.0053022 1736
0.00532022 1739
0.00572013 1742
0.00573763 1744
0.00577309 1750
0.00579191 1752
0.0058277 1754
0.00590704 1761
0.00591096 1762
0.00593118 1766
0.00595921 1768
0.00597788 1784
0.00627626 1786
0.00629279 1787
0.00631257 1791
0.00632035 1794
0.00635477 1801
0.006385 1802
0.00641198 1807
0.0065531 1810
0.00655736 1811
0.00656639 1812
0.00676301 1816
0.00678027 1820
0.00680666 1822
0.00698985 1823
0.00701167 1825
0.00715961 1834
0.00718347 1836
0.00718943 1838
0.00731123 1840
0.00732025 1844
0.00734606 1846
0.00735207 1848
0.00735535 1849
0.00735946 1853
0.00747383 1856
0.00771154 1859
0.00776267 1861
0.00777086 1862
0.00793266 1864
0.00825004 1865
0.00825877 1869
0.00831472 1874
0.00832054 1877
0.00923053 1879
0.00925806 1880
0.00984173 1882
0.0101703 1883
0.0101943 1887
0.0102224 1890
0.0102257 1891
0.0108416 1893
0.0108468 1898
0.0108518 1899
0.0144542 1900
2 1900
