0 -2836
5.4e-08 -2640
5.986e-06 -2469
1.0063e-05 -2300
1.5022e-05 -2151
2.0449e-05 -2008
2.7514e-05 -1874
3.4606e-05 -1741
4.5001e-05 -1610
5.2337e-05 -1480
5.852e-05 -1354
6.4442e-05 -1232
6.8744e-05 -1119
7.4171e-05 -1006
7.9598e-05 -901
8.5862e-05 -803
9.0515e-05 -705
9.5015e-05 -608
9.9444e-05 -511
0.000104907 -423
0.00011001 -347
0.000115392 -278
0.000119802 -212
0.00012603 -152
0.000130962 -93
0.000136137 -34
0.000140565 24
0.000145462 80
0.000150583 128
0.000155596 173
0.000160393 215
0.000164776 256
0.000170374 293
0.00017536 330
0.000180427 366
0.000185395 398
0.000189688 425
0.000194171 444
0.000198041 462
0.000202388 479
0.000207626 496
0.000211802 513
0.000214952 529
0.000219398 545
0.000224276 560
0.000228623 575
0.000233033 590
0.00023747 604
0.000241818 615
0.000246318 625
0.000250737 631
0.000255552 635
0.000260898 637
0.000264318 654
0.000268467 665
0.000273381 671
0.00027753 676
0.000282147 680
0.000286188 682
0.000290131 694
0.000294757 704
0.00030022 716
0.000305242 722
0.000309751 731
0.000311695 733
0.000314062 734
0.000317527 735
0.000320578 746
0.000327598 752
0.000333133 768
0.000368405 769
0.000371033 770
0.000372824 775
0.000382662 776
0.000406827 779
0.000410904 780
0.000412524 782
0.00041814 785
0.000430039 791
0.000436087 793
0.000440056 794
0.000441559 795
0.000533064 797
0.000534891 798
0.000536052 799
0.00078173 800
0.000814419 803
0.00081684 804
0.000817794 813
0.00085194 815
0.00085302 817
0.000889732 820
0.00102429 822
0.0010333 826
0.00123033 827
2 827
