0 -20562
5.7e-08 -20188
8.069e-06 -19835
1.4365e-05 -19483
2.1458e-05 -19138
2.929e-05 -18795
3.7616e-05 -18462
4.8198e-05 -18132
5.6656e-05 -17803
7.3241e-05 -17474
8.5084e-05 -17147
9.5182e-05 -16823
0.000103707 -16509
0.000111833 -16198
0.000121259 -15888
0.000130153 -15585
0.000138516 -15283
0.000147316 -14987
0.000156476 -14695
0.000165787 -14405
0.000175374 -14125
0.000184666 -13845
0.000193305 -13568
0.000202426 -13298
0.000224909 -13029
0.000245172 -12763
0.000256162 -12498
0.000265294 -12235
0.000274728 -11981
0.000283926 -11732
0.000292621 -11485
0.000301696 -11238
0.000310827 -10992
0.000319229 -10749
0.000328388 -10509
0.000337671 -10271
0.000347144 -10038
0.000358665 -9807
0.000368726 -9577
0.000379261 -9350
0.000388724 -9127
0.000398803 -8912
0.000409139 -8699
0.000417815 -8488
0.000426425 -8278
0.000436239 -8069
0.000445883 -7864
0.000456541 -7660
0.000466943 -7458
0.000477923 -7259
0.000488164 -7063
0.000499998 -6868
0.000511613 -6673
0.000522139 -6482
0.000532541 -6298
0.000545 -6116
0.000556341 -5935
0.000566961 -5754
0.000578748 -5573
0.000589472 -5393
0.000601116 -5213
0.000612191 -5037
0.000623674 -4862
0.000634911 -4688
0.000646138 -4517
0.000658996 -4347
0.000671617 -4180
0.000683517 -4021
0.000695464 -3865
0.000709214 -3712
0.000722309 -3561
0.000737509 -3412
0.000748811 -3263
0.000760655 -3115
0.000774546 -2967
0.000785176 -2824
0.000797939 -2685
0.000811015 -2547
0.000825817 -2416
0.000839841 -2290
0.000858056 -2166
0.0008697 -2043
0.000883051 -1921
0.000897758 -1799
0.000912541 -1682
0.000930804 -1570
0.000946867 -1465
0.000971682 -1360
0.000988152 -1256
0.00100844 -1154
0.00102483 -1058
0.00104368 -968
0.00106224 -881
0.00107998 -796
0.00109763 -715
0.00111635 -636
0.00113345 -561
0.00115091 -487
0.00116964 -413
0.00118733 -344
0.00120217 -275
0.00121846 -211
0.00123524 -149
0.00124926 -91
0.00126618 -34
0.0012814 21
0.00129565 76
0.00131169 119
0.00132728 156
0.00134203 190
0.00135836 222
0.0013706 250
0.00138475 278
0.00141204 303
0.00144116 325
0.0014603 340
0.00147421 355
0.0014902 365
0.00150515 372
0.00152052 378
0.00153449 383
0.00154917 388
0.00156382 397
0.00157872 401
0.0016076 406
0.001621 412
0.00163474 426
0.00164815 431
0.00166185 435
0.00167617 444
0.00168912 448
0.00170455 452
0.00171916 456
0.00174592 457
0.00177667 467
0.00178948 476
0.00202779 481
0.00204162 483
0.00205461 493
0.00206858 501
0.00208283 503
0.00209678 505
0.0021521 510
0.00219603 514
0.0022104 519
0.00223963 521
0.00239519 527
0.00240815 529
0.00242547 543
0.00247753 553
0.0024913 562
0.00250654 566
0.00252342 569
0.00312977 570
0.00318631 571
0.00566131 572
0.00612074 573
0.00614681 574
2 574
