0 -18375
6.3e-08 -17982
2.8954e-05 -17608
5.1265e-05 -17240
6.8699e-05 -16912
8.651e-05 -16588
0.000134211 -16267
0.000184135 -15952
0.000241349 -15644
0.00029157 -15341
0.000335518 -15043
0.000369521 -14752
0.000406035 -14465
0.000436419 -14189
0.000464968 -13919
0.000491221 -13658
0.000515252 -13399
0.00054354 -13143
0.000572601 -12892
0.000596542 -12643
0.000624019 -12395
0.000646907 -12148
0.000670127 -11906
0.000693384 -11665
0.000720528 -11424
0.000750409 -11192
0.000780497 -10963
0.000810224 -10735
0.000833706 -10515
0.000859887 -10296
0.00088597 -10086
0.000915139 -9880
0.000941186 -9677
0.000963803 -9474
0.000990192 -9272
0.00102113 -9071
0.00104846 -8872
0.00107563 -8683
0.00110675 -8495
0.00113959 -8311
0.00116783 -8130
0.00119571 -7951
0.00122281 -7773
0.00124492 -7596
0.00133192 -7425
0.00139361 -7257
0.00144184 -7090
0.00148055 -6924
0.00151302 -6759
0.00154086 -6594
0.00156867 -6431
0.0015945 -6269
0.00161515 -6111
0.00164213 -5958
0.00166659 -5805
0.00169137 -5653
0.00171954 -5503
0.0017436 -5356
0.00176378 -5209
0.00178562 -5066
0.00181149 -4925
0.00183477 -4788
0.00186002 -4657
0.00188316 -4526
0.00190388 -4395
0.00192905 -4265
0.00195589 -4135
0.00197638 -4008
0.00200069 -3882
0.00202385 -3761
0.00204799 -3640
0.00206673 -3522
0.00209091 -3404
0.00211704 -3287
0.0021414 -3177
0.00216597 -3069
0.00218733 -2963
0.00221445 -2858
0.00223647 -2753
0.00225976 -2648
0.00227942 -2544
0.00229851 -2443
0.00231821 -2342
0.00233502 -2242
0.00235786 -2143
0.00237505 -2044
0.00239587 -1947
0.00242051 -1851
0.0024407 -1760
0.00246096 -1672
0.00248078 -1584
0.00249931 -1498
0.00251967 -1412
0.00253749 -1326
0.00255993 -1240
0.00257774 -1157
0.0025991 -1075
0.00262131 -994
0.00264357 -914
0.00266661 -837
0.00268533 -761
0.00270852 -686
0.00272867 -612
0.00274821 -540
0.00276992 -473
0.00279307 -407
0.00281541 -342
0.00283418 -281
0.00285519 -223
0.0028739 -166
0.00289342 -110
0.00291162 -57
0.00292918 -5
0.00294615 47
0.00296889 96
0.0029968 144
0.00301769 192
0.00303885 237
0.00306747 279
0.00309003 321
0.00311221 362
0.00313036 397
0.00315347 431
0.00317411 464
0.00319355 494
0.00321494 524
0.00323575 553
0.00325833 580
0.00327644 606
0.00330339 632
0.00332178 658
0.00334569 683
0.00336908 707
0.00338979 730
0.00340858 752
0.00342659 772
0.00344581 790
0.00347026 806
0.00349123 821
0.00351588 834
0.00353455 847
0.00355519 867
0.00357693 879
0.00359693 891
0.00361808 904
0.00363691 916
0.00365498 927
0.0036749 938
0.00369589 949
0.00371476 964
0.00373439 974
0.00375097 985
0.00377251 995
0.003794 1003
0.00381876 1011
0.00383817 1025
0.00385828 1035
0.00387881 1041
0.00390309 1047
0.0039256 1052
0.00394303 1058
0.00396254 1074
0.00398338 1081
0.00400814 1086
0.00403134 1090
0.00405168 1094
0.00406817 1105
0.00408863 1109
0.00410972 1112
0.00413057 1122
0.0041525 1127
0.00417291 1130
0.00419405 1141
0.00421488 1149
0.00423906 1153
0.00426097 1155
0.00443022 1165
0.00445288 1170
0.00447618 1171
0.00449699 1172
0.00451265 1173
0.00453121 1174
0.00461126 1184
0.00465347 1188
0.00469046 1190
0.00471747 1191
0.00474388 1199
0.00476836 1205
0.00481301 1208
0.00489471 1217
0.00491745 1226
0.00493987 1227
0.00496233 1231
0.00498486 1237
0.00504638 1238
0.00507318 1243
0.00511083 1244
0.00513978 1245
0.00516086 1246
0.00518487 1249
0.00545947 1250
0.0054775 1251
0.00558293 1253
0.00560341 1254
0.00630558 1256
0.00632559 1257
0.00634224 1259
0.00636055 1260
0.00639747 1261
0.00641669 1262
0.00654939 1265
0.0071445 1266
0.00937948 1267
0.0098398 1269
0.00987964 1270
2 1270
