0 -7924
7.2e-08 -7617
1.7541e-05 -7348
2.9241e-05 -7097
3.9087e-05 -6863
5.0383e-05 -6650
5.8789e-05 -6438
7.7536e-05 -6230
0.000103457 -6035
0.000128846 -5846
0.000162687 -5663
0.000185953 -5483
0.000204745 -5312
0.000219964 -5146
0.000233357 -4982
0.000249188 -4821
0.000265217 -4662
0.000279636 -4503
0.000295962 -4347
0.000311658 -4195
0.000326491 -4047
0.000341404 -3904
0.000352798 -3763
0.000365146 -3623
0.000377423 -3486
0.000390329 -3349
0.000401705 -3217
0.000412064 -3085
0.000423792 -2958
0.00043524 -2832
0.00044586 -2708
0.000459324 -2585
0.000472546 -2464
0.000483895 -2345
0.000495118 -2227
0.000506071 -2116
0.000516314 -2010
0.000529247 -1904
0.000542207 -1799
0.000553178 -1696
0.000565248 -1595
0.000576093 -1497
0.000589287 -1403
0.000600897 -1310
0.000613021 -1218
0.000623083 -1127
0.000633406 -1046
0.000642865 -965
0.000654997 -885
0.000665483 -805
0.000676715 -733
0.000686066 -661
0.00069539 -590
0.000704841 -522
0.000717927 -455
0.000728763 -388
0.000740436 -324
0.000750282 -261
0.000762352 -203
0.000775303 -145
0.000787678 -88
0.000797587 -33
0.000809171 20
0.000821303 70
0.000832535 117
0.000845279 162
0.000854379 205
0.000863055 246
0.000871011 286
0.000878697 326
0.000887958 362
0.000897121 396
0.000906481 430
0.000917452 463
0.000929827 496
0.000939511 521
0.00095042 546
0.000961553 576
0.000972974 601
0.000984872 626
0.00099615 649
0.00100642 668
0.00101492 685
0.00102593 702
0.00103589 718
0.00104596 737
0.00105771 753
0.00106895 768
0.00107945 780
0.00109024 790
0.00110074 800
0.00111045 809
0.00112149 818
0.00113194 827
0.00114232 835
0.00115185 842
0.00116343 848
0.00117344 853
0.00118487 858
0.00119513 869
0.00120504 874
0.00121529 878
0.00122553 879
0.00123742 880
0.00124746 889
0.001258 893
0.00126786 894
0.00127589 896
0.00128655 901
0.00129673 904
0.00130586 905
0.00133886 907
0.00134917 909
0.00135898 916
0.00136935 918
0.001378 920
0.00142682 925
0.00143744 926
0.00144739 927
0.00145704 933
0.0014665 937
0.00147613 949
0.00148616 952
0.00149605 953
0.00155553 960
0.00156815 969
0.00157768 987
0.00158621 997
0.00159672 1001
0.00161158 1002
0.0016211 1004
0.00168763 1016
0.00169869 1017
0.00180055 1022
0.00181117 1027
0.00182189 1037
0.00184505 1039
0.00214217 1043
0.00218477 1051
0.00219573 1052
0.00220668 1053
0.00249302 1054
0.00260722 1055
0.00261395 1057
0.0026169 1058
0.00264482 1059
2 1059
