0 -43069
5.4e-08 -42505
5.238e-06 -41945
1.2294e-05 -41405
2.3922e-05 -40872
3.7746e-05 -40359
4.987e-05 -39846
5.9257e-05 -39342
6.7861e-05 -38849
7.678e-05 -38358
9.5303e-05 -37871
0.000111143 -37386
0.000122042 -36902
0.000132248 -36420
0.000141015 -35938
0.000149826 -35462
0.000158727 -34987
0.000167655 -34514
0.000176097 -34046
0.00018481 -33580
0.000193216 -33114
0.000201712 -32656
0.000210163 -32201
0.000219298 -31749
0.000227569 -31300
0.00023648 -30851
0.00024584 -30407
0.000254678 -29965
0.000263363 -29524
0.000272201 -29088
0.000281121 -28652
0.000290013 -28219
0.00029868 -27790
0.000308553 -27362
0.000318732 -26935
0.000327715 -26508
0.000336751 -26084
0.000345391 -25660
0.00035422 -25248
0.000362968 -24836
0.000372139 -24426
0.000382517 -24016
0.000392048 -23607
0.000401291 -23201
0.000411812 -22796
0.000421227 -22392
0.000430767 -21989
0.000440676 -21589
0.00045207 -21190
0.000462591 -20792
0.0004717 -20396
0.000481708 -20000
0.000490771 -19607
0.000500401 -19214
0.00051103 -18822
0.00052094 -18433
0.000530138 -18053
0.000539948 -17681
0.000549353 -17310
0.000559226 -16942
0.000570351 -16574
0.000580539 -16207
0.00059034 -15842
0.00060069 -15478
0.000612787 -15116
0.000625531 -14759
0.000637357 -14402
0.000648976 -14050
0.000661937 -13700
0.000673664 -13350
0.000685796 -13002
0.000695444 -12656
0.00070638 -12311
0.000717162 -11967
0.0007287 -11623
0.000739869 -11285
0.000753442 -10952
0.000764422 -10623
0.000778273 -10302
0.000790495 -9985
0.000800765 -9671
0.00081278 -9358
0.000825299 -9047
0.000839645 -8738
0.000853065 -8432
0.000864288 -8127
0.000877878 -7831
0.000889695 -7538
0.000902503 -7250
0.0009154 -6964
0.000927694 -6680
0.00094574 -6408
0.000960185 -6136
0.000975854 -5867
0.00099183 -5602
0.00100571 -5344
0.00101981 -5089
0.00103383 -4836
0.00105236 -4595
0.0010689 -4357
0.00108569 -4122
0.00110384 -3893
0.00112327 -3667
0.0011411 -3446
0.00116065 -3228
0.00117676 -3022
0.00119644 -2823
0.00121878 -2627
0.00124366 -2438
0.00126583 -2252
0.00128976 -2069
0.00131159 -1898
0.00133401 -1728
0.00135949 -1560
0.0013847 -1398
0.00141133 -1241
0.00144188 -1095
0.00147629 -961
0.00150657 -827
0.00154304 -699
0.00158117 -584
0.00161823 -480
0.00165712 -380
0.0016932 -291
0.00173171 -209
0.00176901 -138
0.0018033 -71
0.00183472 -11
0.00186887 27
0.00191709 63
0.00195598 96
0.00198887 115
0.00201641 130
0.0020423 136
0.00206649 139
0.00209398 142
0.00214527 147
0.00217204 150
0.00222454 157
0.00233006 160
0.00245721 161
0.00248251 165
0.00253345 176
0.00263664 186
0.00268531 187
0.00271331 190
0.00346946 193
0.00552615 200
0.0056292 203
0.00599743 206
0.017494 207
2 207
