0 -3855
6.6e-08 -3684
6.324e-06 -3518
1.135e-05 -3358
1.6584e-05 -3201
2.6607e-05 -3050
4.0119e-05 -2900
4.8151e-05 -2761
5.8192e-05 -2623
6.721e-05 -2488
7.3847e-05 -2354
8.0741e-05 -2227
8.8185e-05 -2101
9.5628e-05 -1992
0.000102351 -1886
0.000109216 -1781
0.000116337 -1676
0.000124217 -1572
0.00013112 -1472
0.000138848 -1373
0.000146538 -1278
0.000154095 -1186
0.000161463 -1094
0.000168584 -1002
0.00017453 -915
0.000181954 -830
0.000189123 -746
0.000196301 -668
0.000203887 -591
0.000210041 -515
0.000215986 -441
0.000223771 -368
0.000231793 -298
0.000238705 -229
0.000245523 -166
0.000252511 -109
0.000259822 -53
0.000266232 0
0.000272576 53
0.000278151 104
0.00028495 155
0.000292081 202
0.000298813 246
0.000306693 290
0.000313985 331
0.000320395 361
0.000327781 391
0.000335604 417
0.000343171 433
0.000349998 447
0.000357366 461
0.000364241 474
0.000373059 485
0.000379033 495
0.000385604 512
0.000391559 521
0.000397428 529
0.000403962 537
0.000410381 545
0.000417113 555
0.000422262 568
0.000428777 574
0.000434807 579
0.000440639 584
0.000447912 587
0.000455393 590
0.000461348 592
0.000467862 601
0.000474083 603
0.000481118 611
0.000487566 613
0.00049409 615
0.00050252 624
0.000509262 628
0.000515586 629
0.000521399 632
0.000528634 640
0.000535196 642
0.000541188 643
0.00054757 644
0.000567255 649
0.000608711 656
0.000643777 659
0.000656938 665
0.000684531 666
0.00068932 674
0.00069773 676
0.000705933 685
0.00071752 692
0.000949294 693
0.000953959 695
0.000960255 696
0.000994856 697
0.000996847 704
0.00104969 714
0.00175071 716
0.00211514 718
0.00286082 721
0.00286887 722
0.00295616 723
0.00300519 726
0.00312553 729
0.00331977 731
0.00356895 735
2 735
