0 -52142
3.5e-07 -51514
1.4314e-05 -50760
0.000230982 -50214
0.000231512 -49502
0.000233851 -49453
0.000235091 -48696
0.000235262 -48045
0.000235848 -47271
0.000254982 -47240
0.000256336 -47149
0.000256478 -46441
0.000258371 -45808
0.000258911 -45114
0.000260814 -44388
0.000266911 -44290
0.000267924 -43635
0.000268937 -42953
0.000269372 -42158
0.000278641 -41543
0.000278849 -40793
0.000280648 -40031
0.000281339 -39345
0.000286366 -38706
0.000286517 -38153
0.000287947 -37414
0.000291052 -36779
0.000292491 -35995
0.000296761 -35166
0.000297215 -34586
0.000301021 -34047
0.000302706 -33313
0.000306579 -32598
0.000310479 -31726
0.000322067 -31390
0.000322323 -30761
0.00032325 -30124
0.000325551 -29599
0.000327359 -29094
0.000338502 -28924
0.000339193 -28130
0.000339468 -27459
0.000344041 -26600
0.000351804 -25893
0.000354171 -25239
0.000358942 -24547
0.000359254 -23922
0.00036875 -23301
0.000369668 -22605
0.000372812 -21983
0.000373275 -21381
0.00037763 -20688
0.000382771 -20220
0.000383888 -19573
0.000389474 -18973
0.000403268 -18291
0.000414089 -17668
0.000416247 -17137
0.000421757 -16545
0.000422827 -15910
0.000425459 -15380
0.000425686 -14805
0.000429066 -14211
0.000433951 -13662
0.00043558 -13094
0.000441279 -12653
0.000445085 -12193
0.000447026 -11701
0.000449866 -11349
0.000452659 -10859
0.00047841 -10289
0.000481666 -9889
0.000494722 -9493
0.000496994 -8983
0.000509595 -8461
0.00051413 -7920
0.00052265 -7475
0.0005525 -7038
0.000557404 -6624
0.0005701 -6197
0.000581423 -5750
0.000590417 -5438
0.000622009 -5021
0.000640792 -4593
0.000651178 -4108
0.000658818 -3761
0.000665133 -3434
0.00066945 -3143
0.000670908 -2847
0.000708247 -2581
0.000709979 -2203
0.000720336 -1762
0.000724142 -1503
0.000754835 -1327
0.000759824 -1140
0.000762617 -966
0.000767692 -811
0.000793604 -569
0.000798744 -423
0.000810654 -411
0.000858256 -286
0.000867022 -151
0.000875533 -93
0.000920777 -21
0.000999763 36
0.00112605 69
0.00112864 72
0.00113747 88
0.00114719 95
0.00118566 96
0.00118679 99
0.00126166 100
0.00126834 102
0.00128135 109
0.00129022 111
0.00129048 114
0.00129327 116
0.00129969 122
0.0013207 135
0.00133463 159
0.00148208 171
0.00149145 175
0.00162085 185
2 185
