0 -2005
3.98e-07 -1839
9.534e-06 -1832
0.000272232 -1778
0.000277022 -1725
0.000287844 -1707
0.000314702 -1605
0.000315261 -1520
0.000319767 -1310
0.000353262 -1307
0.000353897 -1274
0.000353991 -1188
0.000354843 -1148
0.000355553 -1118
0.000356765 -1040
0.000371222 -954
0.000395032 -898
0.000404793 -849
0.00040644 -753
0.000406554 -625
0.000408277 -614
0.000410464 -587
0.000412812 -559
0.000413815 -523
0.000415993 -440
0.000418757 -425
0.000419372 -399
0.000438525 -386
0.000439557 -304
0.000443921 -277
0.000444925 -241
0.000449412 -238
0.000466046 -186
0.000467513 -175
0.000469341 -152
0.000471367 -145
0.000472957 -124
0.00047397 -62
0.000487565 -50
0.000492488 -28
0.000493066 8
0.000493567 45
0.000494987 78
0.000505525 95
0.000506433 103
0.000506519 122
0.000509416 147
0.000510116 177
0.000535678 185
0.000537391 196
0.000537562 203
0.000538944 243
0.000553448 253
0.000553618 264
0.000559356 276
0.000560056 279
0.000564705 299
0.000567185 300
0.000571161 306
0.000571322 310
0.000572581 314
0.000572742 327
0.000573471 365
0.000652741 366
0.000688972 368
0.000701715 370
0.000706449 376
0.000753832 378
0.000756729 387
2 387
