0 160
1.8e-07 188
0.000416377 207
0.000418585 215
0.000424602 234
0.000424716 254
0.000424792 314
0.000425493 323
0.000425758 342
0.00042608 350
0.000426185 351
0.000426251 379
0.000463302 382
0.00046352 413
0.000463757 415
0.000464335 426
0.0004722 443
0.000472342 458
0.000472835 467
0.000472977 483
0.000486661 485
0.00048704 491
0.000487097 503
0.000487305 538
0.000488963 543
0.000489314 564
0.000535386 565
0.00053586 573
0.000536827 590
0.000537566 633
0.000537651 636
0.000538466 641
0.000539745 653
0.000563492 654
0.00057331 664
0.00058523 669
0.000585562 677
0.000585837 681
0.000587533 685
0.000587855 692
0.000588026 693
0.000588519 695
0.000591996 710
0.000648199 718
0.000669349 721
0.000730422 727
0.000733388 731
0.000736477 738
0.00077152 742
0.000771956 746
0.000778106 756
0.000784369 761
2 761
