0 -23561
1.61e-07 -23008
4.07e-07 -22472
1.0215e-05 -22471
0.000198462 -22279
0.000200725 -22084
0.000201444 -22050
0.000203688 -21987
0.000203896 -21474
0.000204379 -21429
0.000204994 -21202
0.000205108 -20632
0.000206396 -20222
0.00020899 -19994
0.00021112 -19725
0.000213752 -19652
0.000219953 -19236
0.000220483 -18890
0.000220795 -18405
0.000221628 -18044
0.000221837 -17545
0.000222944 -17345
0.000224137 -16947
0.000224649 -16645
0.000225482 -16280
0.000225737 -15918
0.000230338 -15361
0.000231238 -14920
0.00023155 -14414
0.000241642 -14119
0.000245382 -13944
0.000246158 -13555
0.00024683 -13026
0.000247881 -12542
0.000248127 -12126
0.000256676 -11901
0.000262006 -11829
0.000262139 -11405
0.000262669 -10934
0.000263247 -10653
0.000267147 -10578
0.000270394 -10215
0.000272345 -9872
0.000274437 -9525
0.000289405 -9167
0.000289651 -8728
0.00029109 -8300
0.000294564 -8292
0.000298455 -8009
0.000303861 -7625
0.000309835 -7256
0.000310006 -6907
0.000312221 -6597
0.000314616 -6547
0.000320363 -6245
0.000329328 -5843
0.000365285 -5533
0.00036874 -5193
0.000369659 -4944
0.000375349 -4904
0.000378691 -4643
0.000383822 -4410
0.00038403 -4050
0.00038527 -3842
0.000391765 -3805
0.000392153 -3493
0.000392305 -3361
0.000398364 -3142
0.0003995 -2863
0.000408579 -2604
0.000463243 -2499
0.000478353 -2363
0.000481212 -2153
0.000497211 -1957
0.000500657 -1774
0.000503327 -1643
0.000504577 -1392
0.000507616 -1276
0.00050914 -1211
0.000512719 -1094
0.00051589 -943
0.000527497 -805
0.000532278 -726
0.000532638 -535
0.000562829 -426
0.000616707 -278
0.00062608 -88
0.000660986 -36
0.000688678 -35
0.000704507 58
0.000707224 96
0.000713586 109
0.00072223 110
0.000761755 124
0.000779686 139
0.000802455 140
0.000818588 141
0.000876291 156
0.000892366 179
0.000975356 180
0.000976038 192
0.000976776 203
0.000982873 210
0.0010474 219
0.00113575 220
2 220
