0 -18940
6e-08 -18501
8.901e-06 -18139
1.5991e-05 -17784
2.4811e-05 -17440
3.1801e-05 -17099
4.9791e-05 -16762
6.7462e-05 -16437
8.1352e-05 -16113
9.1982e-05 -15791
0.000101272 -15469
0.000111403 -15155
0.000120163 -14846
0.000129973 -14537
0.000139933 -14238
0.000148923 -13949
0.000158664 -13667
0.000168654 -13386
0.000179434 -13106
0.000188864 -12834
0.000199824 -12565
0.000211565 -12297
0.000221235 -12032
0.000233105 -11768
0.000243785 -11508
0.000253225 -11251
0.000262706 -10995
0.000273566 -10742
0.000284086 -10493
0.000294596 -10245
0.000304156 -9998
0.000316357 -9756
0.000328277 -9515
0.000338697 -9279
0.000348807 -9045
0.000360697 -8813
0.000370298 -8582
0.000381098 -8360
0.000392008 -8139
0.000403118 -7924
0.000416449 -7712
0.000427979 -7502
0.000438699 -7293
0.000450949 -7084
0.00046727 -6876
0.00048178 -6670
0.000497 -6466
0.00050862 -6268
0.000522241 -6070
0.000534391 -5877
0.000548351 -5685
0.000560071 -5494
0.000573782 -5306
0.000586282 -5129
0.000601512 -4955
0.000616702 -4782
0.000628983 -4610
0.000640843 -4438
0.000654153 -4271
0.000669574 -4106
0.000683584 -3943
0.000696444 -3780
0.000709374 -3625
0.000722355 -3470
0.000738445 -3315
0.000755015 -3164
0.000767245 -3018
0.000782116 -2880
0.000796376 -2742
0.000811426 -2609
0.000825667 -2476
0.000841407 -2345
0.000858627 -2214
0.000874198 -2085
0.000888048 -1956
0.000903568 -1828
0.000920338 -1708
0.000939809 -1593
0.000957539 -1482
0.000974619 -1377
0.00099233 -1273
0.00101307 -1176
0.00103352 -1081
0.00105102 -993
0.00106784 -905
0.00108807 -819
0.00110892 -733
0.00113062 -651
0.00115075 -570
0.0011693 -493
0.00119049 -416
0.00121042 -344
0.00123365 -278
0.0012507 -214
0.00127067 -159
0.00129177 -107
0.00131382 -57
0.0013341 -8
0.00135222 39
0.00136931 84
0.00138819 122
0.00140694 158
0.00144631 194
0.00147241 224
0.0014911 254
0.0015091 280
0.00152611 304
0.00153933 320
0.00155515 338
0.00156872 357
0.00158959 373
0.00160696 391
0.00162371 406
0.00163859 416
0.00165633 426
0.00166938 434
0.00168436 454
0.0016999 462
0.00171603 469
0.00172832 490
0.00174218 508
0.00175537 515
0.00179021 522
0.00181755 525
0.001835 526
0.00185039 528
0.0018662 529
0.00191412 532
0.00196022 538
0.00197637 542
0.00263444 543
0.0026641 548
0.00267859 550
0.00270806 555
0.00272251 558
2 558
