0 -95725
5e-08 -94850
1.707e-05 -94040
3.4191e-05 -93248
5.0371e-05 -92504
6.5111e-05 -91781
8.3462e-05 -91072
0.000120502 -90383
0.000155923 -89695
0.000214834 -89013
0.000263015 -88336
0.000304016 -87674
0.000338117 -87021
0.000370067 -86370
0.000405238 -85720
0.000446969 -85076
0.00050758 -84432
0.000567251 -83793
0.000631402 -83156
0.000679563 -82523
0.000722374 -81893
0.000800806 -81263
0.000855827 -80633
0.000900208 -80006
0.000933728 -79380
0.000969719 -78755
0.00100334 -78132
0.00103616 -77510
0.00106865 -76889
0.00110057 -76271
0.00113154 -75657
0.00116336 -75045
0.00119511 -74436
0.00122918 -73829
0.00126245 -73223
0.00129597 -72621
0.00133166 -72020
0.00136481 -71425
0.0013973 -70831
0.00142938 -70237
0.00148049 -69648
0.00151951 -69062
0.00155426 -68477
0.00159404 -67895
0.00162972 -67313
0.00166766 -66732
0.00170597 -66151
0.00173899 -65570
0.00177483 -64989
0.00180965 -64410
0.00184728 -63834
0.00188298 -63259
0.00191722 -62697
0.00195244 -62136
0.00198572 -61576
0.00202031 -61017
0.00205512 -60459
0.00208994 -59903
0.0021266 -59349
0.00216225 -58799
0.00219648 -58252
0.00223364 -57705
0.00227363 -57160
0.00230986 -56616
0.00234237 -56073
0.00237933 -55530
0.00241368 -54989
0.00244556 -54451
0.00249563 -53915
0.00254109 -53381
0.00257853 -52847
0.00261428 -52313
0.00264821 -51779
0.00268013 -51250
0.00271398 -50722
0.00274912 -50195
0.00279243 -49672
0.00282904 -49149
0.00286535 -48627
0.00290347 -48107
0.00293939 -47591
0.00297316 -47078
0.00301184 -46566
0.00305182 -46055
0.00309012 -45546
0.00312564 -45038
0.00316172 -44532
0.00319503 -44030
0.00323317 -43531
0.00327183 -43032
0.00331066 -42533
0.00334656 -42034
0.00338341 -41536
0.00343335 -41044
0.00346932 -40554
0.00350381 -40067
0.00354395 -39583
0.00357796 -39104
0.00361063 -38626
0.00365086 -38154
0.00368973 -37683
0.00373045 -37213
0.00376973 -36744
0.00380881 -36275
0.00385178 -35808
0.00389053 -35343
0.00393265 -34879
0.00397001 -34419
0.00401236 -33960
0.00404987 -33503
0.00409031 -33049
0.00412987 -32596
0.00417318 -32147
0.00421276 -31699
0.0042517 -31252
0.0042962 -30806
0.00433892 -30360
0.00437868 -29914
0.00441861 -29472
0.00445494 -29031
0.00452014 -28596
0.00457715 -28162
0.00462154 -27729
0.00466488 -27298
0.00470906 -26868
0.00475221 -26438
0.00483036 -26014
0.00488292 -25591
0.00492986 -25171
0.00498075 -24752
0.0050194 -24333
0.00506181 -23914
0.00510036 -23501
0.00514185 -23093
0.00518582 -22695
0.00522999 -22301
0.00527759 -21907
0.00532938 -21514
0.0053788 -21124
0.0054291 -20738
0.00548115 -20353
0.00553225 -19969
0.00557906 -19585
0.00562921 -19203
0.00568312 -18827
0.00573421 -18451
0.00579264 -18076
0.00585481 -17704
0.00591525 -17334
0.00597334 -16964
0.00603208 -16594
0.00608685 -16229
0.00614623 -15866
0.00620082 -15507
0.00625604 -15150
0.0063136 -14804
0.00637148 -14460
0.00643873 -14120
0.00653513 -13784
0.00662379 -13451
0.0067096 -13120
0.00680015 -12798
0.0068879 -12478
0.00698097 -12158
0.00707133 -11840
0.0071447 -11530
0.00722363 -11221
0.00730509 -10915
0.00738902 -10616
0.00747037 -10320
0.00755751 -10025
0.0076506 -9731
0.00774179 -9438
0.00783533 -9150
0.00793118 -8874
0.00803129 -8600
0.00813352 -8328
0.00823221 -8061
0.00833543 -7801
0.00844539 -7545
0.00857425 -7291
0.00868992 -7038
0.00884453 -6794
0.00899144 -6552
0.00913891 -6316
0.00928204 -6080
0.00942908 -5845
0.00956943 -5611
0.00970663 -5380
0.00983884 -5152
0.00997448 -4936
0.0101092 -4720
0.0102616 -4505
0.0104217 -4293
0.0105777 -4086
0.0107301 -3884
0.0108775 -3691
0.0110229 -3504
0.0111813 -3321
0.0113309 -3152
0.0114755 -2983
0.0116195 -2815
0.0117606 -2650
0.0118999 -2486
0.0120374 -2328
0.0121744 -2176
0.012334 -2026
0.0124911 -1882
0.0126418 -1742
0.0128026 -1603
0.012945 -1471
0.0130795 -1343
0.0132051 -1223
0.013329 -1106
0.01345 -990
0.0135643 -878
0.0136753 -766
0.0137827 -669
0.0138916 -574
0.0139967 -480
0.0140986 -387
0.0142048 -303
0.0143201 -225
0.0144205 -147
0.0145108 -77
0.0145996 -22
0.014685 26
0.0147663 70
0.0148421 109
0.014921 135
0.014998 158
0.0150743 179
0.0151483 196
0.0152324 212
0.0153303 228
0.0154266 242
0.0155208 253
0.0156118 263
0.0157078 273
0.0158011 280
0.0158917 289
0.0160959 290
0.0161866 316
0.0162936 328
0.0176246 332
0.0194891 335
0.0196171 336
0.0197294 338
0.0199289 340
0.0200239 343
0.0201128 348
0.020201 352
0.0202739 353
0.0242036 362
0.0242705 367
0.0243362 371
0.0244056 373
0.0245026 378
0.0245741 380
0.0471769 383
0.047251 387
0.0663517 399
0.0664258 402
0.0667745 404
0.0831663 405
0.083241 407
2 407
