0 -37678
8.3e-08 -37155
6.044e-06 -36633
1.1691e-05 -36113
2.3428e-05 -35597
3.4564e-05 -35084
4.3427e-05 -34583
5.5256e-05 -34090
6.9738e-05 -33598
8.8766e-05 -33106
0.000102971 -32615
0.000116787 -32132
0.000130187 -31650
0.000143394 -31169
0.000157339 -30688
0.000170342 -30207
0.000184186 -29730
0.000197642 -29258
0.000211126 -28787
0.000224924 -28322
0.000269126 -27868
0.000287859 -27417
0.000301204 -26970
0.000313745 -26523
0.000326554 -26078
0.00033587 -25638
0.000345915 -25199
0.000357726 -24769
0.000369204 -24343
0.000378899 -23920
0.00038802 -23499
0.000397844 -23078
0.000408066 -22659
0.000424701 -22244
0.000433822 -21832
0.000442574 -21422
0.000452962 -21014
0.000462471 -20612
0.000473247 -20210
0.000483598 -19808
0.000493597 -19408
0.000504077 -19015
0.000518744 -18628
0.000527911 -18241
0.000548298 -17857
0.000558058 -17474
0.000569258 -17103
0.0005785 -16732
0.000588712 -16367
0.000598453 -16006
0.000608794 -15646
0.000619884 -15289
0.000629523 -14936
0.000640881 -14584
0.000651602 -14236
0.000662322 -13889
0.000672774 -13542
0.000683966 -13203
0.000694557 -12866
0.000707005 -12529
0.000717217 -12192
0.000728631 -11856
0.000740109 -11523
0.000750709 -11200
0.00076276 -10878
0.000773527 -10557
0.000785365 -10243
0.00079579 -9930
0.000808386 -9621
0.000819957 -9313
0.000830169 -9006
0.000842599 -8703
0.000853818 -8400
0.000868217 -8103
0.000880619 -7811
0.000890822 -7519
0.000902328 -7238
0.000917549 -6958
0.000934581 -6680
0.000949534 -6406
0.0009653 -6135
0.000980374 -5877
0.00099626 -5620
0.00101092 -5365
0.00102544 -5112
0.00104354 -4860
0.00106238 -4614
0.00108175 -4370
0.00109845 -4134
0.00111466 -3911
0.00113057 -3691
0.00114972 -3474
0.00116928 -3264
0.00119133 -3061
0.00121192 -2859
0.00123503 -2659
0.00125295 -2464
0.00127505 -2273
0.00129221 -2085
0.00131281 -1904
0.00133687 -1731
0.00136061 -1575
0.00138796 -1420
0.00142251 -1273
0.00144777 -1136
0.00147225 -1006
0.0015006 -882
0.00153499 -766
0.00157029 -650
0.00160203 -543
0.00163557 -446
0.00167096 -361
0.0017113 -281
0.00175186 -205
0.00180238 -138
0.00184953 -78
0.00188824 -18
0.00192393 42
0.001957 83
0.00198821 103
0.00202 121
0.00204995 137
0.00207371 143
0.00210111 149
0.0021253 157
0.00215177 163
0.00217453 168
0.0022036 185
0.0022303 190
0.00226252 193
0.00229069 204
0.00231727 215
0.00566499 217
0.00576076 229
2 229
