0 -14688
4.6e-08 -14368
2.5137e-05 -14065
4.7425e-05 -13779
6.679e-05 -13509
0.000102246 -13247
0.000128444 -12990
0.000201513 -12734
0.000255679 -12484
0.000292297 -12235
0.000324728 -11992
0.000352614 -11755
0.000373546 -11526
0.000397107 -11297
0.000419782 -11068
0.000446579 -10841
0.000470969 -10614
0.000495784 -10389
0.000519289 -10168
0.000547027 -9952
0.00057245 -9739
0.000596066 -9533
0.000621858 -9328
0.000649466 -9127
0.00067405 -8926
0.000694411 -8729
0.000718303 -8534
0.000738978 -8340
0.000766291 -8149
0.000790045 -7958
0.000812425 -7771
0.000836041 -7586
0.000860985 -7402
0.00088496 -7219
0.000904952 -7040
0.000933022 -6863
0.000999369 -6686
0.00103786 -6510
0.00106919 -6338
0.00109449 -6166
0.00112269 -5999
0.00114707 -5833
0.00116898 -5670
0.00119274 -5512
0.00121905 -5358
0.00123982 -5214
0.0012643 -5070
0.00128752 -4927
0.00130804 -4785
0.00132895 -4644
0.00135009 -4504
0.00137289 -4365
0.00139499 -4226
0.00141715 -4088
0.001435 -3952
0.00145539 -3816
0.00147385 -3682
0.00149527 -3550
0.00151975 -3420
0.00154168 -3301
0.00156024 -3183
0.00157814 -3067
0.00159803 -2952
0.00161774 -2837
0.00163704 -2722
0.00165844 -2608
0.00168036 -2494
0.0017144 -2384
0.00173667 -2277
0.00175976 -2172
0.00178427 -2069
0.00180715 -1967
0.00184183 -1866
0.0018656 -1770
0.00188783 -1674
0.00190887 -1580
0.0019273 -1486
0.00194605 -1393
0.0019663 -1300
0.00201258 -1207
0.00206867 -1118
0.0021081 -1031
0.0021337 -947
0.0021578 -864
0.00218165 -781
0.00220489 -699
0.00222889 -623
0.00224899 -549
0.00226914 -481
0.00228987 -414
0.00231156 -347
0.0023337 -285
0.00235722 -223
0.00238134 -162
0.00240141 -101
0.00242328 -41
0.00244455 16
0.002467 70
0.00248689 122
0.00250598 168
0.00252547 213
0.00254735 257
0.00256707 300
0.00258822 343
0.00260555 386
0.00263004 425
0.00265241 457
0.00267515 489
0.00269828 521
0.00271516 549
0.00273602 574
0.0027586 599
0.00277989 624
0.00281084 648
0.00285309 671
0.00288349 694
0.00290564 716
0.00292458 735
0.00294372 754
0.00296591 773
0.00298804 790
0.00301208 805
0.00303366 820
0.0030528 835
0.00307342 849
0.0030898 863
0.0031077 877
0.00312855 893
0.00315242 906
0.00318078 926
0.00321445 938
0.0032417 950
0.00326362 962
0.00328351 974
0.00330414 985
0.0033264 993
0.00335195 1001
0.00337472 1014
0.00339259 1022
0.00341321 1030
0.00343536 1036
0.00345769 1041
0.00347928 1045
0.00350151 1048
0.00351975 1057
0.0035413 1060
0.00356557 1063
0.00358593 1066
0.00360915 1070
0.00363251 1073
0.00365511 1083
0.00367838 1085
0.00369973 1099
0.00372622 1110
0.00374538 1114
0.00376849 1116
0.00378875 1124
0.00381557 1138
0.00386701 1140
0.00390915 1152
0.00394851 1163
0.00397744 1167
0.00400145 1181
0.00403118 1184
0.00405896 1187
0.00420154 1201
0.00422368 1204
0.00424987 1205
0.00427341 1206
0.00435157 1213
0.004376 1216
0.00442284 1220
0.00444673 1223
0.00450433 1224
0.00479281 1229
0.00481607 1235
0.0048387 1239
0.00485997 1242
0.00488023 1243
0.00494734 1250
0.0109112 1252
0.0109905 1254
2 1254
