0 -41563
5e-08 -41036
1.184e-05 -40515
2.4801e-05 -40007
4.4561e-05 -39509
6.7371e-05 -39030
0.000101912 -38555
0.000124262 -38083
0.000141433 -37612
0.000159013 -37144
0.000175753 -36680
0.000192824 -36218
0.000208754 -35764
0.000223864 -35319
0.000239595 -34874
0.000257325 -34435
0.000274615 -34005
0.000290676 -33580
0.000306406 -33157
0.000322616 -32736
0.000340347 -32317
0.000356897 -31899
0.000438859 -31485
0.00048343 -31071
0.00051054 -30658
0.000538431 -30246
0.000564651 -29838
0.000591052 -29430
0.000616212 -29026
0.000642313 -28625
0.000667893 -28227
0.000694264 -27830
0.000718864 -27435
0.000742745 -27051
0.000764145 -26668
0.000782675 -26287
0.000799696 -25908
0.000818766 -25533
0.000838877 -25160
0.000857347 -24789
0.000875707 -24420
0.000892618 -24052
0.000911808 -23685
0.000929338 -23320
0.000947389 -22957
0.000966719 -22595
0.000984459 -22241
0.00100444 -21893
0.00102251 -21545
0.00103898 -21199
0.00105792 -20856
0.00107751 -20516
0.00109378 -20176
0.00111222 -19839
0.00113235 -19504
0.00115182 -19176
0.00117005 -18848
0.00118541 -18524
0.00120703 -18204
0.0012248 -17888
0.00124383 -17572
0.00126125 -17259
0.00128205 -16952
0.00130037 -16645
0.00132293 -16339
0.00134358 -16033
0.00136673 -15729
0.00139315 -15429
0.00141379 -15130
0.00143453 -14839
0.00145672 -14549
0.00147671 -14260
0.00149569 -13972
0.00152031 -13684
0.00154186 -13396
0.00156608 -13116
0.00158594 -12838
0.00162757 -12571
0.00165964 -12305
0.00168302 -12042
0.00170647 -11780
0.00173046 -11519
0.00175352 -11261
0.00177683 -11004
0.00180085 -10748
0.00182146 -10500
0.00184594 -10253
0.00186972 -10011
0.00189318 -9769
0.00191543 -9527
0.00193965 -9288
0.00196867 -9052
0.00199588 -8817
0.00201867 -8584
0.00204392 -8352
0.0020683 -8122
0.00209827 -7894
0.00212147 -7668
0.00214956 -7445
0.00217291 -7225
0.00219682 -7005
0.00222545 -6786
0.00225282 -6571
0.00228101 -6359
0.00230907 -6147
0.00233818 -5948
0.00236567 -5753
0.00239733 -5559
0.0024292 -5371
0.00245981 -5183
0.0024902 -4997
0.00252197 -4812
0.00255723 -4630
0.00259281 -4452
0.00262476 -4278
0.00266022 -4108
0.0027045 -3938
0.00273493 -3771
0.00276429 -3605
0.00280364 -3444
0.00284272 -3285
0.00288038 -3126
0.00292397 -2974
0.00296617 -2823
0.00301867 -2673
0.00306387 -2524
0.00311064 -2384
0.00315872 -2247
0.00320566 -2115
0.0032604 -1987
0.00330728 -1860
0.00335391 -1735
0.00339958 -1610
0.00344773 -1489
0.00349283 -1369
0.00353426 -1250
0.00357761 -1134
0.00364102 -1032
0.00371225 -931
0.00377356 -832
0.00382822 -736
0.00388212 -644
0.00392708 -560
0.00396827 -477
0.00400484 -397
0.00404206 -318
0.0040785 -244
0.00410967 -178
0.00414043 -113
0.0041717 -50
0.00420237 0
0.00423018 49
0.0042634 88
0.00429683 126
0.00432999 157
0.00435769 184
0.00442968 210
0.00446649 234
0.0044983 253
0.0045278 272
0.00455817 282
0.00458905 292
0.00462117 306
0.00465178 324
0.00467942 333
0.00471072 349
0.00474012 355
0.00477142 364
0.00480313 365
0.00483551 371
0.00486647 372
0.00489711 375
0.00496026 381
0.00502651 387
0.0050546 394
0.00508392 395
0.00535389 397
0.00538238 404
0.00540772 407
0.00592084 411
0.00595213 416
0.00598386 417
0.00601534 421
0.00607883 423
0.00613908 436
0.00626241 437
0.00632448 439
0.00635117 441
0.00675141 443
0.00692779 445
0.0103764 449
0.0104084 451
0.0106127 453
0.0106409 456
0.0108262 457
0.010853 459
0.0155226 463
0.0166734 466
0.016703 469
0.0167297 472
0.0167578 474
0.0167884 476
0.0168188 477
0.0168516 482
0.021895 487
2 487
