0 -22114
5.6e-08 -21671
3.9864e-05 -21311
6.8976e-05 -20952
8.9484e-05 -20594
0.000113644 -20254
0.000151792 -19915
0.000198987 -19585
0.000244181 -19255
0.000304534 -18930
0.000354403 -18612
0.000434453 -18297
0.000527976 -17983
0.00060253 -17671
0.000660735 -17371
0.000709931 -17076
0.000754092 -16781
0.000796298 -16492
0.00083428 -16208
0.000870594 -15932
0.000902629 -15667
0.000930947 -15407
0.000958943 -15148
0.00100169 -14893
0.00103957 -14639
0.00107534 -14389
0.00110928 -14139
0.00114472 -13892
0.00118321 -13647
0.00121941 -13405
0.00125415 -13165
0.00128933 -12925
0.00132144 -12685
0.00135906 -12447
0.00139221 -12212
0.00142431 -11979
0.0014628 -11751
0.00149325 -11524
0.00153215 -11299
0.00158714 -11074
0.00163976 -10856
0.00173605 -10639
0.0018123 -10430
0.00187718 -10221
0.00193101 -10012
0.00197592 -9804
0.00201422 -9598
0.00204849 -9398
0.00208086 -9201
0.00210698 -9006
0.00213715 -8811
0.00216888 -8622
0.00219608 -8436
0.00222836 -8250
0.00226032 -8065
0.00229287 -7882
0.00234113 -7699
0.00237444 -7524
0.00240249 -7351
0.00243704 -7182
0.0024696 -7015
0.00250284 -6849
0.00257376 -6691
0.00261955 -6536
0.00265004 -6385
0.00268157 -6234
0.00271719 -6085
0.00274865 -5938
0.0027793 -5792
0.00281333 -5646
0.00284234 -5501
0.00287255 -5356
0.00290442 -5214
0.00294021 -5073
0.00297118 -4933
0.0029977 -4795
0.00302299 -4657
0.00305339 -4522
0.00308151 -4388
0.003106 -4256
0.00313833 -4133
0.00316771 -4011
0.00319087 -3889
0.00322184 -3769
0.00324834 -3653
0.00327839 -3538
0.00331652 -3426
0.0033501 -3315
0.00338117 -3205
0.00341154 -3096
0.00343582 -2989
0.00346592 -2884
0.00349642 -2779
0.00352654 -2674
0.00355284 -2569
0.00358691 -2465
0.00363065 -2362
0.00367565 -2259
0.00371931 -2157
0.00375881 -2055
0.00380186 -1953
0.00384668 -1865
0.0038855 -1779
0.00392386 -1693
0.00395415 -1609
0.00398221 -1525
0.00401984 -1442
0.00405044 -1362
0.00407895 -1283
0.00410627 -1205
0.00413464 -1128
0.00417928 -1052
0.00420924 -980
0.00423759 -908
0.00427111 -837
0.00429939 -769
0.00433089 -703
0.00435882 -641
0.00438412 -579
0.00441238 -517
0.00444027 -457
0.00447096 -397
0.00449616 -339
0.0045217 -284
0.00455031 -230
0.00458261 -177
0.00461056 -124
0.00463715 -71
0.0046674 -19
0.00470664 32
0.00473461 82
0.00476368 129
0.00479287 175
0.0048179 220
0.00484196 264
0.0048678 305
0.00489696 345
0.00492432 385
0.00495103 423
0.00498037 461
0.00500986 497
0.00503547 531
0.00506706 565
0.00510038 594
0.00512711 622
0.00515269 646
0.00518056 670
0.00520723 694
0.0052327 717
0.00526307 737
0.00529238 757
0.00532206 777
0.00535089 797
0.00538267 817
0.00541194 836
0.00544211 855
0.00546603 873
0.00549359 891
0.00551885 908
0.00554517 924
0.00557506 939
0.00561739 954
0.00565454 969
0.00572388 984
0.00575541 998
0.00578281 1012
0.0058153 1025
0.00584599 1043
0.00588074 1057
0.0059118 1070
0.00595145 1083
0.00598742 1095
0.00604041 1107
0.00607728 1120
0.00611776 1131
0.00615949 1139
0.00619996 1150
0.00623882 1160
0.00627612 1168
0.00631721 1175
0.00635756 1182
0.00639482 1192
0.00643028 1203
0.00652451 1210
0.00658879 1216
0.00665513 1221
0.00696199 1225
0.0070291 1229
0.00707959 1233
0.00712277 1238
0.00716145 1241
0.00724676 1244
0.00729603 1248
0.00733398 1251
0.00736853 1267
0.00740099 1277
0.00743079 1280
0.00745831 1283
0.00748603 1286
0.00751094 1288
0.00753544 1290
0.00756142 1299
0.00758791 1301
0.00761704 1314
0.0076436 1317
0.00767415 1326
0.00770312 1327
0.00773296 1328
0.00775684 1335
0.00777964 1340
0.00785523 1341
0.00792095 1342
0.00796881 1346
0.00800833 1351
0.0080468 1354
0.0080849 1355
0.00831321 1360
0.00836892 1362
0.00840728 1368
0.00843962 1369
0.00850048 1375
0.00853134 1380
0.00856292 1390
0.00859775 1397
0.00862814 1407
0.00870644 1408
0.00873482 1409
0.00886697 1410
0.00889322 1411
0.00892094 1415
0.00894614 1416
0.00930998 1418
0.00933618 1423
0.00936308 1424
0.00938987 1425
0.00946315 1428
0.00950997 1432
0.00953909 1435
0.00956748 1436
0.00959427 1446
0.00964996 1447
0.0096765 1450
0.0102798 1462
0.0110438 1463
0.0110747 1465
0.0115867 1467
0.0116209 1470
0.0116335 1472
0.0120513 1477
0.0120779 1478
0.012109 1481
0.0121441 1486
0.012182 1489
0.0122245 1491
0.0123952 1495
0.0124493 1498
0.0124531 1500
0.0125052 1501
0.0145002 1502
0.0194834 1505
0.0195043 1506
0.0195257 1511
0.0238464 1514
0.0371153 1517
0.0376226 1519
0.0385249 1523
0.0385609 1525
2 1525
