0 -6853
1.21e-07 -6713
7.098e-06 -6681
0.000385792 -6650
0.000386645 -6497
0.000387034 -6378
0.000392732 -6257
0.000393705 -6136
0.000395892 -6008
0.000397856 -5997
0.000399784 -5978
0.000400534 -5955
0.000409911 -5827
0.000415248 -5694
0.000417528 -5629
0.000418788 -5457
0.000420057 -5306
0.000420863 -5179
0.00042128 -5086
0.000423291 -4982
0.00042596 -4925
0.000427646 -4791
0.000429499 -4691
0.000430528 -4553
0.000440359 -4524
0.000440479 -4414
0.000440748 -4335
0.000440989 -4187
0.00044729 -4170
0.000450421 -4025
0.000467267 -3976
0.00047026 -3845
0.000471232 -3712
0.000473447 -3644
0.000475106 -3588
0.000475865 -3506
0.000475995 -3362
0.000476143 -3272
0.000483992 -3247
0.000484881 -3098
0.000486947 -3074
0.000490839 -2929
0.000491015 -2709
0.000491645 -2610
0.000492516 -2513
0.000492803 -2439
0.000493155 -2341
0.000493508 -2264
0.000496361 -2213
0.00049713 -2189
0.000498131 -2147
0.000498761 -2060
0.000506924 -2057
0.000513577 -2020
0.000521648 -1978
0.000522398 -1849
0.000523538 -1761
0.000551011 -1758
0.000551623 -1682
0.000554097 -1673
0.000564688 -1600
0.000564891 -1524
0.000567365 -1423
0.000569385 -1366
0.000571053 -1293
0.000575121 -1238
0.000577576 -1202
0.000581412 -1174
0.000581755 -1106
0.000582626 -1038
0.000583108 -988
0.000609479 -967
0.000609933 -882
0.000612212 -832
0.000620477 -805
0.000625379 -794
0.000626602 -736
0.000630447 -711
0.000634858 -684
0.000635775 -664
0.000637202 -663
0.000639009 -652
0.000642882 -627
0.000645013 -595
0.000648173 -532
0.00064833 -471
0.000648645 -425
0.000650628 -353
0.000657272 -295
0.000658764 -268
0.000664027 -262
0.000666213 -228
0.000676962 -215
0.000677101 -184
0.000679297 -135
0.000682466 -82
0.000683337 -72
0.000687506 -66
0.000690026 -34
0.000691565 -15
0.000692037 -11
0.000696772 10
0.000698292 37
0.000704741 52
0.000705843 59
0.000707891 121
0.000708688 123
0.000711356 189
0.000727025 198
0.000728767 201
0.000738561 203
0.000738663 239
0.000740525 275
0.000762671 302
0.000771733 315
0.000771844 332
0.000772205 355
0.000772696 362
0.0007883 369
0.000789551 374
0.000791126 382
0.000795064 384
0.000800911 407
0.000804598 412
0.000806442 417
0.000823417 441
0.000824742 469
0.000862843 487
0.00087475 489
0.000877391 505
0.000887018 517
0.000898118 525
0.000905828 528
0.000910516 536
0.000911804 565
0.000912962 570
0.000915353 572
0.000917567 581
0.000927398 587
0.000932476 594
0.000951777 609
0.000981548 618
0.00098556 644
0.000987941 649
0.000999848 650
0.00102859 653
0.00104293 654
0.00105216 658
0.0010566 660
0.00106504 664
0.00113477 668
0.00117033 669
0.00118584 675
0.00119987 676
0.00125264 680
0.00131284 683
2 683
