0 -6282
1.48e-07 -6146
8.506e-06 -6090
8.839e-06 -6039
0.000437616 -6014
0.000445214 -5983
0.000445362 -5833
0.000450467 -5797
0.000452895 -5703
0.000453386 -5545
0.000453747 -5537
0.000454859 -5518
0.00045573 -5428
0.000464746 -5425
0.000465126 -5325
0.000465422 -5185
0.000466562 -5012
0.000466933 -4848
0.000471408 -4827
0.000472122 -4634
0.000472687 -4452
0.000476884 -4406
0.00047706 -4244
0.000499567 -4205
0.000500225 -4075
0.000501235 -3983
0.000505043 -3838
0.000505191 -3671
0.000505516 -3545
0.000505821 -3423
0.000509982 -3391
0.000511724 -3272
0.000512799 -3169
0.000514383 -3086
0.000519016 -3053
0.00052957 -3001
0.000529718 -2901
0.000534342 -2852
0.00053865 -2815
0.000539169 -2811
0.00053992 -2725
0.000545544 -2704
0.000554847 -2586
0.000558498 -2566
0.000559044 -2426
0.00055935 -2338
0.000560647 -2225
0.000561657 -2180
0.000564391 -2094
0.000573684 -2078
0.000581773 -2019
0.00058371 -1926
0.000586119 -1889
0.000586295 -1831
0.00058977 -1672
0.0005904 -1574
0.00059457 -1477
0.000594718 -1375
0.000602501 -1366
0.000603835 -1358
0.000609701 -1310
0.000611943 -1198
0.000612267 -1079
0.000612656 -1057
0.000614259 -1002
0.000615399 -914
0.000618336 -850
0.000619272 -800
0.000622209 -725
0.000631151 -698
0.00063179 -627
0.000638332 -577
0.000639036 -485
0.00064631 -473
0.000661941 -433
0.000663544 -404
0.0006641 -393
0.00067268 -371
0.000673366 -307
0.000691166 -212
0.000702711 -148
0.000720057 -143
0.000720974 -92
0.000723615 -81
0.000726561 -66
0.000728081 -44
0.000729693 -8
0.00073264 25
0.000747187 35
0.000747789 59
0.000750717 110
0.00075434 112
0.000755044 133
0.000755304 161
0.000759186 184
0.000763903 205
0.000764811 213
0.000769045 223
0.000778533 264
0.000779951 270
0.000780878 278
0.000781341 284
0.000781637 286
0.000782277 293
0.000783222 304
0.000785464 316
0.000814828 344
0.000815976 346
0.000816051 351
0.00081997 353
0.000820498 383
0.000820591 384
0.000823602 387
0.000829783 401
0.000831024 422
0.000835147 438
0.000867087 446
0.000879216 447
0.000880939 460
0.000882403 466
0.000890511 473
0.000893365 476
0.000895329 489
0.00090453 496
0.000907152 502
0.00093444 506
0.000936062 508
0.000938424 518
0.000946625 519
0.000978536 528
0.000980899 535
0.000990461 545
0.00101557 556
0.00101658 567
0.00103263 568
0.00103899 578
0.00104947 580
0.00106184 598
0.0010688 612
0.00107566 620
0.00107602 622
0.00108058 633
0.00108974 646
0.00110086 666
0.00110703 672
0.00111729 673
0.00114545 677
0.00116038 680
0.00118984 682
0.00140702 686
0.00171576 694
0.00184164 697
2 697
