0 160
3.06e-07 161
0.000383411 182
0.000389563 198
0.000389647 204
0.000414729 241
0.000423532 249
0.000423624 283
0.000428498 287
0.000428989 306
0.000429073 331
0.00042949 365
0.000455323 367
0.000456073 383
0.000456222 386
0.00045952 390
0.000461485 392
0.00046671 421
0.000466794 442
0.000466942 445
0.000467452 465
0.000467767 496
0.000468017 512
0.000469055 564
0.000482796 569
0.000482861 579
0.000483574 585
0.000483862 608
0.000484056 638
0.000504839 653
0.0005071 669
0.000507619 698
0.000508055 702
0.000510955 728
0.000513799 731
0.000514087 786
0.000523399 791
0.000523973 808
0.000524214 831
0.000528597 836
0.000528708 855
0.000529023 868
0.000529403 872
0.000529644 880
0.000530589 882
0.000531284 887
0.000548444 888
0.000548611 894
0.000548704 907
0.000549538 910
0.000550214 911
0.000564715 915
0.000566652 929
0.000566763 935
0.000569052 941
0.000569265 950
0.000569506 965
0.000572026 970
0.0005721 1012
0.000572332 1036
0.000573027 1039
0.000585035 1046
0.000586027 1050
0.000586564 1052
0.00058674 1060
0.000589909 1063
0.000591836 1072
0.000591984 1084
0.000593995 1087
0.00059431 1090
0.000595292 1093
0.000614213 1095
0.00062372 1097
0.000624016 1103
0.000624081 1120
0.000659041 1122
0.000659542 1141
0.000669864 1143
0.000670105 1147
0.000671087 1150
0.000671235 1152
0.000671819 1156
0.000672356 1170
0.000673051 1183
0.000676544 1189
0.000678926 1209
0.00068051 1214
0.000692454 1222
0.000695039 1233
0.000749541 1238
0.000749624 1243
2 1243
