0 572
1.62e-07 601
0.000596101 602
0.000596632 608
0.000598357 623
0.000598689 630
0.000599192 658
0.000599685 664
0.00060033 674
0.000600785 699
0.000601458 700
0.00060471 701
0.000606256 704
0.000606702 711
0.000606882 713
0.000606977 714
0.000607204 718
0.000638154 728
0.000638666 762
0.000644659 771
0.000646584 775
0.000647162 780
0.000647352 795
0.000647532 801
0.000650946 805
0.000651041 822
0.000658275 834
0.000658427 843
0.000659195 844
0.000659508 845
0.000660893 850
0.000661224 872
0.000661386 878
0.000661784 891
0.000691738 892
0.000699997 911
0.000706284 914
0.000709394 915
0.000709593 918
0.000709745 922
0.000711224 923
0.000713851 932
0.000714296 936
0.000732114 940
0.000732929 946
0.000734171 957
0.000734238 959
0.00073437 964
0.000735499 967
0.000735594 970
0.000744232 978
0.000744355 981
0.000745806 984
0.000746223 995
0.000756786 997
0.000757829 1005
0.000758247 1013
0.000790259 1017
0.000798973 1018
0.000799921 1024
0.000800234 1026
0.000801618 1028
0.000804994 1029
0.000805696 1030
0.000810465 1033
0.000811888 1035
0.000817074 1040
0.000817188 1043
0.000817577 1050
0.000817909 1056
0.000822365 1058
0.00083401 1062
0.000842638 1064
0.000842819 1071
0.000844051 1074
0.000855174 1087
0.000914684 1088
0.00097061 1105
2 1105
