0 -52
1.23e-07 -22
4.74e-07 1
6.808e-06 27
6.988e-06 35
7.159e-06 39
0.00040509 45
0.00040528 87
0.00040563 89
0.00042614 99
0.000426254 103
0.000427032 134
0.000427316 141
0.000493995 160
0.000494223 180
0.000494517 181
0.000494801 216
0.000495901 227
0.000495996 240
0.000496243 247
0.000496347 256
0.000499305 257
0.000500111 260
0.000500216 275
0.000524907 296
0.000525438 311
0.000525543 345
0.000540079 370
0.000540458 379
0.000541065 396
0.000541549 401
0.000551799 423
0.000552074 452
0.000553866 453
0.000554046 454
0.00055435 456
0.000562969 457
0.00056332 485
0.000563481 501
0.000589225 508
0.000589737 514
0.000589823 519
0.000589889 526
0.000590164 530
0.000590259 532
0.000590354 552
0.000590448 553
0.000591065 555
0.000591321 565
0.000591454 577
0.00059225 592
0.00060415 616
0.000604283 629
0.000604947 638
0.00060544 641
0.000606407 665
0.000606473 697
0.0006091 711
0.000609422 717
0.000610304 718
0.00061039 721
0.000611262 735
0.000667861 739
0.0006699 743
0.000670507 748
0.000670744 760
0.000670858 768
0.000671958 776
0.000672147 785
0.000672517 787
0.000673408 794
0.000686826 802
0.000690183 803
0.000690268 804
0.000691235 814
0.000694336 820
0.000694592 823
0.000695436 832
0.000701381 839
0.000702746 841
0.000702898 861
0.00070305 872
0.000703846 873
0.000704292 874
0.000704757 875
0.00070634 876
0.000706644 877
0.000707032 881
0.000711053 884
0.00071129 888
0.00071824 890
0.000722621 905
0.000725608 907
0.000726149 910
0.000726424 911
0.000726917 913
0.000727296 916
0.000727448 917
0.000729306 918
0.000730937 924
0.000731478 926
0.000732644 927
0.000732824 929
0.000746365 938
0.00074864 942
0.000748821 943
0.000748906 950
0.000749295 967
0.000750186 979
0.000750252 984
0.000772469 985
0.000775883 994
0.00077649 997
0.000777315 998
0.000780226 1002
0.000780738 1004
0.000780814 1006
0.000782132 1021
0.000783004 1029
0.000783734 1031
0.000786911 1034
0.000791633 1035
0.000875181 1036
0.000877362 1043
0.000881174 1045
0.000881543 1065
0.000884966 1068
0.000885289 1073
0.000885668 1074
0.000908871 1075
0.00091219 1076
0.000934065 1078
0.000944875 1079
0.000944979 1081
0.000951086 1083
0.00100819 1085
0.00101959 1087
0.0010546 1090
0.00109854 1091
0.00109973 1092
2 1092
