482 0.0820432
489 0.093154
454 0.0947667
465 0.170721
502 0.201884
486 0.204197
495 0.0835984
464 0.102966
532 0.148816
460 0.0918496
196 0.166615
181 0.10936
176 0.124802
172 0.0981557
192 0.207859
183 0.217671
163 0.113945
174 0.188169
178 0.130419
175 0.125294
1568 0.0121002
1668 0.0280684
1637 0.0102842
1526 0.0075757
1668 0.00871263
1459 0.0137945
1626 0.00727749
1428 0.00407792
1563 0.00849853
1535 0.00505311
1282 0.0131632
1341 0.115481
1452 0.0987451
1375 0.0789201
1246 0.118643
1500 0.00878806
1385 0.0646493
1420 0.0137479
1323 0.017582
1466 0.0654896
