0 -10932
6.4e-08 -10650
9.095e-06 -10637
0.000214548 -10372
0.000214756 -10071
0.000221123 -9843
0.000221475 -9596
0.000221719 -9491
0.000239304 -9233
0.000239773 -9084
0.000245454 -9039
0.000247613 -8717
0.000247803 -8469
0.000250205 -8238
0.000251605 -8033
0.000253547 -7931
0.000256717 -7698
0.00026303 -7481
0.000265739 -7181
0.000269488 -6830
0.000271131 -6759
0.000272007 -6511
0.000279865 -6281
0.000301713 -6126
0.000301812 -5851
0.000303049 -5844
0.00030603 -5565
0.000309877 -5369
0.000310835 -5162
0.000313815 -4967
0.000314944 -4772
0.000316778 -4436
0.000317617 -4243
0.000318304 -3941
0.000319722 -3774
0.000322648 -3661
0.000325547 -3413
0.000340197 -3250
0.000344496 -2969
0.000350411 -2915
0.000350529 -2790
0.000353455 -2777
0.000358359 -2541
0.000363264 -2441
0.000363553 -2147
0.000371284 -2129
0.000372133 -1926
0.000373388 -1790
0.000381571 -1755
0.000388164 -1703
0.000389185 -1647
0.00039389 -1592
0.000396654 -1457
0.000397837 -1325
0.000412947 -1284
0.000419468 -1049
0.000422033 -972
0.000423884 -916
0.000424245 -743
0.000424851 -629
0.000427569 -610
0.000430775 -543
0.000431642 -533
0.0004326 -475
0.000433521 -400
0.000441704 -288
0.000443158 -246
0.000446852 -158
0.00050311 -153
0.000508628 -134
0.000513831 -112
0.00052083 -68
0.000529925 -29
0.000531154 68
0.000540808 81
0.000541639 99
0.000576818 101
0.00058127 114
0.00058482 115
0.000586184 117
0.00063369 132
0.000664813 143
0.000685189 158
0.000694437 161
0.000710532 168
0.000755546 169
2 169
