0 -8194
5.87e-07 -7851
0.000319731 -7829
0.000320814 -7491
0.000320995 -7283
0.000322702 -7275
0.000323876 -6964
0.00032571 -6744
0.000327155 -6548
0.000329142 -6314
0.000329521 -5951
0.000331354 -5794
0.000332673 -5705
0.000334452 -5452
0.000335084 -5214
0.000342608 -5098
0.000345543 -4871
0.000346826 -4638
0.000358251 -4594
0.000358404 -4317
0.000361087 -4137
0.000361827 -4090
0.000362315 -3962
0.000364058 -3950
0.000371031 -3788
0.000374977 -3713
0.000376224 -3586
0.000383982 -3533
0.000387739 -3378
0.000387902 -3198
0.000390187 -2958
0.000409749 -2813
0.00041366 -2563
0.000431859 -2444
0.000433837 -2272
0.000439129 -2111
0.000439644 -2026
0.000440701 -1952
0.00044155 -1811
0.000443591 -1743
0.000445379 -1657
0.000449597 -1584
0.000449742 -1449
0.000458186 -1290
0.000458548 -1187
0.000465818 -1059
0.000471933 -922
0.000473793 -847
0.000477117 -728
0.00050899 -727
0.000509649 -606
0.000511211 -489
0.000530313 -445
0.000548458 -372
0.000573259 -353
0.000589146 -318
0.000601248 -272
0.000604364 -206
0.000605141 -134
0.000615139 -118
0.000615753 -111
0.000618219 -50
0.000661345 -19
0.000677873 61
0.000682533 69
0.000690562 89
0.000690653 103
0.00070691 104
0.000710423 120
0.000711462 146
0.000737039 148
0.000748609 149
0.000750623 152
0.000755491 161
0.000784429 162
0.00078759 168
0.000791329 173
0.000799855 184
0.000819445 193
0.000821693 196
0.000821865 199
0.000855635 207
0.000908343 215
0.00090884 217
2 217
