0 -3736
7.59e-07 -3645
0.000781128 -3614
0.000784674 -3610
0.000785878 -3538
0.000786324 -3453
0.000802065 -3382
0.00080289 -3230
0.000803403 -3203
0.00080492 -3087
0.000805489 -3010
0.000806541 -2945
0.000807338 -2881
0.000808059 -2846
0.000809177 -2785
0.000809879 -2757
0.000811349 -2741
0.000815711 -2671
0.000815853 -2615
0.000822681 -2559
0.000824606 -2479
0.000825127 -2420
0.00083241 -2411
0.000834041 -2340
0.000835037 -2334
0.000835435 -2120
0.00083626 -1999
0.000837322 -1924
0.000839873 -1861
0.000841219 -1828
0.000842225 -1766
0.00085514 -1732
0.00085569 -1669
0.000857075 -1653
0.000859692 -1575
0.000859967 -1490
0.000860327 -1453
0.000867961 -1371
0.000868245 -1295
0.000869696 -1244
0.000871991 -1239
0.000873214 -1234
0.000875149 -1180
0.000889439 -1129
0.000890055 -1015
0.000890226 -944
0.000892369 -917
0.000892578 -898
0.000897499 -875
0.000902658 -797
0.000903938 -740
0.000904791 -671
0.000919442 -663
0.000932405 -619
0.000932528 -617
0.000932756 -593
0.000933761 -581
0.000938578 -561
0.000940067 -534
0.000941205 -516
0.000943585 -491
0.000944183 -451
0.000945349 -393
0.000945577 -353
0.000946288 -335
0.000946714 -274
0.000947369 -273
0.00095009 -272
0.0009512 -239
0.000955012 -232
0.000955571 -214
0.000956576 -191
0.000957553 -139
0.000958208 -137
0.000966088 -121
0.00097319 -107
0.000973769 -103
0.000976452 -102
0.000976566 -96
0.000978188 -37
0.000980757 -27
0.000981734 43
0.00098364 52
0.000987244 58
0.000987632 60
0.00098878 92
0.00099225 136
0.000992658 154
0.000993066 221
0.000993654 244
0.000994213 247
0.000994877 273
0.0009994 281
0.00100058 305
0.00100079 317
0.00100169 347
0.00100178 351
0.00100208 361
0.00100646 399
0.00100722 409
0.0010098 427
0.00101348 437
0.00101757 444
0.00102175 506
0.00103025 548
0.0010338 550
0.00103622 555
0.00103655 559
0.00104196 567
0.00105227 574
0.00105351 584
0.00105785 587
0.00106012 595
0.00107171 597
0.00107181 611
0.00107229 644
0.00107302 655
0.00107923 672
0.00107981 698
0.00108185 704
0.00108544 715
0.00109167 726
0.00109209 733
0.0010956 748
0.00109843 751
0.00109868 762
0.00110089 769
0.00110299 770
0.00110336 775
0.00110769 790
0.00110999 794
0.00113562 796
0.00113889 798
0.00113964 811
0.0011398 813
0.00114059 828
0.00114359 833
0.00114464 835
0.00114699 839
0.00115219 849
0.00115256 869
0.00115494 877
0.0011634 880
0.00116524 883
0.00117276 884
0.00117438 897
0.0011762 908
0.00117733 936
0.00118152 940
0.00118259 951
0.00118446 964
0.00119092 966
0.0011918 977
0.00119971 978
0.00120283 999
0.00120856 1007
0.00121077 1019
0.00121449 1027
0.00121485 1046
0.00122447 1054
0.00122459 1062
0.00122819 1067
0.00123147 1071
0.00123325 1081
0.00123638 1084
0.00123824 1087
0.00124062 1090
0.00124077 1093
0.00124192 1135
0.00124833 1152
0.0012504 1167
0.00125057 1170
0.00125883 1171
0.00125905 1181
0.00126243 1185
0.0012695 1188
0.00128293 1196
0.00128574 1202
0.00129685 1217
0.00129796 1225
0.0013016 1253
0.00131834 1276
0.00132526 1277
0.00134753 1293
0.00135135 1308
0.00136447 1351
0.00136576 1364
0.0013688 1371
0.0013806 1374
0.00138328 1379
0.00140567 1415
0.00141909 1418
0.00142464 1420
0.00146073 1425
0.00150758 1429
0.00152355 1434
0.00155411 1435
0.00156478 1436
0.00158432 1449
0.0015905 1450
0.00161489 1457
0.00171687 1458
0.00173989 1462
0.00182897 1463
0.00183452 1466
0.00188982 1475
0.00193058 1485
0.00215045 1502
2 1502
