0 -655
1.63e-07 -573
9.71e-06 -570
0.000296294 -545
0.000373695 -539
0.000395308 -506
0.000419414 -464
0.00041954 -459
0.000420832 -441
0.000421599 -407
0.000421988 -371
0.000422051 -273
0.000422475 -209
0.000423081 -141
0.000478345 -116
0.000480703 -102
0.000488596 -99
0.000488813 -84
0.000491089 -50
0.00049985 -47
0.000500717 13
0.000500807 27
0.00050087 32
0.000500943 44
0.000501096 54
0.000505061 86
0.000506208 100
0.000506958 122
0.000509983 128
0.00051011 132
0.000511013 142
0.000523134 145
0.000523874 186
0.000524281 202
0.000524335 227
0.000524461 229
0.000524669 235
0.000525084 259
0.000525355 272
0.000526927 278
0.000528535 295
0.00056076 310
0.000561112 314
0.000565465 320
0.0005657 357
0.000569538 372
0.000570035 374
0.000570225 399
0.000571065 402
0.000571137 421
0.000597952 425
0.000601104 436
0.000601447 437
0.000602152 438
0.000606821 446
0.000610705 449
0.000613351 454
0.000614543 479
0.000637619 491
0.000638694 493
0.000643707 501
0.000645712 502
0.000647319 503
0.000647735 504
0.000648015 505
0.000651952 520
0.00065925 540
0.000660036 544
0.00066531 547
0.000665446 548
0.000681025 552
0.000681197 558
0.000681441 577
0.000681793 578
0.000683898 598
0.000684024 611
2 611
