0 -1200
1.61e-07 -1159
0.000518428 -1136
0.000519026 -1042
0.000519301 -1022
0.000519424 -1016
0.000580815 -987
0.000580929 -945
0.000581886 -938
0.000582531 -915
0.000582958 -848
0.000585774 -795
0.000588866 -775
0.000590648 -735
0.000591786 -713
0.000592128 -627
0.00059226 -605
0.000592848 -601
0.000593379 -582
0.000595029 -525
0.000595532 -504
0.00059612 -463
0.000596973 -458
0.000597296 -432
0.000629679 -431
0.000632552 -414
0.000634193 -380
0.000635359 -374
0.000635938 -340
0.000636203 -309
0.000636327 -306
0.000636715 -272
0.000637265 -263
0.000638327 -234
0.000648929 -227
0.000655662 -199
0.000656363 -196
0.000656449 -148
0.000658526 -110
0.000665353 -94
0.000678989 -60
0.000681132 -57
0.000682773 -56
0.000683162 -35
0.000685181 -29
0.000685456 2
0.00068575 68
0.000686471 82
0.000686566 120
0.000687125 145
0.000687429 160
0.000688017 162
0.000689022 200
0.000689126 239
0.000689306 289
0.000697253 300
0.000697443 303
0.000720599 319
0.000720884 329
0.000720988 349
0.000724791 353
0.000728479 412
0.000728878 421
0.000728982 433
0.000729361 440
0.000730461 463
0.000730973 477
0.000732026 489
0.000732121 492
0.000733771 503
0.000736122 512
0.00073855 539
0.000738825 547
0.000739261 555
0.000741736 561
0.000741822 568
0.000742068 569
0.000743064 570
0.000744809 597
0.000744998 604
0.000745548 613
0.000746402 649
0.000746942 654
0.000747407 656
0.000748213 692
0.00075101 742
0.0007523 751
0.000752565 756
0.000752812 762
0.000765946 766
0.000768345 779
0.000774139 789
0.000779951 791
0.000780843 813
0.000785707 819
0.000785888 835
0.000786163 851
0.000786257 855
0.000787177 861
0.000787642 881
0.000788448 882
0.000788837 893
0.000789036 894
0.000789643 896
0.000791065 924
0.000791843 959
0.000793483 963
0.000794261 968
0.000796442 999
0.000800538 1007
0.00080179 1014
0.000802245 1029
0.000802757 1036
0.000812183 1038
0.000813956 1042
0.000814687 1047
0.000814943 1051
0.00081609 1057
0.000816593 1086
0.000816668 1091
0.000816972 1101
0.00081811 1109
0.00082086 1120
0.000822823 1133
0.000828304 1167
0.000830039 1171
0.000833045 1178
0.000834022 1188
0.000836241 1189
0.000839408 1210
0.000840081 1217
0.000840792 1220
0.000842518 1232
0.000853746 1234
0.000854438 1239
0.000855434 1249
0.000855547 1250
0.00085624 1262
0.000856761 1269
0.000858743 1286
0.000861825 1292
0.000866576 1298
0.000869734 1310
0.00087493 1315
0.000875224 1329
0.000877746 1339
0.000884327 1340
0.000892141 1348
0.000893402 1357
0.000895403 1361
0.00090005 1370
0.000946477 1372
0.000963233 1373
0.000973939 1374
0.000977903 1375
0.000978178 1379
0.000980852 1380
0.00100523 1387
0.00103881 1388
0.00104282 1392
0.00104427 1393
0.00104741 1397
0.00108291 1402
0.00109628 1404
0.0011257 1405
0.0011347 1407
0.00114423 1408
0.00119104 1413
2 1413
