0 351
8.6e-08 403
1.256e-05 433
1.2865e-05 451
0.000723133 459
0.000731452 491
0.000737161 494
0.000737713 501
0.000737971 527
0.000738714 539
0.000738876 556
0.00073941 558
0.000739753 579
0.000740934 622
0.000741745 638
0.00074184 643
0.000742002 673
0.000743069 695
0.000743193 707
0.000746166 712
0.000753695 714
0.000755658 716
0.000755849 726
0.000756468 739
0.000756668 758
0.000757135 776
0.000757554 787
0.00076311 789
0.000763473 797
0.000763711 800
0.000772383 835
0.000776643 861
0.000794988 865
0.000797303 873
0.000797627 878
0.00079778 880
0.000798056 882
0.000798476 885
0.000799114 897
0.00080001 900
0.000800315 917
0.000800439 919
0.000804756 920
0.000805099 933
0.000805489 944
0.000805604 952
0.000805861 955
0.000806738 987
0.000806976 990
0.000807443 998
0.000820346 1007
0.000820509 1014
0.000822186 1023
0.000822634 1061
0.000823225 1070
0.000840902 1095
0.000841922 1104
0.000845372 1128
0.000845515 1145
0.00084581 1147
0.00084682 1148
0.000846916 1153
0.000860963 1157
0.000861439 1176
0.000861592 1185
0.000893164 1205
0.00089386 1218
0.000894365 1238
0.000894879 1240
0.000896652 1248
0.000896804 1270
0.000897052 1282
0.000897252 1285
0.00090175 1288
0.000902074 1298
0.000902665 1299
0.00090317 1323
0.000942719 1343
0.000944577 1344
0.000945692 1353
0.000946035 1375
0.000946283 1376
0.00094818 1381
0.00094999 1382
0.000950981 1386
0.00095708 1392
0.000962055 1405
0.000997334 1411
0.00100007 1425
0.00100519 1437
0.00100642 1443
0.00101026 1445
0.00101038 1464
0.00101062 1465
0.00101101 1470
0.00101416 1477
0.00101431 1481
0.00101534 1498
0.00101602 1507
0.00101693 1509
0.00101706 1516
0.00102748 1526
0.00106369 1528
0.00106426 1529
0.00106475 1532
0.00106782 1534
0.00106911 1535
0.00107324 1543
0.00107775 1545
0.00108377 1551
0.0011226 1553
0.00112605 1554
0.00113502 1555
0.00114198 1560
0.00114424 1562
0.00115566 1564
0.00115679 1565
0.00115853 1573
0.00115982 1575
0.0011618 1577
0.00117029 1586
0.0011771 1588
0.00117973 1595
0.00118466 1598
0.00120735 1605
0.00122005 1606
0.00123062 1607
0.00123499 1608
0.00126963 1612
0.00127697 1616
0.00127818 1618
0.00129201 1619
0.00130071 1623
0.00131279 1630
0.00132931 1631
0.0013329 1634
0.00134954 1635
0.00137057 1639
0.0014075 1640
0.00148307 1642
2 1642
