0 -802
5.11e-07 -744
1.1128e-05 -691
1.1346e-05 -672
1.1545e-05 -634
0.000383687 -591
0.000384047 -517
0.000384539 -498
0.000386914 -489
0.000387927 -469
0.000389393 -450
0.00038963 -367
0.000389999 -365
0.000390264 -291
0.000434314 -265
0.000441005 -256
0.00044108 -216
0.000441733 -201
0.000441885 -174
0.00044197 -161
0.000442329 -84
0.000469782 -83
0.000473037 -50
0.000475658 -43
0.000479226 -15
0.000496212 -6
0.000501549 35
0.000501691 43
0.000502221 47
0.000502722 55
0.000504511 60
0.000504577 130
0.000505533 144
0.000516463 174
0.000516605 188
0.000518081 236
0.000518299 263
0.000519131 268
0.000520693 275
0.000521544 299
0.000521753 307
0.000522528 318
0.000523077 320
0.000523418 353
0.000529976 355
0.000533723 362
0.000534092 382
0.000534849 388
0.000550662 396
0.000551003 411
0.00055122 426
0.000551779 432
0.000552375 435
0.000608046 442
0.000609607 444
0.00061027 445
0.000612172 447
0.000612427 449
0.000628429 474
0.00062859 497
0.000629725 500
0.000631949 520
0.000632176 550
0.000638223 552
0.000638488 560
0.000645037 568
0.000646825 574
0.000648254 580
0.000655834 581
0.000656392 587
0.000666527 588
0.000667417 592
0.000667625 599
0.000686352 604
0.000686769 616
0.000693326 622
0.000696137 624
0.000705221 628
0.000717126 629
0.000736042 636
0.000738389 640
0.000739033 643
0.000838801 646
0.00084147 648
0.000842057 650
0.000854254 653
0.000854358 657
0.000880618 659
0.000885795 660
2 660
