0 347
3.34e-07 370
7.06e-07 379
0.000612959 426
0.000613854 470
0.000615351 490
0.000639766 491
0.000640033 521
0.000640719 536
0.000670443 589
0.000671195 591
0.000674474 610
0.000722456 617
0.000722838 619
0.000723019 645
0.000723524 700
0.000728689 709
0.000729661 716
0.000729794 728
0.000730118 734
0.000730719 735
0.000730843 740
0.000734054 742
0.000734731 759
0.000735284 760
0.000735836 772
0.000736818 799
0.000742317 805
0.000742421 811
0.000742526 816
0.00074306 822
0.000754848 834
0.000755229 845
0.000762529 846
0.000763139 852
0.000771878 878
0.000772002 881
0.000773269 893
0.000773498 911
0.000774794 916
0.00077548 927
0.000776281 948
0.000783981 990
0.000784762 992
0.00079414 996
0.000796236 1002
0.000797809 1004
0.000798447 1015
0.000799143 1025
0.000804775 1032
0.000812237 1041
0.000812561 1052
0.000813952 1076
0.000814448 1088
0.000814619 1099
0.000814934 1105
0.000815467 1126
0.000816173 1143
0.000816678 1146
0.000817192 1165
0.000817516 1166
0.000819298 1183
0.000819737 1185
0.000820061 1213
0.000820833 1214
0.000822072 1251
0.00082554 1254
0.000825874 1257
0.000827971 1267
0.000828114 1271
0.000829 1279
0.000834127 1284
0.000834994 1290
0.000836119 1293
0.000851004 1296
0.000859953 1308
0.000860077 1319
0.000860448 1327
0.000861115 1330
0.000863965 1353
0.000867462 1373
0.000867577 1376
0.000867767 1396
0.000868577 1418
0.000869387 1425
0.000874829 1436
0.000915273 1440
0.000923993 1460
0.000924098 1464
0.000929234 1467
0.000930645 1470
0.000931245 1473
0.000946217 1483
0.000952754 1487
0.000969803 1492
0.000972119 1495
0.000979295 1506
0.00102735 1507
0.00102804 1539
0.00103402 1541
0.00103462 1545
0.00109219 1551
0.0011584 1552
0.00116581 1556
2 1556
