0 -24
1.81e-07 -4
5.05e-07 44
8e-07 62
1.0187e-05 79
1.3751e-05 83
6.5584e-05 84
0.000272667 88
0.000273172 93
0.000273763 103
0.00027383 111
0.000273897 113
0.000353795 118
0.000365107 161
0.000395764 196
0.000398146 199
0.000398213 205
0.000398642 223
0.000398718 225
0.000398928 239
0.00039929 251
0.000402854 269
0.000406523 279
0.00040659 288
0.000406819 317
0.000408343 325
0.000408467 337
0.00040861 346
0.000408706 373
0.000409172 390
0.000437819 402
0.000438286 414
0.000438458 462
0.000459633 465
0.0004597 493
0.000461139 494
0.00046172 501
0.000461787 515
0.000461872 539
0.000461911 542
0.000510951 544
0.000511227 549
0.000520224 555
0.0005205 561
0.000520824 569
0.000521014 584
0.000521148 607
0.000522415 623
0.000522539 626
0.000524493 628
0.000524779 645
0.000576631 650
0.000591421 661
0.000592946 675
0.000601618 692
0.00060238 693
0.000602971 698
0.000603447 701
0.000607888 702
0.000610033 725
0.000630074 742
0.000641424 744
0.00064151 751
0.000649991 752
0.00065204 755
0.000652507 757
0.000655194 760
0.00065893 771
0.000663657 779
0.000665296 794
0.000678695 797
0.000679429 808
2 808
