0 295
1.15e-07 329
1.0054e-05 330
1.0931e-05 343
0.000405037 350
0.000406523 359
0.0004445 360
0.000445157 362
0.000445434 386
0.000454859 396
0.000456193 407
0.000456622 413
0.000456688 432
0.000456946 433
0.000460834 437
0.000461596 443
0.000462978 450
0.000463092 462
0.00047612 468
0.000477054 474
0.000496885 490
0.000498658 499
0.000501126 505
0.000501345 506
0.000501879 516
0.000502088 517
0.000502879 519
0.000503013 527
0.000503251 545
0.000504871 549
0.000505395 575
0.000522568 592
0.000522968 600
0.000524036 611
0.000524522 617
0.000527867 628
0.000528753 637
0.000536272 638
0.000536653 642
0.000537025 653
0.000541227 662
0.00055577 668
0.000556161 678
0.000561383 679
0.00056184 682
0.000562727 687
0.000562765 688
0.000563203 700
0.000563241 712
0.000564471 717
0.000566805 725
0.000569064 726
0.000575964 739
0.00057604 740
0.000582301 748
0.000582568 769
0.000582949 780
0.000583502 782
0.000665706 784
0.000667269 800
0.000671748 813
0.000743002 821
2 821
