0 -5408
7.5e-08 -5310
0.000385201 -5305
0.0003861 -5292
0.000393869 -5279
0.00039509 -5253
0.000398563 -5133
0.000398762 -4990
0.000400086 -4916
0.000400209 -4747
0.000400654 -4616
0.000402083 -4492
0.000402632 -4357
0.000403304 -4246
0.000403398 -4124
0.000404676 -4007
0.000410221 -3976
0.000410496 -3838
0.000410619 -3712
0.000410912 -3591
0.000411158 -3445
0.000412294 -3362
0.000414508 -3268
0.000414811 -3149
0.000418624 -3081
0.000419476 -2946
0.000420053 -2846
0.00042047 -2752
0.000420564 -2628
0.000423611 -2520
0.000423876 -2405
0.000424558 -2341
0.000425012 -2252
0.000429753 -2171
0.000430179 -2121
0.000430538 -2018
0.000431191 -1996
0.000433226 -1919
0.000454849 -1851
0.000455559 -1752
0.000456609 -1669
0.000458757 -1583
0.000461672 -1527
0.000465211 -1468
0.000465457 -1373
0.000466337 -1270
0.000491622 -1258
0.000492114 -1175
0.000493969 -1085
0.000494641 -1020
0.000495076 -953
0.000496013 -888
0.00050029 -823
0.000514996 -812
0.000516964 -808
0.000518384 -756
0.000519216 -715
0.000521024 -676
0.000536647 -613
0.000540177 -581
0.000550492 -543
0.00058154 -534
0.000640447 -521
0.000644724 -479
0.000649172 -474
0.00065308 -454
0.000659846 -379
0.000661966 -340
0.000663404 -306
0.000666442 -275
0.000667568 -224
0.000667994 -170
0.000671599 -137
0.000672508 -93
0.000672706 -74
0.000683797 -71
0.000686077 -64
0.000751278 -45
0.000754959 20
0.000755848 38
0.00076005 44
0.000760258 46
0.000761507 71
0.000774576 72
0.000777992 110
0.000782383 112
0.000820698 115
0.000821682 116
0.000838716 151
0.000839511 154
0.000845879 160
0.000848851 182
0.000851321 200
0.000995783 212
0.00100715 217
0.00101269 234
0.00101617 238
0.0010172 247
0.00101924 248
0.0010242 251
0.00103161 258
0.00103484 259
0.00105243 278
0.00105546 279
0.00106321 284
0.0010812 300
0.00113911 311
0.0011687 321
0.00117373 322
0.00118393 323
0.00118717 324
0.0012102 328
0.00121886 335
0.00126642 344
0.00128211 351
0.0013092 356
0.00135229 359
0.00136627 360
0.00138099 362
0.00139809 370
0.00143589 386
0.00147463 389
0.00150229 390
0.00152688 393
0.00155676 400
0.00169974 401
0.00170649 403
0.00173112 405
0.00177945 407
2 407
