0 -7294
1.23e-07 -7126
0.000445065 -7085
0.000445595 -6984
0.000445708 -6844
0.000449058 -6793
0.000449437 -6669
0.000450307 -6617
0.000464284 -6493
0.000464568 -6411
0.000465524 -6271
0.000467379 -6137
0.000469044 -6047
0.000469546 -5906
0.000475081 -5844
0.000481393 -5819
0.000481885 -5693
0.000483381 -5559
0.000484554 -5437
0.000487752 -5303
0.000490412 -5179
0.000491698 -5093
0.000493799 -5086
0.000500537 -5006
0.000501057 -4881
0.000501682 -4752
0.000501824 -4628
0.000503461 -4616
0.000504029 -4520
0.000504852 -4386
0.000512366 -4319
0.000515403 -4218
0.000518441 -4143
0.000520248 -4104
0.000522141 -4019
0.000524336 -3948
0.000529702 -3824
0.000530525 -3748
0.000530932 -3631
0.00053767 -3518
0.000540897 -3431
0.000543736 -3295
0.000550066 -3214
0.000550748 -3123
0.000550899 -3006
0.000551959 -2895
0.000552527 -2761
0.000552688 -2669
0.000553956 -2581
0.000555413 -2539
0.000556274 -2488
0.000559264 -2408
0.000565425 -2383
0.000568888 -2311
0.000575749 -2241
0.000577679 -2193
0.00057784 -2126
0.000580111 -2057
0.000583111 -2013
0.00058542 -1899
0.000588855 -1833
0.00059476 -1797
0.000598763 -1697
0.000599993 -1606
0.000605368 -1567
0.00060605 -1473
0.000606807 -1407
0.000607469 -1337
0.000608926 -1237
0.000629594 -1188
0.00063089 -1099
0.000646476 -1020
0.000647611 -976
0.0006508 -903
0.000666376 -796
0.000668364 -731
0.000669263 -671
0.000676417 -588
0.000679823 -537
0.000681773 -492
0.000697434 -462
0.000710389 -416
0.00071619 -356
0.000716436 -341
0.000719625 -289
0.000733393 -264
0.000735702 -199
0.00073681 -132
0.000754392 -107
0.000766892 -98
0.000774908 -62
0.000793323 -28
0.000798821 -10
0.000825998 14
0.000826793 35
0.000841508 64
0.000843231 84
0.000850498 85
0.000853205 135
0.000866642 171
0.000953153 172
0.00096642 173
0.000979233 180
0.00098634 215
0.00104789 229
0.00107775 233
0.00108743 235
0.00109318 250
0.00109443 257
0.00112213 262
0.0011595 264
0.001166 269
0.0011758 310
0.00118181 318
0.001185 325
0.00119306 334
0.00124567 336
0.00126537 344
0.00137443 345
0.00138468 350
0.00139415 351
0.00147035 371
0.00147252 372
0.00149207 373
0.00155736 377
0.00178899 379
0.00183267 380
0.00184597 381
0.00187682 395
0.00241235 397
0.00242825 398
0.0025269 401
0.00260554 406
0.00274648 408
0.00302406 409
0.00318555 410
0.00369814 411
2 411
