0 -6848
5.39e-07 -6726
0.000465315 -6676
0.000466091 -6559
0.00046699 -6492
0.000467132 -6370
0.000467293 -6241
0.00047052 -6131
0.000470634 -6010
0.000482879 -5915
0.000483901 -5793
0.00048497 -5693
0.000485443 -5577
0.000485954 -5469
0.000487052 -5368
0.000488396 -5291
0.000493373 -5280
0.000494376 -5196
0.000495805 -5185
0.000496231 -5061
0.000497187 -4941
0.000499496 -4860
0.000499997 -4779
0.000502003 -4654
0.000504871 -4525
0.000505779 -4414
0.000507719 -4332
0.000509347 -4191
0.000509792 -4108
0.000510246 -3963
0.000512034 -3850
0.000515838 -3787
0.00051705 -3656
0.000518933 -3581
0.000520409 -3454
0.000534556 -3325
0.000537376 -3208
0.000539856 -3123
0.000542297 -3021
0.000543054 -2882
0.000544398 -2776
0.000545808 -2680
0.000546253 -2591
0.00054753 -2525
0.000547823 -2451
0.000550284 -2386
0.000555129 -2283
0.000562974 -2199
0.0005893 -2165
0.000591363 -2067
0.000595072 -1967
0.000597078 -1875
0.000599018 -1821
0.000599548 -1766
0.000601535 -1663
0.000602557 -1568
0.000608131 -1466
0.000612257 -1414
0.000614926 -1318
0.000622856 -1239
0.000627398 -1161
0.000634467 -1089
0.000638895 -1030
0.000639984 -998
0.00064216 -974
0.000644185 -913
0.000647639 -863
0.000649362 -810
0.000657793 -762
0.00066243 -706
0.000667814 -647
0.000680514 -576
0.000692182 -520
0.000704256 -494
0.000706206 -402
0.000710805 -349
0.000728605 -296
0.000742875 -255
0.000771879 -241
0.000783613 -199
0.000815267 -193
0.000816488 -178
0.000847905 -171
0.000862166 -139
0.000869954 -109
0.000905677 -101
0.000909102 -47
0.000912925 -27
0.000926846 6
0.000961641 44
0.00097981 60
0.000980614 109
0.00103947 111
0.00104939 133
0.00113107 153
0.00113466 159
0.00114076 167
0.00116488 169
0.00116749 173
0.00122807 175
0.0012424 178
0.00126094 181
0.00127342 197
0.00128873 217
0.00129185 233
0.00129719 244
0.00130317 245
0.00130365 247
0.00131918 250
0.00132244 270
0.00134285 274
0.001383 277
0.00140226 282
0.00142166 284
0.00146434 288
0.00148422 302
0.00149398 334
0.00153091 342
0.00154052 346
0.00159681 350
0.00162106 355
0.00183587 356
0.00186347 358
0.00202225 375
0.00213936 378
0.00227182 379
0.00241359 384
0.00269764 386
0.00273267 387
0.00291334 393
2 393
