0 90
5.24e-07 130
2.0651e-05 138
2.0928e-05 139
2.1871e-05 140
2.2433e-05 142
2.3262e-05 201
2.4063e-05 224
2.4997e-05 252
2.5454e-05 282
2.5578e-05 291
0.000408134 292
0.000408239 320
0.000408458 346
0.000408677 387
0.000525751 388
0.000526237 394
0.000526523 420
0.000526771 443
0.000528924 453
0.000529096 471
0.000539112 486
0.000539703 491
0.000539798 516
0.000539903 559
0.000540017 564
0.000540351 590
0.000600169 591
0.000600817 593
0.000601113 608
0.000601198 610
0.000602333 634
0.000602456 637
0.00060299 664
0.000603266 672
0.000608231 678
0.000608527 679
0.000609461 696
0.000610261 712
0.000610662 713
0.000610843 727
0.000611138 744
0.000623832 747
0.000624442 752
0.000624566 775
0.000644168 777
0.000644588 778
0.000645474 782
0.000645941 792
0.000646103 798
0.000646198 799
0.000665134 821
0.000665477 822
0.000665782 824
0.000666154 826
0.00066624 828
0.000666344 829
0.00066643 838
0.00066947 844
0.00067008 855
0.00067291 864
0.000673577 877
0.000681154 886
0.000681354 887
0.000699089 900
0.000701938 908
0.000702024 932
0.000703044 934
0.000703301 938
0.000705093 955
0.000705274 962
0.000705969 971
0.000706198 984
0.000706779 992
0.000708418 994
0.000711001 1000
0.000711849 1004
0.000719607 1005
0.000719692 1006
0.000719807 1017
0.000719892 1029
0.000719978 1043
0.00072785 1056
0.000728555 1065
0.000728955 1066
0.000729365 1074
0.00075096 1077
0.000753952 1081
0.000757583 1087
0.000758393 1089
0.000767399 1092
0.000767675 1096
0.000768523 1101
0.000783752 1109
0.000809787 1112
0.000871722 1115
0.00087479 1119
0.000891391 1123
0.000895527 1124
0.00090398 1132
0.000904333 1133
0.000905104 1137
0.000908402 1139
0.00091735 1141
0.00093519 1143
0.00094228 1145
2 1145
