0 -4833
2.84e-07 -4639
7.29e-07 -4514
0.000439301 -4429
0.000441459 -4315
0.000460915 -4292
0.000461369 -4202
0.000462836 -4103
0.000465117 -4097
0.000467918 -4024
0.000468239 -3804
0.000471428 -3704
0.000472081 -3584
0.000473548 -3550
0.000474608 -3507
0.000477977 -3387
0.000478687 -3222
0.000483588 -3131
0.000484005 -3053
0.000486427 -2968
0.000521431 -2896
0.000521705 -2805
0.000522093 -2754
0.000522832 -2721
0.000523144 -2588
0.000555346 -2579
0.000558166 -2507
0.000558829 -2493
0.000561119 -2488
0.000574982 -2442
0.000580584 -2371
0.000580897 -2236
0.000581767 -2126
0.000582117 -2012
0.000584048 -1972
0.000598696 -1949
0.000601498 -1943
0.000603248 -1861
0.000604649 -1784
0.000604791 -1640
0.000609939 -1593
0.000610951 -1527
0.000612645 -1463
0.00061467 -1402
0.000621654 -1394
0.000629574 -1350
0.000629754 -1311
0.000629887 -1179
0.00063036 -1122
0.000630644 -1007
0.000631202 -981
0.000642577 -966
0.000647393 -898
0.000655087 -883
0.00065697 -756
0.000670843 -746
0.000673275 -704
0.000674013 -644
0.000675934 -599
0.000676653 -539
0.000679444 -490
0.00068252 -431
0.000684857 -420
0.000686542 -400
0.000696279 -331
0.000697642 -303
0.000703745 -280
0.000706707 -263
0.000708326 -242
0.00070966 -162
0.000712366 -128
0.00071565 -118
0.000718706 -81
0.000724867 -78
0.000750578 -67
0.000751127 -36
0.00075441 12
0.000759142 26
0.000778229 48
0.00077926 89
0.000787635 93
0.000794571 102
0.000798726 113
0.000804394 150
0.000805085 233
0.000829802 252
0.000830048 266
0.000839682 269
0.000843117 313
0.000849798 325
0.000850763 328
0.000854179 331
0.000855504 343
0.000877714 361
0.000880609 372
0.000881272 374
0.000882199 389
0.000890498 405
0.000906879 415
0.000909112 423
0.000910579 458
0.000951487 468
0.0010118 475
0.00101234 504
0.00101474 515
0.00101861 516
0.00102311 525
0.00103283 532
0.00104643 546
0.00104874 552
0.00105018 568
0.00106043 572
0.00109645 577
0.00113766 589
0.00113807 594
0.00115233 601
0.00116537 610
0.00116817 619
0.00116891 622
0.0011844 626
0.00121532 627
0.00123069 633
0.00125028 634
0.00126066 639
0.00130624 645
0.00131858 651
0.00132666 653
0.00142137 655
0.00164899 657
0.00169941 662
2 662
