0 677
9.82e-07 709
1.1265e-05 723
0.000654918 731
0.000655929 761
0.000657158 770
0.000657329 778
0.000657625 786
0.000657768 793
0.000659283 808
0.000714899 825
0.000716643 828
0.000717996 837
0.000719797 851
0.000803574 858
0.000803746 883
0.000811732 891
0.00081218 931
0.000812427 933
0.000813009 940
0.000813609 944
0.000814886 946
0.00081542 965
0.000820023 983
0.000821204 990
0.000821328 1016
0.000821462 1028
0.000825874 1075
0.000826255 1083
0.000827523 1085
0.000828085 1099
0.000828485 1118
0.000829086 1126
0.000830372 1127
0.000830505 1156
0.000832116 1168
0.000832888 1173
0.000840159 1186
0.000842246 1190
0.000842894 1202
0.000843876 1210
0.000844009 1236
0.000844257 1249
0.000844743 1250
0.00090643 1251
0.000907573 1259
0.000970022 1265
0.000975225 1270
0.000980333 1271
0.000980505 1280
0.00098284 1285
0.000986137 1287
0.000986671 1293
0.000990016 1294
0.000991931 1300
0.00099277 1307
0.000993294 1309
0.000993866 1314
0.000995896 1315
0.000996058 1318
0.000998735 1325
0.00100192 1326
0.00100273 1339
0.00100295 1344
0.00100394 1346
0.00100445 1350
0.0010067 1351
0.00105294 1360
0.00105763 1364
0.00105986 1366
0.00106153 1368
0.00106243 1372
0.00106426 1374
0.00107175 1375
0.00107659 1378
0.00107678 1392
0.00108003 1395
0.00108073 1399
0.00108238 1405
0.00108449 1406
0.00111225 1408
0.00111671 1411
0.00111692 1413
0.00111763 1414
0.00112513 1419
0.00115988 1425
0.00116071 1442
0.001161 1443
0.00117593 1445
0.00118689 1446
0.00118732 1450
0.00120645 1451
0.00121177 1452
0.00121345 1454
0.00123544 1456
0.00124223 1457
0.0012579 1458
0.00136692 1462
0.00137473 1463
2 1463
