0 748
1.0435e-05 778
0.000894874 790
0.00089658 800
0.000896732 853
0.000897218 855
0.000898371 856
0.000898752 869
0.000902107 870
0.000902412 880
0.000902536 911
0.000903546 919
0.000924817 924
0.000924979 931
0.000925407 933
0.000925541 947
0.000925779 954
0.000927466 956
0.000927933 961
0.000928076 978
0.000928495 990
0.000928638 992
0.000928943 1004
0.000929105 1006
0.000929486 1017
0.000957761 1023
0.000958342 1026
0.000962983 1033
0.000963346 1038
0.00096549 1049
0.000968044 1050
0.000969454 1056
0.00097136 1072
0.000974991 1097
0.000975144 1116
0.000977821 1125
0.000978679 1126
0.000978832 1127
0.000980051 1131
0.000981224 1146
0.00109952 1155
0.00109989 1160
0.0011013 1165
0.00110687 1173
0.00110709 1183
0.00111041 1195
0.00111404 1207
0.00111443 1211
0.00111496 1219
0.0011156 1222
0.00111582 1224
0.00111608 1227
0.00111666 1228
0.0011181 1235
0.00111884 1242
0.00112185 1252
0.00112261 1254
0.0011266 1262
0.00113225 1268
0.0011333 1286
0.00113345 1290
0.00113525 1298
0.00113557 1306
0.00115597 1313
0.00116483 1316
0.00116552 1324
0.00116571 1326
0.00116646 1340
0.00116707 1347
0.00116769 1350
0.00116883 1360
0.00117016 1372
0.00117028 1374
0.00117097 1378
0.00120054 1382
0.00120315 1384
0.00120552 1386
0.00120642 1394
0.0012098 1396
0.00121088 1403
0.0012144 1407
0.00121529 1433
0.00121542 1438
0.00121642 1451
0.00129741 1464
0.00129754 1467
0.00131678 1468
0.00131885 1474
0.00131909 1475
0.00131977 1480
0.00132036 1481
0.00132091 1486
0.00132162 1488
0.00132405 1489
0.00143283 1490
0.00143886 1497
0.00144723 1499
0.00145496 1502
0.00145643 1505
0.0014642 1507
0.00146885 1508
0.00147411 1511
0.00148065 1512
0.00149651 1514
0.00150862 1515
0.00152023 1516
0.00165426 1524
0.00166389 1527
0.00166881 1528
2 1528
