0 962
6e-07 973
0.00106469 999
0.00106606 1012
0.00106631 1042
0.00106714 1054
0.00106734 1082
0.00111836 1087
0.00111894 1106
0.00111946 1123
0.00112003 1136
0.00112058 1166
0.00112303 1170
0.00113221 1171
0.00113527 1175
0.00113612 1209
0.00113727 1214
0.00114149 1218
0.00114218 1242
0.00114263 1260
0.00114391 1279
0.0011444 1282
0.00114464 1304
0.00114497 1312
0.00114533 1325
0.0011501 1332
0.001153 1338
0.00117371 1343
0.00117384 1346
0.001174 1349
0.00117445 1376
0.00117645 1385
0.00117756 1389
0.00117781 1405
0.0011823 1406
0.00118306 1415
0.00118327 1418
0.0011836 1435
0.00118376 1440
0.00118439 1446
0.00119684 1448
0.00120171 1450
0.00120208 1463
0.00120224 1464
0.00120881 1473
0.00121261 1482
0.00121337 1486
0.0012137 1497
0.00121815 1499
0.00121916 1525
0.00121929 1537
0.00122615 1540
0.00122727 1543
0.00122759 1551
0.00123416 1553
0.0012348 1564
0.00123865 1566
0.00123904 1598
0.00123955 1599
0.0012405 1603
0.00124098 1608
0.00124111 1615
0.001242 1622
0.00124622 1632
0.00125361 1648
0.00126281 1660
0.00126687 1666
0.00126835 1668
0.00126848 1676
0.00126947 1677
0.00126962 1683
0.0012765 1695
0.00127719 1705
0.00127866 1712
0.0012794 1718
0.00127952 1719
0.00128088 1726
0.00128245 1727
0.00128271 1737
0.00131486 1739
0.00131565 1748
0.00131635 1749
0.00131675 1753
0.00131703 1757
0.00131791 1760
0.00132027 1764
0.00132043 1770
0.00133029 1780
0.0013316 1793
0.00133191 1798
0.00133497 1800
0.00133638 1802
0.00133777 1807
0.00134 1808
0.00134207 1830
0.00135323 1831
0.00137594 1838
0.0013795 1840
0.00138584 1849
0.00138864 1852
0.0014057 1854
0.00140598 1856
0.00141304 1857
0.00141645 1860
0.00141993 1866
0.00144546 1867
0.00145231 1871
0.00145366 1872
0.00146606 1881
0.00146898 1883
0.00148222 1885
0.00148821 1891
0.00149289 1897
0.00150127 1898
0.00150268 1906
0.00150969 1919
0.00151098 1922
0.00153499 1923
0.00153965 1927
0.00155618 1928
0.00155773 1929
0.00169288 1935
0.00171007 1936
0.00174684 1939
0.00178868 1941
0.00184514 1943
2 1943
