0 -3671
1.42e-07 -3587
0.000564582 -3541
0.000567204 -3495
0.000568774 -3427
0.000570024 -3321
0.000621351 -3275
0.000630417 -3208
0.00064533 -3127
0.000647242 -3000
0.000650866 -2957
0.000651207 -2813
0.00065344 -2690
0.000654453 -2555
0.000656118 -2467
0.000656799 -2418
0.000670852 -2320
0.000671136 -2240
0.000673748 -2165
0.000674883 -2137
0.000675404 -2068
0.000675924 -1997
0.000676236 -1880
0.00067758 -1762
0.000678602 -1661
0.000678791 -1603
0.000679473 -1598
0.000680826 -1566
0.000688406 -1509
0.000688822 -1416
0.000691964 -1375
0.000692882 -1326
0.000695125 -1319
0.000701806 -1287
0.000704597 -1284
0.000708259 -1273
0.000708761 -1233
0.000719766 -1226
0.000721744 -1169
0.00074701 -1147
0.000747133 -1053
0.000747607 -976
0.000748364 -939
0.000750483 -902
0.000750956 -846
0.000754429 -830
0.000755376 -770
0.000757883 -736
0.000762359 -682
0.000769949 -650
0.000781162 -649
0.000783169 -599
0.000783292 -523
0.000783604 -466
0.00079459 -449
0.00079725 -388
0.000803561 -375
0.000805596 -281
0.000810185 -270
0.00081415 -265
0.000815485 -203
0.000819261 -190
0.000820557 -134
0.000824957 -133
0.000825837 -77
0.00083424 -57
0.000846382 -47
0.000846798 -23
0.000852201 16
0.000856043 18
0.00085699 20
0.000862611 59
0.000865043 108
0.000866301 125
0.000867219 186
0.000868355 199
0.000882871 220
0.000887413 224
0.000890555 231
0.000890659 255
0.000892996 264
0.000899327 278
0.000902696 286
0.00091266 291
0.000916228 343
0.000919218 385
0.000923874 392
0.000966505 400
0.00096853 421
0.000971615 439
0.000976772 442
0.000980681 443
0.00099073 446
0.000993588 449
0.000996919 461
0.00100611 475
0.00101437 487
0.00102295 489
0.0010288 503
0.00103434 509
0.0010433 522
0.00104364 530
0.001045 545
0.00104636 548
0.00104804 549
0.00105126 554
0.00111432 556
0.00112556 579
0.0011357 592
0.00117437 593
0.00121092 598
0.00121179 600
0.00129326 606
0.00131314 613
0.00131946 614
0.00133344 616
0.00133838 620
0.00134637 621
0.00138078 623
0.00140572 628
0.00142734 631
0.0015299 638
0.00161952 642
0.00165788 643
2 643
