0 -58967
4.7e-08 -58577
1.636e-05 -58191
3.3559e-05 -57805
5.1909e-05 -57428
7.5144e-05 -57063
9.8717e-05 -56701
0.000138368 -56345
0.000175832 -55990
0.000221339 -55637
0.000257265 -55291
0.000290372 -54947
0.000320254 -54606
0.000348524 -54266
0.000378076 -53926
0.000406864 -53587
0.000435398 -53248
0.000463997 -52914
0.000492446 -52581
0.000521187 -52248
0.000553106 -51916
0.000581857 -51584
0.000610371 -51253
0.000668165 -50925
0.000714794 -50597
0.000753935 -50270
0.000788504 -49945
0.000820131 -49621
0.000864685 -49298
0.000896113 -48976
0.000924864 -48654
0.000953577 -48334
0.00098228 -48018
0.00101093 -47703
0.00103994 -47389
0.00106886 -47075
0.0010981 -46762
0.00112662 -46451
0.0011565 -46141
0.00118872 -45831
0.00122015 -45521
0.00125058 -45212
0.00127932 -44905
0.00130935 -44601
0.00133966 -44298
0.00136995 -43995
0.00139905 -43693
0.00142817 -43392
0.00145775 -43092
0.00148796 -42793
0.00151819 -42495
0.00154736 -42197
0.00157888 -41901
0.00160946 -41607
0.00164029 -41314
0.0016719 -41022
0.00170353 -40732
0.00173277 -40445
0.00176261 -40159
0.00179341 -39873
0.00182464 -39587
0.00185593 -39302
0.00188759 -39017
0.00191804 -38732
0.00196129 -38447
0.00200174 -38162
0.00203386 -37878
0.00206445 -37596
0.00209523 -37315
0.00213189 -37035
0.00216402 -36755
0.00219602 -36477
0.00222977 -36199
0.00226358 -35921
0.00229563 -35644
0.00232761 -35368
0.00236033 -35093
0.00239094 -34820
0.00242263 -34548
0.00245482 -34276
0.00248551 -34006
0.00251663 -33738
0.00254661 -33470
0.00257813 -33202
0.00261261 -32934
0.00264483 -32666
0.00267725 -32399
0.0027095 -32132
0.00275116 -31865
0.00278319 -31600
0.00281517 -31336
0.0028529 -31072
0.00288482 -30809
0.00291583 -30546
0.0029468 -30283
0.00300066 -30021
0.00304066 -29760
0.00307264 -29499
0.00311007 -29240
0.00314166 -28982
0.00317453 -28724
0.00320698 -28467
0.00323762 -28210
0.00326952 -27954
0.00330109 -27701
0.00333136 -27448
0.00336305 -27198
0.00339337 -26948
0.00342577 -26699
0.00346011 -26450
0.00349496 -26201
0.00353276 -25952
0.00356678 -25705
0.00359898 -25458
0.00363489 -25211
0.00366959 -24965
0.00370199 -24720
0.00373625 -24476
0.00376914 -24233
0.00380158 -23990
0.00383207 -23747
0.00386427 -23508
0.00389767 -23270
0.00393143 -23032
0.00396327 -22794
0.00399351 -22556
0.00402747 -22319
0.00405997 -22082
0.00409322 -21847
0.00413239 -21614
0.00416692 -21381
0.00419667 -21148
0.00423109 -20916
0.00426416 -20685
0.00429975 -20455
0.00433201 -20225
0.00436325 -19996
0.00439535 -19767
0.00442752 -19538
0.00445862 -19310
0.00449288 -19082
0.00452416 -18855
0.00455582 -18628
0.00458693 -18402
0.00463159 -18177
0.00466772 -17953
0.00470164 -17731
0.00473418 -17509
0.00477062 -17287
0.00482244 -17067
0.00485426 -16848
0.0048857 -16629
0.00492075 -16413
0.00495718 -16198
0.00499058 -15983
0.00502738 -15768
0.00506266 -15555
0.00509352 -15345
0.00512588 -15135
0.00515892 -14927
0.00519009 -14719
0.00522566 -14512
0.0052582 -14307
0.00529302 -14102
0.00532866 -13898
0.00536435 -13694
0.00539784 -13493
0.00543685 -13293
0.00547762 -13095
0.00551646 -12898
0.00555748 -12701
0.0056 -12504
0.00563941 -12307
0.00567849 -12113
0.00571991 -11920
0.00576011 -11727
0.00579479 -11534
0.00583558 -11342
0.00587463 -11152
0.00591608 -10967
0.00595424 -10783
0.00598895 -10599
0.00602529 -10416
0.00606542 -10233
0.00610585 -10051
0.00614307 -9872
0.00618433 -9693
0.0062291 -9515
0.00627417 -9337
0.006316 -9160
0.0063598 -8983
0.00640195 -8807
0.00644604 -8633
0.00649051 -8460
0.00655022 -8287
0.00660211 -8116
0.00664544 -7948
0.00668698 -7782
0.00673396 -7616
0.0067914 -7451
0.00684124 -7290
0.00689017 -7130
0.00694325 -6970
0.00702957 -6814
0.00711233 -6660
0.00718831 -6508
0.00726047 -6358
0.00732786 -6210
0.00739204 -6064
0.00745434 -5920
0.0075185 -5777
0.00758416 -5635
0.00765001 -5496
0.00771491 -5358
0.007784 -5224
0.00786235 -5090
0.00793357 -4959
0.00800182 -4828
0.00807012 -4698
0.00814004 -4568
0.00821116 -4439
0.00828368 -4312
0.0083627 -4188
0.00847989 -4065
0.00859625 -3944
0.00870994 -3826
0.00882125 -3709
0.0089317 -3593
0.0090412 -3478
0.00914673 -3364
0.00925579 -3252
0.00936396 -3142
0.00947187 -3032
0.00958024 -2922
0.00969046 -2816
0.0097986 -2712
0.00990619 -2608
0.0100133 -2505
0.0101206 -2406
0.0102306 -2308
0.010371 -2211
0.0105138 -2115
0.0106536 -2022
0.0107947 -1931
0.0109282 -1841
0.0110969 -1751
0.0112441 -1664
0.0113818 -1577
0.0115153 -1493
0.011647 -1410
0.0117761 -1329
0.011905 -1250
0.0120327 -1171
0.0121589 -1093
0.012315 -1019
0.0124571 -947
0.0125924 -881
0.012731 -815
0.012858 -749
0.0129825 -684
0.0131033 -620
0.0132226 -560
0.0133374 -501
0.0134496 -442
0.0135612 -386
0.0136692 -334
0.0137833 -282
0.0138901 -231
0.0139931 -185
0.0141012 -141
0.0141978 -99
0.0142922 -58
0.0143818 -23
0.0144709 11
0.0145582 40
0.0146444 66
0.0147282 92
0.0148149 114
0.0148979 134
0.0149976 158
0.0151 177
0.0151962 195
0.0152837 211
0.0153658 227
0.0154444 241
0.0155211 259
0.0155971 268
0.0156737 277
0.0157489 286
0.0158237 298
0.0158935 306
0.0159774 315
0.0160603 326
0.016135 341
0.0162073 350
0.0162783 363
0.0163499 374
0.0164217 379
0.016493 383
0.016573 391
0.0166474 398
0.0167197 402
0.0167972 417
0.0168781 427
0.0169556 431
0.0170302 440
0.0171027 444
0.0171755 450
0.0172447 453
0.0173178 459
0.017395 465
0.0174671 467
0.0175385 469
0.0176136 477
0.0176894 483
0.0177642 488
0.0178486 491
0.0179308 503
0.0180117 510
0.0180869 515
0.0181627 519
0.0182372 529
0.0183089 537
0.0183832 540
0.0184551 546
0.0185278 549
0.0186029 552
0.0186788 554
0.0187604 556
0.0188356 561
0.0189118 564
0.0189975 567
0.019072 568
0.0191465 570
0.0192173 572
0.0196341 573
0.0197095 576
0.0204733 578
0.0206988 582
0.02077 583
0.0208374 589
0.0209134 592
0.0210622 596
0.0211382 600
0.0212143 602
0.0212902 606
0.0213607 609
0.0215698 613
0.0216644 615
0.0217654 616
0.0219446 624
0.0223583 625
0.0224388 627
0.0225181 630
0.0225977 631
0.0226741 633
0.0236872 635
0.0237631 637
0.0242036 640
0.0249167 641
0.0249947 645
0.025176 648
0.0252616 651
0.0253403 652
0.025652 657
0.0257289 659
0.0258775 663
0.0261867 668
0.0264133 669
0.026491 670
0.0265665 671
0.0279877 672
0.0280666 673
0.0281466 674
0.0301581 675
0.0303118 677
0.0305377 679
0.030613 681
0.0313809 683
0.0315462 684
0.0317064 689
0.0587781 690
0.0591323 691
0.0595385 696
2 696
