0 -57579
1.03e-07 -57159
1.7076e-05 -56753
3.5436e-05 -56363
6.1612e-05 -55974
9.8321e-05 -55596
0.000144111 -55236
0.00018545 -54878
0.000221621 -54520
0.000253559 -54165
0.000292795 -53816
0.000323988 -53467
0.000354162 -53120
0.000384629 -52775
0.000414539 -52437
0.000444091 -52099
0.000474275 -51762
0.000521187 -51427
0.00055354 -51094
0.000585241 -50762
0.000615925 -50433
0.000646316 -50105
0.000677094 -49778
0.000708325 -49452
0.000742761 -49131
0.000772615 -48811
0.000803968 -48492
0.000860309 -48173
0.000905043 -47856
0.000945043 -47540
0.000980271 -47227
0.00101278 -46914
0.00104258 -46602
0.00107386 -46293
0.00110458 -45984
0.00113481 -45676
0.00116504 -45369
0.00119586 -45063
0.00122543 -44762
0.00125584 -44461
0.00128478 -44161
0.00131381 -43861
0.00134353 -43562
0.0013729 -43263
0.00140359 -42965
0.00143341 -42669
0.00146396 -42374
0.00149684 -42081
0.00152829 -41788
0.00156049 -41497
0.00159105 -41206
0.00162267 -40916
0.00165228 -40627
0.00168743 -40339
0.00171809 -40052
0.00174968 -39767
0.00178028 -39483
0.00181073 -39199
0.00184089 -38916
0.00187151 -38633
0.00190152 -38351
0.0019324 -38070
0.001963 -37790
0.00199288 -37511
0.00202257 -37235
0.00205169 -36959
0.00208162 -36684
0.00211302 -36410
0.00214336 -36136
0.00217237 -35864
0.00220144 -35592
0.00223061 -35320
0.00226059 -35048
0.00229022 -34776
0.00231905 -34505
0.00234808 -34234
0.00237766 -33964
0.00240812 -33695
0.00243847 -33426
0.00247074 -33157
0.00250069 -32889
0.00253179 -32621
0.00256174 -32353
0.00259579 -32087
0.00263242 -31822
0.00266425 -31557
0.00269776 -31292
0.0027461 -31028
0.00278105 -30767
0.00281101 -30506
0.0028412 -30246
0.00287473 -29986
0.00290695 -29728
0.0029363 -29472
0.00296723 -29217
0.00299972 -28962
0.0030309 -28708
0.00307156 -28455
0.00310702 -28202
0.00313981 -27950
0.00317256 -27698
0.00320423 -27447
0.00323579 -27196
0.00326847 -26946
0.00330347 -26696
0.00333942 -26446
0.00337849 -26196
0.00341268 -25949
0.00344765 -25703
0.00347811 -25458
0.0035122 -25216
0.00354733 -24975
0.00358332 -24734
0.00361736 -24494
0.00364894 -24254
0.00368562 -24016
0.00371979 -23778
0.00375148 -23540
0.00378227 -23303
0.00381557 -23067
0.00384729 -22832
0.00388144 -22598
0.00391797 -22364
0.0039509 -22131
0.0039839 -21899
0.00401863 -21667
0.00405329 -21435
0.00408854 -21204
0.0041234 -20977
0.00416565 -20750
0.00420342 -20523
0.00423817 -20298
0.00427338 -20073
0.00431557 -19848
0.00435649 -19625
0.00439313 -19402
0.00442824 -19180
0.00446764 -18958
0.00452816 -18737
0.00457578 -18518
0.00463267 -18299
0.00467059 -18080
0.00470724 -17861
0.00474363 -17644
0.00477826 -17428
0.00481216 -17212
0.0048468 -16997
0.00488317 -16783
0.00491811 -16572
0.00495352 -16361
0.00499037 -16154
0.00502664 -15947
0.00506261 -15740
0.00509951 -15534
0.00513487 -15331
0.00517242 -15128
0.00521638 -14927
0.00525851 -14726
0.00529795 -14525
0.00533894 -14326
0.00537376 -14127
0.00541246 -13929
0.00544793 -13733
0.00548802 -13539
0.00552834 -13346
0.00556782 -13153
0.00560674 -12962
0.00564324 -12771
0.0056834 -12581
0.00572633 -12391
0.00576647 -12204
0.00580467 -12018
0.00584051 -11833
0.00588031 -11648
0.00591651 -11465
0.00595766 -11282
0.00599617 -11099
0.00603557 -10918
0.00607814 -10738
0.00611985 -10558
0.00616387 -10380
0.00620817 -10204
0.00624683 -10030
0.00628397 -9856
0.00632196 -9683
0.0063628 -9510
0.00640385 -9337
0.00644791 -9165
0.00651106 -8995
0.00658136 -8826
0.00664188 -8659
0.00669664 -8492
0.00675035 -8329
0.00680301 -8167
0.00685125 -8005
0.00690243 -7846
0.00695205 -7687
0.00699664 -7528
0.00704356 -7370
0.00709223 -7213
0.00714377 -7058
0.00719518 -6904
0.00723713 -6751
0.00729045 -6598
0.0073447 -6447
0.00740028 -6297
0.00745308 -6149
0.00750616 -6002
0.00756539 -5857
0.00762569 -5714
0.00769011 -5572
0.00775406 -5434
0.00781492 -5297
0.00787968 -5161
0.00794927 -5029
0.00802318 -4898
0.00809712 -4768
0.00817403 -4639
0.00825323 -4511
0.00833075 -4385
0.00842 -4260
0.00855289 -4136
0.00866025 -4014
0.00876502 -3892
0.00888751 -3771
0.00900047 -3650
0.00910678 -3535
0.00920973 -3421
0.00931065 -3309
0.00940912 -3203
0.00950697 -3098
0.00960691 -2993
0.00970779 -2889
0.00981094 -2785
0.00991193 -2682
0.0100151 -2582
0.0101183 -2482
0.0102212 -2385
0.0103454 -2290
0.0104627 -2195
0.0105834 -2101
0.0107017 -2007
0.0108177 -1918
0.0109371 -1830
0.0110572 -1743
0.0111789 -1657
0.0113009 -1572
0.0114246 -1493
0.011547 -1417
0.0116716 -1341
0.0117998 -1266
0.0119372 -1191
0.0120655 -1116
0.012193 -1042
0.0123232 -970
0.0124473 -900
0.0125779 -830
0.0127081 -766
0.0128311 -702
0.0129529 -642
0.0130733 -582
0.013192 -523
0.0133119 -466
0.0134294 -412
0.0135474 -358
0.0136635 -309
0.0137755 -264
0.0139112 -220
0.0140349 -178
0.0141517 -137
0.0142598 -100
0.0143636 -66
0.0144622 -33
0.0145564 -2
0.0146525 28
0.0147371 54
0.0148203 80
0.0149028 103
0.0149819 120
0.015058 136
0.0151335 151
0.0152061 168
0.0152784 183
0.0153528 200
0.0154255 214
0.0154926 227
0.0155678 239
0.015643 253
0.0157391 265
0.0158304 279
0.0159131 291
0.0159887 307
0.0160612 322
0.0161326 335
0.0162059 346
0.0162807 359
0.0163473 368
0.0164155 378
0.0164882 388
0.0166221 397
0.0167148 405
0.0167992 417
0.0168773 424
0.0170123 431
0.0171484 442
0.0172673 452
0.0173718 462
0.0175127 468
0.0176314 475
0.0177326 483
0.0178288 494
0.0179404 500
0.0180606 508
0.0181652 515
0.0182647 525
0.0183591 532
0.0184503 538
0.0185414 548
0.0186299 552
0.0187023 556
0.018775 560
0.0188507 564
0.0189218 567
0.0189986 570
0.0190786 574
0.019156 580
0.0192287 584
0.0193013 586
0.0193999 587
0.0194951 588
0.019585 593
0.0196737 598
0.0197567 605
0.0198498 607
0.0199293 616
0.0200101 618
0.0201691 619
0.0202432 623
0.0203294 624
0.0205559 625
0.0206324 626
0.0207054 630
0.020854 633
0.0210069 641
0.0211615 643
0.0213057 646
0.0213818 651
0.021455 652
0.0215326 655
0.0216073 660
0.0216958 670
0.0219508 674
0.0382966 677
0.0669616 679
0.0671461 681
0.0936152 682
2 682
