0 -7503
4.7e-08 -7245
1.3307e-05 -7011
2.4363e-05 -6801
3.5167e-05 -6596
5.6944e-05 -6391
7.463e-05 -6190
9.8162e-05 -5994
0.00011173 -5809
0.000121731 -5624
0.000133618 -5440
0.00014431 -5260
0.000154713 -5096
0.000164256 -4934
0.000175163 -4785
0.000183987 -4638
0.000194035 -4492
0.000204008 -4350
0.00021357 -4211
0.000223188 -4074
0.000232984 -3938
0.00024179 -3804
0.00025223 -3673
0.000261988 -3545
0.000271858 -3422
0.000281177 -3300
0.000291384 -3181
0.000300806 -3063
0.000310275 -2951
0.000337187 -2842
0.000360896 -2734
0.000373876 -2628
0.000383896 -2522
0.00039342 -2419
0.000402889 -2316
0.00041106 -2217
0.000419894 -2119
0.000431006 -2023
0.000440708 -1927
0.000450775 -1836
0.000460187 -1747
0.000469656 -1659
0.000479741 -1573
0.00048808 -1489
0.000523154 -1405
0.000542222 -1322
0.000552139 -1239
0.000560356 -1158
0.000569844 -1079
0.000578425 -1000
0.000587287 -923
0.00059613 -849
0.000605179 -781
0.000613928 -715
0.000623154 -652
0.000633277 -591
0.000641672 -531
0.000650309 -473
0.000659498 -415
0.000668705 -359
0.000677427 -305
0.000687026 -252
0.000694553 -202
0.000702051 -155
0.000710428 -108
0.000718991 -64
0.000727806 -22
0.000736051 18
0.000746902 57
0.000800315 93
0.000821419 129
0.00083227 163
0.000840982 197
0.000848565 229
0.000856988 260
0.000864794 290
0.000873675 319
0.000884077 347
0.000893331 375
0.000901203 406
0.000909785 433
0.000918217 460
0.000925809 486
0.0009344 511
0.000941777 534
0.00094978 556
0.000958016 586
0.000965374 608
0.000972929 629
0.00098166 652
0.000989485 681
0.000996769 702
0.0010039 725
0.00101233 758
0.00102051 779
0.00102785 804
0.0010359 824
0.00104309 842
0.00105116 859
0.00105912 875
0.00106711 891
0.00107475 907
0.00108245 925
0.00108931 940
0.00109736 954
0.00110432 968
0.00111176 982
0.00111977 1014
0.00112839 1028
0.00113582 1040
0.00114339 1052
0.00116617 1064
0.00117595 1075
0.00118492 1089
0.00119177 1108
0.00119517 1119
0.00120098 1130
0.00120424 1141
0.00121303 1163
0.0012249 1174
0.00122717 1184
0.00123096 1194
0.00123767 1202
0.00124073 1208
0.00124511 1214
0.00124917 1229
0.001257 1233
0.00125957 1237
0.00126214 1248
0.00126854 1250
0.00127452 1267
0.00127979 1268
0.00128757 1272
0.00129784 1280
0.00134384 1282
0.00134982 1287
2 1287
