0 -27636
4.6e-08 -27392
8.664e-06 -27153
1.661e-05 -26922
2.3081e-05 -26693
3.7964e-05 -26466
5.6012e-05 -26239
7.3743e-05 -26021
9.4117e-05 -25804
0.000112875 -25589
0.000129551 -25378
0.000146012 -25170
0.000162445 -24963
0.000179457 -24760
0.000196049 -24558
0.000212276 -24358
0.00024011 -24158
0.000264928 -23958
0.000289549 -23759
0.000307822 -23561
0.000324918 -23364
0.000341491 -23171
0.000357831 -22979
0.000374712 -22787
0.000391603 -22596
0.000408055 -22405
0.000424413 -22214
0.00044107 -22024
0.000457466 -21835
0.000473685 -21646
0.00052699 -21458
0.000545906 -21270
0.000563376 -21082
0.00058655 -20894
0.000604029 -20707
0.000620845 -20521
0.00063753 -20337
0.000653879 -20154
0.000670667 -19972
0.0006871 -19791
0.000703888 -19610
0.00072119 -19429
0.000738118 -19249
0.000754458 -19069
0.000771021 -18890
0.000787399 -18712
0.000803748 -18534
0.000820545 -18356
0.00083724 -18179
0.000854261 -18002
0.000870769 -17826
0.000887743 -17651
0.000904167 -17476
0.000920722 -17302
0.000937332 -17129
0.000954148 -16956
0.000971356 -16783
0.000988126 -16610
0.00100446 -16438
0.0010219 -16266
0.00103981 -16094
0.00105655 -15925
0.00107355 -15756
0.00109019 -15587
0.00110936 -15419
0.00112885 -15251
0.00114638 -15084
0.00116413 -14918
0.00118169 -14753
0.00119913 -14588
0.00121628 -14426
0.00123312 -14264
0.00124996 -14103
0.00126741 -13942
0.00128668 -13781
0.00131357 -13621
0.00133362 -13461
0.00135388 -13301
0.00137225 -13142
0.00139132 -12984
0.00140972 -12826
0.00143853 -12669
0.00145749 -12512
0.00147583 -12356
0.00149418 -12200
0.00151239 -12046
0.0015306 -11892
0.00154859 -11738
0.00156676 -11585
0.00158457 -11432
0.0016019 -11280
0.00161878 -11128
0.00163585 -10977
0.00165323 -10827
0.00167196 -10678
0.00169208 -10530
0.00171017 -10382
0.00172883 -10235
0.00174788 -10088
0.00176636 -9941
0.00178473 -9794
0.00180294 -9647
0.00182024 -9500
0.00183839 -9354
0.00185692 -9208
0.00187591 -9063
0.00189731 -8918
0.00191722 -8775
0.00193674 -8632
0.00195516 -8491
0.00197352 -8351
0.00199422 -8211
0.00201339 -8071
0.00203137 -7932
0.00205511 -7793
0.0020783 -7655
0.00209959 -7518
0.00212159 -7381
0.00214398 -7244
0.00216649 -7108
0.00218895 -6972
0.00221033 -6839
0.00223057 -6706
0.00225266 -6573
0.00227495 -6440
0.00229712 -6309
0.00231804 -6179
0.00233969 -6049
0.00237421 -5924
0.00240089 -5799
0.00242012 -5676
0.00244232 -5554
0.00246532 -5434
0.00249282 -5314
0.00251609 -5194
0.00253971 -5075
0.00256453 -4956
0.00258961 -4839
0.0026118 -4722
0.00263454 -4605
0.00265588 -4490
0.0026823 -4375
0.00270812 -4260
0.00273326 -4145
0.00275722 -4031
0.00278084 -3919
0.00280618 -3808
0.00283044 -3699
0.00285437 -3590
0.0028788 -3483
0.00290497 -3377
0.00293189 -3273
0.00295662 -3169
0.00298403 -3067
0.00301153 -2966
0.0030339 -2865
0.00306252 -2765
0.00308653 -2665
0.00311542 -2567
0.00314337 -2472
0.00317203 -2378
0.00320621 -2286
0.00323247 -2197
0.00326858 -2108
0.00332601 -2020
0.00337005 -1932
0.00340914 -1845
0.00344324 -1759
0.00347786 -1673
0.00351136 -1591
0.00354711 -1511
0.00358118 -1431
0.00361603 -1354
0.00365293 -1279
0.00369743 -1205
0.0037377 -1135
0.00378167 -1066
0.00382792 -998
0.00387873 -933
0.00392679 -870
0.00396888 -807
0.00401854 -746
0.00407173 -688
0.00412881 -631
0.00418657 -574
0.0042667 -521
0.00433521 -468
0.00440399 -416
0.00448177 -366
0.00456616 -318
0.00464487 -270
0.00472258 -225
0.00479964 -187
0.00488193 -151
0.00496532 -117
0.00504682 -87
0.00512917 -60
0.00522382 -35
0.00533131 -11
0.00542796 9
0.00551464 29
0.0055957 49
0.00567438 68
0.0057558 83
0.00583202 96
0.00590694 112
0.00597858 125
0.00604484 137
0.00612508 153
0.00619235 164
0.00625851 180
0.00633067 189
0.006399 197
0.00646986 209
0.00653838 223
0.00660462 234
0.00667054 243
0.00673344 253
0.00680103 265
0.0068683 278
0.00693351 287
0.00699828 296
0.00709272 306
0.00717176 314
0.00724792 328
0.00731783 333
0.00738994 338
0.00746213 344
0.00753402 349
0.00761095 354
0.00768415 362
0.0077566 366
0.00783049 373
0.00790753 384
0.00799615 391
0.00808309 401
0.00816106 405
0.00913816 408
0.00973511 413
0.00982738 415
0.00991936 416
0.0101733 419
0.0113176 421
0.0114764 422
0.0120027 424
2 424
