0 -28290
5.6e-08 -28064
8.991e-06 -27838
2.3034e-05 -27613
3.5714e-05 -27389
5.4341e-05 -27170
7.4929e-05 -26951
9.5937e-05 -26732
0.000114238 -26515
0.000131866 -26298
0.000148962 -26082
0.000173519 -25866
0.00019026 -25652
0.00020702 -25440
0.000223546 -25232
0.000240278 -25024
0.000256851 -24816
0.00027363 -24609
0.000290026 -24402
0.000306403 -24195
0.000322743 -23989
0.000339017 -23784
0.000355515 -23579
0.000372023 -23376
0.000388774 -23173
0.00040587 -22970
0.000422863 -22768
0.000440893 -22566
0.000458671 -22365
0.000475879 -22164
0.000492947 -21966
0.000510519 -21769
0.000527176 -21572
0.000543899 -21375
0.000560229 -21179
0.000577167 -20983
0.000594244 -20788
0.000611191 -20594
0.000628175 -20401
0.000645803 -20209
0.000663441 -20017
0.000681199 -19826
0.000698184 -19635
0.000714906 -19446
0.000731638 -19257
0.000748734 -19069
0.000765429 -18881
0.000782095 -18693
0.000799471 -18506
0.000816483 -18319
0.000834 -18133
0.00085145 -17948
0.0008685 -17764
0.0008861 -17581
0.000904214 -17400
0.000921767 -17220
0.000940339 -17041
0.0009582 -16864
0.000975194 -16689
0.00099215 -16514
0.00100874 -16339
0.00102565 -16164
0.0010426 -15990
0.0010605 -15817
0.00107813 -15646
0.00109556 -15476
0.00111234 -15306
0.00112991 -15138
0.00114753 -14971
0.00116471 -14804
0.00118153 -14638
0.00119871 -14473
0.00121613 -14308
0.00123368 -14143
0.00125088 -13979
0.00126781 -13815
0.00128511 -13652
0.00130248 -13489
0.0013208 -13327
0.00133883 -13166
0.00135787 -13005
0.00137723 -12845
0.00139552 -12688
0.00141369 -12531
0.00144779 -12375
0.00147522 -12219
0.00149773 -12063
0.00151691 -11908
0.00153588 -11753
0.00155398 -11598
0.0015729 -11444
0.00159141 -11290
0.00161098 -11137
0.00162937 -10985
0.0016463 -10833
0.00166433 -10682
0.00168314 -10531
0.0017011 -10381
0.00171882 -10232
0.00173763 -10084
0.00175539 -9937
0.00177379 -9790
0.00179135 -9644
0.00181002 -9499
0.00182728 -9354
0.00184579 -9209
0.00186576 -9065
0.00188546 -8921
0.0019046 -8778
0.00192447 -8635
0.00194508 -8493
0.00196542 -8352
0.00198516 -8212
0.002006 -8074
0.00202661 -7937
0.00204394 -7801
0.00206176 -7667
0.00208107 -7534
0.00210346 -7401
0.00212622 -7268
0.00215019 -7135
0.00217438 -7005
0.00219643 -6875
0.002215 -6745
0.00223665 -6615
0.00225639 -6485
0.00227722 -6356
0.00229981 -6229
0.0023228 -6103
0.00234804 -5977
0.0023727 -5853
0.00239459 -5730
0.00241567 -5608
0.00243916 -5486
0.00245895 -5364
0.00248078 -5243
0.00250273 -5122
0.00252588 -5001
0.00254664 -4882
0.00256767 -4763
0.00259152 -4644
0.00261379 -4528
0.00263473 -4412
0.00265771 -4296
0.00268071 -4180
0.00270538 -4065
0.00272828 -3951
0.00274847 -3838
0.00276776 -3726
0.00278809 -3616
0.00281164 -3506
0.00283712 -3397
0.00286605 -3291
0.00289696 -3185
0.00292755 -3079
0.00295164 -2974
0.00298145 -2872
0.00300716 -2773
0.00303159 -2674
0.00307588 -2578
0.00311452 -2482
0.00316782 -2387
0.0032007 -2293
0.00323026 -2199
0.00326557 -2108
0.00330279 -2017
0.00333829 -1929
0.00337388 -1842
0.00340621 -1755
0.00344325 -1670
0.00347583 -1587
0.00351026 -1507
0.00354983 -1428
0.00359271 -1349
0.00362908 -1273
0.00366816 -1199
0.00371084 -1128
0.00375382 -1058
0.00379958 -989
0.00384323 -920
0.00388967 -854
0.00394887 -791
0.00400101 -729
0.00405506 -668
0.00411101 -610
0.00419536 -556
0.00426024 -503
0.00432857 -452
0.00439665 -401
0.00446447 -352
0.00453762 -305
0.00460924 -258
0.00468465 -212
0.00476265 -173
0.00483793 -134
0.00491511 -97
0.0050038 -62
0.00508835 -31
0.00517206 -4
0.00525615 22
0.00534109 38
0.0054233 53
0.00550313 67
0.00558103 81
0.00565556 98
0.00573403 111
0.00581072 124
0.00588461 137
0.00595697 149
0.00602565 162
0.00609296 172
0.00616175 183
0.00623314 197
0.00630648 209
0.00638042 220
0.00645474 227
0.00652926 237
0.00660109 245
0.00667377 251
0.00674547 262
0.00683346 268
0.00692249 278
0.00700306 287
0.00707813 298
0.00714997 306
0.00722713 314
0.00729916 321
0.00737167 327
0.00744042 332
0.00752039 336
0.00759615 343
0.0076726 346
0.00775507 349
0.00783344 351
0.00791816 353
0.00799685 355
0.00815531 361
0.00825246 364
0.00833529 368
0.00841132 369
0.00849991 370
0.00857913 371
0.0087336 372
0.00904643 374
0.00912748 376
0.0092049 380
0.00927733 381
0.00943456 383
0.00993794 385
0.0102172 387
0.0103038 388
0.0104703 390
0.0105524 392
0.0106353 395
0.0107105 397
0.0107889 398
0.0108665 399
0.0109522 400
0.0112892 403
0.0113698 404
0.0117099 405
0.0118051 406
0.0121714 409
0.0124184 411
0.0124959 417
0.0126535 420
0.0127332 422
0.0128091 427
0.0128859 431
0.0151385 432
0.0152338 434
0.0153216 437
0.0154056 440
2 440
