0 -20160
5.6e-08 -19822
8.232e-06 -19512
1.2494e-05 -19207
2.1423e-05 -18904
3.5341e-05 -18607
5.172e-05 -18310
6.3837e-05 -18020
7.2428e-05 -17741
8.1056e-05 -17463
8.9853e-05 -17185
9.8274e-05 -16910
0.000106478 -16643
0.000114625 -16377
0.000122941 -16116
0.000131617 -15856
0.000139905 -15598
0.000147958 -15346
0.000156501 -15095
0.000165978 -14844
0.000174153 -14597
0.000183055 -14356
0.000191268 -14116
0.000200226 -13876
0.000208637 -13638
0.000239848 -13403
0.000254011 -13175
0.000264044 -12947
0.000273663 -12721
0.000282036 -12495
0.000290928 -12272
0.000300735 -12051
0.000309627 -11834
0.000319226 -11617
0.000327458 -11400
0.000336322 -11188
0.000345327 -10977
0.000354313 -10768
0.000362969 -10559
0.00037255 -10350
0.000380405 -10145
0.000389193 -9944
0.000398207 -9745
0.000407495 -9546
0.000416519 -9349
0.000424865 -9154
0.000433125 -8961
0.000443262 -8769
0.00045188 -8582
0.000460055 -8395
0.000470343 -8211
0.000479084 -8027
0.000489523 -7844
0.000500763 -7661
0.000510767 -7480
0.000520546 -7300
0.000529664 -7126
0.000539688 -6954
0.000549466 -6787
0.000559546 -6623
0.000569815 -6460
0.000581187 -6302
0.00059172 -6144
0.00060179 -5988
0.000611588 -5832
0.000623422 -5681
0.000632936 -5532
0.000643271 -5384
0.000652926 -5239
0.000663271 -5096
0.000675123 -4954
0.000687184 -4813
0.000699706 -4673
0.000709447 -4540
0.000721394 -4408
0.000733445 -4276
0.000746571 -4144
0.000757735 -4012
0.000769466 -3882
0.00078162 -3753
0.000793256 -3625
0.000805147 -3499
0.000817716 -3374
0.000832323 -3252
0.000844119 -3133
0.000857103 -3020
0.000871323 -2908
0.000884477 -2796
0.000897235 -2690
0.000909541 -2586
0.000922931 -2482
0.000937084 -2378
0.000950371 -2275
0.000965326 -2172
0.00098046 -2069
0.000994397 -1972
0.00101005 -1876
0.00102329 -1781
0.00104153 -1690
0.001059 -1601
0.00107454 -1512
0.00108955 -1424
0.00110384 -1338
0.00111674 -1255
0.00113128 -1175
0.00114599 -1097
0.00115884 -1023
0.00117588 -950
0.00118887 -882
0.00120501 -815
0.00121956 -748
0.00123559 -681
0.00125037 -619
0.00126521 -564
0.00128233 -512
0.00129889 -461
0.00131599 -410
0.00133569 -359
0.00135143 -314
0.00136755 -269
0.00138299 -225
0.00139675 -181
0.00141299 -138
0.0014286 -97
0.0014445 -57
0.00146298 -23
0.00147876 8
0.0014952 37
0.00151189 65
0.0015274 91
0.00154122 114
0.00155742 137
0.00157069 162
0.00158335 181
0.00159948 195
0.00161541 215
0.00163148 237
0.0016484 255
0.0016632 272
0.00167697 286
0.00169046 299
0.00170571 311
0.00172053 323
0.00174239 335
0.00175775 347
0.00177341 358
0.00178795 375
0.0018033 385
0.00181704 404
0.00183233 418
0.00184728 431
0.00186292 440
0.00187568 457
0.00188949 472
0.00190321 489
0.00191744 502
0.00192887 515
0.00194201 522
0.00195602 528
0.00196881 532
0.00198175 540
0.00199408 549
0.00200813 553
0.00202324 564
0.00203475 572
0.00205024 579
0.00206453 589
0.00207887 603
0.00209389 609
0.00211994 611
0.00213895 613
0.00215399 615
0.00216871 622
0.00218365 629
0.00219906 633
0.00221215 636
0.00222932 637
0.00224384 641
0.00225931 642
0.0022723 649
0.00228754 650
0.00230199 655
0.00231605 669
0.00235619 672
0.00237312 677
0.00238876 688
0.00240474 698
0.00241806 705
0.00243265 710
0.00245125 716
0.00246567 722
0.00247863 726
0.0024936 733
0.00250776 740
0.00252214 742
0.00270952 746
0.00276545 747
0.00294766 748
0.00296205 749
0.00307234 756
0.00308843 758
0.00310125 767
0.0031141 768
0.00316907 773
0.00318241 775
0.00319686 779
0.0032121 781
0.00341925 793
0.00343449 794
0.00375517 796
0.00379519 801
0.00381006 803
0.00388088 811
0.00389369 817
0.00390817 819
0.00392177 820
0.00393589 821
0.00562093 823
0.00563597 824
0.00701456 825
0.00915896 827
0.0130232 828
0.0130506 829
0.0193438 830
0.0193565 832
0.0259346 834
0.0259498 835
0.0259638 836
0.0274698 842
0.0275138 848
2 848
