0 -12812
4.6e-08 -12476
4.5877e-05 -12164
0.000100598 -11867
0.000167384 -11580
0.000249316 -11323
0.0003147 -11067
0.000367199 -10830
0.000409425 -10596
0.000442874 -10368
0.000477901 -10146
0.000514954 -9931
0.000544201 -9717
0.000571748 -9507
0.000603824 -9307
0.000637264 -9113
0.000668761 -8922
0.000704124 -8733
0.000737629 -8546
0.000767043 -8365
0.000796085 -8188
0.000828842 -8012
0.000862693 -7836
0.000895226 -7660
0.000926173 -7486
0.000972891 -7316
0.00104863 -7149
0.00111221 -6982
0.00116468 -6817
0.00120847 -6653
0.00124027 -6489
0.001272 -6331
0.00130216 -6175
0.00132907 -6021
0.00135459 -5867
0.00138007 -5716
0.00140448 -5567
0.0014346 -5419
0.00146634 -5273
0.00149328 -5137
0.00152583 -5003
0.00155413 -4871
0.00158262 -4740
0.00161239 -4610
0.00164325 -4483
0.00166932 -4362
0.00169488 -4242
0.0017194 -4124
0.00174269 -4008
0.00176661 -3893
0.00179788 -3780
0.00182567 -3667
0.00185341 -3557
0.00188267 -3450
0.00192599 -3343
0.00195335 -3239
0.00197943 -3138
0.00200465 -3040
0.00202971 -2943
0.00205561 -2847
0.00207896 -2752
0.00210538 -2659
0.0021283 -2567
0.00215388 -2478
0.00218412 -2389
0.00221069 -2300
0.00223628 -2213
0.00226328 -2130
0.00228524 -2047
0.00230892 -1966
0.00233604 -1887
0.00236224 -1809
0.0023877 -1731
0.00241078 -1654
0.00244021 -1579
0.00246688 -1506
0.002492 -1435
0.00251099 -1365
0.00253357 -1299
0.00255808 -1234
0.00258125 -1169
0.00259939 -1107
0.00262015 -1046
0.00264228 -986
0.00266564 -927
0.00268814 -868
0.00271031 -812
0.0027377 -756
0.00276247 -703
0.00278475 -650
0.0028056 -601
0.00284583 -553
0.00287916 -506
0.00290421 -459
0.00292897 -414
0.00295418 -369
0.00297729 -325
0.00300009 -282
0.00302524 -240
0.00304744 -198
0.00306812 -157
0.00308909 -117
0.00310741 -77
0.00312862 -37
0.00314908 0
0.00316815 36
0.00318923 72
0.00321286 105
0.00323639 137
0.00325865 169
0.00327842 201
0.00329708 230
0.00332066 258
0.00334293 285
0.00336501 311
0.00338167 336
0.00339952 361
0.00341823 386
0.00344019 410
0.00346259 433
0.00348701 456
0.00351113 477
0.00352886 497
0.00354864 515
0.00356895 533
0.00358987 551
0.00361228 568
0.00363304 588
0.00365525 607
0.00367963 624
0.00370246 640
0.00372242 656
0.00374427 675
0.00377868 697
0.00380646 714
0.00382702 730
0.00384838 746
0.00387079 762
0.00389575 781
0.00391727 801
0.00393742 820
0.00396039 837
0.00398054 853
0.00400356 874
0.00402522 890
0.00404568 908
0.00406694 925
0.00408479 940
0.00410775 955
0.00412814 972
0.00414731 991
0.00416973 1008
0.00418967 1026
0.00421347 1045
0.00423438 1059
0.00425582 1074
0.00427712 1088
0.00429842 1105
0.00431991 1121
0.0043361 1135
0.0043562 1152
0.00437827 1166
0.00440063 1179
0.00442081 1197
0.00444288 1212
0.00446869 1228
0.00448835 1242
0.00450818 1255
0.0045324 1274
0.00455289 1287
0.00457463 1302
0.00459694 1321
0.00462358 1339
0.00464456 1352
0.00466726 1367
0.00469912 1387
0.00472994 1403
0.00475382 1418
0.00477231 1431
0.00482047 1444
0.00486008 1456
0.00487579 1470
0.00490079 1482
0.00490668 1493
0.00491596 1507
0.00493227 1517
0.00493631 1524
0.00494169 1533
0.00495368 1540
0.00495681 1545
0.00496168 1550
0.00496856 1555
0.00497471 1572
0.00499111 1576
0.00499438 1580
0.00500315 1588
0.00501656 1591
0.00502081 1594
0.00502853 1601
0.00503222 1607
0.00504093 1617
0.00505503 1620
0.00506028 1622
0.00506728 1623
0.00507504 1632
0.00508818 1636
0.00509217 1637
0.00509869 1639
0.00510495 1651
0.00519767 1652
0.00521173 1656
0.00524479 1658
0.00525411 1659
0.00528886 1668
0.00552695 1672
0.00587447 1674
0.00589094 1675
0.00605935 1676
0.00606507 1680
0.00608644 1681
0.00609664 1682
0.00621625 1683
2 1683
