0 -56750
4.7e-08 -56337
1.6369e-05 -55931
3.1362e-05 -55536
4.2253e-05 -55159
7.1079e-05 -54784
9.933e-05 -54414
0.000129938 -54046
0.000157255 -53679
0.000197321 -53317
0.000236171 -52960
0.000274521 -52605
0.000307062 -52253
0.000336765 -51904
0.000367203 -51556
0.000396491 -51214
0.000426477 -50876
0.000455624 -50540
0.000487835 -50204
0.000520498 -49869
0.000552351 -49535
0.00060956 -49201
0.000652549 -48868
0.000690465 -48536
0.000725571 -48206
0.00075831 -47877
0.000798263 -47550
0.000834878 -47224
0.000866146 -46898
0.000895962 -46573
0.000925524 -46249
0.000954868 -45928
0.00098492 -45607
0.00101437 -45287
0.00104442 -44970
0.00107414 -44653
0.00110413 -44337
0.00113349 -44021
0.00116411 -43706
0.00119571 -43392
0.00122522 -43078
0.00125406 -42765
0.00128361 -42455
0.00131434 -42145
0.00134427 -41837
0.00137462 -41529
0.00140527 -41223
0.00143804 -40918
0.00146967 -40615
0.001505 -40313
0.00153657 -40012
0.00156909 -39712
0.00160017 -39412
0.00163127 -39113
0.00166149 -38814
0.00169236 -38515
0.00172222 -38218
0.0017531 -37922
0.00178402 -37627
0.0018152 -37332
0.00184632 -37038
0.00187668 -36744
0.00190778 -36451
0.00193758 -36159
0.00196866 -35867
0.00200027 -35577
0.00203242 -35288
0.00206578 -34999
0.00210216 -34712
0.00213825 -34425
0.00217154 -34139
0.00220505 -33854
0.0022363 -33571
0.00226685 -33290
0.00229867 -33010
0.00233112 -32730
0.00236266 -32450
0.00239451 -32170
0.00242936 -31890
0.0024788 -31612
0.00251319 -31337
0.00254743 -31063
0.00258198 -30790
0.00261437 -30518
0.00264612 -30247
0.00267712 -29976
0.00270927 -29706
0.00274114 -29436
0.00277212 -29166
0.00280309 -28900
0.00283416 -28634
0.00286566 -28370
0.0028993 -28106
0.00293283 -27842
0.00296728 -27580
0.00300059 -27318
0.00303392 -27056
0.00306863 -26795
0.00310591 -26535
0.00313984 -26275
0.00317399 -26015
0.00320882 -25755
0.00324037 -25496
0.00327354 -25237
0.00331276 -24980
0.0033757 -24724
0.00341944 -24469
0.00345648 -24215
0.00349057 -23962
0.00352621 -23711
0.00355999 -23461
0.00359203 -23215
0.00362483 -22971
0.00366077 -22727
0.00369497 -22484
0.00372587 -22243
0.00375804 -22002
0.00379191 -21762
0.00382643 -21526
0.00386014 -21291
0.00389654 -21057
0.00393254 -20823
0.00396764 -20590
0.00400466 -20358
0.00404148 -20126
0.00407909 -19895
0.00411463 -19666
0.00414911 -19439
0.00418444 -19213
0.00422423 -18988
0.00425932 -18763
0.00429536 -18538
0.00434918 -18314
0.00438811 -18090
0.0044205 -17868
0.00445519 -17646
0.00449091 -17425
0.00453639 -17204
0.00458555 -16985
0.00462776 -16766
0.0046691 -16548
0.00470756 -16334
0.00474357 -16120
0.00478125 -15909
0.00481989 -15698
0.00485567 -15488
0.00489187 -15278
0.00492789 -15071
0.00496339 -14865
0.00500309 -14659
0.0050425 -14454
0.00507817 -14250
0.00511696 -14048
0.00515716 -13846
0.00519513 -13647
0.00523182 -13448
0.00526927 -13250
0.0053105 -13052
0.00535098 -12854
0.00539199 -12657
0.00543149 -12463
0.00547062 -12269
0.00550713 -12076
0.00554273 -11883
0.00558372 -11690
0.0056219 -11497
0.00566291 -11306
0.00570181 -11116
0.00573897 -10927
0.00578026 -10738
0.0058198 -10550
0.00585985 -10366
0.00590185 -10182
0.00594008 -9998
0.00598087 -9819
0.00601731 -9641
0.00605947 -9466
0.00610265 -9291
0.00614311 -9119
0.00618584 -8947
0.00624785 -8776
0.00631891 -8606
0.00637606 -8436
0.00642837 -8267
0.00647735 -8098
0.00652338 -7931
0.00656805 -7765
0.00661928 -7602
0.00667364 -7442
0.00672384 -7282
0.00677668 -7124
0.00683201 -6966
0.00688611 -6810
0.00694079 -6655
0.0069987 -6501
0.00705474 -6347
0.00711821 -6196
0.00718011 -6049
0.00724261 -5902
0.00730911 -5755
0.00740196 -5610
0.00747342 -5466
0.00753682 -5322
0.00760278 -5178
0.00766728 -5035
0.00773366 -4893
0.00780115 -4755
0.00786881 -4617
0.00794223 -4480
0.00801947 -4344
0.0080986 -4209
0.00818777 -4074
0.00827183 -3941
0.00835537 -3810
0.00843727 -3679
0.00854089 -3553
0.00863029 -3427
0.00872316 -3302
0.00882135 -3180
0.00891755 -3060
0.00901979 -2947
0.00912048 -2834
0.00922292 -2721
0.00932425 -2611
0.00942637 -2505
0.00954964 -2400
0.00966192 -2295
0.00977496 -2191
0.00988897 -2088
0.0100176 -1988
0.0101387 -1890
0.0102603 -1801
0.0103823 -1714
0.0105057 -1628
0.0106285 -1544
0.0107503 -1460
0.0108744 -1378
0.0109993 -1297
0.0111292 -1218
0.0112539 -1139
0.0114221 -1064
0.0115699 -991
0.0117122 -922
0.0118492 -856
0.011994 -792
0.0121277 -728
0.0122577 -668
0.0123868 -609
0.0125187 -553
0.0126411 -498
0.0127607 -443
0.0128782 -393
0.0129952 -343
0.0131101 -298
0.0132227 -253
0.0133331 -209
0.0134396 -169
0.0135534 -132
0.0136548 -98
0.013756 -65
0.013865 -35
0.0139609 -5
0.0140556 19
0.014146 43
0.0142331 66
0.0143203 87
0.0144027 107
0.0144832 125
0.0145611 142
0.0146358 155
0.0147125 172
0.0147896 188
0.0148602 204
0.0149324 223
0.0150027 239
0.0150707 251
0.0151391 269
0.0152091 282
0.0152786 295
0.015402 308
0.0154754 324
0.0155477 334
0.015625 342
0.0157127 350
0.0157865 358
0.0158595 365
0.0159327 376
0.0160085 385
0.0160845 397
0.016154 406
0.0162221 418
0.0162951 429
0.0163686 437
0.0164417 443
0.0165226 453
0.016605 469
0.0166814 479
0.0167565 491
0.0168335 502
0.0169064 513
0.0169802 522
0.0170505 528
0.0171253 534
0.0172017 543
0.0172804 548
0.0173558 556
0.0174289 565
0.0174995 576
0.0175886 579
0.0176869 594
0.0177769 603
0.0178623 607
0.0179401 610
0.0180142 613
0.0180865 615
0.0181549 617
0.0182297 622
0.0183071 629
0.0183813 630
0.0185395 636
0.0186143 640
0.0186913 644
0.0187708 646
0.0188493 649
0.0189251 650
0.0190011 652
0.0190772 653
0.019157 656
0.0196125 659
0.019715 660
0.0198097 664
0.0201359 668
0.0202991 671
0.0203841 673
0.0205466 677
0.0206578 682
0.0208574 687
0.0210276 688
0.0216323 689
0.0217161 691
0.0297494 692
0.0300598 700
0.0301383 702
0.0378095 704
0.0380491 707
0.0381307 710
0.0385882 711
0.0386854 712
0.0387716 713
0.0388492 723
0.0423163 724
0.0448881 726
0.044972 728
0.0450645 729
2 729
