0 -27568
4.7e-08 -27202
7.7674e-05 -26852
0.000131293 -26507
0.000170101 -26170
0.000195641 -25836
0.000217707 -25510
0.000308668 -25185
0.000392682 -24863
0.000511723 -24544
0.000685037 -24237
0.000865494 -23935
0.00106002 -23634
0.00124236 -23337
0.00141779 -23045
0.00159299 -22753
0.00176107 -22463
0.00194089 -22177
0.00212203 -21892
0.00229874 -21610
0.00247133 -21328
0.00264093 -21051
0.00280872 -20775
0.00298284 -20501
0.00314809 -20228
0.00331022 -19961
0.00347277 -19697
0.00363824 -19436
0.00380561 -19179
0.00396492 -18924
0.00412205 -18672
0.00427877 -18421
0.00443554 -18173
0.00459036 -17926
0.00474368 -17682
0.00490079 -17439
0.00507184 -17198
0.00522664 -16959
0.00537517 -16720
0.00552175 -16487
0.00567544 -16257
0.00582016 -16029
0.00596334 -15810
0.00610574 -15594
0.00624798 -15379
0.00639597 -15164
0.00653971 -14950
0.0066824 -14737
0.00682325 -14524
0.00696374 -14313
0.00710226 -14104
0.00723879 -13900
0.00737422 -13697
0.00751781 -13496
0.00768255 -13296
0.0078448 -13097
0.00800354 -12900
0.00815798 -12709
0.00830832 -12518
0.00845552 -12328
0.00860062 -12142
0.0087423 -11959
0.00888459 -11777
0.00906649 -11596
0.00921565 -11416
0.00937342 -11236
0.00950913 -11058
0.00964341 -10880
0.00977765 -10705
0.00990768 -10531
0.0100347 -10359
0.0101613 -10190
0.0102863 -10022
0.0104096 -9858
0.0105305 -9694
0.0106509 -9532
0.0107707 -9370
0.0108892 -9209
0.0110057 -9050
0.011122 -8892
0.0112447 -8734
0.0113615 -8578
0.0114728 -8427
0.0115821 -8276
0.0116909 -8128
0.0118007 -7980
0.0119076 -7834
0.012013 -7691
0.0121197 -7548
0.0122256 -7406
0.0123305 -7265
0.0124326 -7126
0.0125337 -6988
0.0126321 -6850
0.0127305 -6716
0.01283 -6584
0.0129255 -6452
0.0130491 -6323
0.0131994 -6196
0.0133317 -6070
0.0134589 -5949
0.0135801 -5828
0.0136954 -5707
0.013804 -5587
0.0139084 -5469
0.0140082 -5351
0.0141057 -5237
0.0141996 -5124
0.0142932 -5013
0.0143861 -4902
0.0144751 -4791
0.0145631 -4684
0.0146449 -4578
0.0147266 -4473
0.0148178 -4369
0.0148971 -4266
0.0150019 -4165
0.0151197 -4065
0.0152333 -3966
0.0153409 -3870
0.0154412 -3775
0.0155369 -3681
0.0156275 -3587
0.0157121 -3494
0.0157947 -3408
0.0158767 -3323
0.0159525 -3239
0.0160299 -3156
0.0161069 -3075
0.0161876 -2994
0.0162627 -2914
0.016336 -2834
0.016407 -2755
0.0164733 -2677
0.0165368 -2600
0.0166026 -2523
0.0166789 -2446
0.0167414 -2369
0.0168037 -2294
0.0168597 -2220
0.0169143 -2147
0.0169718 -2074
0.0170723 -2002
0.0171383 -1931
0.0172006 -1862
0.017268 -1794
0.0173339 -1727
0.0174018 -1660
0.017467 -1595
0.0175306 -1531
0.0175939 -1468
0.0176521 -1406
0.0177088 -1345
0.0177634 -1285
0.0178195 -1225
0.0178782 -1165
0.0179363 -1106
0.017995 -1048
0.018051 -991
0.0181013 -935
0.0181529 -879
0.0182074 -824
0.0182632 -770
0.0183176 -719
0.0183731 -668
0.0184284 -618
0.0184964 -570
0.0185952 -523
0.0186882 -477
0.0187725 -431
0.0188498 -387
0.0189241 -344
0.0189914 -301
0.0190517 -259
0.0191048 -220
0.0191511 -181
0.0191992 -144
0.019249 -107
0.0192922 -71
0.0193399 -36
0.0193867 -2
0.0194351 31
0.0194863 64
0.0195372 97
0.019589 129
0.0196383 161
0.0196854 192
0.0197377 223
0.0197962 254
0.0198523 284
0.0198999 314
0.0199502 342
0.020003 369
0.0200603 396
0.0201135 422
0.0201617 446
0.0202118 468
0.0202656 490
0.0203196 511
0.0204024 535
0.0204885 556
0.0205768 576
0.0206581 601
0.0207326 625
0.0208052 644
0.0208703 663
0.0209297 681
0.0209887 702
0.0210853 721
0.0211685 739
0.0212417 756
0.0213069 773
0.0213698 790
0.0214299 808
0.0214889 828
0.0215428 847
0.0215994 864
0.0216558 881
0.0217086 897
0.0217618 913
0.0218123 933
0.0218657 952
0.0219206 968
0.0219766 983
0.0220299 998
0.0220774 1013
0.0221304 1028
0.0221845 1044
0.0222516 1060
0.0223076 1076
0.022364 1091
0.0224207 1109
0.0224776 1128
0.022532 1144
0.022585 1159
0.0226421 1173
0.0226993 1186
0.0227549 1205
0.0228115 1217
0.0228687 1229
0.0229252 1246
0.022979 1259
0.0230331 1271
0.023087 1283
0.0231412 1295
0.0231957 1306
0.0232545 1321
0.0233084 1332
0.0233602 1344
0.0234142 1358
0.0234637 1368
0.0235157 1379
0.0235668 1389
0.0236172 1407
0.0236699 1419
0.023725 1433
0.023779 1444
0.0238413 1459
0.0239396 1473
0.0240261 1487
0.024106 1500
0.0241774 1514
0.0242432 1527
0.0243076 1540
0.0243659 1555
0.0244236 1567
0.0244795 1577
0.0245415 1587
0.0245966 1598
0.0246497 1608
0.0247074 1621
0.0247617 1631
0.0248105 1640
0.0248575 1654
0.0248971 1667
0.0249464 1676
0.0249982 1689
0.0250741 1701
0.0251205 1722
0.0251756 1732
0.0252312 1743
0.025286 1757
0.0253711 1768
0.0254596 1783
0.0254714 1794
0.0255047 1803
0.0255421 1811
0.0255923 1826
0.0256577 1834
0.0256778 1842
0.0256976 1849
0.0257388 1862
0.0257889 1868
0.0258 1874
0.0258176 1882
0.0258533 1889
0.025867 1895
0.0258912 1916
0.0259316 1922
0.0259411 1928
0.0259588 1939
0.0259917 1944
0.0259997 1949
0.0260142 1952
0.0260274 1967
0.0260619 1974
0.0260707 1977
0.0260847 1982
0.0261073 1991
0.0261131 1994
0.0261309 2015
0.0261852 2017
0.026192 2023
0.0262119 2024
0.0262256 2033
0.0262449 2036
0.0262507 2038
0.0262772 2047
0.0263529 2048
0.0263773 2049
0.0263819 2050
0.0263929 2051
0.0264043 2055
0.0264238 2057
0.0264306 2059
0.0264509 2060
0.0265096 2061
0.0265239 2062
0.0265338 2063
0.0265408 2064
0.0265664 2065
0.0265788 2066
0.0266425 2069
0.0266473 2071
0.0266619 2073
0.026683 2076
0.0267002 2078
0.026714 2079
0.0267965 2082
0.0268294 2083
0.0268579 2084
0.027047 2085
0.0270684 2087
0.027083 2088
0.0270981 2089
0.0271103 2090
0.0273056 2091
0.0273382 2092
0.0273522 2093
0.0275715 2095
0.0275951 2096
0.0278202 2098
0.0281549 2099
0.028204 2100
0.028471 2101
0.0284861 2104
0.0306133 2120
0.0308366 2121
0.0308451 2123
0.0308728 2124
0.0309252 2126
0.0348015 2127
0.0348533 2129
0.0348612 2131
0.0348652 2133
0.0363206 2134
0.0365555 2138
2 2138
