676 0.0498315
681 0.0439819
704 0.0466309
715 0.053389
677 0.038273
694 0.0437915
640 0.0372833
685 0.0668543
631 0.0399394
668 0.0382075
245 0.0809614
242 0.0932617
239 0.0533298
248 0.0897029
228 0.0548331
241 0.104399
252 0.0546516
254 0.0972564
252 0.0678716
254 0.0831142
1949 0.00919322
1934 0.00864503
1896 0.0148259
1890 0.00889403
1977 0.0131842
1965 0.010415
1820 0.00908383
1895 0.0124166
1909 0.00847343
1931 0.0129549
1849 0.016395
1807 0.0123769
1770 0.0223349
1792 0.0200599
1905 0.0193194
1656 0.0125295
1775 0.017439
1824 0.0196168
1686 0.0126958
1798 0.0169525
