0 -17729
6.6e-08 -17498
5.898e-06 -17267
1.0724e-05 -17047
1.7959e-05 -16830
2.7327e-05 -16613
3.9227e-05 -16398
5.3194e-05 -16188
6.6573e-05 -15980
8.0265e-05 -15774
9.3549e-05 -15568
0.000106245 -15364
0.000118562 -15160
0.000131392 -14956
0.000143585 -14753
0.000156737 -14553
0.000167442 -14354
0.000179598 -14156
0.000192171 -13960
0.000204735 -13766
0.000217147 -13573
0.000228184 -13383
0.000240719 -13194
0.000252894 -13005
0.000265353 -12820
0.000276864 -12637
0.000289257 -12457
0.000300598 -12279
0.000312185 -12101
0.000323734 -11924
0.000334998 -11747
0.000347382 -11571
0.000359282 -11395
0.000371656 -11219
0.00038421 -11043
0.00040453 -10871
0.00042868 -10701
0.000444885 -10532
0.00045925 -10363
0.000471178 -10195
0.000483676 -10027
0.000496391 -9860
0.000509144 -9693
0.000521585 -9526
0.000534717 -9359
0.000547651 -9194
0.000560584 -9032
0.000572949 -8870
0.000585304 -8709
0.00068183 -8551
0.000696376 -8395
0.000709432 -8239
0.000720156 -8083
0.00073273 -7929
0.000745966 -7776
0.000759431 -7623
0.000771833 -7470
0.000784558 -7319
0.000796638 -7169
0.000809714 -7019
0.00082059 -6869
0.000859087 -6721
0.000874428 -6573
0.000888519 -6426
0.000902011 -6279
0.000916898 -6133
0.000929983 -5988
0.000943675 -5846
0.000957263 -5705
0.000971031 -5564
0.000982542 -5425
0.000994888 -5288
0.00100572 -5153
0.00101765 -5019
0.00103175 -4886
0.00104556 -4756
0.00105898 -4626
0.00107292 -4497
0.00108638 -4368
0.00110381 -4239
0.0011163 -4110
0.00113047 -3983
0.00114505 -3859
0.00116002 -3735
0.00117409 -3614
0.0011869 -3495
0.0012012 -3376
0.00121739 -3260
0.00123257 -3144
0.00125084 -3029
0.00126671 -2915
0.00128258 -2804
0.00129822 -2693
0.00131206 -2582
0.00132884 -2474
0.00134602 -2367
0.00136072 -2265
0.00137513 -2164
0.00139112 -2064
0.0014066 -1966
0.00142543 -1868
0.00144299 -1775
0.00146023 -1685
0.0014786 -1596
0.00149986 -1511
0.00152117 -1427
0.0015387 -1344
0.00155778 -1264
0.00157806 -1187
0.0016021 -1110
0.00162499 -1035
0.0016989 -961
0.0017313 -888
0.00175712 -818
0.00178367 -750
0.00180552 -684
0.00183073 -622
0.00185661 -564
0.00188509 -510
0.00191218 -457
0.0019413 -405
0.00196674 -356
0.00199795 -307
0.00202922 -261
0.00206917 -216
0.00210815 -176
0.00214617 -137
0.00218471 -103
0.00222571 -70
0.00235544 -40
0.00241166 -15
0.00245358 9
0.0024872 28
0.00251838 46
0.00255309 63
0.00258723 77
0.00261603 93
0.00265293 107
0.00268565 121
0.00271917 131
0.00275106 146
0.00279625 158
0.00283036 166
0.00286486 173
0.00289549 183
0.00293096 195
0.00296721 208
0.00300323 218
0.0030401 227
0.00307196 234
0.0031058 244
0.00313785 255
0.00317381 266
0.00320788 280
0.00323814 288
0.00326978 295
0.00330239 303
0.0033372 309
0.00336926 319
0.00340424 323
0.00344024 332
0.00347502 337
0.00351287 343
0.00354688 345
0.00358501 357
0.00362143 360
0.00365857 366
0.00369465 375
0.00373138 376
0.00376609 378
0.00380307 382
0.00384289 385
0.00388648 393
0.00392363 398
0.00396826 402
0.00400649 406
0.00408326 409
0.0177283 411
0.0178066 412
2 412
