0 -17060
6.6e-08 -16735
4.9821e-05 -16430
8.3588e-05 -16126
0.000128336 -15827
0.000220829 -15542
0.000316764 -15258
0.000445271 -14980
0.000577875 -14706
0.000695562 -14432
0.000826478 -14166
0.000958997 -13909
0.00107661 -13656
0.001184 -13412
0.00129883 -13171
0.00143079 -12935
0.00155593 -12699
0.00164506 -12467
0.00172515 -12241
0.00183883 -12017
0.00193322 -11794
0.00202444 -11572
0.00210096 -11351
0.00218137 -11133
0.00225466 -10924
0.00236558 -10719
0.00244989 -10514
0.00253342 -10309
0.00261586 -10106
0.00268989 -9906
0.00278801 -9711
0.00285626 -9519
0.00292416 -9329
0.00298827 -9144
0.0030496 -8961
0.00311096 -8778
0.0031736 -8596
0.00326418 -8414
0.00336635 -8233
0.00346169 -8053
0.0035525 -7879
0.0036377 -7705
0.00374093 -7532
0.00384285 -7360
0.00393576 -7191
0.00401923 -7023
0.00409425 -6859
0.00419845 -6695
0.00430058 -6531
0.00439211 -6368
0.00447498 -6212
0.0045546 -6061
0.00463024 -5911
0.00471177 -5765
0.00477906 -5619
0.00484277 -5474
0.00490313 -5332
0.00496244 -5190
0.00501855 -5057
0.00510381 -4925
0.00520911 -4794
0.00530759 -4665
0.00539096 -4537
0.00546093 -4414
0.00554923 -4291
0.00563872 -4169
0.00572536 -4048
0.00580189 -3927
0.00587089 -3808
0.00593323 -3694
0.00598824 -3582
0.00604028 -3471
0.00610422 -3360
0.00615342 -3252
0.00619837 -3147
0.00624225 -3043
0.00629097 -2942
0.00633707 -2845
0.00638238 -2748
0.00642618 -2653
0.00647215 -2559
0.0065213 -2465
0.00658403 -2377
0.00662834 -2293
0.00667609 -2209
0.00673007 -2126
0.00678222 -2043
0.00683 -1965
0.00688389 -1887
0.00693853 -1809
0.00698375 -1734
0.00704522 -1660
0.00709069 -1588
0.00713972 -1517
0.00718752 -1448
0.00723308 -1382
0.0072749 -1318
0.00731788 -1255
0.00736092 -1193
0.0074068 -1133
0.00745324 -1073
0.00753008 -1014
0.00761906 -956
0.00769882 -899
0.00776018 -842
0.00781003 -785
0.00785305 -730
0.00789274 -675
0.00792975 -620
0.00796616 -568
0.00800351 -518
0.00803892 -469
0.00807356 -420
0.00811143 -373
0.00814891 -327
0.00818655 -281
0.00822612 -237
0.00826543 -194
0.00830505 -151
0.0083416 -109
0.00837782 -68
0.00841539 -27
0.00848412 13
0.0085256 52
0.00856633 87
0.00860544 122
0.00864299 157
0.00867907 191
0.0087119 225
0.00875893 258
0.00879307 290
0.00883391 320
0.00887231 350
0.00891879 379
0.00896217 405
0.00900215 430
0.00903936 456
0.00908075 480
0.00911982 504
0.00915894 526
0.00919695 548
0.00923494 570
0.00927665 591
0.00931755 619
0.00939783 640
0.00946894 661
0.00954303 681
0.0095891 700
0.00962984 721
0.00966764 740
0.00970444 759
0.00974134 777
0.00977755 795
0.00981496 812
0.00985105 828
0.0099021 844
0.00994206 860
0.00998044 879
0.010018 895
0.0100569 911
0.0100947 926
0.0101281 943
0.0101653 958
0.0102028 973
0.0102413 987
0.0102791 1003
0.0103138 1021
0.0103704 1035
0.0104324 1051
0.0104868 1069
0.0105335 1086
0.0105783 1101
0.0106196 1120
0.0106611 1134
0.0106992 1149
0.0107333 1169
0.0107722 1184
0.0108227 1198
0.0108892 1219
0.0109452 1232
0.0109945 1249
0.011041 1263
0.0110823 1275
0.0111249 1287
0.011166 1299
0.0112058 1314
0.0112453 1327
0.0112846 1338
0.0113423 1351
0.0113834 1367
0.0114235 1381
0.0114613 1398
0.011499 1410
0.0115342 1421
0.0115711 1438
0.0116084 1451
0.0116448 1463
0.0116787 1474
0.0117147 1485
0.0117295 1495
0.0117532 1505
0.0118093 1515
0.011824 1524
0.0118439 1533
0.0118595 1545
0.0118969 1554
0.0119028 1562
0.0119167 1570
0.0119289 1578
0.0119504 1586
0.0119698 1593
0.011975 1600
0.011985 1606
0.0119964 1612
0.0120176 1621
0.0120236 1626
0.01203 1631
0.0120376 1638
0.012056 1642
0.0120605 1646
0.0120684 1650
0.0120822 1663
0.0121133 1667
0.0121197 1671
0.0121313 1677
0.0121457 1682
0.0121501 1685
0.0121606 1692
0.0121856 1697
0.012195 1703
0.0122119 1706
0.0122164 1711
0.0122298 1714
0.0122517 1715
0.0122668 1724
0.0122913 1727
0.0122957 1728
0.0123043 1732
0.0123201 1735
0.0123344 1745
0.0123805 1753
0.0124157 1754
0.0124253 1758
0.0124382 1769
0.0126329 1772
0.012675 1774
0.0137692 1775
2 1775
