0 -7285
4.7e-08 -7016
1.9003e-05 -6788
3.1672e-05 -6581
4.0756e-05 -6381
6.871e-05 -6187
0.000119205 -5997
0.000146723 -5814
0.0001717 -5632
0.000192429 -5453
0.000210768 -5280
0.000225902 -5126
0.000240335 -4978
0.000255346 -4831
0.000269418 -4686
0.000284732 -4542
0.000300843 -4399
0.000322728 -4257
0.000341011 -4118
0.00035495 -3982
0.000374237 -3850
0.000390822 -3721
0.000406772 -3595
0.000422741 -3470
0.000436718 -3346
0.000454289 -3227
0.000468949 -3111
0.000483078 -2998
0.000498354 -2886
0.000512028 -2777
0.000527798 -2671
0.0005437 -2565
0.000581355 -2466
0.000607546 -2369
0.000625382 -2273
0.000642318 -2177
0.000660544 -2084
0.000676522 -1993
0.000690916 -1903
0.000705927 -1819
0.000721981 -1736
0.000737399 -1654
0.000752704 -1576
0.000766663 -1499
0.000780137 -1430
0.000793432 -1361
0.000805968 -1293
0.000819385 -1228
0.000832007 -1165
0.000845775 -1103
0.000861488 -1041
0.000875057 -983
0.00088839 -925
0.000901561 -869
0.00091331 -814
0.000926472 -760
0.000938638 -706
0.000952131 -653
0.000964373 -601
0.000977696 -549
0.000989872 -502
0.00100413 -455
0.00101537 -410
0.00103893 -366
0.00105179 -322
0.00106481 -279
0.00107708 -237
0.00108887 -197
0.00110214 -159
0.00111744 -121
0.00113331 -83
0.00114889 -46
0.00116211 -10
0.00117481 25
0.0011872 60
0.00119854 95
0.00120959 129
0.00122302 162
0.00123776 194
0.00125441 223
0.00126542 252
0.00127814 276
0.0012908 299
0.00130521 321
0.00131832 341
0.00133362 364
0.00134757 389
0.00135925 409
0.00137124 428
0.00138808 447
0.00140503 466
0.00142014 485
0.00143412 504
0.00144639 528
0.00146119 547
0.00147717 565
0.00148849 583
0.00152564 606
0.00154543 627
0.00156202 650
0.00158198 670
0.00159625 687
0.00161047 711
0.00162341 728
0.0016334 744
0.00164696 760
0.00165882 782
0.00167056 799
0.00168334 814
0.00169523 830
0.00170667 845
0.00171773 860
0.00172842 875
0.00174047 890
0.00175308 905
0.0017634 919
0.0017751 936
0.00179666 948
0.001814 966
0.0018288 978
0.00183665 989
0.00184468 999
0.00185509 1017
0.00187207 1029
0.00187583 1039
0.00188029 1048
0.00188372 1057
0.0018911 1069
0.00189383 1075
0.00190604 1081
0.00191191 1095
0.0019255 1100
0.00192824 1104
0.00193502 1107
0.00194447 1118
0.00195286 1121
0.00195536 1123
0.00196029 1125
0.00196509 1134
0.00198161 1142
0.00198403 1143
0.0019874 1146
0.00199194 1148
0.0019954 1149
0.00200117 1152
0.00201921 1158
0.00202096 1159
0.00202628 1160
0.00202983 1170
0.00203727 1175
0.00203916 1184
0.00210781 1187
0.00211597 1191
0.00212526 1192
0.00213262 1193
0.00235702 1194
0.00244022 1195
0.00251622 1197
0.0028673 1200
0.00287157 1202
0.00287449 1204
0.00307535 1205
0.00307727 1208
0.0032198 1209
0.00322545 1210
2 1210
