0 -35116
6.6e-08 -34740
1.1597e-05 -34402
2.3403e-05 -34065
4.1373e-05 -33732
5.8508e-05 -33400
7.2457e-05 -33073
8.6425e-05 -32752
0.000104499 -32434
0.000124204 -32116
0.000147057 -31800
0.000170081 -31487
0.000190052 -31176
0.000209444 -30865
0.000227992 -30559
0.000251528 -30254
0.000271385 -29951
0.000289715 -29648
0.000308481 -29349
0.000325673 -29054
0.000345208 -28760
0.000364543 -28468
0.000395049 -28177
0.00041481 -27891
0.000434781 -27606
0.000454533 -27322
0.00047348 -27039
0.000491838 -26756
0.000511316 -26474
0.000530518 -26193
0.000549768 -25914
0.000569492 -25636
0.000588865 -25359
0.000607613 -25086
0.000625497 -24814
0.000644595 -24543
0.000663532 -24272
0.000680478 -24004
0.000699396 -23738
0.000718892 -23473
0.000738142 -23210
0.000760274 -22948
0.000778206 -22686
0.000796859 -22427
0.000814487 -22168
0.000833927 -21910
0.000853281 -21655
0.000872142 -21404
0.000890244 -21155
0.000907398 -20906
0.000927198 -20657
0.000946989 -20410
0.000964882 -20163
0.000983364 -19917
0.00100035 -19672
0.00101812 -19429
0.00103658 -19188
0.00105496 -18948
0.00107365 -18708
0.00109061 -18469
0.00110894 -18231
0.00112783 -17994
0.00114638 -17759
0.00116342 -17524
0.00118272 -17293
0.00120133 -17063
0.00121861 -16834
0.00123535 -16609
0.00125435 -16385
0.00127406 -16161
0.00130887 -15939
0.00134051 -15718
0.00136219 -15498
0.0013833 -15279
0.00140322 -15060
0.00142219 -14841
0.00144022 -14625
0.00145849 -14411
0.00147433 -14197
0.00149291 -13985
0.00150961 -13774
0.00152629 -13564
0.00154297 -13354
0.00156098 -13150
0.00157875 -12947
0.00159731 -12745
0.00161603 -12545
0.0016354 -12347
0.00165356 -12150
0.00167194 -11955
0.00169057 -11762
0.00170959 -11569
0.00172809 -11379
0.00174727 -11189
0.00176659 -11000
0.00178485 -10812
0.00180415 -10624
0.00182342 -10436
0.00184387 -10249
0.00186297 -10063
0.00188106 -9880
0.0019009 -9700
0.00192081 -9522
0.00193966 -9344
0.00195814 -9168
0.00197797 -8994
0.00199819 -8821
0.00201682 -8648
0.00203604 -8478
0.00205656 -8309
0.00207633 -8140
0.00209874 -7972
0.00211734 -7805
0.00213486 -7639
0.00215828 -7473
0.0021788 -7311
0.00220041 -7150
0.00221959 -6990
0.00223839 -6831
0.00225925 -6676
0.00228242 -6522
0.0023056 -6368
0.00232776 -6215
0.00235173 -6070
0.00237205 -5925
0.00239594 -5780
0.00241855 -5635
0.00244048 -5490
0.00246524 -5348
0.00249445 -5209
0.00251973 -5070
0.00255291 -4933
0.00258143 -4799
0.00261442 -4665
0.00264969 -4531
0.00268708 -4400
0.0027199 -4272
0.00275688 -4145
0.00279719 -4019
0.00283201 -3894
0.00286362 -3769
0.00289219 -3649
0.00291776 -3530
0.00294935 -3411
0.00297881 -3294
0.00300667 -3177
0.00303552 -3061
0.00306649 -2949
0.00309764 -2839
0.00312804 -2731
0.0031606 -2624
0.00321595 -2520
0.00325722 -2416
0.00329409 -2313
0.00333013 -2212
0.0033699 -2112
0.00340838 -2016
0.00345202 -1920
0.00349525 -1826
0.00353315 -1734
0.00357195 -1642
0.00361374 -1552
0.00365336 -1462
0.00369281 -1372
0.00373443 -1284
0.00377568 -1196
0.00381451 -1118
0.00385856 -1044
0.00390137 -971
0.00394663 -898
0.00399363 -826
0.00404004 -755
0.00408637 -689
0.004131 -626
0.0041951 -563
0.00425782 -501
0.00430959 -439
0.00435604 -381
0.00445944 -332
0.00452071 -283
0.00457677 -235
0.00462146 -191
0.0046617 -154
0.00470367 -120
0.00474412 -86
0.00477911 -53
0.00481607 -20
0.00485294 12
0.00488789 43
0.00492174 73
0.00495521 98
0.00499048 121
0.00502214 139
0.00505321 157
0.00509887 175
0.00515123 193
0.00519266 209
0.0052245 223
0.00525725 242
0.00529085 259
0.00532119 271
0.00535204 281
0.00538197 295
0.00541496 305
0.0054432 315
0.00547258 326
0.00550208 334
0.00553474 342
0.00556565 354
0.0056009 364
0.00562853 371
0.00565738 378
0.00568898 389
0.00572078 396
0.00575457 402
0.00578755 419
0.00581738 426
0.00584658 438
0.00587407 445
0.00590447 451
0.00593493 456
0.00596569 464
0.00599677 473
0.00602568 484
0.00605236 487
0.00607833 494
0.00610862 503
0.00613728 511
0.00616806 516
0.00619983 520
0.00623067 533
0.00626147 551
0.00629409 565
0.00632215 573
0.00635586 576
0.00638994 581
0.00642379 582
0.00648968 588
0.00653872 591
0.0065775 596
0.00661791 598
0.00668715 607
0.00672097 612
0.00675485 614
0.00678611 619
0.00681705 624
0.00684574 626
0.00687408 629
0.00690637 631
0.00693921 633
0.00696994 634
0.00701494 637
0.00705127 639
0.00715305 640
0.00718656 651
0.00729365 653
0.00732647 655
0.00764257 657
0.00767571 660
0.00771116 662
0.00774243 664
0.0077737 667
0.00780363 668
0.00783546 671
0.00786909 676
0.00790003 679
0.00793422 682
0.0079686 686
0.00803594 687
0.00806869 688
0.00810218 692
0.00816524 693
0.00822921 700
0.00825975 702
0.00834886 708
0.0103395 709
0.0103807 715
0.010425 719
0.010469 720
0.0110273 721
0.011111 724
0.0116276 727
0.0149927 729
0.0151698 730
0.0153904 735
0.0154188 736
2 736
