0 -16580
4.8e-08 -16228
4.3667e-05 -15929
8.0147e-05 -15634
0.000111221 -15344
0.000186844 -15069
0.000246935 -14796
0.000342576 -14530
0.000432726 -14272
0.00051914 -14014
0.000605431 -13761
0.000722389 -13510
0.000837934 -13265
0.000939586 -13029
0.00103373 -12797
0.00111738 -12568
0.00120292 -12342
0.00127837 -12121
0.00134735 -11903
0.00141259 -11688
0.00147437 -11475
0.00153608 -11263
0.00159193 -11052
0.00164712 -10842
0.00173267 -10632
0.00179332 -10422
0.00184442 -10215
0.00189416 -10015
0.00194769 -9818
0.00200117 -9631
0.00206293 -9445
0.00212243 -9260
0.00218438 -9077
0.00224446 -8901
0.00230539 -8726
0.00236241 -8553
0.00241818 -8380
0.00247145 -8209
0.00252345 -8042
0.00262238 -7877
0.00271823 -7718
0.00280427 -7561
0.00288596 -7405
0.00295924 -7249
0.00302704 -7094
0.00308802 -6942
0.00314304 -6795
0.00320345 -6649
0.0032543 -6505
0.00331668 -6363
0.0033682 -6221
0.0034207 -6079
0.00350396 -5939
0.00361373 -5800
0.00370553 -5662
0.00377742 -5524
0.00384686 -5388
0.00390898 -5256
0.00396337 -5129
0.00401757 -5003
0.0040642 -4879
0.00411382 -4756
0.00415919 -4633
0.00420923 -4511
0.00426186 -4390
0.00431219 -4272
0.00435346 -4157
0.00439525 -4043
0.00444715 -3932
0.00449205 -3821
0.00453227 -3712
0.00457122 -3605
0.00461388 -3499
0.00465341 -3398
0.00469161 -3298
0.00472912 -3201
0.00476172 -3107
0.00479935 -3013
0.00483747 -2924
0.00487736 -2837
0.00491893 -2751
0.00495722 -2666
0.00499778 -2582
0.00503803 -2499
0.0050781 -2416
0.00511904 -2333
0.00515803 -2251
0.00519797 -2169
0.00523811 -2087
0.00527717 -2006
0.00531648 -1927
0.00535505 -1851
0.00539048 -1775
0.00542624 -1699
0.00546235 -1624
0.00550065 -1555
0.00553809 -1489
0.00557545 -1423
0.00561466 -1357
0.00565487 -1292
0.00569415 -1232
0.00573636 -1172
0.0057762 -1114
0.00581358 -1058
0.00584753 -1003
0.00588726 -949
0.00592599 -895
0.00596293 -842
0.00599547 -789
0.00602744 -736
0.00606244 -688
0.00609402 -641
0.00613195 -595
0.00616748 -549
0.00620537 -504
0.00624279 -459
0.00629612 -416
0.00634603 -375
0.00641423 -334
0.00647109 -295
0.00651929 -256
0.0065655 -217
0.00661069 -178
0.00665006 -140
0.00668355 -104
0.00671997 -70
0.00675199 -36
0.00678703 -3
0.00682177 28
0.00686442 58
0.00689783 88
0.00693248 117
0.00696554 145
0.00700118 173
0.00703807 201
0.00707426 228
0.00711179 255
0.00714787 282
0.00718596 308
0.0072229 333
0.00725703 356
0.00730275 379
0.00733967 401
0.00737639 423
0.00741204 444
0.00744973 465
0.00752314 486
0.00758248 508
0.00763251 528
0.00767881 548
0.00772431 568
0.00776379 587
0.00780165 611
0.00783626 635
0.00787142 655
0.00790569 673
0.00794079 690
0.00797561 707
0.00801046 730
0.00804731 750
0.00808482 768
0.00812214 790
0.00815477 809
0.0081909 826
0.00822622 843
0.00828898 860
0.00834192 878
0.00839332 895
0.00845185 911
0.00850605 931
0.00855296 947
0.00859173 963
0.00863005 979
0.00866742 1007
0.00870407 1025
0.00874239 1041
0.00877864 1056
0.00882036 1071
0.00885899 1086
0.00889424 1103
0.00892642 1120
0.00896247 1135
0.0090036 1149
0.00904791 1165
0.00908702 1179
0.00912938 1193
0.00917285 1206
0.00920721 1219
0.00929413 1237
0.00938443 1250
0.00944655 1264
0.00950666 1276
0.00955849 1288
0.00960843 1312
0.00965617 1330
0.00970317 1343
0.0097475 1355
0.00979064 1368
0.00985307 1380
0.00991764 1391
0.00996218 1402
0.0100226 1412
0.0100323 1422
0.0100523 1433
0.0100863 1443
0.0100936 1453
0.0101113 1463
0.0101481 1472
0.0101855 1486
0.0102255 1498
0.0102323 1506
0.0102507 1515
0.0102832 1526
0.0102909 1534
0.0103053 1541
0.0103237 1548
0.010346 1560
0.0103795 1567
0.0103882 1573
0.0104062 1581
0.0104346 1585
0.0104417 1589
0.0104552 1596
0.0104814 1600
0.0104882 1603
0.0104958 1606
0.010511 1614
0.0105279 1616
0.0105334 1617
0.0105438 1618
0.0105561 1619
0.0105725 1626
0.0105962 1633
0.0106027 1635
0.0106138 1641
0.0106314 1648
0.0106457 1654
0.0106634 1657
0.0107849 1659
0.0108044 1660
0.0108173 1664
0.0108337 1668
0.0108541 1669
0.0110351 1670
0.0110711 1672
0.0110892 1673
0.0111324 1675
0.011147 1676
0.0111685 1678
0.0111918 1680
0.0112526 1681
0.0112579 1682
0.0112655 1683
0.0112776 1684
0.011292 1687
0.0115035 1689
0.0115141 1693
0.0115303 1695
0.0115397 1697
0.0115694 1698
0.0116654 1699
0.0116758 1701
0.0130631 1703
0.0130777 1704
0.013089 1705
0.0131072 1710
0.0140747 1711
0.0145312 1712
0.0149507 1713
0.0149715 1716
0.0155526 1721
0.0155733 1722
0.0155768 1723
0.0159136 1724
0.0176058 1725
0.0185515 1727
0.0186831 1729
2 1729
