0 -24903
6.6e-08 -24567
5.1983e-05 -24237
8.5541e-05 -23908
0.000108252 -23602
0.000149871 -23298
0.000185573 -23002
0.000236778 -22709
0.000314526 -22419
0.00043173 -22133
0.00054826 -21849
0.000659054 -21567
0.000786556 -21293
0.000895975 -21027
0.000991863 -20763
0.00108426 -20499
0.00120042 -20236
0.00133012 -19975
0.00145245 -19715
0.00157062 -19465
0.00168294 -19220
0.00178765 -18978
0.00188464 -18738
0.00197637 -18498
0.00206198 -18259
0.00214407 -18027
0.00222407 -17795
0.00229988 -17568
0.00237315 -17343
0.00244393 -17121
0.00251508 -16904
0.00258473 -16688
0.0026526 -16476
0.00272101 -16264
0.0027874 -16054
0.00285437 -15847
0.00291969 -15640
0.00298395 -15434
0.00305829 -15228
0.00312762 -15023
0.00319263 -14818
0.00325829 -14614
0.0033228 -14413
0.00338783 -14213
0.00345451 -14018
0.00353039 -13825
0.00360108 -13633
0.00366879 -13441
0.00373978 -13251
0.00380618 -13062
0.00387066 -12873
0.00397556 -12685
0.00405331 -12500
0.00411694 -12316
0.00418113 -12135
0.00424492 -11958
0.00430698 -11782
0.00436511 -11606
0.00442823 -11435
0.00449138 -11264
0.0045618 -11094
0.00462349 -10924
0.00468703 -10757
0.00477675 -10591
0.00497344 -10425
0.00512015 -10259
0.00523682 -10095
0.00533782 -9937
0.00542596 -9779
0.00550215 -9621
0.00556969 -9464
0.00564077 -9314
0.00570767 -9165
0.00577245 -9019
0.0058269 -8875
0.00586978 -8731
0.00591223 -8588
0.0059506 -8446
0.00599429 -8304
0.0060381 -8164
0.00608139 -8026
0.00612548 -7890
0.00616798 -7754
0.00621062 -7619
0.00625902 -7486
0.00630485 -7353
0.00634952 -7220
0.0063993 -7090
0.0064719 -6960
0.00657497 -6831
0.00666575 -6705
0.00675224 -6583
0.00682978 -6463
0.00689905 -6344
0.00696045 -6225
0.00701599 -6106
0.00706737 -5989
0.00711726 -5873
0.00716563 -5759
0.00721346 -5645
0.00726148 -5532
0.00730891 -5422
0.00740858 -5314
0.00749407 -5208
0.00757275 -5102
0.00764516 -4997
0.00773451 -4892
0.0077974 -4788
0.00785173 -4687
0.00790303 -4588
0.00801373 -4491
0.00809661 -4394
0.00817174 -4299
0.00823806 -4206
0.00829989 -4113
0.00836563 -4020
0.00841549 -3928
0.0084681 -3837
0.00851502 -3747
0.00856057 -3657
0.00860385 -3570
0.00864723 -3485
0.00868969 -3401
0.00873179 -3319
0.00877446 -3237
0.00881777 -3155
0.00885962 -3074
0.00890081 -2994
0.00894006 -2915
0.00900053 -2836
0.00904196 -2757
0.00908503 -2679
0.00912961 -2602
0.00917222 -2525
0.00921533 -2448
0.00925694 -2372
0.00930221 -2298
0.00934868 -2225
0.00939363 -2155
0.0094388 -2085
0.0094837 -2016
0.00953054 -1948
0.00957683 -1880
0.00962211 -1814
0.00966713 -1749
0.00971061 -1684
0.00975373 -1620
0.00979838 -1556
0.00984185 -1494
0.0098832 -1434
0.00992725 -1374
0.00997297 -1314
0.010018 -1254
0.0100613 -1195
0.0101037 -1137
0.0101853 -1079
0.010264 -1021
0.0103128 -963
0.0103642 -906
0.0104105 -850
0.0104545 -797
0.0104977 -745
0.0105374 -696
0.0105808 -647
0.0106237 -598
0.0107302 -553
0.0108431 -509
0.0109046 -466
0.0109652 -424
0.0110391 -382
0.0111365 -340
0.0112217 -298
0.0113022 -257
0.0113661 -216
0.0114174 -178
0.011464 -141
0.0115069 -107
0.011551 -74
0.0115889 -41
0.0116798 -8
0.0117288 25
0.0117707 57
0.0118102 88
0.0118496 119
0.01189 150
0.011938 181
0.0119783 209
0.012021 237
0.0120602 264
0.0120997 291
0.0121396 318
0.0121811 344
0.0122273 369
0.0122729 394
0.0123304 421
0.0123759 447
0.0124188 471
0.0124629 494
0.0125028 516
0.0125458 537
0.0125897 558
0.0126324 579
0.012674 600
0.012716 620
0.0127572 640
0.012799 659
0.0128406 678
0.0128821 699
0.0129207 718
0.0129637 737
0.0130055 755
0.0130471 772
0.0130888 788
0.0131299 804
0.0131717 819
0.0132143 842
0.0132552 858
0.0132985 873
0.013341 889
0.0133833 904
0.0134268 919
0.0134702 933
0.0135083 947
0.0135496 961
0.0135886 975
0.013629 992
0.0136708 1010
0.0137125 1023
0.0137544 1044
0.0137954 1057
0.0138364 1070
0.013877 1083
0.013918 1096
0.0139604 1109
0.0140016 1122
0.0140442 1135
0.0140864 1147
0.0141275 1161
0.0141705 1174
0.0142243 1186
0.0142713 1198
0.0143159 1210
0.0143609 1227
0.0144047 1241
0.0144498 1259
0.0144949 1277
0.0145409 1288
0.0145859 1299
0.0146307 1309
0.0146747 1319
0.0147186 1334
0.0147629 1347
0.0148061 1357
0.0148483 1369
0.0148909 1382
0.0149339 1392
0.0149765 1415
0.0150299 1425
0.0150721 1436
0.015114 1454
0.015156 1464
0.0151984 1481
0.0152413 1491
0.0152835 1507
0.0153259 1516
0.0153686 1537
0.0154107 1550
0.0154528 1559
0.0154938 1574
0.0155343 1587
0.0155766 1599
0.0156186 1614
0.0156592 1627
0.0157057 1638
0.0157454 1654
0.0157886 1665
0.0158311 1681
0.0158747 1696
0.015944 1709
0.0159897 1727
0.0160329 1737
0.0160741 1749
0.0161439 1766
0.0162122 1779
0.0162725 1791
0.016327 1805
0.0163781 1814
0.0164322 1831
0.0164798 1845
0.0165311 1854
0.0165769 1863
0.0166205 1871
0.0166633 1882
0.0167067 1892
0.016748 1900
0.0167908 1911
0.0168331 1919
0.0168757 1927
0.016919 1940
0.0169611 1947
0.017016 1958
0.0170831 1969
0.0170954 1977
0.017118 1984
0.017151 1994
0.0171953 2004
0.0172127 2012
0.0172422 2023
0.0172864 2035
0.0173006 2041
0.0173248 2058
0.01736 2064
0.0173678 2070
0.017376 2075
0.0173888 2078
0.0174098 2105
0.0174685 2107
0.0174792 2109
0.0174977 2111
0.0175028 2113
0.0175114 2116
0.0175345 2117
0.0175467 2133
0.0175928 2138
0.0176082 2139
0.0176446 2149
0.0176726 2151
0.0176801 2152
0.0177331 2166
0.0178579 2167
0.0179105 2168
0.018102 2169
0.0181314 2171
0.0193729 2172
0.0193872 2174
0.0193948 2176
0.019401 2177
0.0194122 2178
0.0196293 2179
0.0196551 2180
0.0197703 2182
0.0197767 2184
0.0197962 2185
0.0200592 2187
0.0200797 2190
0.0206003 2194
0.0206246 2202
0.0206306 2203
0.0215861 2205
0.0216888 2207
0.0222802 2210
0.0222887 2213
0.0222974 2214
0.0234389 2217
0.0234432 2219
0.0250294 2221
0.0273247 2222
0.0273413 2224
0.0274226 2226
0.0274299 2228
0.0274649 2229
0.02747 2231
0.027474 2232
2 2232
