0 -264
1.98e-07 -233
0.000636973 -173
0.000638538 -126
0.000641621 -83
0.000644232 -68
0.000645392 -48
0.000645694 -34
0.000663021 -24
0.000663313 4
0.000663577 7
0.000664058 65
0.000664398 128
0.00066485 152
0.000665095 181
0.000665208 219
0.000665435 246
0.000669894 256
0.000670846 271
0.000671704 283
0.000676936 312
0.000708433 317
0.000709168 322
0.000709423 345
0.000709564 350
0.000709923 354
0.000710422 364
0.000736395 372
0.000736649 394
0.000738356 415
0.000738516 460
0.000739091 485
0.000739393 496
0.000742504 501
0.000742626 560
0.000743267 602
0.00074422 616
0.000744389 631
0.000749801 641
0.000750027 667
0.000752978 685
0.000754024 725
0.000754467 733
0.000758351 742
0.000758681 746
0.000759794 755
0.000760161 759
0.000761538 761
0.000762282 773
0.000762971 790
0.000763376 818
0.000764385 822
0.000765394 832
0.000769051 871
0.000769334 890
0.000769824 897
0.000770154 936
0.000770381 954
0.000770758 965
0.000771559 973
0.00077188 976
0.000772181 982
0.000772681 1004
0.00077369 1027
0.000773916 1040
0.000774708 1048
0.000775273 1056
0.000775641 1087
0.0007773 1089
0.000778149 1107
0.000782797 1160
0.000784871 1162
0.000785276 1178
0.000785615 1190
0.000785879 1238
0.000790197 1240
0.000793657 1243
0.000794091 1248
0.000794307 1249
0.000798126 1257
0.000802519 1262
0.00080282 1264
0.000802924 1270
0.00080316 1288
0.000804178 1315
0.000806469 1316
0.000806573 1326
0.000807223 1327
0.000807968 1349
0.000808939 1353
0.000810155 1363
0.000810692 1384
0.000813521 1403
0.000813634 1413
0.000814614 1440
0.000816811 1443
0.000828633 1445
0.000829368 1460
0.000829481 1464
0.000844838 1479
0.000845809 1491
0.000846064 1511
0.000846205 1531
0.000849477 1532
0.000849778 1541
0.000850457 1550
0.000851117 1582
0.000851362 1588
0.000851456 1589
0.000852333 1593
0.000853681 1609
0.000853936 1612
0.000854502 1639
0.000854615 1649
0.00085486 1655
0.000856896 1681
0.000858951 1689
0.000859064 1690
0.000859451 1714
0.000860309 1721
0.000861911 1722
0.000872517 1726
0.000874431 1730
0.000874639 1735
0.000875657 1746
0.000876854 1751
0.000877061 1753
0.000877156 1761
0.000877372 1768
0.000877929 1769
0.000880719 1775
0.000890514 1776
0.000892145 1782
0.000892268 1787
0.000894455 1794
0.000895181 1796
0.000901526 1807
0.000903288 1809
0.000907323 1812
0.000932523 1821
0.000935926 1824
0.000944373 1829
0.000944722 1831
0.000950331 1832
0.000957091 1840
0.000960899 1844
0.000969064 1847
0.000970497 1854
0.000973664 1871
0.000974843 1873
0.000975804 1881
0.000975927 1885
0.00105522 1887
0.00106314 1901
0.00106639 1913
0.00106938 1915
0.00107045 1920
0.00107541 1926
0.00108748 1935
0.0010884 1941
0.00109777 1949
0.00112275 1958
0.00115058 1959
0.00116795 1962
0.0011889 1965
0.00136192 1967
2 1967
