0 -8800
6.98e-07 -8669
0.000524844 -8567
0.000531169 -8529
0.000533074 -8416
0.000534667 -8258
0.000534969 -8124
0.000535798 -8041
0.00053659 -7930
0.00053775 -7826
0.000537901 -7683
0.000538033 -7565
0.000538344 -7428
0.000540125 -7297
0.000543604 -7291
0.000545235 -7278
0.000545395 -7142
0.000546498 -7037
0.000548931 -7028
0.000550326 -7004
0.00055076 -6868
0.000551222 -6730
0.000551504 -6578
0.000551834 -6480
0.000552673 -6377
0.000560668 -6339
0.000563788 -6304
0.0005664 -6168
0.000566871 -6094
0.000568474 -6084
0.000568889 -5978
0.000572697 -5941
0.000582973 -5912
0.000583294 -5835
0.000584095 -5720
0.000584849 -5565
0.000585632 -5470
0.000591241 -5429
0.000592693 -5288
0.000596473 -5270
0.000598962 -5181
0.000602252 -5176
0.000608851 -5077
0.00061348 -4954
0.000614074 -4842
0.000615847 -4771
0.000616884 -4646
0.000617647 -4544
0.000620758 -4442
0.000621522 -4409
0.000622389 -4250
0.000622964 -4161
0.000623473 -4058
0.000624435 -3966
0.000626886 -3878
0.000636691 -3794
0.00063851 -3701
0.000638821 -3579
0.000641668 -3490
0.000641828 -3373
0.000643403 -3318
0.000650398 -3255
0.000655395 -3218
0.000659005 -3137
0.000662201 -3051
0.000664926 -2932
0.000668621 -2812
0.000672788 -2739
0.000676474 -2634
0.000678077 -2510
0.000678859 -2381
0.00068016 -2297
0.000682781 -2224
0.000683102 -2136
0.000692171 -2058
0.000692953 -1967
0.000698949 -1896
0.00070717 -1781
0.000713053 -1723
0.000723149 -1620
0.000738337 -1581
0.000755853 -1470
0.000758842 -1410
0.000759285 -1319
0.000768156 -1254
0.000774915 -1204
0.000775783 -1142
0.000776867 -1077
0.000785182 -1010
0.000787661 -944
0.000791668 -898
0.000842981 -890
0.000847459 -789
0.000864862 -731
0.000865711 -684
0.000867851 -606
0.00087001 -564
0.000890137 -505
0.000892409 -455
0.000904052 -415
0.000920041 -354
0.000922813 -307
0.000923991 -247
0.000924642 -203
0.00093076 -174
0.00093686 -154
0.000990181 -140
0.00100025 -105
0.00102985 -89
0.00103897 -71
0.00109546 -67
0.00114464 -50
0.00114646 -44
0.00118971 -43
0.00121873 -42
0.00123012 0
0.00127254 16
0.00127313 30
0.00127942 32
0.00128561 33
0.0012973 78
0.00129953 85
0.00136289 102
0.00136603 130
0.00136719 153
0.0013729 157
0.0014061 190
0.00142578 192
0.00145992 198
0.00146486 212
0.00149208 218
0.00153548 224
0.00154673 234
0.00161271 249
0.00164148 254
0.00169485 258
0.00171295 267
0.0017161 294
0.00172033 299
0.00173234 339
0.00179188 341
0.00180631 345
0.00183192 346
0.00189829 358
0.00191496 364
0.00194607 366
0.00195035 367
0.00199154 368
0.0020191 373
0.00211312 376
0.00233068 377
0.0024081 380
0.00240938 382
0.0024287 389
0.0032418 393
2 393
