0 -6069
3.11e-07 -5985
0.000404163 -5922
0.000406001 -5866
0.000407312 -5748
0.000407679 -5623
0.000407811 -5518
0.000408339 -5420
0.000408537 -5275
0.000410149 -5123
0.000411083 -4999
0.000412846 -4916
0.000416485 -4806
0.000416815 -4713
0.00041837 -4586
0.000419021 -4470
0.00042001 -4382
0.000420208 -4278
0.000422971 -4242
0.000423376 -4095
0.000423838 -3998
0.000424932 -3878
0.000425554 -3805
0.000426628 -3737
0.00042759 -3620
0.000431672 -3518
0.000438196 -3475
0.000438762 -3312
0.000440223 -3190
0.000441948 -3071
0.000442749 -2970
0.000443636 -2870
0.000443768 -2750
0.000446143 -2673
0.000449942 -2578
0.0004508 -2470
0.000451489 -2441
0.000452384 -2317
0.000454505 -2306
0.000458427 -2291
0.000459125 -2189
0.000460746 -2088
0.000469184 -2066
0.000470183 -1990
0.000470824 -1897
0.000477593 -1882
0.000487209 -1831
0.000489123 -1761
0.000496212 -1736
0.0005007 -1731
0.00050316 -1658
0.000510947 -1604
0.000513776 -1531
0.000518678 -1527
0.000519913 -1457
0.000520054 -1335
0.000536194 -1330
0.000537617 -1278
0.000539333 -1207
0.000543726 -1126
0.000554106 -1104
0.000568106 -1020
0.00057347 -964
0.000575091 -874
0.000585565 -855
0.000588544 -837
0.000589063 -724
0.000591655 -672
0.000591816 -599
0.000598594 -521
0.00060047 -451
0.000617732 -392
0.000618373 -318
0.000622266 -292
0.000623596 -265
0.00062534 -216
0.000630214 -177
0.000656969 -166
0.000661418 -141
0.000685958 -126
0.00069102 -97
0.000731125 -91
0.000838277 -43
0.000843038 48
0.00084695 53
0.00084909 78
0.000868633 81
0.000870151 106
0.000872998 107
0.00087395 108
0.000906927 116
0.000912037 119
0.000954366 156
0.000957128 159
0.000978547 167
0.000988022 191
0.000996063 200
0.00100921 210
0.0010115 211
0.00101637 213
0.00101979 214
0.00103106 222
0.00103167 231
0.00103711 263
0.00105152 275
0.00105697 280
0.00106676 282
0.00108223 284
0.00108667 300
0.00113376 327
0.00113607 334
0.00113741 335
0.00114763 345
0.00116711 346
0.00116843 350
0.00117252 351
0.00119449 361
0.00121555 365
0.00146752 373
0.00151644 374
0.00156387 377
0.00167991 382
0.00243838 383
2 383
