0 703
2.26e-07 707
0.000760699 719
0.000762499 763
0.000762726 778
0.000776537 792
0.00078126 800
0.000788038 805
0.000789254 809
0.000789811 812
0.000790037 834
0.000790489 835
0.000790782 842
0.000791281 847
0.000792064 873
0.00079987 880
0.000807204 883
0.000807751 884
0.000809429 897
0.000809891 903
0.000810004 907
0.000810193 925
0.000811362 938
0.000811795 960
0.000812653 965
0.000812795 985
0.000819139 990
0.000828605 1027
0.000828934 1060
0.000831574 1095
0.000835817 1100
0.000835958 1111
0.000836109 1114
0.000837061 1117
0.000838513 1126
0.000840219 1131
0.000841859 1139
0.000842369 1144
0.000842642 1151
0.000842812 1160
0.000843415 1166
0.000843613 1179
0.000843754 1184
0.000850024 1206
0.000910265 1222
0.000911868 1240
0.000912292 1243
0.000912433 1252
0.000912584 1255
0.000913197 1258
0.000913838 1259
0.00091545 1275
0.000919042 1276
0.000922596 1280
0.000923614 1286
0.000923812 1290
0.000925226 1292
0.000926037 1293
0.000926339 1295
0.000941272 1298
0.000941668 1302
0.000942478 1307
0.000942714 1322
0.000946617 1337
0.000949247 1340
0.000952943 1345
0.000962078 1357
0.000962832 1360
0.000962945 1368
0.00097242 1375
0.000972552 1379
0.000983723 1380
0.000983818 1389
0.00098542 1395
0.000991916 1397
0.000998166 1399
0.000998939 1409
0.0010035 1410
0.00100406 1413
0.00100565 1434
0.00100723 1437
0.00104817 1441
0.00105247 1450
0.00105275 1458
0.00105317 1464
0.00105368 1470
0.00107448 1471
0.00107639 1477
0.00107658 1480
0.0010807 1482
0.00108415 1485
0.00109905 1489
0.00110147 1491
0.00110178 1498
0.00110965 1500
0.00112592 1504
0.00112703 1517
0.00112714 1520
0.00112777 1530
0.00112835 1533
0.00112973 1537
0.00113383 1541
0.00113506 1542
0.00114527 1546
0.00114588 1551
0.00117312 1553
0.00118012 1556
2 1556
