0 624
2.64e-07 638
1.0945e-05 646
0.00063111 659
0.000631779 675
0.000651539 679
0.000651793 682
0.000652208 703
0.000652566 708
0.00065283 709
0.000653311 723
0.000655112 728
0.000655536 729
0.000655847 730
0.000656149 731
0.000656224 734
0.000656658 742
0.000657129 744
0.000657271 749
0.000658374 776
0.000658694 779
0.000663125 809
0.000664294 812
0.000664756 815
0.00068099 823
0.000681414 829
0.000681829 839
0.000694198 863
0.000694292 871
0.000715617 896
0.000716541 902
0.000717088 904
0.000717729 906
0.000718379 907
0.000718954 909
0.000719058 913
0.000719859 915
0.000731106 923
0.000731474 931
0.000733934 940
0.00073532 943
0.000735405 951
0.000756862 952
0.000761859 956
0.00076232 961
0.000764668 971
0.000765648 973
0.000765752 980
0.000767477 985
0.000770862 993
0.00080991 994
0.000811098 996
0.000817339 998
0.000817716 1001
0.000833281 1007
0.000834044 1011
0.000834233 1012
0.000845527 1013
0.000852334 1015
0.000854247 1016
0.000855152 1019
0.000856378 1026
0.000892598 1029
0.000892947 1031
0.000965472 1034
0.000965953 1035
0.00102548 1037
2 1037
