0 213
0.000372157 229
0.000372449 232
0.000372553 270
0.000430192 288
0.000430522 294
0.000431305 310
0.000445597 313
0.000446342 317
0.000446624 328
0.000447039 331
0.000448444 335
0.000448585 347
0.000454845 350
0.000455128 352
0.000468769 359
0.000469062 362
0.000469429 375
0.000469844 394
0.000486983 404
0.000487662 420
0.000487728 422
0.000511683 430
0.000512324 446
0.000512569 460
0.000518876 464
0.000531547 472
0.000531669 482
0.00053215 483
0.000532216 488
0.000532518 495
0.000533281 500
0.00055783 502
0.000559433 505
0.000559527 506
0.000560272 512
0.000560347 530
0.000560489 564
0.000560791 580
0.000561281 582
0.000562327 587
0.000562817 593
0.00056311 596
0.000563685 610
0.000566673 623
0.000567682 637
0.000567786 647
0.000625595 665
0.000626462 671
0.000626952 672
0.000627763 687
0.000627942 713
0.000628413 720
0.000629639 721
0.000703418 727
0.000705105 736
0.000708499 739
0.000716277 750
0.000716513 755
0.000720397 763
0.000729023 764
0.000729956 779
0.000806695 780
0.000809184 782
0.000813427 784
0.00083511 785
0.000850787 794
0.00087132 795
0.000886121 797
2 797
