0 838
4.24e-07 843
0.000756984 846
0.000769937 849
0.000771945 859
0.000772454 866
0.000773284 868
0.000774047 887
0.000784465 909
0.000784832 929
0.000785096 946
0.000785737 951
0.000786275 957
0.000786878 966
0.000787029 977
0.000787519 985
0.00078883 991
0.000793817 1026
0.000794797 1028
0.00079492 1029
0.000795476 1048
0.000795938 1060
0.000796287 1066
0.000796918 1070
0.000797173 1078
0.000797616 1083
0.000798248 1087
0.000799285 1096
0.000799388 1097
0.000800001 1102
0.000800331 1104
0.00080051 1122
0.000800661 1147
0.000801114 1153
0.000801359 1170
0.000801953 1174
0.000836005 1175
0.000836297 1182
0.000836655 1188
0.000837183 1200
0.000837343 1219
0.000846723 1221
0.000852776 1248
0.000854982 1256
0.000855104 1265
0.000857612 1274
0.000859045 1278
0.000865559 1279
0.000865673 1284
0.000865918 1301
0.000866285 1319
0.000867256 1323
0.000867398 1325
0.000868095 1331
0.000868755 1333
0.000871018 1336
0.000871546 1347
0.000871659 1348
0.000873101 1356
0.000881294 1360
0.000881511 1374
0.000886781 1381
0.00089799 1384
0.000898291 1388
0.000898659 1391
0.000902025 1399
0.000902138 1410
0.000905965 1411
0.000918004 1418
0.000924952 1437
0.000935087 1441
0.0009352 1450
0.00093651 1451
0.000941658 1452
0.000944335 1457
0.000945853 1458
0.000946107 1459
0.0009482 1460
0.000953942 1463
0.000954092 1473
0.000955167 1480
0.000955375 1489
0.000962935 1497
0.000971561 1519
0.000972476 1528
0.000976803 1531
0.000977501 1541
0.000980206 1547
0.000980744 1548
0.000982705 1554
0.000993904 1556
0.000994234 1559
0.000994498 1567
0.000994857 1568
0.000996836 1569
0.00100808 1572
0.00100916 1579
0.00101223 1581
0.00101239 1593
0.00101783 1597
0.00102427 1603
0.00102501 1609
0.00102563 1612
0.00102617 1614
0.00103245 1617
0.00103397 1620
0.00103479 1625
0.00103786 1628
0.00105608 1632
0.00108344 1640
0.00108624 1645
0.00109991 1648
0.00110956 1653
0.00112066 1658
0.00113354 1664
0.00115334 1674
0.00115428 1677
0.00115709 1682
2 1682
