0 -148
3.11e-07 -122
0.000612245 -120
0.000613659 -86
0.000613828 -62
0.00061397 -38
0.00062928 -5
0.000629676 20
0.000629799 45
0.000630572 46
0.000631543 49
0.000631665 54
0.00063291 66
0.000633287 92
0.000633899 111
0.000635794 122
0.000643713 128
0.000644241 142
0.000644496 152
0.000645165 155
0.000645655 185
0.000648003 199
0.000648314 219
0.000649813 253
0.000650982 287
0.000655262 290
0.000655375 294
0.000655856 317
0.00065611 352
0.000657336 365
0.000665481 374
0.000666509 391
0.000667744 409
0.000668508 426
0.000670402 437
0.000670629 451
0.000673523 457
0.00067406 491
0.000674362 510
0.000674946 515
0.00067588 536
0.00067687 564
0.000718869 574
0.000719368 597
0.000720038 604
0.000721311 606
0.000721433 610
0.000730059 614
0.000731464 628
0.000732539 648
0.000733123 676
0.000734801 678
0.000736008 686
0.000736328 692
0.000736536 694
0.000736998 708
0.000737677 714
0.000741702 731
0.000742211 735
0.000744153 745
0.000744276 771
0.000745002 776
0.000746416 781
0.000746821 788
0.000747151 790
0.000748424 795
0.000748801 806
0.00074981 814
0.000749979 824
0.000750404 828
0.000751148 832
0.000752713 851
0.000752808 857
0.000753194 865
0.000754165 867
0.000755117 880
0.000755249 898
0.000755673 899
0.000755919 906
0.000757813 916
0.000759275 925
0.000765393 927
0.000765497 942
0.000765761 953
0.000766138 961
0.000775169 962
0.000777253 978
0.000778742 980
0.000779327 1005
0.000787878 1009
0.000788028 1011
0.000795033 1014
0.000800275 1021
0.000801142 1025
0.000801255 1041
0.00080233 1052
0.000804046 1056
0.000835467 1065
0.000836042 1073
0.000836212 1097
0.000837419 1102
0.000842585 1105
0.000843094 1110
0.000843198 1118
0.000844018 1122
0.000847911 1127
0.000848241 1138
0.000848835 1151
0.000849137 1155
0.000855095 1162
0.000857914 1166
0.000858216 1169
0.000858432 1170
0.000858621 1183
0.000859149 1184
0.000860101 1188
0.000862939 1190
0.000863599 1191
0.000863721 1211
0.000864013 1213
0.000866069 1222
0.000867407 1240
0.000867822 1257
0.000871471 1268
0.000882831 1274
0.000887676 1278
0.000889581 1285
0.000890024 1295
0.00089042 1296
0.00089108 1307
0.000895397 1312
0.000895746 1326
0.000895954 1328
0.000898226 1329
0.000898565 1337
0.000948427 1339
0.000950039 1340
0.000951726 1358
0.00095314 1360
0.000958863 1361
0.000986297 1362
0.000987202 1368
0.000987682 1370
0.000988851 1372
0.000996695 1379
0.000996808 1386
0.00100038 1389
0.00100053 1402
0.0010068 1410
0.00101505 1411
0.00101515 1424
0.00101755 1425
0.00104032 1428
0.00104056 1438
0.00105426 1440
0.00105835 1442
0.00106841 1444
0.00107104 1449
0.00108446 1451
0.00109796 1452
0.00112044 1453
0.00113152 1454
0.00114732 1455
0.00130853 1456
2 1456
