0 -429
4.17e-07 -402
0.000387092 -391
0.00038824 -370
0.000388638 -348
0.000390823 -341
0.000391138 -328
0.000435383 -322
0.000435504 -197
0.000435707 -171
0.000456807 -155
0.000457067 -139
0.000463297 -98
0.00046439 -95
0.000464501 -85
0.00046464 -71
0.000464844 -4
0.000465436 24
0.000466056 56
0.000467029 97
0.000467362 121
0.000467454 124
0.000470176 139
0.000470787 163
0.000470963 183
0.000474241 185
0.000475768 197
0.000475833 231
0.000481194 260
0.000483212 264
0.000483314 285
0.000483731 295
0.000502821 314
0.000503469 321
0.000504553 333
0.000505562 347
0.000506469 348
0.000506738 351
0.000506932 399
0.000507043 448
0.000511913 475
0.000512015 493
0.000512783 503
0.000513515 513
0.000517366 522
0.000517737 535
0.000541382 577
0.000541919 594
0.000551502 610
0.000551659 627
0.000554992 672
0.000556723 686
0.000559223 700
0.000559501 715
0.000559779 742
0.000570111 743
0.000570287 748
0.000581193 751
0.000583517 754
0.000583841 789
0.000584387 820
0.000584702 838
0.000585221 861
0.000585295 869
0.000585637 887
0.000586072 892
0.000592581 908
0.000616792 912
0.000630346 926
0.000630661 933
0.00063079 964
0.000647826 969
0.000648381 975
0.000650918 986
0.000654279 992
0.000658473 994
0.000659399 996
0.000662806 1009
0.000666074 1011
0.000667583 1013
0.000668055 1014
0.000668657 1024
0.000669555 1032
0.000674545 1038
0.000675869 1041
0.000677619 1043
0.000690238 1051
0.000692025 1073
0.00070357 1083
0.000705505 1086
0.000706033 1088
0.000707209 1094
0.000707607 1100
0.00071943 1103
0.00071993 1110
0.000725587 1111
0.000739002 1113
0.00074414 1115
0.000745103 1120
0.000746112 1121
0.00074714 1124
0.000747418 1129
0.000772619 1130
0.000777572 1137
0.000798061 1141
0.000804246 1146
0.000887293 1150
0.000888904 1155
2 1155
