0 -12779
8.72e-07 -12541
1.349e-05 -12318
0.000380118 -12205
0.00038027 -11943
0.000382725 -11826
0.000382886 -11560
0.000384924 -11550
0.000391493 -11343
0.000391948 -11121
0.000392413 -10729
0.000394811 -10671
0.000396053 -10474
0.000396224 -10277
0.000411277 -10246
0.000411419 -10157
0.000412585 -9981
0.000413486 -9729
0.000413818 -9480
0.00041542 -9282
0.000416396 -9082
0.000431715 -8847
0.00043436 -8801
0.000434729 -8593
0.00043618 -8405
0.000454456 -8355
0.000463253 -8323
0.000464324 -8043
0.000465225 -7981
0.000469244 -7968
0.000471102 -7831
0.000474145 -7618
0.000476249 -7507
0.000477321 -7334
0.000480619 -7183
0.000480781 -6895
0.000480961 -6648
0.000482013 -6411
0.000486421 -6301
0.000494734 -6193
0.000497664 -6099
0.000501825 -6060
0.000504489 -5869
0.000510395 -5689
0.000511627 -5516
0.000512148 -5462
0.00051229 -5256
0.00051449 -5215
0.000520225 -5145
0.000521779 -4968
0.000525201 -4829
0.000525334 -4659
0.000526841 -4650
0.000533629 -4514
0.000536454 -4402
0.000544729 -4187
0.000546928 -3974
0.000548635 -3757
0.000549583 -3545
0.00054999 -3483
0.000552322 -3376
0.000555849 -3246
0.000556844 -3034
0.000558038 -2798
0.000558863 -2645
0.000560351 -2435
0.000561385 -2280
0.000563925 -2168
0.000566134 -2029
0.000567186 -1869
0.000567347 -1775
0.000573281 -1685
0.000573717 -1581
0.000581273 -1494
0.000581604 -1410
0.000583083 -1363
0.000583396 -1304
0.00059079 -1224
0.000595084 -1206
0.000595482 -1112
0.000607663 -936
0.000664294 -815
0.000697244 -788
0.000698287 -758
0.000704439 -732
0.000704999 -665
0.000711284 -627
0.000717256 -561
0.00071827 -518
0.000728574 -430
0.00076416 -286
0.000767203 -212
0.000773412 -204
0.000778739 -171
0.000779052 -118
0.000783015 -100
0.00078365 38
0.000784522 51
0.000808837 74
0.00086196 99
0.000872245 137
0.000875809 169
0.000882673 184
0.000884616 185
0.00089127 204
0.00090185 205
0.000906362 209
0.000945626 217
0.000949019 269
0.000949692 288
0.000974187 301
0.000975609 309
0.000986056 312
0.000993895 320
0.00102025 333
0.00102218 355
0.00102993 363
0.00103376 367
0.00103709 381
0.00104409 399
0.00104527 403
0.00105508 422
0.00107749 453
0.00108519 454
0.00110444 459
0.00111933 474
0.00114315 481
0.00124084 499
0.00127466 505
0.00132032 527
0.00139515 538
0.0015369 560
0.0016109 571
2 571
