0 286
8.425e-06 300
8.722e-06 322
8.833e-06 334
0.000447688 346
0.000505951 379
0.000506904 393
0.000507293 411
0.000507386 417
0.000515765 453
0.000516339 475
0.000516598 481
0.00051807 529
0.000518385 535
0.000518607 543
0.000519227 554
0.000519838 585
0.000520144 593
0.000535976 605
0.000537263 618
0.000537448 638
0.000540318 639
0.000541309 647
0.000567065 661
0.000567436 670
0.000567491 712
0.000567862 747
0.00057525 776
0.000575342 798
0.000577074 804
0.00060158 807
0.000601692 824
0.000602284 827
0.00060258 853
0.000602941 855
0.000611422 857
0.000612866 866
0.000612913 878
0.000613477 879
0.000614598 881
0.000614672 904
0.000615524 928
0.000617338 936
0.000617644 937
0.000618718 938
0.000618884 939
0.000626476 950
0.000626856 952
0.000631281 962
0.000631828 977
0.000632318 983
0.000632596 996
0.000643262 997
0.000645382 1012
0.000645687 1028
0.000646752 1042
0.000647345 1050
0.000648104 1052
0.000648622 1062
0.000648706 1071
0.000699441 1080
0.000700913 1083
0.000702811 1084
0.000707839 1087
0.000714431 1090
0.00072043 1098
0.000720939 1108
0.000722513 1111
0.000725328 1116
0.000725392 1117
0.000726466 1122
0.000732864 1137
0.000733345 1138
0.000733549 1144
0.000734771 1152
0.000735641 1176
0.000739215 1188
0.000740595 1215
0.000741113 1216
0.000769268 1218
0.000769712 1236
0.000770657 1247
0.000772221 1258
0.00081655 1262
0.000817559 1268
0.000820402 1274
0.000848436 1295
0.000865499 1296
0.000865897 1297
0.00086674 1298
0.000867869 1299
0.00087572 1303
0.000911948 1305
2 1305
