0 -61620
5.87e-07 -61010
8.05e-07 -60271
1.055e-05 -59508
0.000172214 -59216
0.000172583 -58311
0.000173199 -58298
0.000173408 -57669
0.000174015 -57145
0.000190822 -56775
0.000201249 -56249
0.000201666 -55561
0.000201771 -54682
0.000203041 -53831
0.000203155 -53111
0.000205553 -52328
0.000205686 -51514
0.000206615 -50594
0.000207145 -49834
0.000207686 -49074
0.000208766 -48518
0.000214283 -47592
0.000215175 -47373
0.000215393 -46630
0.000217355 -46095
0.000221023 -45448
0.000221753 -44790
0.000222417 -43984
0.000225062 -43618
0.000226503 -43032
0.000233868 -42295
0.000235811 -41501
0.000237328 -40738
0.000237603 -40081
0.000238731 -39242
0.000238892 -38590
0.000240826 -37995
0.000242883 -37164
0.000243594 -36449
0.00024458 -35688
0.000246419 -34935
0.000246931 -34220
0.000247376 -33503
0.000250268 -32651
0.000251623 -31877
0.000252666 -31084
0.000253405 -30543
0.000255927 -29998
0.000256581 -29439
0.000258695 -28669
0.000259937 -28066
0.000261994 -27353
0.000262818 -27351
0.000264345 -26718
0.000270307 -26175
0.000274763 -25497
0.000279038 -24963
0.000280848 -24441
0.000286261 -23826
0.000295494 -23119
0.000297475 -22462
0.000300177 -22333
0.00030394 -21776
0.000305239 -21185
0.00030649 -20483
0.000308367 -20387
0.000311211 -19902
0.000328179 -19261
0.000328928 -18697
0.000332777 -18234
0.000333317 -17682
0.000333763 -17042
0.000340835 -16409
0.000342541 -15835
0.000355281 -15443
0.000355442 -14828
0.000363282 -14319
0.000364391 -13788
0.000365017 -13415
0.000368117 -12841
0.000385805 -12222
0.000389114 -11654
0.000395114 -11151
0.000400072 -10676
0.000405106 -10137
0.000405598 -9594
0.000415656 -9194
0.000437127 -8675
0.000443194 -8206
0.000460665 -7742
0.000462381 -7309
0.000474154 -6782
0.000489625 -6293
0.000503815 -5975
0.000507645 -5589
0.00051867 -5259
0.000528405 -4944
0.000530623 -4624
0.000545686 -4197
0.000555365 -3884
0.000569262 -3534
0.000579955 -3213
0.000592809 -2776
0.00062503 -2357
0.000627409 -2060
0.00066254 -1796
0.000663933 -1545
0.000671327 -1268
0.000674626 -1081
0.00068458 -847
0.000696116 -599
0.000700363 -379
0.000708639 -263
0.000713492 -139
0.000729749 -81
0.000731408 -51
0.000736262 26
0.000910011 34
0.000914324 50
0.000954318 72
0.000990426 76
0.000998161 77
0.00104268 79
0.00106421 102
0.0010904 117
0.00110872 122
0.00111453 126
0.00113503 142
0.00132506 144
0.00140269 154
2 154
