0 -3229
1.67e-07 -3168
1.0055e-05 -3153
1.3295e-05 -3136
1.4953e-05 -3132
1.5166e-05 -3023
1.5351e-05 -2916
0.000678472 -2853
0.000679583 -2852
0.000681777 -2698
0.000684434 -2664
0.000685897 -2651
0.000686452 -2548
0.000687684 -2493
0.000689128 -2483
0.000689822 -2420
0.000691304 -2393
0.000694396 -2379
0.000698118 -2326
0.00069871 -2257
0.000698831 -2196
0.000699368 -2185
0.000704756 -2173
0.000706395 -2146
0.000706617 -2040
0.000709978 -1959
0.00071057 -1931
0.000711024 -1868
0.000711829 -1771
0.000723513 -1733
0.000724865 -1623
0.000727124 -1578
0.000737114 -1500
0.00073829 -1471
0.000745289 -1412
0.000748067 -1372
0.00075115 -1359
0.000759658 -1293
0.000761797 -1233
0.000762797 -1157
0.000764297 -1125
0.000771842 -1054
0.000772101 -1027
0.000780591 -963
0.000782249 -961
0.000782498 -924
0.000787091 -894
0.00079397 -845
0.000795784 -795
0.000796756 -677
0.000797877 -675
0.000798025 -667
0.000798127 -599
0.000798395 -545
0.000798858 -481
0.000799923 -475
0.000814208 -445
0.000814477 -405
0.000815069 -383
0.000815505 -352
0.000816319 -346
0.000818023 -276
0.000818375 -201
0.000821717 -148
0.000822319 -147
0.000822763 -111
0.000822911 -11
0.000823328 27
0.000823559 101
0.000825337 111
0.000826494 125
0.000828855 132
0.00082929 195
0.000830531 252
0.00083066 281
0.00083316 286
0.000834466 332
0.000839326 357
0.000841261 379
0.0008414 383
0.000843937 389
0.000845576 408
0.000846085 439
0.000847122 448
0.000847788 454
0.000848455 455
0.00084927 543
0.000852501 546
0.000854158 619
0.000855269 638
0.000857889 658
0.000859917 671
0.000860833 694
0.000862352 695
0.000865166 713
0.00086575 725
0.00086725 728
0.000867462 739
0.000867574 745
0.000876934 771
0.000888266 804
0.000888534 808
0.000889303 820
0.000892053 830
0.000892747 842
0.000893793 863
0.0009027 878
0.000903542 883
0.000904459 894
0.00091044 898
0.000910875 908
0.000916967 921
0.000917198 927
0.000920744 960
0.00092204 992
0.000930438 1003
0.00093054 1018
0.000939428 1058
0.000942113 1063
0.000946371 1070
0.000946797 1071
0.00095014 1074
0.000951204 1087
0.000951704 1125
0.000952917 1131
0.000956306 1134
0.000957898 1143
0.000961537 1184
0.000973952 1193
0.000974776 1200
0.00098097 1228
0.000981285 1249
0.000982211 1254
0.000982331 1258
0.000983942 1264
0.000989571 1266
0.000990849 1269
0.00099345 1295
0.00100297 1300
0.00100549 1306
0.00100827 1315
0.0010086 1319
0.00101187 1326
0.00101197 1336
0.00101482 1339
0.00101531 1365
0.00101662 1375
0.00101877 1388
0.00102328 1391
0.00103284 1398
0.00103597 1419
0.00104196 1431
0.00104315 1447
0.0010466 1476
0.00105473 1491
0.00106729 1494
0.00106861 1495
0.00107029 1497
0.00108037 1503
0.00109151 1505
0.0010925 1512
0.00109365 1513
0.00110049 1519
0.00110845 1526
0.00110937 1527
0.00112112 1531
0.00112793 1544
0.00112972 1545
0.00113189 1550
0.00113986 1563
0.00114569 1579
0.00115387 1596
0.00116273 1598
0.00116691 1599
0.00117126 1624
0.00117252 1628
0.00118394 1633
0.00119212 1634
0.00119685 1635
0.0012058 1643
0.00121352 1655
0.00123091 1663
0.00123292 1666
0.0012331 1671
0.00123963 1681
0.00124482 1682
0.00124599 1684
0.00125027 1688
0.0012517 1689
0.0012518 1701
0.0012664 1705
0.00126917 1708
0.00128399 1709
0.00131061 1722
0.00132333 1725
0.00132517 1728
0.0013305 1736
0.00133196 1741
0.00134217 1749
0.00137113 1752
0.00137163 1760
0.00143029 1763
0.00148124 1764
0.0015022 1778
0.00162474 1779
0.00162623 1791
2 1791
