0 -577
2.22e-07 -537
9.268e-06 -532
0.000414543 -521
0.000418941 -520
0.000430597 -440
0.000464946 -359
0.000467186 -310
0.000467288 -262
0.000470936 -225
0.000471871 -201
0.000472325 -173
0.000472982 -104
0.00047325 -98
0.000477333 -31
0.000480046 -12
0.000480963 8
0.000484379 44
0.000484907 61
0.000485157 84
0.000492637 94
0.00049273 142
0.000492915 182
0.000503988 186
0.000504053 230
0.000507895 263
0.000508997 264
0.000510737 274
0.000511117 285
0.00051133 314
0.000524005 319
0.000526236 336
0.000527569 347
0.000528014 369
0.000528273 372
0.000531097 383
0.000532087 397
0.000541512 445
0.000542244 479
0.000543318 494
0.000543494 497
0.000543558 559
0.000550243 583
0.000550391 600
0.000553437 617
0.00055353 633
0.000553955 641
0.000554122 664
0.000554965 671
0.000555363 678
0.000556344 684
0.000556687 687
0.000558844 688
0.000558936 708
0.000561334 716
0.000561464 729
0.000588554 732
0.000588832 735
0.00058935 737
0.000590332 762
0.000590424 769
0.00059123 770
0.000621653 790
0.000622069 792
0.000622995 814
0.000625486 849
0.000626078 857
0.000626245 864
0.00064041 888
0.000640503 894
0.000642715 896
0.000643567 915
0.000643752 937
0.000644465 940
0.000646576 953
0.000646678 976
0.000648326 980
0.000648391 981
0.000648539 986
0.000650039 996
0.000650307 1015
0.000652622 1024
0.000654131 1032
0.000654196 1035
0.000657334 1039
0.000657806 1043
0.000721115 1052
0.000724559 1061
0.000726522 1077
0.000727513 1085
0.00072854 1091
0.000728818 1095
0.000729466 1105
0.000736169 1109
0.000736253 1118
0.000748631 1129
0.000757926 1131
0.000759972 1133
0.000760046 1149
0.000761889 1151
0.000769036 1159
2 1159
