0 -42009
5.4e-08 -41590
1.2169e-05 -41237
2.8252e-05 -40887
4.6612e-05 -40547
7.1777e-05 -40207
9.4619e-05 -39867
0.000124185 -39528
0.000165073 -39193
0.000194963 -38859
0.000215312 -38530
0.000233393 -38202
0.000251682 -37874
0.000269565 -37549
0.000286882 -37225
0.000305224 -36903
0.000323449 -36584
0.000340568 -36270
0.00036143 -35957
0.000379808 -35644
0.000397449 -35333
0.000415341 -35022
0.000433441 -34712
0.000452026 -34402
0.000470647 -34096
0.000489737 -33790
0.000508196 -33484
0.000526737 -33178
0.000545799 -32878
0.000564582 -32578
0.000583132 -32279
0.000601528 -31981
0.000619889 -31684
0.000638582 -31389
0.000657293 -31095
0.000674511 -30803
0.000693114 -30512
0.000711348 -30221
0.000729727 -29932
0.000747763 -29643
0.000767015 -29356
0.000786365 -29073
0.000806309 -28792
0.000825534 -28511
0.000843138 -28231
0.000861589 -27951
0.000880885 -27672
0.000899938 -27393
0.000918065 -27118
0.000935867 -26844
0.000954444 -26570
0.000972408 -26296
0.00099156 -26023
0.00101127 -25750
0.00102917 -25479
0.0010486 -25211
0.00106813 -24944
0.00108757 -24678
0.00110926 -24417
0.00112766 -24157
0.0011453 -23897
0.00116428 -23638
0.00118337 -23379
0.00120153 -23120
0.00122004 -22861
0.00123855 -22603
0.0012576 -22345
0.00127852 -22091
0.00130032 -21837
0.00132059 -21584
0.00133953 -21335
0.00135961 -21086
0.0013794 -20838
0.00139948 -20590
0.00141982 -20345
0.0014413 -20101
0.00146322 -19859
0.00148176 -19619
0.00150246 -19379
0.00152287 -19140
0.00154413 -18902
0.00156389 -18664
0.00158335 -18429
0.00160531 -18195
0.00162446 -17962
0.00164588 -17730
0.00166682 -17498
0.0016861 -17269
0.00170589 -17040
0.00172509 -16812
0.00174471 -16585
0.0017668 -16359
0.00178899 -16134
0.00181051 -15909
0.00183046 -15685
0.00185012 -15461
0.00187241 -15238
0.00189543 -15015
0.00191733 -14794
0.00194858 -14576
0.00197399 -14358
0.00199631 -14141
0.00201965 -13924
0.00204173 -13712
0.00206287 -13502
0.0020866 -13294
0.00210914 -13086
0.00213195 -12880
0.00215537 -12675
0.00217788 -12470
0.0021987 -12266
0.00222026 -12063
0.00224425 -11861
0.00226978 -11662
0.00229083 -11464
0.00231341 -11266
0.00233751 -11072
0.00236118 -10878
0.00238328 -10688
0.00240719 -10502
0.00243081 -10317
0.00245732 -10133
0.00248548 -9952
0.0025089 -9771
0.00253225 -9591
0.00256097 -9412
0.00258665 -9233
0.0026093 -9055
0.00263187 -8877
0.0026603 -8702
0.0026865 -8527
0.00270953 -8352
0.00273788 -8177
0.0027608 -8008
0.0027846 -7839
0.00281122 -7672
0.00283705 -7507
0.00286498 -7342
0.00289275 -7178
0.00292197 -7016
0.00296921 -6857
0.00300429 -6699
0.00303365 -6544
0.00305959 -6391
0.00309367 -6238
0.00312286 -6086
0.00315045 -5934
0.00317729 -5785
0.00320636 -5637
0.0032384 -5492
0.00327028 -5348
0.00330258 -5205
0.00333309 -5064
0.00336638 -4923
0.00340217 -4783
0.00343553 -4644
0.00346709 -4506
0.00350178 -4373
0.00357357 -4242
0.00363042 -4113
0.00367993 -3987
0.00372142 -3865
0.00376202 -3743
0.00380491 -3621
0.00384209 -3500
0.00387604 -3383
0.00391623 -3268
0.00395159 -3157
0.00399609 -3046
0.00403586 -2938
0.00407351 -2831
0.00411228 -2724
0.00415419 -2618
0.00419908 -2515
0.00424032 -2413
0.00427948 -2312
0.00432468 -2212
0.00436768 -2115
0.00441462 -2019
0.00446557 -1923
0.00452701 -1831
0.0045795 -1745
0.00463446 -1659
0.00468978 -1574
0.00474274 -1489
0.00479698 -1406
0.00484679 -1328
0.00489622 -1250
0.0049459 -1174
0.00499951 -1098
0.00505528 -1029
0.00510632 -960
0.00516237 -892
0.00522085 -824
0.00527472 -758
0.00534481 -695
0.00540605 -635
0.00546241 -575
0.00551632 -518
0.0055713 -462
0.00562793 -406
0.00568866 -353
0.00574861 -310
0.00580344 -268
0.00585741 -227
0.00590665 -187
0.00595499 -151
0.00600027 -117
0.00604465 -83
0.00608879 -49
0.0061318 -17
0.00617158 14
0.00621338 39
0.00625429 63
0.00629508 92
0.00633373 116
0.00637424 139
0.00641411 157
0.00645101 176
0.00648704 200
0.00652128 219
0.00655688 240
0.00659151 257
0.00663006 274
0.00666479 289
0.00669919 304
0.00673665 317
0.00677687 330
0.00681618 343
0.0068581 353
0.0068902 364
0.00693028 372
0.00697661 385
0.0070184 397
0.00705697 408
0.00709282 421
0.00715062 428
0.00721108 443
0.00725897 450
0.00730709 462
0.00734741 470
0.0073892 477
0.00742635 482
0.00746431 489
0.00750347 495
0.00754149 500
0.0075809 504
0.00762082 514
0.00766345 517
0.00770417 523
0.00778179 527
0.00781964 531
0.00786182 535
0.00790285 539
0.00794363 547
0.0079865 552
0.00802702 560
0.00807187 568
0.00810819 571
0.00814797 575
0.00818571 576
0.00822446 581
0.00826484 586
0.00830268 590
0.00833955 595
0.00838252 598
0.00842544 599
0.00846961 602
0.00851125 605
0.00855307 614
0.00863 618
0.00891251 621
0.00895988 623
0.00899805 624
0.00910536 625
0.00914125 632
0.0091825 640
0.0092192 644
0.00925786 650
0.00933115 651
0.00944134 653
0.00947838 655
0.00959345 660
0.00963294 663
0.00967277 665
0.0097128 670
0.00975521 677
0.00979495 682
0.00983404 684
0.00987317 687
0.00990677 691
0.00998748 693
0.0100257 695
0.0100658 698
0.0101041 706
0.0101398 711
0.0103372 714
0.0103774 715
0.0104607 716
0.0105802 717
0.010617 718
0.0106864 720
0.0107329 722
0.0107972 726
0.0108552 727
0.0109009 730
0.0112697 731
0.0113112 734
0.0113514 739
0.0113884 740
0.0114289 741
0.0115846 742
0.011622 747
0.011663 748
0.0118082 749
0.0123042 750
0.0123842 752
0.0218401 755
0.0284911 756
0.0286184 759
2 759
