0 -18096
6.1e-08 -17782
4.0919e-05 -17493
7.6791e-05 -17204
0.000132547 -16920
0.000182871 -16653
0.000263364 -16389
0.000326886 -16131
0.000373196 -15876
0.000411536 -15628
0.000447823 -15384
0.000482401 -15148
0.000511082 -14912
0.000543132 -14678
0.000572926 -14444
0.000604267 -14222
0.000631604 -14000
0.000662925 -13781
0.000687622 -13566
0.000717649 -13354
0.000749719 -13144
0.000782041 -12935
0.000813322 -12727
0.000842044 -12520
0.000869876 -12316
0.000901885 -12116
0.000932853 -11920
0.000961514 -11725
0.000989164 -11531
0.00101434 -11337
0.00103911 -11143
0.0010688 -10950
0.00109345 -10761
0.0011206 -10574
0.0011507 -10388
0.00118256 -10204
0.00121181 -10023
0.00123716 -9844
0.0012644 -9666
0.00129443 -9493
0.00132125 -9321
0.00134998 -9149
0.00137509 -8979
0.00144234 -8812
0.00153637 -8646
0.00160433 -8482
0.00165626 -8320
0.0016974 -8160
0.00173009 -8002
0.00176353 -7847
0.00179456 -7692
0.00182229 -7541
0.00184984 -7393
0.00187725 -7249
0.00190485 -7105
0.00193188 -6962
0.00195862 -6819
0.00198507 -6680
0.00201113 -6541
0.0020346 -6404
0.00206134 -6269
0.00208528 -6136
0.00210888 -6006
0.00213688 -5877
0.00216072 -5749
0.00219118 -5622
0.00221836 -5500
0.0022441 -5379
0.00227106 -5259
0.00229505 -5140
0.00232071 -5022
0.00234398 -4904
0.00236848 -4788
0.00239477 -4672
0.0024206 -4559
0.00244306 -4449
0.00246863 -4340
0.00249271 -4233
0.00251643 -4126
0.00253996 -4019
0.00256654 -3915
0.00259476 -3811
0.002621 -3709
0.0026483 -3610
0.00267372 -3511
0.0026984 -3414
0.00272557 -3319
0.00275132 -3224
0.00277348 -3129
0.00279821 -3037
0.0028253 -2946
0.00284615 -2856
0.00286631 -2766
0.00288943 -2676
0.00291135 -2587
0.0029338 -2500
0.00296014 -2414
0.0029825 -2332
0.00300382 -2250
0.0030251 -2169
0.00304773 -2092
0.00307202 -2016
0.00309641 -1941
0.00311866 -1867
0.00314162 -1795
0.00316578 -1723
0.00318764 -1652
0.00320978 -1583
0.00323465 -1515
0.0032571 -1448
0.00327693 -1381
0.00329962 -1316
0.0033232 -1252
0.00334562 -1188
0.00336741 -1124
0.00339044 -1064
0.00341403 -1007
0.00343416 -951
0.00345441 -895
0.00347836 -839
0.00349818 -784
0.00354072 -730
0.00359545 -676
0.0036309 -623
0.00365704 -572
0.00367868 -521
0.00370125 -471
0.00372013 -421
0.00374154 -372
0.00377087 -323
0.00379241 -277
0.00381203 -231
0.00383202 -185
0.00385367 -139
0.00387486 -94
0.00389941 -52
0.00393172 -10
0.00396561 29
0.00399591 67
0.00401671 105
0.00403646 140
0.00405773 174
0.00408409 208
0.00410642 240
0.00412866 272
0.00415082 302
0.00417313 332
0.00419286 361
0.00421346 390
0.00423641 419
0.00426393 447
0.0042876 473
0.00431033 498
0.00433022 523
0.00435134 548
0.00437163 570
0.00439209 591
0.00441362 612
0.00443486 632
0.00445657 656
0.00447675 675
0.00449443 694
0.00451647 713
0.00453548 731
0.00455402 749
0.00457263 770
0.00459292 790
0.00462383 808
0.00466271 826
0.00469398 845
0.00471357 868
0.00473305 885
0.00475231 902
0.00477249 919
0.0047916 940
0.00482577 963
0.0048574 985
0.00488042 1002
0.00490051 1018
0.00492102 1034
0.00494226 1050
0.00496336 1073
0.00498356 1089
0.00500491 1104
0.00502548 1119
0.00504473 1137
0.00506559 1151
0.00508579 1165
0.00510551 1178
0.00512486 1200
0.00514412 1222
0.00516311 1234
0.00518293 1245
0.00520497 1256
0.00522725 1271
0.00524501 1286
0.00526679 1297
0.00528606 1308
0.00530792 1327
0.00532921 1344
0.00535157 1357
0.00537257 1372
0.0053928 1383
0.00544484 1403
0.00546728 1423
0.00548993 1436
0.00551183 1447
0.00553308 1464
0.00558605 1474
0.00562917 1485
0.00565831 1499
0.00568151 1509
0.0057026 1519
0.00572333 1535
0.00574484 1545
0.00576444 1562
0.00578538 1574
0.00580717 1598
0.0058331 1610
0.0058573 1623
0.00587976 1645
0.00589952 1656
0.00592111 1674
0.00594154 1685
0.00596309 1701
0.00598286 1713
0.00600823 1725
0.00605004 1737
0.00606324 1747
0.00607528 1756
0.00609733 1765
0.00611709 1774
0.00614244 1782
0.00615467 1787
0.00616702 1791
0.00617908 1806
0.00619704 1810
0.00620285 1813
0.00621414 1830
0.00623577 1833
0.00624419 1835
0.00625912 1842
0.00627986 1844
0.00628706 1849
0.0062962 1850
0.00630385 1853
0.00631301 1854
0.00631674 1855
0.00632441 1856
0.0063375 1865
0.00636167 1869
0.00636979 1876
0.00638907 1882
0.00639799 1886
0.00640681 1893
0.00641365 1898
0.00642657 1899
0.00647393 1900
0.0064823 1901
0.00648889 1903
0.00650265 1904
0.00651 1905
0.00660735 1906
0.00663082 1907
0.00663695 1910
0.00664806 1911
0.0066516 1913
0.00666861 1915
0.0066772 1916
0.00669301 1917
0.00669643 1919
0.0070739 1921
0.0070832 1924
0.0071054 1925
0.00711377 1927
0.0072781 1928
0.00729441 1929
2 1929
