0 -19682
6.3e-08 -19320
7.741e-06 -18996
1.3573e-05 -18697
1.7803e-05 -18402
2.5381e-05 -18111
3.952e-05 -17827
5.0618e-05 -17545
5.861e-05 -17264
6.7808e-05 -16983
7.7051e-05 -16704
8.7032e-05 -16430
9.4772e-05 -16157
0.00010263 -15890
0.000110307 -15624
0.00011775 -15366
0.000125868 -15110
0.00013449 -14855
0.000142941 -14604
0.000150565 -14353
0.000158998 -14106
0.000167269 -13861
0.000176161 -13616
0.000185071 -13371
0.00020777 -13129
0.000223592 -12890
0.000232853 -12652
0.000242151 -12415
0.000251142 -12180
0.000259242 -11946
0.000267531 -11716
0.000275631 -11487
0.000283974 -11264
0.000293362 -11043
0.000302956 -10822
0.000311065 -10603
0.000320695 -10385
0.000330082 -10172
0.000338579 -9961
0.000347723 -9752
0.000356687 -9543
0.000365048 -9336
0.000374093 -9135
0.000383364 -8935
0.000399357 -8739
0.000409374 -8543
0.000419013 -8354
0.000428256 -8169
0.000436942 -7984
0.000447832 -7802
0.000458362 -7621
0.000467245 -7440
0.000477623 -7261
0.000487082 -7084
0.000499745 -6910
0.000509078 -6737
0.000518528 -6564
0.000527934 -6394
0.000538851 -6225
0.000549426 -6057
0.000560991 -5889
0.000571134 -5729
0.000580396 -5570
0.000590377 -5412
0.00060151 -5256
0.00061123 -5101
0.000635531 -4948
0.000646979 -4798
0.000657392 -4649
0.0006675 -4503
0.000676923 -4357
0.000689118 -4214
0.000699738 -4076
0.000710736 -3941
0.000722266 -3807
0.000737341 -3680
0.000750103 -3553
0.000762965 -3426
0.000774683 -3301
0.000787139 -3178
0.000797849 -3058
0.000809955 -2939
0.000821898 -2821
0.000836838 -2708
0.000848565 -2597
0.000860518 -2487
0.000871525 -2378
0.000883693 -2270
0.000896554 -2163
0.000910973 -2057
0.000924572 -1954
0.000939854 -1854
0.000953526 -1754
0.000967854 -1657
0.000984585 -1566
0.000998824 -1477
0.00101281 -1391
0.00105068 -1307
0.00106672 -1227
0.00108181 -1148
0.00109496 -1072
0.00111097 -997
0.00112678 -925
0.00114492 -855
0.0011594 -786
0.00117458 -720
0.00119366 -658
0.00121208 -597
0.00122665 -536
0.00124292 -477
0.0012635 -419
0.00127849 -363
0.00129491 -312
0.00130936 -263
0.00132584 -215
0.00134284 -170
0.00135987 -130
0.00137631 -94
0.00138932 -59
0.00140461 -28
0.00142074 1
0.00143513 30
0.00144986 58
0.00146323 85
0.00147654 110
0.00148932 134
0.00150174 155
0.00151256 175
0.00152525 191
0.00153906 206
0.00155195 221
0.00156474 237
0.00157774 248
0.0015905 260
0.00160328 279
0.00161499 296
0.00162868 308
0.00164262 323
0.00165626 338
0.0016694 349
0.00168149 367
0.00169366 378
0.00170788 397
0.00172203 408
0.00173481 424
0.00174893 437
0.00176364 452
0.00177742 462
0.00179097 475
0.00180288 485
0.0018168 500
0.0018303 507
0.00184307 523
0.00185594 535
0.00186937 550
0.00188278 561
0.00189522 568
0.0019093 577
0.0019223 584
0.00193557 590
0.00194896 604
0.00196193 613
0.00197488 618
0.00198758 622
0.00201635 624
0.00203949 631
0.00205476 633
0.00206846 641
0.00208207 645
0.00211183 662
0.00216949 667
0.00218401 669
0.00219728 670
0.00222199 671
0.00235368 672
0.00236715 675
0.00237938 677
0.0023922 679
0.00240814 680
0.00242193 684
0.00243478 688
0.00244938 689
0.00248581 690
0.00251303 691
0.00271396 692
0.0027265 696
0.00274044 697
0.00313604 701
0.00314949 705
0.00316399 708
0.00317554 710
0.00319033 711
0.00321751 720
0.00323103 721
0.003408 723
0.00342122 725
0.00371543 728
0.00374265 739
0.0037682 741
0.00379353 744
0.00380803 749
0.00383423 750
0.00452712 756
0.00601921 760
0.00713158 762
0.00721072 765
0.00756871 773
0.00758163 776
0.00760784 778
0.0126916 781
0.0127039 784
0.0127164 786
0.0148032 789
0.0162098 790
2 790
