0 -25059
7.1e-08 -24694
5.3834e-05 -24339
9.4298e-05 -24018
0.000159944 -23709
0.00024426 -23405
0.000346082 -23109
0.000457613 -22821
0.000571379 -22539
0.000683739 -22261
0.00081759 -21987
0.00093441 -21715
0.00108135 -21443
0.00120968 -21173
0.00132875 -20904
0.00143976 -20643
0.00154079 -20383
0.00163417 -20127
0.00172251 -19874
0.00180259 -19623
0.00187509 -19372
0.00194514 -19129
0.00208699 -18893
0.0021977 -18657
0.00230494 -18423
0.00241079 -18190
0.00250778 -17957
0.00259793 -17727
0.00268423 -17497
0.00276355 -17270
0.00287513 -17047
0.0030021 -16825
0.00309172 -16605
0.00317398 -16386
0.00325039 -16167
0.00332021 -15953
0.00338926 -15741
0.00345691 -15531
0.00351761 -15326
0.00357435 -15122
0.00362469 -14923
0.00367539 -14725
0.0037305 -14528
0.00378462 -14338
0.00383911 -14150
0.00389476 -13962
0.00394827 -13775
0.00403121 -13588
0.00413806 -13401
0.00423696 -13216
0.00432989 -13035
0.00441625 -12856
0.00449143 -12679
0.00456236 -12506
0.00462328 -12333
0.00467908 -12163
0.00473285 -11994
0.00478213 -11827
0.00482776 -11660
0.00487144 -11493
0.00491783 -11328
0.0049649 -11163
0.00502292 -10998
0.0050675 -10835
0.00510854 -10672
0.00515193 -10511
0.0051938 -10354
0.0052412 -10198
0.00528861 -10044
0.00533491 -9890
0.00538041 -9737
0.0054284 -9586
0.00547424 -9436
0.00551603 -9287
0.005564 -9140
0.00560974 -8994
0.00565454 -8848
0.0057023 -8702
0.00574402 -8557
0.00578971 -8414
0.00582837 -8272
0.00586636 -8130
0.005904 -7988
0.00594515 -7848
0.0059881 -7709
0.00604922 -7572
0.00609975 -7437
0.00614773 -7306
0.00619314 -7176
0.00623868 -7047
0.00628228 -6919
0.00632625 -6793
0.0063694 -6668
0.00641139 -6545
0.0064469 -6423
0.00649224 -6302
0.00652831 -6181
0.00656382 -6061
0.00660029 -5943
0.00663829 -5826
0.00668185 -5709
0.00672194 -5593
0.00676238 -5480
0.00680358 -5369
0.00685175 -5259
0.00689143 -5151
0.00692859 -5044
0.00696175 -4937
0.00699849 -4831
0.00705585 -4725
0.00709671 -4622
0.00713275 -4523
0.0071722 -4425
0.00720874 -4328
0.00724421 -4232
0.00728055 -4137
0.0073162 -4043
0.0073506 -3950
0.0073829 -3857
0.00741882 -3767
0.00745765 -3677
0.00749569 -3589
0.00753575 -3504
0.00757169 -3420
0.00760863 -3336
0.00764698 -3253
0.00767945 -3172
0.00771402 -3091
0.00775143 -3011
0.00779 -2931
0.00782738 -2852
0.00786493 -2776
0.00790529 -2700
0.00794517 -2625
0.00798513 -2552
0.0080235 -2480
0.00812613 -2411
0.00821164 -2343
0.00828181 -2275
0.00833964 -2209
0.0083834 -2145
0.0084213 -2081
0.00845732 -2017
0.00849746 -1953
0.00853566 -1890
0.00861232 -1828
0.00868937 -1766
0.00875263 -1705
0.00880679 -1645
0.00885236 -1585
0.00889151 -1525
0.00892604 -1465
0.00895644 -1406
0.00899092 -1347
0.00902626 -1290
0.00907582 -1234
0.00911617 -1180
0.00915026 -1127
0.00918517 -1075
0.00922113 -1023
0.00925283 -972
0.00930916 -923
0.00934723 -874
0.00938318 -825
0.00941617 -778
0.00944884 -731
0.00947879 -685
0.0095088 -639
0.00954295 -594
0.00957563 -550
0.00961199 -506
0.0096474 -464
0.00968111 -422
0.00971175 -381
0.00974412 -342
0.00977879 -304
0.00981136 -266
0.00984574 -228
0.00988185 -191
0.00992065 -155
0.00995613 -120
0.00998983 -85
0.0100219 -51
0.0100721 -17
0.0101101 16
0.0101439 50
0.0101785 83
0.0102174 115
0.0102511 147
0.0102832 177
0.0103178 207
0.0103535 235
0.0103879 263
0.0104235 290
0.0104585 317
0.0104928 344
0.0105248 370
0.0105573 395
0.010588 425
0.0106208 449
0.010658 472
0.010693 495
0.0107246 518
0.0107541 539
0.0107847 559
0.0108171 579
0.0110355 598
0.0111617 620
0.0112534 640
0.0113218 662
0.0114376 684
0.0115127 703
0.0115725 722
0.0116346 748
0.0116979 767
0.0117579 786
0.0118226 805
0.0119106 823
0.0119809 845
0.0120247 865
0.0120634 886
0.0121472 907
0.012198 927
0.0122405 945
0.0122796 963
0.0123215 981
0.0123649 999
0.0124097 1019
0.012454 1037
0.0124949 1060
0.0125358 1081
0.0125777 1098
0.0126216 1117
0.012666 1140
0.0127081 1159
0.0127514 1180
0.0127918 1198
0.0128332 1217
0.0128771 1235
0.01292 1252
0.0129641 1268
0.0129949 1286
0.0130267 1310
0.0130599 1325
0.0130925 1347
0.0131244 1366
0.0131557 1384
0.0131865 1399
0.0132197 1420
0.0132546 1438
0.0132857 1453
0.013319 1467
0.0133513 1485
0.0133846 1501
0.0134127 1515
0.0134441 1529
0.0134767 1543
0.013517 1560
0.0135515 1573
0.013582 1596
0.0136159 1616
0.0136494 1629
0.0136816 1644
0.0137134 1657
0.0137445 1670
0.0137769 1682
0.0138117 1697
0.0138474 1709
0.0138843 1721
0.0139583 1732
0.014024 1744
0.0140773 1761
0.0141256 1776
0.0141678 1792
0.0142072 1805
0.014244 1817
0.0142767 1829
0.0143114 1841
0.0143464 1859
0.0143825 1869
0.0144197 1886
0.0144574 1897
0.014492 1907
0.0145595 1920
0.0145798 1930
0.01461 1939
0.0146232 1948
0.0146371 1955
0.014674 1966
0.014718 1973
0.0147298 1980
0.0147474 1989
0.0147744 1995
0.0147864 2001
0.0148003 2008
0.014841 2014
0.0148473 2020
0.01486 2024
0.0148714 2028
0.0148832 2034
0.0149046 2038
0.0149125 2045
0.0149285 2048
0.0149334 2051
0.0149441 2057
0.0149608 2060
0.014967 2063
0.0149804 2066
0.0149858 2068
0.0149951 2070
0.0150047 2076
0.0150123 2081
0.0150332 2089
0.0150379 2091
0.0150475 2095
0.0150733 2097
0.0150914 2101
0.015096 2103
0.0151044 2105
0.0151172 2107
0.0151238 2108
0.0151356 2109
0.0151447 2110
0.0151583 2116
0.0151803 2117
0.0152001 2127
0.0152665 2128
0.0152784 2129
0.0152919 2132
0.0155643 2134
0.0155837 2137
0.015588 2138
0.0155942 2140
0.0156536 2141
0.0156571 2142
0.0161528 2143
0.0161622 2144
0.0165374 2145
0.0177064 2146
0.0177109 2148
0.0177143 2149
0.0177187 2152
0.0177282 2153
0.0191055 2155
2 2155
