0 -26803
4.1e-08 -26440
5.5391e-05 -26083
0.000144379 -25750
0.000272385 -25423
0.000382389 -25102
0.000519942 -24792
0.000648483 -24484
0.000791447 -24180
0.000923083 -23880
0.00104509 -23583
0.00115875 -23286
0.001272 -23004
0.0013763 -22722
0.0014737 -22440
0.00156879 -22160
0.00171361 -21884
0.0018392 -21613
0.00195813 -21344
0.00207134 -21082
0.00217858 -20820
0.00228083 -20560
0.00237103 -20308
0.00245572 -20056
0.00253465 -19806
0.0026071 -19558
0.00267413 -19312
0.00276895 -19067
0.00289421 -18824
0.00300685 -18581
0.00312011 -18339
0.00325165 -18102
0.00334714 -17870
0.00343302 -17641
0.00351052 -17412
0.00358222 -17185
0.00364842 -16959
0.00370736 -16744
0.00376541 -16530
0.00384704 -16319
0.00391764 -16111
0.00398551 -15906
0.00406749 -15702
0.00413244 -15499
0.00419033 -15297
0.00425905 -15095
0.00432477 -14894
0.00438348 -14697
0.00443641 -14501
0.00450346 -14307
0.00461147 -14113
0.00471243 -13922
0.00480863 -13731
0.00490006 -13542
0.00498327 -13356
0.00505876 -13171
0.00512793 -12986
0.00518893 -12807
0.00524671 -12629
0.00530223 -12452
0.00535538 -12276
0.00540837 -12101
0.00546361 -11927
0.00551719 -11755
0.0055704 -11584
0.00562274 -11414
0.00567406 -11249
0.0057207 -11084
0.00575881 -10919
0.0057987 -10755
0.00583931 -10592
0.00588109 -10431
0.00592653 -10271
0.00596705 -10114
0.00601104 -9957
0.00605491 -9801
0.00609915 -9646
0.0061409 -9492
0.00618317 -9341
0.00622169 -9190
0.0062605 -9041
0.00630225 -8893
0.00634004 -8746
0.00638385 -8600
0.00642507 -8455
0.00646433 -8311
0.00652573 -8167
0.00662971 -8027
0.00672569 -7887
0.00683304 -7751
0.00694025 -7617
0.0070312 -7485
0.00710407 -7354
0.00716497 -7223
0.00721383 -7092
0.00726226 -6961
0.00729887 -6831
0.00733593 -6706
0.00737696 -6582
0.00741635 -6458
0.00745049 -6337
0.00748771 -6216
0.00752226 -6096
0.00756049 -5979
0.00760292 -5862
0.00764378 -5747
0.00768004 -5633
0.00771877 -5520
0.00775714 -5409
0.00779374 -5298
0.00783207 -5188
0.00787054 -5081
0.00790854 -4975
0.007945 -4869
0.00798369 -4766
0.00802095 -4665
0.00805567 -4564
0.00809041 -4465
0.00812753 -4366
0.00816583 -4268
0.00820618 -4170
0.00824386 -4074
0.00828504 -3979
0.00832455 -3884
0.00836198 -3790
0.0083981 -3696
0.00843707 -3603
0.00847468 -3510
0.0085151 -3420
0.00860083 -3332
0.00868942 -3244
0.008762 -3157
0.00882545 -3073
0.00887653 -2990
0.00891357 -2908
0.00894382 -2826
0.00899645 -2746
0.00905587 -2666
0.00910593 -2587
0.00916289 -2509
0.00920916 -2431
0.00924828 -2356
0.00928952 -2283
0.00932627 -2210
0.0093608 -2139
0.00939584 -2068
0.00942883 -1999
0.00946421 -1932
0.00949546 -1865
0.00953459 -1798
0.00957184 -1731
0.009603 -1664
0.00963802 -1600
0.00967383 -1536
0.00970828 -1472
0.00974089 -1410
0.00977482 -1349
0.00980863 -1289
0.00984402 -1231
0.00988114 -1174
0.00991276 -1117
0.00994919 -1060
0.00998441 -1004
0.0100204 -949
0.0100545 -896
0.0100889 -844
0.0101235 -792
0.0101567 -741
0.0101896 -692
0.0102229 -643
0.0102587 -594
0.0102935 -546
0.0103871 -498
0.0104572 -452
0.0105158 -406
0.0105676 -362
0.0106101 -318
0.0106567 -276
0.0106946 -234
0.0107271 -193
0.010762 -152
0.0107968 -112
0.0108792 -74
0.0109558 -37
0.0110134 -1
0.0110615 35
0.011104 71
0.0111474 106
0.0111837 141
0.0112206 175
0.0112532 207
0.011288 239
0.0113237 269
0.011357 299
0.011391 328
0.0114214 357
0.0114534 385
0.0114863 413
0.0115212 440
0.0115587 467
0.0115896 495
0.0116215 522
0.0116584 549
0.0116938 576
0.0117272 603
0.011759 629
0.0117925 655
0.0118284 681
0.0118636 705
0.0118997 729
0.0119336 752
0.0119655 774
0.0119974 798
0.0120313 820
0.0120629 843
0.0120953 866
0.0121327 887
0.0121682 907
0.0122016 927
0.0122358 946
0.0122707 964
0.0123054 987
0.0123644 1009
0.012435 1027
0.0124921 1044
0.0125407 1062
0.0125831 1081
0.0126213 1097
0.012657 1112
0.0126928 1139
0.0127266 1158
0.0127622 1172
0.0127997 1186
0.0128371 1200
0.0128729 1214
0.0129083 1239
0.0129433 1253
0.0129741 1266
0.013004 1279
0.0130353 1294
0.0130682 1306
0.013102 1318
0.0131336 1329
0.013166 1340
0.0131991 1357
0.0132343 1372
0.0132672 1388
0.0133017 1399
0.0133409 1410
0.0133769 1422
0.0134139 1439
0.0134503 1450
0.0134838 1464
0.013512 1481
0.0135442 1493
0.0135772 1510
0.0136125 1521
0.013659 1539
0.0136966 1554
0.0137303 1567
0.0137624 1580
0.0137939 1590
0.0138259 1603
0.0138592 1618
0.0138931 1630
0.0139271 1641
0.0139621 1652
0.0139938 1668
0.014026 1681
0.0140583 1692
0.0140916 1704
0.0141258 1715
0.0141557 1725
0.0141897 1736
0.0142282 1747
0.0142628 1757
0.0142998 1773
0.0143342 1786
0.0143972 1797
0.0144656 1806
0.0145208 1815
0.0145665 1824
0.0146069 1832
0.0146433 1846
0.0146798 1858
0.0147158 1870
0.014751 1880
0.0147856 1891
0.0148275 1901
0.0148606 1921
0.0148991 1933
0.0149531 1949
0.0149963 1960
0.0150334 1970
0.01507 1980
0.0151081 1991
0.0151452 2001
0.0152067 2012
0.0152323 2020
0.0152769 2030
0.0153312 2038
0.0153479 2046
0.0153651 2056
0.0153971 2062
0.0154062 2067
0.0154251 2074
0.0154507 2079
0.0154578 2084
0.0154693 2088
0.0154934 2092
0.0155106 2095
0.0155275 2098
0.0155366 2101
0.0155481 2104
0.0155623 2107
0.0155829 2108
0.0155925 2118
0.0156348 2126
0.0158203 2128
0.0158299 2130
0.0158361 2131
0.0158488 2133
0.0159107 2139
0.0160164 2142
0.0160468 2144
0.0160755 2147
0.0161007 2148
0.0161347 2149
0.0161586 2150
0.0165555 2151
0.0165931 2152
0.0169837 2153
0.0171964 2154
0.0175512 2155
0.0180707 2162
0.0181287 2165
0.0181593 2166
0.0181813 2171
0.0184798 2172
0.0184958 2178
0.0185062 2181
0.0185224 2182
0.0187789 2186
0.0188399 2190
0.0188478 2194
0.0188631 2198
0.0200557 2201
0.0200731 2202
0.0200838 2203
0.0200873 2207
0.0200943 2209
0.0201194 2213
2 2213
