0 -7503
4.7e-08 -7245
1.3936e-05 -7011
2.4996e-05 -6801
3.3549e-05 -6596
5.6447e-05 -6391
7.5073e-05 -6190
9.9357e-05 -5994
0.00011279 -5809
0.000122815 -5624
0.000134767 -5440
0.000145561 -5260
0.000156098 -5096
0.000165801 -4934
0.000176898 -4785
0.000185755 -4638
0.000195961 -4492
0.00020609 -4350
0.000215868 -4211
0.000225912 -4074
0.000235975 -3938
0.000244918 -3804
0.000255674 -3673
0.000265689 -3545
0.000275828 -3422
0.00028534 -3300
0.000295555 -3181
0.00030503 -3063
0.000314713 -2951
0.000324263 -2842
0.000334022 -2734
0.000344588 -2628
0.000354271 -2522
0.000363812 -2419
0.000373448 -2316
0.000381736 -2217
0.000390678 -2119
0.000401842 -2023
0.000411772 -1927
0.000422101 -1836
0.000432003 -1747
0.000441819 -1659
0.000452328 -1573
0.000461024 -1489
0.000470868 -1405
0.000480191 -1322
0.00048882 -1239
0.000496842 -1158
0.000506335 -1079
0.000514917 -1000
0.000524088 -923
0.000532898 -849
0.00054204 -781
0.000550745 -715
0.000560371 -652
0.000570729 -591
0.00057933 -531
0.000588111 -473
0.000597671 -415
0.000606993 -359
0.000616069 -305
0.000626255 -252
0.000633878 -202
0.000641615 -155
0.000650093 -108
0.000658561 -64
0.000667522 -22
0.000675934 18
0.000684582 57
0.000692946 93
0.000701471 129
0.000710043 163
0.000718777 197
0.000726514 229
0.000734916 260
0.000742928 290
0.000751814 319
0.000762541 347
0.0007723 375
0.000780597 406
0.000789407 433
0.000798113 460
0.000825691 486
0.00084388 511
0.000852785 534
0.000861253 556
0.000870138 586
0.000877942 608
0.000885821 629
0.000894669 652
0.000902691 681
0.000910134 702
0.00091751 725
0.000926253 758
0.000934911 779
0.00094262 804
0.000951259 824
0.00095874 842
0.000966989 859
0.000975134 875
0.000983251 891
0.00099115 907
0.00099901 925
0.00100602 940
0.00101441 954
0.00102163 968
0.00102931 982
0.00103746 1014
0.00104603 1028
0.0010537 1040
0.00106149 1052
0.00108154 1064
0.00109186 1075
0.00110122 1089
0.00110824 1108
0.0011117 1119
0.00111743 1130
0.00112073 1141
0.0011296 1163
0.00114172 1174
0.001144 1184
0.00114792 1194
0.0011548 1202
0.0011579 1208
0.00116233 1214
0.00116639 1229
0.00117429 1233
0.0011769 1237
0.00117946 1248
0.00118586 1250
0.00119184 1267
0.00119708 1268
0.00120494 1272
0.00121528 1280
0.0012613 1282
0.00126732 1287
2 1287
