0 -10187
7.6e-08 -9871
2.1601e-05 -9596
3.6423e-05 -9336
5.3112e-05 -9082
6.9858e-05 -8829
9.4684e-05 -8581
0.000125705 -8344
0.000150493 -8110
0.000177902 -7891
0.00019478 -7682
0.000211959 -7474
0.000230138 -7272
0.000242782 -7078
0.000257302 -6884
0.000272077 -6691
0.000286201 -6501
0.000304474 -6316
0.000317976 -6134
0.000331629 -5954
0.000344339 -5775
0.000357916 -5600
0.000371286 -5428
0.00038592 -5256
0.000399695 -5085
0.000413273 -4923
0.000429236 -4770
0.000444029 -4617
0.000455165 -4465
0.000473296 -4313
0.000485573 -4167
0.000499235 -4025
0.000511662 -3883
0.000525833 -3742
0.000538977 -3603
0.000552177 -3466
0.000563822 -3334
0.000578484 -3209
0.000591203 -3088
0.000603395 -2968
0.000617849 -2848
0.000635471 -2730
0.000648002 -2613
0.000660439 -2496
0.00067642 -2380
0.000689545 -2266
0.000703028 -2160
0.000714135 -2056
0.000727628 -1954
0.00073882 -1855
0.0007507 -1757
0.000764174 -1662
0.000776017 -1568
0.000787303 -1476
0.00079956 -1385
0.000813609 -1295
0.000828761 -1209
0.000840651 -1125
0.000874708 -1050
0.000904172 -975
0.000921173 -900
0.00093309 -826
0.000944405 -757
0.000954862 -688
0.000968279 -620
0.000981017 -553
0.000994208 -489
0.00100474 -428
0.00101614 -368
0.00102921 -309
0.00104001 -252
0.00104993 -195
0.0010587 -141
0.00107022 -90
0.00108463 -39
0.00109507 11
0.00110701 61
0.0011219 111
0.00113521 160
0.00114825 205
0.00115706 248
0.00117039 288
0.00118068 327
0.00119196 366
0.00120368 403
0.00121394 437
0.00122485 470
0.00123656 502
0.00124771 533
0.00125722 564
0.00126927 595
0.00128167 620
0.00129258 645
0.0013014 668
0.00131217 690
0.00132406 710
0.00133415 730
0.00134501 747
0.00135443 762
0.00136521 777
0.00137639 791
0.00138811 805
0.0014003 817
0.00141151 829
0.00142253 845
0.0014362 860
0.00144786 870
0.00145739 878
0.00146899 888
0.00147983 896
0.00148988 903
0.00149929 909
0.001509 914
0.00152144 922
0.0015325 926
0.0015418 933
0.00155209 937
0.00156352 947
0.00157643 950
0.00158828 953
0.0015991 955
0.00162175 965
0.00163293 967
0.00164489 971
0.00189394 972
0.00190432 974
0.00194607 975
0.00197734 978
0.00201442 981
0.00216555 984
0.00217672 985
0.00219588 988
0.00225846 993
0.00227026 995
0.00229537 996
0.00254587 998
0.00256921 999
0.00258314 1004
0.00259576 1014
0.00260623 1018
0.00261756 1034
0.00265363 1039
0.00270695 1049
0.00271792 1054
0.00273024 1055
0.00274282 1058
0.00275216 1062
0.00276383 1067
0.00277461 1068
0.00278435 1069
0.00281067 1070
0.00283155 1074
0.00311568 1075
0.00316252 1079
0.00317348 1081
0.00365317 1082
0.00379915 1083
0.00381192 1088
0.00427742 1089
0.00429797 1096
2 1096
