0 -11368
5.7e-08 -10958
3.611e-06 -10588
6.45e-06 -10236
8.713e-06 -9903
1.189e-05 -9607
1.6605e-05 -9324
2.264e-05 -9044
2.7779e-05 -8769
3.2248e-05 -8497
3.8972e-05 -8226
4.4912e-05 -7955
4.9127e-05 -7699
5.4087e-05 -7446
5.916e-05 -7201
6.4195e-05 -6965
6.9325e-05 -6735
7.3653e-05 -6506
7.8339e-05 -6277
8.4138e-05 -6052
8.8485e-05 -5831
9.2908e-05 -5610
9.7924e-05 -5394
0.000102045 -5180
0.000107344 -4970
0.000113134 -4760
0.000117943 -4566
0.000123336 -4372
0.000128532 -4181
0.000132756 -3994
0.000138838 -3809
0.000143958 -3625
0.000149277 -3453
0.000156151 -3282
0.000162035 -3117
0.000168088 -2954
0.000174104 -2791
0.000180101 -2629
0.000187437 -2470
0.000194623 -2315
0.000201214 -2160
0.000207918 -2008
0.000216131 -1856
0.000223901 -1707
0.000231925 -1562
0.000239601 -1428
0.000246861 -1296
0.000253603 -1165
0.000261534 -1051
0.000279148 -941
0.000295423 -834
0.000305984 -731
0.000315932 -630
0.000324899 -531
0.00033133 -443
0.000340778 -361
0.000356195 -290
0.000367114 -220
0.000375771 -153
0.000387482 -87
0.000401145 -26
0.000411885 31
0.00042206 78
0.000433318 121
0.000454053 157
0.000468565 178
0.000482464 196
0.000492063 212
0.000502898 227
0.000512233 237
0.000523095 245
0.000534778 250
0.000543708 256
0.000554439 263
0.000565565 275
0.000575711 276
0.000615447 277
0.000633844 285
0.000645234 286
0.000755634 296
0.000776708 305
0.00140831 306
0.00141704 308
2 308
