0 -40105
4.7e-08 -39582
1.0977e-05 -39070
2.0842e-05 -38570
3.196e-05 -38074
4.3427e-05 -37588
5.3783e-05 -37104
7.9251e-05 -36621
0.000108564 -36155
0.000128681 -35697
0.000146141 -35256
0.000161961 -34822
0.000176933 -34391
0.000192452 -33964
0.000207593 -33538
0.000221774 -33116
0.000237274 -32704
0.000251982 -32292
0.000268594 -31881
0.000285573 -31470
0.000301497 -31061
0.000316667 -30653
0.000331413 -30247
0.000347082 -29843
0.000362394 -29439
0.000379099 -29037
0.000395268 -28637
0.00041188 -28242
0.000427333 -27850
0.000447883 -27460
0.000463354 -27073
0.000478458 -26686
0.000495174 -26302
0.000511785 -25920
0.000526531 -25542
0.000542295 -25168
0.000558124 -24796
0.000574632 -24429
0.000589887 -24063
0.000607243 -23699
0.000623487 -23336
0.000640024 -22974
0.000655655 -22616
0.000671108 -22258
0.000688285 -21901
0.000707384 -21547
0.00072459 -21197
0.000740909 -20847
0.000756823 -20499
0.000773284 -20152
0.000792534 -19810
0.000811464 -19472
0.00082816 -19134
0.000844913 -18797
0.000862552 -18462
0.000880388 -18129
0.000899045 -17799
0.000915581 -17470
0.00093208 -17146
0.000961223 -16826
0.00100281 -16507
0.00102772 -16188
0.00105102 -15872
0.00107058 -15563
0.00109023 -15256
0.00110951 -14950
0.00112857 -14646
0.00114954 -14342
0.00117055 -14038
0.00119253 -13742
0.00121529 -13448
0.00123396 -13155
0.00126149 -12863
0.00128294 -12571
0.00130292 -12284
0.00131983 -12001
0.00133984 -11726
0.00136277 -11453
0.00137936 -11187
0.00139692 -10922
0.0014193 -10659
0.00144197 -10398
0.00146452 -10137
0.00148457 -9879
0.00150577 -9624
0.00152996 -9373
0.00155377 -9124
0.00157437 -8875
0.00159691 -8626
0.00161928 -8378
0.0016408 -8138
0.00166374 -7905
0.0016861 -7674
0.00170931 -7444
0.00173148 -7219
0.00175572 -6995
0.00178176 -6772
0.00180998 -6550
0.00183625 -6331
0.00185975 -6112
0.00188284 -5896
0.00190709 -5689
0.00193554 -5485
0.00196394 -5286
0.00198957 -5091
0.00201836 -4896
0.00204974 -4704
0.0020824 -4514
0.00211071 -4325
0.00213763 -4142
0.00216573 -3962
0.00219185 -3784
0.00222161 -3606
0.00225231 -3434
0.00228417 -3264
0.00231863 -3104
0.00235098 -2952
0.00239025 -2801
0.00243102 -2652
0.0024701 -2508
0.00250892 -2365
0.00254403 -2222
0.00258082 -2084
0.00261541 -1952
0.00265123 -1822
0.00269113 -1693
0.00273144 -1565
0.00277205 -1439
0.00280747 -1315
0.00285234 -1196
0.00291961 -1100
0.00298974 -1005
0.00304572 -914
0.0030971 -829
0.00317894 -745
0.00323618 -667
0.00328861 -591
0.00333085 -516
0.00336994 -442
0.0034082 -371
0.00344597 -301
0.00348261 -232
0.003516 -171
0.00355204 -111
0.00358675 -52
0.00361958 -1
0.00364675 49
0.00368024 99
0.00370968 136
0.00373789 172
0.00376513 203
0.00379495 229
0.00382015 253
0.00384985 276
0.0038791 294
0.00390767 306
0.00393517 317
0.00396077 325
0.00398591 333
0.00401183 341
0.00404021 358
0.00406782 363
0.00409769 368
0.00412542 372
0.00415287 376
0.00421041 393
0.00426759 395
0.00429703 410
0.00432848 423
0.00435612 427
0.00437943 431
0.00448844 432
0.00451324 435
0.00480189 436
0.00482944 437
0.00636483 439
0.00639512 443
0.00647526 447
0.0071396 449
0.0072353 452
0.00726465 455
0.00793844 465
0.00796594 468
0.00932215 470
0.0093524 471
0.00940568 477
0.00958154 478
0.00960972 482
0.00966908 486
0.016017 487
0.0161461 489
0.0161741 490
0.0161977 497
0.0162279 498
2 498
