0 -19121
4.8e-08 -18764
8.299e-06 -18416
1.4881e-05 -18097
2.2496e-05 -17792
3.6002e-05 -17493
4.6036e-05 -17198
5.8071e-05 -16904
7.0362e-05 -16619
8.3194e-05 -16335
9.2678e-05 -16057
0.00010219 -15779
0.000110868 -15511
0.000119195 -15246
0.00014281 -14983
0.000161427 -14720
0.000172628 -14461
0.00018251 -14204
0.000191691 -13952
0.000200672 -13705
0.000209701 -13462
0.000218521 -13220
0.000227322 -12982
0.000236247 -12749
0.000244612 -12516
0.000253251 -12285
0.000262053 -12059
0.000270598 -11834
0.000279095 -11609
0.000287934 -11385
0.000297134 -11161
0.000306077 -10939
0.000319364 -10721
0.000328156 -10504
0.00033745 -10290
0.000347247 -10081
0.000356987 -9873
0.000365713 -9666
0.000374808 -9461
0.000385155 -9257
0.000395047 -9057
0.000404284 -8858
0.000413692 -8663
0.000424874 -8473
0.000436065 -8283
0.000446886 -8094
0.000457859 -7909
0.000469553 -7725
0.000479293 -7542
0.000490057 -7360
0.00049993 -7179
0.000521933 -7000
0.000549418 -6824
0.000564554 -6652
0.000576049 -6481
0.000586462 -6313
0.000597824 -6147
0.000609157 -5981
0.000620149 -5820
0.000631824 -5661
0.000642892 -5502
0.000653713 -5347
0.000664326 -5192
0.000675896 -5043
0.000686423 -4896
0.000697633 -4750
0.000708094 -4606
0.0007192 -4462
0.000732079 -4318
0.000745082 -4175
0.000757885 -4042
0.000770271 -3909
0.000781614 -3779
0.000792815 -3650
0.000804945 -3523
0.000818052 -3397
0.000831813 -3272
0.000844721 -3148
0.000857609 -3029
0.000871968 -2911
0.00088499 -2794
0.00090061 -2678
0.000916182 -2565
0.000932656 -2455
0.000947413 -2349
0.000964854 -2244
0.000980275 -2140
0.000996446 -2037
0.00100886 -1938
0.00102304 -1840
0.0010395 -1742
0.00105372 -1647
0.00106932 -1552
0.00108653 -1462
0.00110115 -1373
0.00111457 -1289
0.00113152 -1210
0.00114907 -1134
0.00116427 -1062
0.00118276 -991
0.00120042 -920
0.00121697 -849
0.00123463 -780
0.00125463 -714
0.00127091 -651
0.00128935 -589
0.00130475 -530
0.00132103 -472
0.00133674 -416
0.00135591 -363
0.00137199 -311
0.00139062 -260
0.00140942 -210
0.00142824 -164
0.0014471 -119
0.00146349 -76
0.00148003 -34
0.00149869 7
0.00151638 43
0.0015334 76
0.00155011 104
0.00159902 127
0.00162871 149
0.00164756 168
0.00166328 187
0.00167799 202
0.00169224 217
0.00170559 232
0.00172023 249
0.00173529 269
0.00174847 284
0.00176214 299
0.00177647 314
0.00178891 336
0.00180362 350
0.0018161 363
0.00182791 377
0.00184124 390
0.00187959 402
0.00190253 415
0.00191754 426
0.00193195 435
0.00194722 448
0.00196203 460
0.00197585 470
0.0019897 485
0.00200313 493
0.00201756 501
0.00204165 508
0.00205922 525
0.00207442 539
0.00208947 546
0.00210365 557
0.00211898 565
0.00213211 573
0.00214608 580
0.00216119 585
0.00217387 591
0.00218652 598
0.00220047 611
0.00221382 614
0.00222836 616
0.00224276 620
0.00225828 621
0.00227087 635
0.00228467 641
0.00236062 646
0.0023757 652
0.00238871 655
0.00240047 674
0.00241533 680
0.00242739 681
0.00244254 685
0.00245755 689
0.00247034 691
0.0024836 692
0.00249894 698
0.00251286 704
0.00252515 710
0.00254034 715
0.00256999 716
0.00258377 721
0.0025985 723
0.00261283 725
0.0026285 726
0.00268717 736
0.00279296 740
0.00280832 751
0.0028215 753
0.0028347 761
0.00284723 762
0.00293642 769
0.00295512 771
0.00305368 775
0.00306699 777
0.00735977 778
0.00737707 779
0.00739678 780
0.00742168 781
0.00781108 787
0.00834997 790
0.00844097 793
0.00847476 796
0.00849145 798
0.00917516 799
0.00984444 803
0.00985972 806
0.00987984 807
0.0131864 809
0.0132079 811
0.0133757 813
0.0135619 817
0.0135755 819
0.0145577 820
0.01457 822
2 822
