0 -41308
5.7e-08 -41058
1.5857e-05 -40814
3.0843e-05 -40582
5.5354e-05 -40354
9.9789e-05 -40130
0.000154537 -39912
0.000211617 -39696
0.000256384 -39485
0.000301179 -39274
0.000344789 -39064
0.000389016 -38854
0.000440996 -38646
0.000481839 -38440
0.000538966 -38235
0.000593116 -38031
0.000634035 -37828
0.000674887 -37626
0.000715285 -37425
0.000755151 -37224
0.00079498 -37024
0.000834647 -36825
0.000874533 -36626
0.000918466 -36427
0.000959346 -36229
0.00100008 -36032
0.00104063 -35836
0.00108629 -35640
0.00112728 -35444
0.00118535 -35248
0.00128448 -35053
0.00133372 -34859
0.00138094 -34665
0.00142641 -34471
0.00146984 -34278
0.0015118 -34086
0.00155362 -33894
0.00159733 -33703
0.00164049 -33512
0.00168308 -33322
0.00172577 -33132
0.00176849 -32942
0.00181107 -32754
0.00185363 -32566
0.00190009 -32379
0.00194255 -32192
0.00198483 -32006
0.00203911 -31821
0.00208295 -31636
0.00212572 -31452
0.00216836 -31268
0.00221063 -31084
0.00225277 -30900
0.00229509 -30718
0.00233745 -30537
0.00237996 -30356
0.00242225 -30175
0.00246444 -29994
0.00250632 -29814
0.00254858 -29634
0.00259073 -29454
0.00263264 -29274
0.00267426 -29095
0.00271652 -28916
0.00275895 -28737
0.00280221 -28559
0.00284853 -28381
0.00288974 -28203
0.00293092 -28026
0.00297288 -27849
0.0030148 -27672
0.00306495 -27496
0.0031073 -27320
0.003149 -27146
0.00319078 -26972
0.00323236 -26798
0.00327417 -26625
0.00331571 -26452
0.00335723 -26280
0.00339931 -26108
0.00344164 -25936
0.00348353 -25764
0.00352548 -25592
0.00356728 -25421
0.0036134 -25250
0.00365931 -25079
0.0037033 -24908
0.00374587 -24738
0.00379142 -24568
0.00383188 -24399
0.00387194 -24230
0.00391169 -24062
0.00396379 -23894
0.00400511 -23726
0.0040464 -23558
0.00408758 -23391
0.00412966 -23224
0.00417097 -23057
0.00421189 -22890
0.00425222 -22724
0.00429189 -22558
0.0043314 -22392
0.00437085 -22226
0.00440998 -22060
0.00444909 -21895
0.00448846 -21730
0.00452771 -21565
0.00456718 -21401
0.00460681 -21237
0.00464619 -21073
0.00468591 -20910
0.00472908 -20750
0.0047679 -20590
0.00480697 -20430
0.00484613 -20270
0.00488503 -20110
0.00492445 -19951
0.00496319 -19792
0.00500272 -19634
0.00505324 -19476
0.00509327 -19318
0.00513292 -19161
0.00517275 -19004
0.00521428 -18847
0.00526113 -18691
0.00530075 -18535
0.0053404 -18379
0.00538045 -18223
0.00542112 -18068
0.00550111 -17913
0.00554568 -17758
0.00558804 -17603
0.00562913 -17448
0.00566888 -17293
0.00570839 -17139
0.00574765 -16985
0.00578661 -16832
0.00583716 -16680
0.00587824 -16528
0.00591837 -16376
0.00595805 -16224
0.00599721 -16073
0.00604343 -15922
0.00609915 -15771
0.00615754 -15621
0.00620815 -15471
0.00625145 -15321
0.00630308 -15172
0.00635998 -15023
0.00640115 -14874
0.00644061 -14726
0.00648057 -14578
0.00652134 -14431
0.00656155 -14285
0.00660524 -14139
0.00664656 -13993
0.00668704 -13848
0.00672641 -13703
0.00676678 -13558
0.00680923 -13413
0.00685161 -13269
0.00689283 -13126
0.00693382 -12984
0.00698602 -12842
0.00705034 -12700
0.00709818 -12558
0.00714304 -12416
0.00718673 -12274
0.00722873 -12133
0.007271 -11992
0.00731513 -11851
0.00735806 -11710
0.00739899 -11569
0.00744182 -11429
0.00748444 -11291
0.00752532 -11153
0.007565 -11015
0.00760653 -10877
0.00764848 -10739
0.00769195 -10602
0.00775252 -10465
0.00779878 -10328
0.00784458 -10191
0.00788905 -10055
0.00793355 -9920
0.00797954 -9785
0.00802412 -9651
0.0080671 -9518
0.00810964 -9385
0.00815286 -9252
0.00819773 -9120
0.00824246 -8988
0.00828698 -8856
0.00833231 -8725
0.00837644 -8594
0.00841959 -8463
0.00846355 -8332
0.00851394 -8201
0.00855885 -8070
0.00860219 -7940
0.00864667 -7811
0.00869222 -7682
0.00874125 -7554
0.00878877 -7427
0.00883857 -7300
0.00888703 -7173
0.0089352 -7047
0.0089876 -6922
0.00904613 -6797
0.0090987 -6673
0.0091536 -6551
0.00923753 -6429
0.00929356 -6308
0.00934788 -6187
0.00939873 -6067
0.00945265 -5948
0.00950722 -5831
0.00956163 -5714
0.00961555 -5597
0.00968218 -5481
0.00973742 -5366
0.00979062 -5251
0.00984432 -5136
0.00989828 -5021
0.00995679 -4906
0.0100163 -4791
0.0100742 -4676
0.0101369 -4562
0.0102016 -4451
0.010266 -4342
0.0103292 -4234
0.0103881 -4127
0.0104554 -4020
0.010519 -3915
0.0105836 -3810
0.0106484 -3707
0.010713 -3605
0.0107808 -3504
0.010849 -3405
0.010918 -3306
0.0109874 -3208
0.0110612 -3110
0.0111392 -3013
0.0112182 -2918
0.0112967 -2825
0.0113801 -2732
0.0114656 -2639
0.0115605 -2547
0.0116424 -2456
0.0117268 -2366
0.0118048 -2280
0.0118887 -2195
0.0119705 -2111
0.0120619 -2027
0.0121558 -1946
0.0122422 -1866
0.01233 -1787
0.0124383 -1709
0.0125355 -1632
0.012624 -1557
0.0127195 -1484
0.0128231 -1412
0.013048 -1340
0.0132157 -1268
0.0133826 -1197
0.0135281 -1129
0.0136711 -1062
0.013814 -998
0.013959 -934
0.0141016 -873
0.0142719 -813
0.0144322 -756
0.0146029 -699
0.0147823 -645
0.0149576 -592
0.0151343 -540
0.0153126 -489
0.0155075 -440
0.0156992 -392
0.0158954 -347
0.0160984 -303
0.0163009 -262
0.0165175 -221
0.0167336 -182
0.0169637 -148
0.0171864 -115
0.017418 -86
0.0176349 -58
0.0179151 -30
0.0182335 -6
0.0185289 17
0.0188098 36
0.0190632 55
0.0193011 74
0.0195447 91
0.0198173 107
0.0200126 122
0.020188 139
0.0203703 152
0.0205449 166
0.0207095 176
0.0208787 186
0.0210732 199
0.0213087 210
0.0215029 221
0.0216906 230
0.0218703 240
0.0220541 253
0.022233 264
0.0224203 276
0.0226018 287
0.0228009 295
0.0229862 304
0.0231809 314
0.0233926 323
0.0235978 332
0.0237841 339
0.0239723 349
0.0241713 359
0.0243687 372
0.0245684 381
0.0247666 388
0.0249526 396
0.025152 404
0.0253679 410
0.0255624 415
0.0257505 419
0.0261459 423
0.026352 426
0.0265579 427
0.0267665 431
0.0284612 432
0.0286729 436
0.0288815 437
0.0291079 438
0.0293339 439
0.0297735 441
0.0299996 443
0.0302182 448
0.0386659 449
0.0388745 450
0.0501167 451
0.0505568 452
0.0735256 453
2 453
