0 -39733
5.6e-08 -39501
1.5544e-05 -39269
3.0975e-05 -39048
4.9089e-05 -38829
8.1117e-05 -38614
0.000114433 -38399
0.000156016 -38185
0.000201285 -37973
0.000246308 -37763
0.000290951 -37554
0.000335832 -37347
0.000381357 -37141
0.000426456 -36937
0.000471185 -36736
0.000515677 -36535
0.000560548 -36336
0.000605249 -36138
0.00065011 -35940
0.000695199 -35742
0.000739568 -35544
0.000784146 -35348
0.000828846 -35154
0.000873461 -34962
0.000921688 -34770
0.000966 -34580
0.00103087 -34390
0.0010793 -34200
0.00112704 -34011
0.001175 -33822
0.00122278 -33635
0.00127107 -33449
0.00131982 -33264
0.00136888 -33079
0.00141843 -32895
0.00146669 -32711
0.00151481 -32527
0.00156302 -32344
0.00161146 -32161
0.00165983 -31979
0.00170794 -31798
0.00175647 -31617
0.00181788 -31437
0.00186858 -31257
0.00191765 -31077
0.00196707 -30898
0.0020163 -30719
0.0020658 -30541
0.00211405 -30363
0.00216177 -30185
0.00221114 -30008
0.00226058 -29831
0.0023095 -29654
0.00235875 -29478
0.00240813 -29302
0.00247572 -29126
0.00253684 -28950
0.00258966 -28775
0.00264445 -28600
0.00271323 -28426
0.00278977 -28253
0.00286986 -28080
0.00294232 -27907
0.00299508 -27735
0.00304331 -27563
0.00309313 -27392
0.00314226 -27221
0.00319082 -27050
0.00323976 -26879
0.00329357 -26708
0.00334445 -26537
0.0033952 -26367
0.00344889 -26197
0.00349832 -26027
0.00356768 -25857
0.00363757 -25687
0.0037057 -25518
0.00379506 -25349
0.00385093 -25182
0.00389944 -25015
0.00394868 -24849
0.00399718 -24684
0.00404585 -24519
0.00409421 -24354
0.00414325 -24189
0.00419236 -24024
0.00424201 -23859
0.00429179 -23695
0.00434098 -23531
0.00438948 -23367
0.00443827 -23203
0.00448766 -23039
0.00453576 -22876
0.00458405 -22713
0.00463206 -22551
0.00468095 -22389
0.00472982 -22227
0.00477946 -22066
0.00483472 -21906
0.00488368 -21746
0.00495732 -21586
0.00500875 -21426
0.00505804 -21267
0.00510701 -21108
0.005156 -20950
0.00520505 -20792
0.00525469 -20634
0.00530408 -20477
0.00535118 -20320
0.00540087 -20163
0.0054497 -20006
0.00549865 -19849
0.00554821 -19692
0.00559714 -19537
0.00565854 -19382
0.00570815 -19227
0.00575708 -19072
0.00580579 -18917
0.00585491 -18763
0.00590429 -18609
0.00595374 -18456
0.00600284 -18303
0.00605104 -18151
0.00610019 -17999
0.00615003 -17847
0.00619987 -17695
0.00624923 -17544
0.00629792 -17393
0.00634786 -17242
0.00641279 -17091
0.00646234 -16941
0.00651265 -16791
0.00656224 -16642
0.00661157 -16493
0.00666861 -16345
0.00671902 -16197
0.00677291 -16051
0.00682322 -15905
0.00690069 -15759
0.00697481 -15613
0.00704909 -15468
0.00712238 -15323
0.00717797 -15178
0.0072288 -15033
0.00727927 -14888
0.00733062 -14743
0.00739436 -14600
0.00744559 -14457
0.007497 -14314
0.00755842 -14171
0.00761029 -14029
0.00766214 -13887
0.00771322 -13745
0.00776507 -13603
0.00781679 -13462
0.00786821 -13322
0.00791999 -13182
0.00797188 -13042
0.00802391 -12902
0.00807633 -12763
0.00812968 -12625
0.00818285 -12487
0.00823557 -12349
0.00828773 -12212
0.00835826 -12075
0.00843067 -11938
0.00850348 -11801
0.00857567 -11664
0.00864698 -11527
0.00871793 -11390
0.00883576 -11255
0.00892257 -11120
0.00900459 -10986
0.0090816 -10852
0.00915748 -10718
0.00923321 -10584
0.00931177 -10450
0.00938307 -10317
0.00945014 -10184
0.00951753 -10051
0.00959601 -9919
0.00967595 -9787
0.00975793 -9656
0.00983849 -9526
0.00992138 -9396
0.0100055 -9266
0.0100879 -9137
0.0101693 -9008
0.0102526 -8879
0.0103347 -8750
0.0104209 -8621
0.0105217 -8493
0.0106077 -8365
0.0107161 -8238
0.0108013 -8113
0.01091 -7988
0.0109954 -7864
0.0110804 -7740
0.0111666 -7616
0.0112511 -7493
0.0113421 -7371
0.0114301 -7249
0.0115173 -7129
0.0116039 -7010
0.0116938 -6891
0.0117834 -6772
0.0118831 -6653
0.0119748 -6535
0.0120643 -6417
0.0121522 -6300
0.0122461 -6183
0.0123466 -6067
0.0124404 -5951
0.0125332 -5835
0.0126256 -5720
0.0127177 -5606
0.0128103 -5493
0.0129054 -5380
0.0130029 -5268
0.0130999 -5157
0.0132001 -5046
0.0132968 -4935
0.0133954 -4825
0.0134922 -4715
0.0135885 -4607
0.013685 -4501
0.0137824 -4395
0.01388 -4290
0.0139814 -4185
0.014084 -4081
0.0141878 -3978
0.0143085 -3875
0.0144054 -3774
0.0145035 -3674
0.0145919 -3575
0.0146779 -3476
0.0147553 -3377
0.0149003 -3279
0.0149913 -3181
0.0150952 -3085
0.0151925 -2989
0.0152718 -2894
0.0153523 -2800
0.0154341 -2708
0.0155145 -2616
0.0155945 -2525
0.0156755 -2436
0.0157589 -2347
0.0158452 -2259
0.015936 -2171
0.0160277 -2084
0.0161191 -1998
0.0162346 -1914
0.0163483 -1831
0.0164575 -1751
0.0165652 -1672
0.0166737 -1594
0.0167982 -1518
0.0169083 -1445
0.0170163 -1373
0.0171287 -1301
0.0172462 -1231
0.0173725 -1164
0.0175051 -1098
0.0176343 -1033
0.0177828 -971
0.0179543 -910
0.0181268 -851
0.018293 -793
0.0184589 -735
0.018629 -677
0.0188088 -620
0.0189946 -567
0.0191794 -514
0.0193665 -461
0.0195561 -412
0.0197592 -363
0.0199867 -316
0.0202134 -275
0.0204287 -235
0.0206499 -198
0.0208986 -162
0.0211214 -128
0.0213412 -97
0.0215629 -69
0.0218252 -45
0.0220637 -21
0.0222861 1
0.0225045 20
0.0227286 38
0.0229639 56
0.0231698 71
0.0233649 84
0.0235659 95
0.0237602 109
0.0239561 121
0.0241367 135
0.0243218 148
0.0244987 163
0.0246668 173
0.0248369 188
0.0250177 198
0.0251888 209
0.0253534 222
0.0255295 236
0.0257293 245
0.0259777 256
0.026172 266
0.0263573 274
0.0266586 283
0.0269109 293
0.0271391 302
0.0273746 311
0.0276064 320
0.0278448 325
0.0281069 337
0.0283511 342
0.0285985 351
0.0288367 356
0.0290829 364
0.0293343 374
0.0295875 378
0.0298419 381
0.0301014 384
0.0303605 385
0.0306202 386
0.030907 393
0.0311615 395
0.0378753 398
0.0383508 399
0.0385702 403
0.0388022 405
0.039055 406
0.0392718 407
0.0405863 409
0.0408026 410
0.0412343 413
0.071129 415
0.08398 416
2 416
