0 -3566
5.7e-08 -3370
6.341e-06 -3190
1.1678e-05 -3011
1.6853e-05 -2837
2.381e-05 -2668
2.8588e-05 -2504
3.5696e-05 -2353
4.4606e-05 -2210
5.2123e-05 -2088
5.7668e-05 -1968
6.2634e-05 -1850
6.7705e-05 -1735
7.2208e-05 -1625
7.6378e-05 -1520
8.1004e-05 -1418
8.5326e-05 -1316
8.979e-05 -1215
9.4198e-05 -1123
9.8728e-05 -1037
0.000103269 -952
0.00010761 -868
0.000112084 -793
0.000116188 -720
0.000121088 -647
0.000125846 -579
0.000129799 -514
0.000134235 -453
0.000139202 -395
0.000143552 -338
0.000148111 -281
0.000153125 -227
0.000157571 -178
0.000173495 -131
0.00018467 -86
0.000190935 -42
0.000195362 1
0.000199257 43
0.000203162 84
0.000207522 120
0.000211522 155
0.000215617 189
0.000219712 222
0.000223522 255
0.000227295 286
0.000231314 313
0.000235579 340
0.000240214 365
0.000244972 402
0.000249569 427
0.000254706 450
0.000261465 472
0.000265133 491
0.000268962 512
0.000273114 533
0.000277133 552
0.000281275 575
0.000285748 593
0.00029008 608
0.000294308 625
0.000298848 640
0.000302582 654
0.000309871 675
0.000314563 687
0.000317757 696
0.000327056 705
0.000330155 716
0.000332278 724
0.000334468 742
0.000337937 750
0.000339141 756
0.000341018 764
0.000343994 770
0.000344989 775
0.00034678 778
0.000349946 791
0.000355804 809
0.000357216 813
0.000359273 815
0.000360562 819
0.000362515 821
0.000363965 831
0.000366685 832
0.00037242 834
0.000373908 835
0.000389718 837
0.00039095 838
0.000391841 841
0.000400315 842
0.000421338 843
0.00046511 845
0.000469328 849
0.000471318 852
0.000591913 853
0.000606491 862
0.000620339 863
0.000621173 864
0.000645931 866
0.000648434 871
0.000764355 872
0.000773682 886
2 886
