0 -33494
5.6e-08 -33249
1.0736e-05 -33021
2.5941e-05 -32794
4.5341e-05 -32573
7.0943e-05 -32353
0.000100061 -32134
0.00012554 -31915
0.000148852 -31698
0.000171249 -31482
0.000193222 -31266
0.000215148 -31052
0.000236942 -30839
0.000259018 -30628
0.000280822 -30417
0.000302408 -30207
0.000324447 -29998
0.000346467 -29789
0.000368308 -29581
0.000390375 -29376
0.00041249 -29171
0.000434425 -28966
0.000456322 -28761
0.000478607 -28557
0.00050074 -28353
0.000522901 -28149
0.000544836 -27946
0.000566875 -27743
0.00058866 -27540
0.000610284 -27340
0.000631814 -27141
0.000653287 -26943
0.0006751 -26746
0.00069712 -26550
0.000719611 -26355
0.000741952 -26160
0.000763802 -25965
0.000786096 -25771
0.000808418 -25578
0.000934675 -25385
0.000958552 -25193
0.000980968 -25001
0.00100318 -24809
0.00102557 -24618
0.00109974 -24427
0.00113682 -24238
0.00116619 -24049
0.00119274 -23862
0.00121735 -23675
0.00124183 -23488
0.00126501 -23301
0.00128802 -23115
0.00131055 -22929
0.00133381 -22743
0.00135712 -22558
0.00138009 -22373
0.00140299 -22188
0.00142647 -22004
0.00144925 -21820
0.00147258 -21638
0.00149577 -21456
0.0015186 -21275
0.00154132 -21095
0.00156394 -20916
0.00158641 -20737
0.00160957 -20559
0.00163207 -20381
0.00165485 -20203
0.00167769 -20025
0.00170073 -19848
0.00172405 -19672
0.00174695 -19496
0.00176999 -19321
0.0017933 -19146
0.00181627 -18974
0.00184252 -18803
0.00186638 -18632
0.00188908 -18462
0.00191223 -18292
0.0019356 -18124
0.00195934 -17956
0.0019828 -17788
0.00200644 -17621
0.00202988 -17454
0.00205265 -17287
0.00207586 -17120
0.00209905 -16954
0.0021221 -16788
0.00214465 -16623
0.00216778 -16459
0.00219153 -16295
0.00221506 -16133
0.00223828 -15973
0.00226073 -15813
0.0022833 -15653
0.00230835 -15494
0.0023332 -15335
0.00235713 -15176
0.00238012 -15017
0.0024034 -14859
0.00242675 -14701
0.00245051 -14544
0.0024736 -14387
0.00249727 -14231
0.00252182 -14075
0.00254818 -13921
0.00257364 -13768
0.00259879 -13615
0.00262202 -13463
0.00264742 -13312
0.00267171 -13162
0.0026952 -13012
0.0027191 -12862
0.00274319 -12713
0.0027664 -12564
0.00279006 -12415
0.00281657 -12266
0.00284213 -12118
0.00286605 -11971
0.0028907 -11824
0.00291734 -11678
0.00294224 -11532
0.00297684 -11386
0.00300326 -11241
0.00302687 -11096
0.00305005 -10951
0.00307236 -10806
0.00309436 -10661
0.00311824 -10517
0.00314661 -10373
0.00317217 -10229
0.00319676 -10086
0.00322115 -9943
0.00324568 -9800
0.00327034 -9658
0.0032968 -9516
0.00332271 -9374
0.00334793 -9233
0.00337203 -9093
0.00339864 -8953
0.0034239 -8813
0.00344841 -8674
0.00347679 -8536
0.00350772 -8398
0.00353607 -8261
0.00356299 -8124
0.00359043 -7988
0.00361979 -7853
0.00364549 -7719
0.00367315 -7586
0.00369911 -7453
0.00372868 -7321
0.00375516 -7190
0.00378242 -7059
0.00381164 -6929
0.00383957 -6799
0.00386721 -6670
0.00389259 -6541
0.00392122 -6413
0.0039483 -6285
0.00397634 -6159
0.00400255 -6033
0.00403662 -5908
0.00406945 -5784
0.00410177 -5662
0.00413666 -5540
0.00416839 -5418
0.00419998 -5298
0.00423246 -5179
0.00426126 -5060
0.0042912 -4941
0.0043267 -4823
0.0043625 -4707
0.00439773 -4592
0.00442973 -4478
0.00445798 -4364
0.00449034 -4253
0.00452471 -4142
0.00455945 -4032
0.00459511 -3922
0.00462983 -3813
0.00466765 -3706
0.00470331 -3600
0.0047385 -3495
0.00477477 -3391
0.00481146 -3287
0.00485911 -3186
0.0049058 -3086
0.00494813 -2986
0.00498777 -2887
0.00502758 -2789
0.00509058 -2692
0.00513439 -2597
0.00517133 -2504
0.00521001 -2412
0.00524556 -2320
0.00528625 -2229
0.0053246 -2141
0.00536078 -2055
0.00540189 -1970
0.00544073 -1885
0.00548638 -1800
0.00553387 -1718
0.00557967 -1636
0.00563783 -1558
0.00568973 -1480
0.00573974 -1403
0.005792 -1327
0.00584217 -1252
0.00589617 -1177
0.00595106 -1103
0.00601407 -1031
0.00607812 -962
0.00615322 -895
0.00622642 -831
0.00630036 -768
0.00636973 -706
0.00645966 -646
0.0065557 -586
0.00666265 -530
0.00677813 -476
0.00688966 -424
0.00699729 -374
0.00710227 -329
0.00721035 -286
0.00732057 -245
0.00742974 -209
0.00754424 -173
0.00766103 -137
0.00777783 -106
0.00789632 -78
0.00801732 -52
0.00813729 -27
0.00825563 -2
0.00836946 23
0.0084814 44
0.00859045 60
0.00871025 73
0.0088219 86
0.00891958 100
0.00901749 113
0.00913541 125
0.00922497 140
0.00931813 157
0.00941006 170
0.00950086 184
0.00959759 194
0.00969106 205
0.0097778 215
0.0098696 224
0.00996661 234
0.0100595 241
0.0101595 249
0.0102535 255
0.010352 260
0.0104566 266
0.0105801 272
0.0107091 280
0.0108272 285
0.0109391 293
0.011044 299
0.0111507 307
0.011255 315
0.0113608 321
0.0114648 324
0.0115728 328
0.0116882 330
0.011831 335
0.0119473 339
0.012062 344
0.0121727 351
0.0122826 355
0.0123983 357
0.0125168 362
0.0126219 364
0.0127312 367
0.0128497 370
0.0129722 376
0.0133259 380
0.0135523 383
0.0136703 384
0.0140158 387
0.0141286 390
0.0142435 392
0.0149588 393
0.0150726 396
0.0153986 397
0.0158299 402
0.0159369 404
0.0268802 405
0.0269975 407
0.0287339 408
0.0288531 409
0.0289806 416
0.0291529 418
0.029277 420
0.0298572 422
2 422
