0 -2735
4.7e-08 -2574
5.599e-06 -2424
9.501e-06 -2280
1.1914e-05 -2147
1.5996e-05 -2020
2.2245e-05 -1903
2.6845e-05 -1788
3.4452e-05 -1678
4.4632e-05 -1574
5.0429e-05 -1474
5.4209e-05 -1377
5.9224e-05 -1284
6.4116e-05 -1192
6.8141e-05 -1102
7.2486e-05 -1016
7.6888e-05 -932
8.1234e-05 -856
8.5645e-05 -781
8.934e-05 -707
9.427e-05 -639
9.821e-05 -575
0.000102094 -512
0.000106496 -450
0.000110304 -391
0.000114998 -333
0.000119145 -275
0.00012317 -219
0.00012662 -163
0.000130721 -110
0.000134331 -60
0.000137734 -12
0.0001414 32
0.000145435 72
0.00014979 109
0.000153485 146
0.000157557 183
0.000161921 218
0.000166285 253
0.000170103 287
0.000174118 316
0.000181876 345
0.000186146 373
0.000213943 400
0.000223445 426
0.000227696 450
0.000231608 475
0.00023519 504
0.000238734 528
0.000242674 551
0.000246049 572
0.000249159 602
0.000252826 623
0.000256106 644
0.000259622 664
0.000263657 682
0.000267342 700
0.000271565 716
0.000277833 732
0.000281623 746
0.000286487 781
0.000292972 794
0.000294546 803
0.000296441 824
0.000298938 832
0.000300145 838
0.000301908 861
0.000305603 865
0.000307017 875
0.000309175 877
0.000310099 878
0.000311796 889
0.000318064 901
0.00036247 902
0.000410166 904
0.000411137 913
0.000413578 916
0.000416548 918
0.000448134 925
0.000485009 928
0.00100818 935
2 935
