0 -8817
6.6e-08 -8577
1.9069e-05 -8345
3.2115e-05 -8115
3.9382e-05 -7898
6.3673e-05 -7682
8.6107e-05 -7468
0.000127723 -7258
0.000160121 -7050
0.000181216 -6845
0.000196948 -6644
0.000210522 -6445
0.000226688 -6248
0.000239978 -6062
0.000256493 -5879
0.000271301 -5698
0.000284526 -5529
0.000298939 -5365
0.000316028 -5203
0.000331477 -5041
0.000344325 -4882
0.000356636 -4724
0.000373009 -4572
0.000391427 -4420
0.000404775 -4271
0.000419734 -4131
0.000434919 -3994
0.000450981 -3858
0.000465667 -3727
0.000479156 -3597
0.000493474 -3469
0.000506953 -3343
0.00051818 -3218
0.000537154 -3098
0.000553612 -2980
0.000567827 -2865
0.000581975 -2751
0.000594965 -2641
0.000608387 -2533
0.000622809 -2427
0.000637316 -2324
0.00064907 -2224
0.000661287 -2127
0.000674502 -2032
0.000689131 -1941
0.000706617 -1853
0.000720171 -1766
0.000731784 -1681
0.000746112 -1600
0.000761514 -1519
0.000772627 -1443
0.000787615 -1367
0.000802056 -1294
0.00082284 -1224
0.000855728 -1157
0.000916281 -1090
0.000942372 -1023
0.000961856 -957
0.000977729 -892
0.000991869 -829
0.00100573 -766
0.00101719 -705
0.00103035 -644
0.00104497 -586
0.00105614 -530
0.00106727 -476
0.00107815 -423
0.00112909 -371
0.00115682 -321
0.00117256 -275
0.00118562 -230
0.00119994 -185
0.00121636 -140
0.00124354 -97
0.00127002 -55
0.00128346 -14
0.00129704 25
0.00130908 63
0.00132191 101
0.00133296 136
0.00134494 171
0.00135619 205
0.00136592 237
0.00137633 266
0.00138895 293
0.00139889 320
0.00141089 347
0.00142241 372
0.00143166 397
0.00144069 422
0.00145148 447
0.00146227 471
0.00147276 493
0.00148485 514
0.00149592 537
0.00150832 557
0.00151988 576
0.00153122 594
0.00154204 620
0.00155236 637
0.00156339 659
0.00157681 676
0.00159213 693
0.00160259 710
0.00161266 725
0.00162363 747
0.00163457 763
0.00164698 777
0.00165704 790
0.00166677 802
0.00167818 819
0.00169049 831
0.00170077 843
0.0017127 865
0.00172385 879
0.00173474 892
0.00174727 905
0.00175656 923
0.00176636 937
0.00177721 949
0.00178943 968
0.00179982 982
0.00181167 999
0.00182249 1011
0.0018327 1024
0.00184377 1036
0.0018539 1050
0.00186407 1062
0.00187366 1074
0.00188716 1084
0.00190609 1099
0.00192283 1113
0.00192808 1120
0.00193617 1130
0.00194522 1134
0.00194895 1138
0.001953 1141
0.00195831 1144
0.00196479 1146
0.00196768 1148
0.00197265 1155
0.0019838 1157
0.00198728 1162
0.00199346 1164
0.00199609 1166
0.00201097 1168
0.002021 1170
0.00202883 1174
0.00203108 1178
0.0020394 1185
0.00205302 1190
0.00215896 1198
0.00216892 1200
0.00218635 1201
0.00219376 1205
0.00221748 1214
0.00222461 1216
0.00222645 1221
0.00223963 1222
0.00224314 1223
0.00225233 1228
0.00225835 1230
0.00226042 1236
0.00227171 1238
0.00227608 1240
0.00234764 1241
0.00234921 1245
0.0024502 1246
0.00245348 1250
0.00245995 1251
0.00300499 1252
0.00312516 1253
0.00324496 1254
0.00371536 1255
2 1255
