0 -43313
6.6e-08 -42935
1.2745e-05 -42561
3.2569e-05 -42187
6.3858e-05 -41824
9.6522e-05 -41463
0.000121862 -41105
0.000140669 -40751
0.000158497 -40400
0.00017642 -40049
0.000194587 -39699
0.000213469 -39353
0.000232343 -39011
0.000250689 -38677
0.000267924 -38346
0.000295645 -38015
0.000330135 -37696
0.000356247 -37378
0.000388825 -37060
0.000410212 -36744
0.000429904 -36429
0.000448137 -36117
0.000466568 -35808
0.000485083 -35501
0.000503222 -35194
0.000521446 -34887
0.000539114 -34580
0.000557921 -34274
0.000575985 -33973
0.00059403 -33674
0.000613157 -33375
0.000631456 -33077
0.000650706 -32780
0.000669428 -32485
0.000707156 -32192
0.000729794 -31902
0.000748385 -31614
0.000767616 -31328
0.000785595 -31044
0.000804383 -30761
0.000821807 -30478
0.000840125 -30196
0.000858367 -29916
0.000878182 -29637
0.000897676 -29359
0.000916069 -29084
0.000935338 -28810
0.000953486 -28538
0.000972124 -28266
0.000989952 -27996
0.00100876 -27726
0.00102697 -27456
0.00104737 -27187
0.00106656 -26919
0.00108476 -26651
0.00110275 -26385
0.0011214 -26120
0.0011407 -25857
0.00115957 -25594
0.00117791 -25332
0.00119599 -25071
0.00121485 -24811
0.00123431 -24552
0.00125282 -24294
0.0012728 -24038
0.00129346 -23783
0.00131429 -23529
0.00133409 -23276
0.00135313 -23023
0.00137399 -22771
0.00139559 -22521
0.00141702 -22272
0.00143556 -22023
0.00145754 -21775
0.00147637 -21527
0.00149727 -21280
0.00151814 -21035
0.00153719 -20791
0.00155696 -20548
0.00158 -20306
0.00159888 -20066
0.00161792 -19826
0.00163636 -19586
0.00165583 -19348
0.00167463 -19112
0.00169423 -18877
0.0017168 -18643
0.00173826 -18410
0.00175843 -18178
0.00177996 -17947
0.0018007 -17717
0.00182405 -17489
0.00184543 -17262
0.00186537 -17035
0.00188689 -16809
0.00190951 -16583
0.00193001 -16359
0.00194951 -16137
0.00196943 -15917
0.00198968 -15698
0.00201164 -15480
0.00203271 -15266
0.00205478 -15052
0.00207689 -14838
0.00209804 -14624
0.00211894 -14411
0.00213991 -14199
0.00216043 -13987
0.00218315 -13775
0.00220379 -13563
0.00222633 -13353
0.00224797 -13145
0.00228505 -12940
0.0023175 -12735
0.00234271 -12531
0.00236399 -12331
0.00238728 -12132
0.00240927 -11933
0.00243044 -11735
0.00245067 -11537
0.00246994 -11346
0.00249503 -11156
0.00252151 -10967
0.00254673 -10781
0.00256851 -10596
0.00259361 -10412
0.00261824 -10229
0.00264509 -10046
0.00266776 -9864
0.00269306 -9682
0.00271841 -9501
0.00274923 -9320
0.00277149 -9139
0.00279422 -8958
0.00281574 -8778
0.0028423 -8599
0.00286919 -8428
0.00289499 -8257
0.002919 -8088
0.00294688 -7923
0.00297051 -7758
0.00299609 -7594
0.00301922 -7430
0.00304389 -7270
0.00307108 -7110
0.00309935 -6952
0.00312545 -6794
0.00315071 -6636
0.00317785 -6479
0.00320485 -6322
0.00323557 -6167
0.00326258 -6014
0.00329077 -5864
0.00331879 -5714
0.00334908 -5564
0.00338296 -5418
0.00341627 -5272
0.00345082 -5127
0.00348439 -4985
0.00351787 -4850
0.00354977 -4717
0.00358288 -4585
0.00361417 -4453
0.00364606 -4324
0.00367994 -4196
0.0037153 -4069
0.00375585 -3943
0.00379295 -3820
0.00382429 -3699
0.00385848 -3581
0.00389565 -3464
0.00393227 -3348
0.00397237 -3233
0.00401336 -3119
0.00405534 -3005
0.00409954 -2895
0.00414103 -2786
0.00423179 -2679
0.00430715 -2576
0.00437431 -2474
0.00444227 -2372
0.0045048 -2273
0.0045634 -2178
0.00461509 -2084
0.00465949 -1991
0.00470854 -1899
0.00475737 -1808
0.00480588 -1718
0.00485672 -1632
0.00490594 -1546
0.00496222 -1460
0.00502206 -1376
0.00508304 -1293
0.00513825 -1213
0.00519649 -1135
0.00525784 -1062
0.00532383 -995
0.0053922 -929
0.00545256 -866
0.00550892 -805
0.00556726 -745
0.00562327 -687
0.0056847 -629
0.00574438 -573
0.00580326 -518
0.00585977 -466
0.00591578 -416
0.00597165 -367
0.00602624 -318
0.00611839 -270
0.00619771 -225
0.00626639 -183
0.00633011 -148
0.00638886 -113
0.00644146 -79
0.00649176 -45
0.00653799 -17
0.00658232 8
0.00662575 32
0.00666525 54
0.0067086 75
0.00676117 94
0.00680189 116
0.00684482 137
0.00688646 154
0.0069258 170
0.00696652 188
0.00701075 202
0.00704885 215
0.0070876 227
0.00712565 242
0.00716483 257
0.00720185 271
0.0072466 284
0.00728458 302
0.00732106 317
0.00735608 330
0.00738964 343
0.00742569 354
0.00746455 364
0.00749964 374
0.00753535 388
0.00757345 400
0.00761055 412
0.00766806 425
0.00771214 434
0.00775817 440
0.007796 446
0.00782977 451
0.00787276 458
0.00791015 462
0.00795647 470
0.00799808 478
0.00803624 483
0.0080747 491
0.00811586 494
0.00815666 504
0.00820086 511
0.00823903 520
0.00827712 524
0.00831486 528
0.00835397 530
0.00838944 535
0.00843061 540
0.00847074 544
0.00850719 551
0.0085459 554
0.00858268 560
0.00862156 563
0.00865788 565
0.00869683 571
0.00873497 575
0.00877511 580
0.00881294 589
0.00885436 595
0.00889222 599
0.00893311 605
0.00897734 607
0.00902195 615
0.00906098 617
0.00910215 619
0.00914254 620
0.0091835 621
0.00925995 623
0.00930514 627
0.00934915 630
0.00938771 633
0.00942673 635
0.00946555 638
0.00950447 639
0.00965909 640
0.0097473 648
0.00985975 651
0.0101079 652
0.0101529 657
0.0101943 660
0.0102362 663
0.0102739 668
0.0103901 670
0.0104706 672
0.0113209 680
0.011355 683
0.011394 684
0.0114294 686
0.0114697 688
0.0140606 690
0.0141411 692
0.0141852 693
0.0142313 696
0.0151539 699
0.0152371 700
0.0153643 702
0.0178176 706
0.0179455 707
0.01799 710
0.0199818 711
0.0205577 713
0.0229164 716
0.0230859 717
0.0259594 720
0.0301103 722
0.0301514 726
0.030646 727
0.0306876 731
2 731
