0 -17749
6.6e-08 -17365
7.963e-06 -17039
1.8393e-05 -16717
2.7891e-05 -16400
3.4969e-05 -16098
5.0011e-05 -15812
6.7425e-05 -15528
9.301e-05 -15247
0.000107487 -14967
0.000115771 -14695
0.000124516 -14425
0.000132611 -14158
0.000140979 -13895
0.000149884 -13636
0.000158214 -13380
0.000167053 -13131
0.000188251 -12885
0.000197194 -12640
0.000206249 -12406
0.000214862 -12173
0.000223456 -11943
0.00023286 -11714
0.000242922 -11488
0.000251244 -11262
0.000260638 -11038
0.000268366 -10815
0.000277732 -10592
0.0002869 -10372
0.000295626 -10153
0.00030422 -9936
0.000313662 -9719
0.000322679 -9507
0.000332459 -9297
0.000342287 -9091
0.000351446 -8891
0.0003626 -8691
0.000373387 -8492
0.000381925 -8293
0.000390915 -8095
0.000401147 -7901
0.000410437 -7709
0.000420669 -7527
0.000429762 -7345
0.000438799 -7167
0.000447694 -6990
0.000456834 -6814
0.000467527 -6639
0.000477665 -6465
0.000487888 -6292
0.000497725 -6121
0.000508314 -5951
0.000518725 -5784
0.000531019 -5624
0.000541034 -5465
0.000551605 -5307
0.000562825 -5149
0.000573754 -4993
0.000584626 -4839
0.000594463 -4687
0.000604732 -4539
0.000615454 -4395
0.000626241 -4254
0.000637574 -4113
0.000649087 -3974
0.000661813 -3836
0.00067549 -3699
0.000687445 -3569
0.000698769 -3440
0.000709631 -3315
0.00072152 -3191
0.000733512 -3068
0.000748018 -2945
0.000760838 -2824
0.000775542 -2706
0.000789539 -2590
0.000802623 -2475
0.000815933 -2363
0.00083074 -2251
0.000847119 -2139
0.000857727 -2029
0.000868627 -1920
0.000883349 -1814
0.000895972 -1711
0.000911005 -1612
0.000926169 -1514
0.000940628 -1418
0.000954409 -1323
0.000969733 -1230
0.000985152 -1137
0.00100062 -1046
0.00101589 -958
0.0010323 -875
0.00105526 -797
0.0010704 -723
0.00109025 -653
0.00110753 -587
0.00112361 -521
0.00114463 -457
0.00116484 -394
0.00118296 -339
0.00119989 -286
0.00121462 -234
0.00123226 -189
0.00125049 -146
0.00127056 -103
0.00130688 -60
0.00132164 -23
0.00133728 10
0.00135313 41
0.00136975 72
0.00138694 102
0.00140218 129
0.00141677 152
0.00143177 174
0.00144607 196
0.00146047 218
0.00147486 237
0.0014888 255
0.00150103 273
0.00151385 290
0.00152707 303
0.00154064 316
0.00155364 328
0.00156806 342
0.00158324 354
0.00159629 366
0.00161017 380
0.00162463 390
0.00164111 403
0.00165325 418
0.00166824 428
0.00168274 437
0.00169584 460
0.00170979 472
0.00172349 481
0.00173808 495
0.00175226 511
0.00176568 524
0.00177968 531
0.00179271 537
0.00180653 545
0.00181789 553
0.00183229 558
0.00184511 567
0.00186116 570
0.00187447 572
0.00188874 575
0.00190105 577
0.00191499 594
0.00192731 596
0.00194132 597
0.00195489 612
0.00196991 618
0.00198572 623
0.00199878 628
0.00201424 631
0.0020284 639
0.00204164 646
0.0020635 656
0.00209199 664
0.00211361 671
0.00212971 674
0.00214356 682
0.00215432 686
0.00216743 691
0.00217958 700
0.00219376 714
0.0022085 719
0.00222281 733
0.00223615 737
0.00225093 740
0.00226264 750
0.00227538 754
0.00228755 764
0.00230009 767
0.00231342 768
0.00232922 774
0.00235561 780
0.0023842 782
0.00239874 785
0.00241374 787
0.00259626 790
0.00261298 794
0.00285473 820
0.00287078 821
0.00294532 836
0.00295363 840
0.00298844 841
0.00300712 848
0.00302272 849
2 849
