0 -14581
4.7e-08 -14304
2.5743e-05 -14027
4.3596e-05 -13761
7.7011e-05 -13505
9.953e-05 -13249
0.000132465 -13003
0.000192603 -12760
0.000231787 -12521
0.000261225 -12289
0.000284555 -12067
0.000307903 -11846
0.000330346 -11625
0.000351527 -11408
0.000373113 -11192
0.000396866 -10978
0.000415473 -10769
0.000434985 -10573
0.000456505 -10377
0.000476102 -10182
0.000494879 -9987
0.000514739 -9793
0.000533111 -9602
0.000551124 -9412
0.000568807 -9225
0.000588103 -9046
0.000607973 -8868
0.00063117 -8698
0.000654311 -8530
0.000675209 -8363
0.000694174 -8196
0.000713243 -8031
0.000733321 -7874
0.000768367 -7717
0.000828128 -7561
0.000868462 -7405
0.000895751 -7254
0.000919806 -7105
0.000940497 -6957
0.000961121 -6812
0.000980576 -6667
0.000999739 -6522
0.00101904 -6378
0.00103941 -6235
0.00105736 -6093
0.00107521 -5952
0.00109223 -5813
0.00111221 -5679
0.0011313 -5548
0.00114754 -5417
0.00116632 -5289
0.00118499 -5162
0.00120331 -5036
0.00122318 -4911
0.00124262 -4792
0.00126113 -4673
0.00127891 -4560
0.00129832 -4448
0.00131551 -4338
0.00133228 -4229
0.0013504 -4121
0.00136782 -4014
0.00138433 -3907
0.00139953 -3802
0.00141699 -3697
0.00143572 -3596
0.0014527 -3495
0.00147267 -3397
0.0014898 -3299
0.00150646 -3201
0.00152441 -3107
0.00154188 -3013
0.00156006 -2920
0.00157942 -2829
0.00159817 -2738
0.00164406 -2649
0.00168254 -2560
0.00170639 -2473
0.00172335 -2387
0.00174013 -2304
0.0017588 -2222
0.00177523 -2141
0.00179261 -2061
0.00180862 -1981
0.00182457 -1903
0.00183998 -1826
0.00185522 -1752
0.00187074 -1680
0.00188688 -1608
0.00190215 -1538
0.00193696 -1470
0.00195372 -1402
0.001969 -1334
0.00198541 -1266
0.00200325 -1199
0.00201792 -1133
0.00203339 -1069
0.00204864 -1006
0.00206351 -944
0.00207865 -882
0.00209902 -821
0.00211508 -760
0.00212905 -701
0.0021445 -644
0.00215903 -588
0.00217368 -535
0.00219072 -483
0.00220525 -432
0.00221964 -383
0.00223465 -335
0.00224905 -288
0.00226445 -241
0.00227974 -200
0.00229534 -160
0.00231287 -121
0.00232872 -84
0.0023448 -47
0.0023607 -10
0.00237762 26
0.00239458 61
0.00241006 96
0.00242502 131
0.00243907 163
0.00245482 193
0.00247057 223
0.00248547 253
0.00250075 282
0.00251479 309
0.00252976 334
0.00254701 366
0.0025628 391
0.00257993 416
0.00259414 441
0.00260853 465
0.00262319 487
0.00263634 508
0.00265098 529
0.00266662 549
0.00268066 569
0.00269725 588
0.00271171 607
0.00272815 625
0.00274437 642
0.00276178 663
0.00277824 680
0.00279336 697
0.00281012 714
0.00282665 730
0.00284143 753
0.00285749 770
0.00287279 786
0.00288645 802
0.00290012 822
0.00291553 838
0.00293418 857
0.00295035 875
0.00296495 890
0.0029782 916
0.00299303 933
0.00301121 958
0.00302939 974
0.00304618 988
0.00306013 1002
0.00307627 1025
0.00309165 1047
0.00310673 1067
0.00311949 1085
0.0031346 1107
0.00317003 1121
0.00320934 1147
0.0032324 1161
0.0032594 1177
0.00327913 1192
0.00329568 1205
0.00331087 1218
0.003326 1231
0.00334205 1243
0.00335755 1254
0.00337457 1265
0.00339124 1283
0.0034062 1298
0.00342024 1313
0.00343622 1325
0.00345263 1336
0.00346767 1347
0.00348356 1357
0.00349944 1368
0.00352902 1382
0.00355782 1392
0.00360828 1409
0.00363341 1419
0.00365062 1428
0.00366681 1438
0.00368252 1445
0.00369907 1451
0.00372331 1457
0.00374672 1466
0.00375612 1473
0.00376652 1478
0.00377975 1493
0.00378318 1496
0.00379033 1511
0.00379953 1514
0.00380216 1517
0.00380738 1520
0.00381499 1529
0.00383108 1531
0.00383618 1532
0.00384331 1536
0.00385438 1537
0.00386504 1550
0.00387971 1556
0.00389759 1564
0.00390015 1565
0.00392036 1566
0.00392257 1567
0.00393663 1569
0.00395284 1571
0.00398494 1578
0.00400123 1580
0.00400345 1582
0.00401076 1583
0.00402795 1585
0.00415714 1587
0.00422868 1589
2 1589
