0 -17298
4.8e-08 -16977
3.2963e-05 -16686
5.75e-05 -16408
7.0536e-05 -16131
0.000105016 -15866
0.000154456 -15608
0.00020202 -15360
0.000260811 -15116
0.000320459 -14879
0.000365412 -14644
0.000398686 -14410
0.000429 -14179
0.000458664 -13949
0.000484265 -13721
0.000512789 -13498
0.000539832 -13278
0.00056599 -13064
0.000593589 -12854
0.00063004 -12644
0.000660759 -12436
0.000693996 -12232
0.000720879 -12031
0.000748733 -11836
0.000773656 -11641
0.000801057 -11448
0.000828666 -11258
0.000854286 -11068
0.000879473 -10878
0.000904009 -10689
0.000929874 -10503
0.000957068 -10317
0.000984847 -10131
0.00100752 -9948
0.00103198 -9769
0.00106132 -9590
0.00109344 -9417
0.00111913 -9244
0.00114601 -9071
0.00117144 -8901
0.00119438 -8731
0.00121857 -8562
0.00127944 -8395
0.00137702 -8232
0.0014406 -8069
0.00148988 -7908
0.00152862 -7749
0.00155771 -7591
0.00158395 -7436
0.00161063 -7281
0.00163427 -7127
0.00165855 -6975
0.00167987 -6829
0.00170296 -6685
0.00172768 -6543
0.00175128 -6404
0.00177576 -6269
0.0018006 -6136
0.00182797 -6004
0.00185204 -5873
0.00187248 -5743
0.00189542 -5614
0.00192009 -5485
0.00194729 -5357
0.00197305 -5230
0.00199947 -5105
0.0020268 -4980
0.00204903 -4860
0.00207097 -4742
0.00209147 -4627
0.00211564 -4513
0.00213848 -4401
0.00216403 -4291
0.00218771 -4181
0.00221343 -4072
0.00223419 -3964
0.00225561 -3856
0.00228264 -3748
0.00230848 -3645
0.00233041 -3543
0.00235429 -3443
0.00237572 -3346
0.00240189 -3250
0.0024261 -3155
0.00244692 -3061
0.00246905 -2968
0.00248965 -2878
0.00251154 -2791
0.00253409 -2705
0.00255814 -2619
0.00258188 -2534
0.00260619 -2450
0.00262906 -2368
0.00264913 -2286
0.00267002 -2205
0.00269099 -2127
0.00270962 -2050
0.00273041 -1975
0.00275253 -1902
0.00277315 -1829
0.00279323 -1756
0.00281623 -1685
0.00283742 -1614
0.0028667 -1545
0.00288955 -1476
0.0029104 -1408
0.00293387 -1340
0.00295901 -1275
0.00297934 -1210
0.0029996 -1146
0.00301875 -1083
0.00303884 -1020
0.00305928 -957
0.00307705 -895
0.00309558 -833
0.00312509 -775
0.00315402 -721
0.00317454 -669
0.00319385 -617
0.00321454 -568
0.00323595 -520
0.00325698 -473
0.00327847 -426
0.00329832 -379
0.00331614 -333
0.00333708 -290
0.00335903 -248
0.00337935 -208
0.00340259 -169
0.00342883 -131
0.00345062 -93
0.00347046 -55
0.00348943 -18
0.00350761 19
0.00352914 56
0.00354781 91
0.00356771 126
0.00358746 161
0.00360945 196
0.00362862 229
0.00364883 260
0.00366906 288
0.00368856 316
0.00370968 344
0.0037299 371
0.00374951 397
0.00377132 423
0.0037958 449
0.00381855 473
0.00384039 499
0.00385969 522
0.00388006 550
0.00390447 571
0.00392466 592
0.00394577 613
0.00396463 634
0.00398488 654
0.00400503 673
0.00402833 691
0.00404641 709
0.004066 729
0.00408706 746
0.00410963 763
0.00412928 780
0.00414895 801
0.00416897 819
0.00418947 836
0.00420864 853
0.004228 881
0.00424737 902
0.00426666 919
0.00428606 936
0.00430828 953
0.0043269 970
0.00434603 987
0.00436441 1004
0.00438431 1021
0.00440501 1037
0.00442465 1053
0.00444361 1071
0.0044624 1087
0.00448411 1102
0.00450427 1117
0.00452437 1132
0.0045429 1147
0.00456157 1162
0.00458027 1184
0.00459775 1200
0.00461842 1217
0.00463672 1231
0.00465569 1245
0.00467326 1259
0.00469203 1272
0.00471082 1284
0.00472935 1295
0.00474871 1306
0.00476871 1317
0.00478972 1328
0.00480822 1343
0.0048283 1363
0.00484852 1374
0.00486762 1384
0.00488684 1394
0.00490709 1406
0.0049275 1419
0.00494872 1433
0.00497069 1443
0.00499138 1453
0.0050216 1462
0.00505196 1477
0.00507956 1490
0.00510149 1499
0.00512316 1514
0.00514326 1529
0.00516323 1538
0.00518324 1558
0.00520262 1572
0.00522065 1581
0.00524017 1593
0.00526276 1606
0.00532952 1618
0.00537013 1628
0.00539061 1638
0.00541073 1648
0.0054184 1656
0.00542818 1663
0.00543987 1670
0.00545287 1675
0.00545685 1680
0.00546432 1684
0.00547587 1696
0.00548941 1700
0.0054936 1705
0.00550121 1708
0.00550454 1711
0.00550893 1718
0.00551586 1722
0.00552047 1725
0.0055257 1728
0.00553133 1731
0.00553761 1735
0.00555559 1737
0.00555889 1739
0.00556345 1740
0.00557009 1744
0.00558141 1745
0.00558661 1746
0.00559572 1752
0.00560872 1753
0.0056167 1754
0.00564149 1755
0.00565206 1756
0.00567394 1758
0.0056789 1777
0.00574031 1788
0.00576987 1791
0.00578054 1792
0.00584623 1795
0.00585783 1796
0.00587013 1804
0.00596666 1805
0.00597316 1809
0.00598425 1812
0.0068081 1820
0.0068384 1823
0.00684341 1824
0.00688319 1825
0.0068856 1827
0.00688845 1828
0.00697937 1830
0.00698399 1832
2 1832
