0 -18557
4.7e-08 -18308
5.646e-06 -18074
1.676e-05 -17852
3.631e-05 -17631
5.1223e-05 -17410
6.4147e-05 -17190
7.4289e-05 -16973
8.3386e-05 -16756
9.268e-05 -16542
0.000101767 -16331
0.000110628 -16122
0.000119677 -15914
0.000129245 -15706
0.000138709 -15501
0.000147627 -15296
0.00015678 -15091
0.000165867 -14888
0.00017486 -14686
0.000184456 -14485
0.000194127 -14285
0.000203092 -14086
0.000211858 -13889
0.000220936 -13693
0.000229844 -13499
0.000238648 -13307
0.000247622 -13116
0.000257096 -12926
0.00026689 -12738
0.000275798 -12551
0.000284706 -12364
0.000293745 -12180
0.000302917 -11998
0.000312033 -11816
0.00032161 -11636
0.000331649 -11457
0.000341245 -11278
0.000350191 -11101
0.000359966 -10924
0.000369656 -10748
0.000379375 -10573
0.000390357 -10399
0.000399849 -10226
0.000409521 -10058
0.000419032 -9890
0.000428732 -9723
0.000438742 -9557
0.000448376 -9392
0.000458604 -9227
0.000469218 -9063
0.000480878 -8899
0.000491285 -8738
0.000500768 -8578
0.00051306 -8418
0.00052456 -8261
0.000536636 -8104
0.00054675 -7950
0.000557364 -7799
0.000567517 -7648
0.000578536 -7497
0.000588434 -7347
0.000599416 -7197
0.00061134 -7048
0.000621596 -6901
0.000632276 -6754
0.000650073 -6608
0.000662855 -6463
0.000675213 -6318
0.000686516 -6173
0.000697441 -6030
0.000710063 -5888
0.000722835 -5747
0.000734421 -5606
0.000746505 -5468
0.000757119 -5330
0.000769883 -5192
0.000782712 -5056
0.000794288 -4924
0.000806174 -4792
0.000817599 -4662
0.000830259 -4535
0.000842089 -4409
0.00085341 -4286
0.000868502 -4163
0.000881275 -4041
0.000895433 -3921
0.000908771 -3801
0.000921883 -3681
0.000935674 -3562
0.000949003 -3444
0.000963859 -3327
0.000977019 -3211
0.000989697 -3098
0.00100314 -2987
0.00101732 -2877
0.0010313 -2767
0.00104671 -2658
0.00105907 -2549
0.00107324 -2443
0.001089 -2340
0.00110342 -2239
0.0011174 -2139
0.00113426 -2041
0.00115045 -1945
0.00116798 -1849
0.00118499 -1756
0.00120155 -1663
0.00121612 -1572
0.00123178 -1484
0.00125284 -1398
0.00127419 -1314
0.0012945 -1230
0.00131513 -1146
0.00133221 -1065
0.00135658 -987
0.00137576 -912
0.00139652 -839
0.00141666 -768
0.00143774 -701
0.00146185 -636
0.00149192 -574
0.00152223 -515
0.00155308 -456
0.00158273 -399
0.00161543 -346
0.00164614 -294
0.00168102 -246
0.00171613 -201
0.0017505 -157
0.00179186 -116
0.00182935 -78
0.00186977 -43
0.00190699 -13
0.00196434 13
0.00200965 35
0.00204923 55
0.00208621 71
0.00212429 86
0.0021606 101
0.00219752 120
0.00223215 142
0.00226984 155
0.00230663 171
0.00233984 183
0.00237407 191
0.00240763 202
0.00244298 215
0.00247981 226
0.00251656 237
0.002552 250
0.00258988 260
0.00262602 272
0.00266101 283
0.00269741 291
0.00273301 302
0.00280608 310
0.00284768 316
0.0028818 325
0.0029167 333
0.00295288 343
0.00299139 351
0.00302737 356
0.00306329 361
0.00310132 365
0.00313457 372
0.00316962 383
0.00320186 390
0.00323728 400
0.00326967 411
0.00330176 416
0.00333578 417
0.003374 430
0.00505097 433
0.00508701 439
0.00526272 441
0.00540117 445
0.00543512 448
2 448
