620 0.0646988
592 0.110245
594 0.126678
600 0.0984252
588 0.113613
624 0.0660072
609 0.07762
595 0.134467
594 0.0611144
602 0.0787628
207 0.125219
203 0.0871513
216 0.134606
211 0.0907565
191 0.165871
214 0.0785767
222 0.141133
202 0.103876
212 0.110824
203 0.132794
2274 0.0265634
2366 0.0320699
2232 0.0230334
2196 0.0185803
2282 0.0208786
2274 0.0193498
2192 0.0183185
2275 0.0230984
2175 0.0188845
2209 0.022039
2219 0.0516754
2156 0.064042
2121 0.0636049
2069 0.0586096
2113 0.0774626
2158 0.042245
1990 0.0748359
2048 0.0414203
2085 0.043048
2021 0.0833425
