419 0.117739
447 0.215642
464 0.0992588
453 0.136258
438 0.128467
436 0.131195
453 0.165482
482 0.138247
424 0.119577
433 0.135727
170 0.141565
165 0.195449
160 0.185511
184 0.200747
151 0.207626
163 0.176008
169 0.230087
173 0.167067
167 0.198802
168 0.163889
1742 0.0336474
1686 0.0142888
1706 0.0328346
1696 0.0150122
1826 0.0370862
1717 0.0112842
1795 0.04229
1745 0.00933503
1717 0.0176881
1777 0.00837139
1485 0.0230262
1487 0.0248279
1390 0.17774
1406 0.105891
1534 0.333812
1341 0.108398
1359 0.118978
1491 0.227538
1403 0.288386
1320 0.103546
