0 -2373
4.5e-08 -2194
5.792e-06 -2045
1.0017e-05 -1928
1.6652e-05 -1814
2.2327e-05 -1701
3.1673e-05 -1588
4.0829e-05 -1479
4.6739e-05 -1370
5.1181e-05 -1270
5.5378e-05 -1170
5.9892e-05 -1074
6.4126e-05 -987
6.8549e-05 -903
7.2656e-05 -824
7.669e-05 -745
8.0388e-05 -667
8.4495e-05 -592
8.8828e-05 -521
9.2989e-05 -452
9.6905e-05 -389
0.00010112 -326
0.000105363 -267
0.000109442 -208
0.000113222 -152
0.000117528 -100
0.000121598 -48
0.000126475 2
0.000130409 51
0.000134688 98
0.000139375 143
0.000143327 188
0.000147098 232
0.000151041 273
0.000155275 311
0.000159617 348
0.000163614 381
0.000167195 413
0.000172181 445
0.000176958 475
0.000180385 505
0.000184518 532
0.000187963 557
0.000191562 581
0.000195424 605
0.000198796 627
0.000202866 649
0.000206129 671
0.000209982 692
0.000213826 710
0.000218005 727
0.000222755 744
0.000225039 758
0.000226843 770
0.000228837 780
0.000231521 794
0.00023327 807
0.000234539 815
0.000236089 823
0.000237458 829
0.000240441 846
0.000245716 851
0.000247711 855
0.000249524 858
0.000251518 860
0.000253168 861
0.00025509 879
0.000272295 881
0.000273664 883
0.000274607 894
0.000277462 895
0.000283617 899
0.000323839 900
0.000326758 903
0.000329858 909
0.000332985 914
0.000334545 916
0.000338325 924
0.000371602 925
0.000549857 926
0.000596361 929
0.000658946 930
2 930
