0 -121602
3.8e-08 -120823
1.6475e-05 -120082
3.3025e-05 -119344
5.3765e-05 -118626
7.4249e-05 -117909
0.000105445 -117199
0.000136109 -116490
0.000176983 -115785
0.000218264 -115088
0.000252521 -114391
0.000283214 -113705
0.000312674 -113024
0.00034113 -112348
0.000368638 -111679
0.000396516 -111013
0.000425086 -110348
0.000452584 -109684
0.000480822 -109025
0.000509885 -108368
0.000537839 -107711
0.000566465 -107055
0.000594371 -106400
0.000627984 -105745
0.000658364 -105091
0.000689967 -104438
0.000721627 -103787
0.000751732 -103137
0.000799791 -102492
0.000847953 -101853
0.000889348 -101216
0.000925103 -100580
0.000957625 -99945
0.000988148 -99311
0.00101777 -98677
0.00104663 -98048
0.00107524 -97420
0.00110334 -96797
0.00113299 -96175
0.00116193 -95553
0.00119137 -94933
0.00122171 -94313
0.00125045 -93693
0.00127947 -93082
0.0013079 -92471
0.00133848 -91860
0.00136894 -91250
0.00139885 -90641
0.00142772 -90033
0.00145618 -89425
0.00148576 -88817
0.00151414 -88209
0.00154354 -87601
0.00157565 -86994
0.00160978 -86387
0.00163971 -85781
0.00167034 -85180
0.00170076 -84580
0.00173046 -83983
0.00176145 -83386
0.00179984 -82790
0.0018305 -82194
0.00186098 -81599
0.00189271 -81010
0.00192424 -80422
0.00195607 -79834
0.00198716 -79247
0.00201703 -78660
0.00204742 -78075
0.00207783 -77493
0.00211962 -76913
0.00215193 -76337
0.0021822 -75764
0.00221362 -75192
0.00224453 -74620
0.00227878 -74049
0.00231341 -73479
0.0023466 -72909
0.00237784 -72339
0.00240959 -71775
0.0024413 -71211
0.00247328 -70650
0.00250459 -70092
0.00254023 -69535
0.00256982 -68979
0.00260115 -68424
0.002636 -67869
0.00266949 -67316
0.0027178 -66764
0.00275319 -66214
0.00278729 -65665
0.0028201 -65116
0.00285369 -64568
0.00288506 -64021
0.00291857 -63474
0.00295078 -62928
0.00298461 -62391
0.00301823 -61854
0.0030522 -61324
0.00308402 -60795
0.00312045 -60270
0.00315619 -59746
0.00319128 -59224
0.00322303 -58703
0.00325663 -58184
0.00329043 -57665
0.00332437 -57146
0.0033579 -56629
0.00339121 -56112
0.00342547 -55598
0.00345755 -55088
0.00349467 -54578
0.00352706 -54069
0.00355985 -53562
0.00359299 -53056
0.0036293 -52550
0.00366396 -52044
0.00370919 -51539
0.00374412 -51035
0.0037768 -50531
0.0038117 -50027
0.00384412 -49531
0.00387725 -49036
0.00391305 -48544
0.00394769 -48053
0.00398032 -47563
0.00401591 -47073
0.00405024 -46584
0.00408766 -46098
0.00413246 -45613
0.00417046 -45132
0.00420732 -44652
0.00424546 -44172
0.00428025 -43693
0.00431262 -43215
0.00436248 -42737
0.00440321 -42259
0.00444408 -41782
0.00447931 -41309
0.00451672 -40838
0.00455344 -40370
0.00458634 -39908
0.00462146 -39446
0.00465322 -38984
0.00468498 -38523
0.00471809 -38063
0.00475083 -37605
0.00478659 -37151
0.00482308 -36699
0.00485913 -36248
0.0048959 -35799
0.0049336 -35350
0.00497172 -34901
0.00501008 -34456
0.00504591 -34015
0.00508122 -33578
0.00511737 -33142
0.0051579 -32706
0.00519646 -32272
0.0052365 -31840
0.00527786 -31410
0.00531841 -30982
0.0053561 -30555
0.00539511 -30130
0.00543515 -29708
0.00547224 -29287
0.00550888 -28867
0.00554744 -28449
0.00559131 -28033
0.00563127 -27619
0.00566694 -27206
0.00570586 -26796
0.00574641 -26389
0.00579592 -25985
0.00583679 -25581
0.00587762 -25178
0.0059154 -24775
0.00595279 -24373
0.00598676 -23979
0.00602607 -23585
0.00606701 -23192
0.00610677 -22802
0.00615004 -22412
0.00619236 -22023
0.00624714 -21635
0.00629448 -21249
0.00633862 -20864
0.00638429 -20487
0.00643017 -20113
0.00647054 -19739
0.00651151 -19373
0.00655424 -19013
0.00659964 -18653
0.00664108 -18294
0.00668729 -17937
0.00673555 -17585
0.00678451 -17236
0.00683424 -16895
0.00688218 -16554
0.00693001 -16214
0.00698076 -15884
0.00703893 -15557
0.00709116 -15233
0.00714604 -14909
0.00720084 -14586
0.00725003 -14264
0.00730209 -13946
0.00736433 -13629
0.00742788 -13312
0.00748844 -12999
0.00755235 -12688
0.0076139 -12377
0.00767065 -12070
0.00773116 -11769
0.0077915 -11470
0.00785568 -11172
0.00793443 -10874
0.00800637 -10586
0.00808184 -10305
0.00818099 -10033
0.00829032 -9761
0.00839049 -9493
0.00849206 -9227
0.00858677 -8963
0.00868121 -8699
0.0087737 -8439
0.00886875 -8181
0.0089636 -7925
0.00905489 -7674
0.00915023 -7427
0.00925141 -7187
0.00935418 -6949
0.00945419 -6718
0.00955877 -6488
0.0096693 -6259
0.00977838 -6033
0.00989271 -5808
0.0100043 -5586
0.0101471 -5370
0.0102842 -5155
0.0104202 -4954
0.0105524 -4753
0.0106854 -4552
0.0108152 -4356
0.010945 -4163
0.0110719 -3971
0.0111981 -3787
0.0113247 -3605
0.0114521 -3425
0.0115824 -3251
0.0117129 -3083
0.011844 -2917
0.0119888 -2754
0.0121442 -2591
0.0122792 -2429
0.0124085 -2270
0.0125331 -2118
0.012663 -1979
0.0127817 -1841
0.0129021 -1707
0.0130176 -1577
0.0131334 -1455
0.0132486 -1337
0.0133631 -1220
0.0134733 -1104
0.0135957 -1002
0.0137032 -902
0.0138161 -809
0.0139211 -724
0.0140245 -646
0.0141234 -570
0.0142189 -497
0.0143113 -429
0.0144023 -367
0.0144863 -305
0.0145687 -247
0.0146494 -192
0.0147303 -140
0.0148122 -91
0.0148916 -46
0.0149699 -5
0.0150462 33
0.0151184 67
0.0151861 96
0.0152532 123
0.0153209 145
0.015386 164
0.0154501 185
0.0155304 197
0.0156081 210
0.0156809 220
0.0157495 228
0.0158153 237
0.0159002 258
0.015967 262
0.0160347 270
0.0161001 278
0.0161636 285
0.0162262 297
0.0163019 308
0.0163729 323
0.0164472 335
0.0165178 355
0.0165854 370
0.016649 383
0.0167118 390
0.0167716 397
0.0168318 406
0.0168954 412
0.016959 414
0.0170239 416
0.0171763 423
0.0172588 438
0.0173372 439
0.0174072 449
0.0174779 456
0.0176203 467
0.01769 469
0.0177568 470
0.0178304 471
0.0179008 472
0.0179705 478
0.018037 489
0.0181812 497
0.0182511 505
0.0183181 507
0.0183856 508
0.0185156 526
0.0185879 529
0.0186557 530
0.018729 531
0.0200987 535
0.0203166 551
0.0203873 560
0.0267177 571
0.0269267 572
0.0272639 573
0.027327 574
0.0273906 576
0.0296476 577
0.0297373 579
0.0339997 582
0.0342928 583
0.0417622 584
0.0426207 585
0.0426926 588
0.0427571 595
0.0428267 598
0.0428974 601
0.0429612 602
2 602
