0 -23502
7.6e-08 -23082
8.057e-06 -22697
1.4559e-05 -22324
2.0304e-05 -21952
2.7735e-05 -21593
3.6333e-05 -21236
4.2219e-05 -20882
5.3452e-05 -20533
7.168e-05 -20189
8.0514e-05 -19845
8.9481e-05 -19502
0.000116193 -19163
0.000135417 -18824
0.000146033 -18495
0.000155237 -18169
0.000163825 -17847
0.000172432 -17525
0.000180508 -17212
0.000188689 -16904
0.000196973 -16604
0.000206339 -16309
0.000216074 -16017
0.000224368 -15726
0.000232197 -15436
0.000240927 -15150
0.000250169 -14868
0.000259895 -14587
0.00026853 -14312
0.000278682 -14039
0.000287555 -13767
0.000296162 -13497
0.000304702 -13228
0.000313575 -12959
0.000323376 -12693
0.000333262 -12430
0.000342419 -12173
0.000352182 -11920
0.000360647 -11670
0.000369008 -11425
0.000378923 -11185
0.000389037 -10945
0.000400089 -10706
0.000410412 -10471
0.00041936 -10236
0.000428469 -10002
0.000438688 -9769
0.000448518 -9536
0.000457883 -9304
0.000467883 -9077
0.000477428 -8850
0.00048705 -8633
0.000496927 -8417
0.000505629 -8203
0.00051634 -7989
0.000526729 -7778
0.000536454 -7569
0.00054891 -7365
0.000559488 -7165
0.000569849 -6968
0.000581574 -6771
0.000591044 -6574
0.000601964 -6384
0.000613443 -6195
0.000624855 -6009
0.000636041 -5826
0.000647548 -5645
0.000659463 -5467
0.000670326 -5290
0.000682677 -5116
0.000693644 -4946
0.000704147 -4776
0.000715825 -4607
0.000729731 -4439
0.000741457 -4276
0.000752585 -4119
0.000766244 -3968
0.000778548 -3822
0.000789458 -3679
0.000801696 -3536
0.00081635 -3395
0.000830483 -3255
0.000841394 -3116
0.000853906 -2978
0.000869338 -2841
0.00088403 -2706
0.000899746 -2574
0.000914391 -2448
0.00092733 -2325
0.000943975 -2203
0.000956725 -2089
0.000971408 -1976
0.000985294 -1866
0.000998205 -1759
0.00101879 -1653
0.00103467 -1549
0.00105046 -1446
0.00107367 -1346
0.0011015 -1258
0.00111998 -1171
0.00113724 -1089
0.00115339 -1007
0.00117083 -929
0.00118588 -853
0.00120341 -779
0.0012209 -710
0.00123781 -641
0.00125476 -576
0.00132416 -514
0.00134622 -452
0.00136351 -392
0.00138061 -332
0.00139583 -274
0.00141382 -216
0.00142987 -161
0.00144792 -107
0.00146272 -58
0.00147741 -12
0.00149207 33
0.00150782 75
0.00152418 113
0.00153848 151
0.00155283 185
0.00156932 214
0.00158435 241
0.00159899 265
0.00161338 286
0.00162874 307
0.00164497 325
0.0016605 339
0.00167361 353
0.00168913 382
0.00170467 407
0.00172127 419
0.00173512 433
0.00175022 449
0.00176545 461
0.00178004 475
0.0017922 486
0.00180531 519
0.00181777 538
0.00183315 546
0.00184694 566
0.00186213 573
0.00187727 586
0.00189073 592
0.00190521 597
0.0019213 622
0.00193745 627
0.00195382 637
0.00197389 645
0.00198786 649
0.00201435 660
0.00203013 670
0.00204607 674
0.00207689 684
0.00209375 687
0.00212118 701
0.0021371 712
0.00215017 720
0.00216549 724
0.00217877 730
0.00219176 739
0.00220582 746
0.00222074 747
0.00227867 755
0.00229269 757
0.00230493 764
0.00231577 766
0.00232788 767
0.00234023 771
0.00241064 778
0.00256438 781
0.00257879 790
0.0025958 804
0.00261088 809
0.00262622 820
0.00264193 828
0.00265691 829
0.00267331 830
0.00273257 832
0.0031519 839
0.00317028 840
0.00318354 848
0.00357216 849
0.00359978 858
0.00408805 864
0.00410653 870
0.00411358 871
0.00411659 875
0.00444974 881
0.00627772 885
0.00629182 887
0.00630142 892
2 892
