0 -13481
5.1e-08 -13141
3.769e-06 -12806
6.366e-06 -12507
8.546e-06 -12222
1.3771e-05 -11945
2.0076e-05 -11669
2.6605e-05 -11394
3.3185e-05 -11119
3.9042e-05 -10844
4.3615e-05 -10575
4.7771e-05 -10309
5.2772e-05 -10047
5.7162e-05 -9791
6.1735e-05 -9541
6.6329e-05 -9291
7.0678e-05 -9042
7.5394e-05 -8797
8.0212e-05 -8560
8.5193e-05 -8324
9.0194e-05 -8089
9.5175e-05 -7856
9.9544e-05 -7630
0.000104423 -7404
0.000109679 -7186
0.000114497 -6970
0.000119294 -6758
0.000123745 -6546
0.000128197 -6337
0.000132974 -6129
0.000138433 -5924
0.000143842 -5724
0.000148527 -5526
0.000153477 -5328
0.00015912 -5131
0.000165008 -4938
0.000170304 -4753
0.000175672 -4569
0.000180928 -4386
0.000186306 -4205
0.000192336 -4025
0.00019751 -3846
0.000202419 -3670
0.000207268 -3494
0.000213328 -3319
0.000218044 -3153
0.000222658 -2991
0.000228301 -2832
0.0002337 -2680
0.000239424 -2533
0.000244537 -2387
0.00024911 -2246
0.000254224 -2109
0.000262036 -1976
0.000269522 -1845
0.000276286 -1714
0.000283161 -1589
0.000289731 -1467
0.000297156 -1350
0.000304194 -1233
0.000312852 -1125
0.000319483 -1020
0.000327744 -920
0.000336717 -827
0.000344774 -736
0.000352495 -656
0.000362273 -578
0.00037252 -500
0.00038189 -427
0.000391669 -357
0.000401651 -289
0.000415666 -226
0.000426178 -164
0.000439052 -107
0.000449299 -56
0.000460564 -14
0.000472135 23
0.000484531 58
0.000496774 82
0.00050804 106
0.000530805 126
0.00054975 145
0.00056295 159
0.000574481 171
0.000585247 184
0.000594526 196
0.000603825 205
0.000612667 213
0.000623983 226
0.000634056 229
0.000644059 235
0.000653959 238
0.000665418 241
0.000676021 245
0.000689171 249
0.000699387 260
0.000711987 278
0.00072368 290
0.000733906 306
0.000744886 313
0.000756956 336
0.000767142 346
0.00077856 350
0.000788094 352
0.000799868 357
0.00081145 361
0.000819669 368
0.000831271 374
0.000841864 379
0.000852365 380
0.000863478 386
0.000872451 399
0.000893067 404
0.000902682 407
0.000963572 414
0.000975153 418
0.000987743 429
0.00126907 430
0.00128093 431
0.00175904 433
0.00177063 436
0.00181247 438
0.00214106 439
0.0021524 443
0.00217665 444
2 444
