0 -50697
5.4e-08 -50116
6.5622e-05 -49537
0.000115098 -49005
0.000150053 -48475
0.000193765 -47972
0.00024045 -47494
0.00033944 -47017
0.000483229 -46540
0.000646581 -46068
0.000837373 -45600
0.00102103 -45141
0.00119918 -44682
0.00137209 -44228
0.00154082 -43775
0.00170511 -43325
0.00187078 -42885
0.00203229 -42451
0.00219248 -42018
0.00235324 -41588
0.0025123 -41165
0.00270056 -40746
0.00288328 -40331
0.00306088 -39917
0.00325459 -39504
0.00342833 -39094
0.00359745 -38687
0.00376286 -38280
0.00392626 -37880
0.00408616 -37480
0.00424316 -37083
0.00441223 -36687
0.00458668 -36297
0.00475776 -35907
0.00492348 -35518
0.00509974 -35140
0.00526917 -34764
0.00543239 -34399
0.00559142 -34035
0.00574701 -33673
0.0058992 -33316
0.00604898 -32959
0.00620584 -32602
0.00635416 -32246
0.00650111 -31893
0.00664695 -31546
0.00679391 -31199
0.00693501 -30855
0.00707732 -30515
0.00722845 -30175
0.00736525 -29835
0.00749958 -29495
0.00763467 -29155
0.00776852 -28818
0.00789949 -28482
0.00803715 -28148
0.00816705 -27815
0.00829371 -27483
0.00841971 -27157
0.00854521 -26831
0.00866994 -26507
0.00879581 -26188
0.0089195 -25869
0.00904529 -25551
0.00916711 -25234
0.00928846 -24922
0.00940703 -24611
0.00952564 -24301
0.00964191 -23991
0.0097668 -23682
0.00989421 -23381
0.01001 -23080
0.0101183 -22781
0.0102279 -22493
0.010337 -22206
0.0104436 -21922
0.0105626 -21639
0.0106737 -21357
0.0107823 -21076
0.0108883 -20796
0.0109899 -20521
0.0111048 -20247
0.0112063 -19974
0.011307 -19701
0.0114042 -19429
0.0114978 -19160
0.0115897 -18891
0.0117187 -18623
0.0118597 -18356
0.0119975 -18089
0.0121385 -17830
0.0122736 -17576
0.0124019 -17323
0.0125225 -17071
0.01264 -16821
0.0127485 -16571
0.0128542 -16323
0.0129551 -16077
0.0130524 -15833
0.0131477 -15590
0.01324 -15348
0.0133291 -15109
0.0134159 -14871
0.0135467 -14635
0.0136777 -14399
0.0138031 -14165
0.0139219 -13933
0.0140325 -13702
0.0141372 -13472
0.0142383 -13243
0.0143347 -13016
0.0144279 -12798
0.0145185 -12581
0.014608 -12365
0.0146933 -12151
0.0147784 -11937
0.0148597 -11723
0.0149393 -11515
0.0150201 -11313
0.0151083 -11115
0.015182 -10920
0.0152529 -10726
0.0153751 -10533
0.0154889 -10340
0.0155943 -10148
0.0156916 -9958
0.0157785 -9769
0.0158549 -9580
0.0159284 -9392
0.0160003 -9204
0.0160621 -9017
0.016121 -8831
0.0161774 -8645
0.0162313 -8463
0.0162892 -8283
0.016345 -8106
0.0163985 -7930
0.0164477 -7758
0.0165035 -7586
0.0165538 -7415
0.0165971 -7247
0.0166512 -7082
0.0167049 -6924
0.0167527 -6769
0.0168037 -6615
0.016853 -6463
0.0169029 -6317
0.01695 -6172
0.0169972 -6029
0.01705 -5886
0.0171411 -5746
0.0172452 -5606
0.0173428 -5468
0.0174326 -5332
0.0175153 -5197
0.0175933 -5063
0.0176655 -4930
0.0177319 -4798
0.0177949 -4667
0.0178544 -4542
0.017911 -4419
0.0179679 -4297
0.018033 -4180
0.0180941 -4064
0.0181578 -3948
0.0182193 -3833
0.0182787 -3719
0.0183344 -3607
0.0183906 -3496
0.0184453 -3386
0.0184997 -3279
0.0185552 -3175
0.0186116 -3073
0.0186651 -2973
0.0187252 -2875
0.0188244 -2777
0.0189257 -2682
0.0190116 -2591
0.019101 -2501
0.0191731 -2412
0.0192387 -2324
0.0193 -2237
0.019354 -2152
0.0194025 -2068
0.0194484 -1985
0.0194975 -1904
0.0195489 -1823
0.0196009 -1744
0.0196544 -1666
0.0197072 -1589
0.0197612 -1512
0.0198167 -1436
0.0198706 -1361
0.0199258 -1288
0.019979 -1217
0.0200346 -1147
0.020087 -1077
0.0201395 -1007
0.0201898 -940
0.0202393 -873
0.0202918 -807
0.0203433 -748
0.0203966 -689
0.020445 -632
0.020493 -575
0.0205444 -519
0.0205987 -463
0.0206502 -408
0.0207007 -353
0.0207691 -299
0.0208268 -246
0.0208826 -195
0.0209389 -145
0.0209914 -97
0.0210444 -50
0.0210974 -3
0.021148 42
0.0211986 86
0.0212505 126
0.021303 165
0.021351 201
0.0213988 237
0.0214486 273
0.0214993 305
0.0215473 332
0.0215956 358
0.0216483 383
0.0216996 415
0.021751 439
0.0217983 470
0.0218466 494
0.021895 519
0.021945 549
0.0219951 576
0.0220456 602
0.0220965 626
0.0221461 661
0.0221965 683
0.022245 704
0.0222949 724
0.0223454 744
0.0223952 765
0.0224469 783
0.0224989 808
0.0225616 827
0.0226151 847
0.0226689 864
0.0227218 890
0.0227735 907
0.0228243 930
0.0228742 946
0.0229193 968
0.0229684 986
0.0230154 1003
0.0230638 1019
0.0231216 1035
0.0231731 1049
0.0232329 1068
0.0232834 1082
0.0233326 1096
0.0233788 1110
0.0234223 1122
0.0234691 1134
0.0235154 1159
0.0235646 1171
0.0236109 1196
0.0236595 1217
0.0237396 1230
0.0237985 1240
0.0238545 1254
0.023908 1266
0.023959 1284
0.0240092 1294
0.0240955 1305
0.0241671 1316
0.0242329 1326
0.0242946 1341
0.024362 1351
0.0244376 1362
0.0245053 1380
0.0245666 1393
0.024623 1403
0.024679 1415
0.024735 1423
0.0247914 1439
0.0248474 1453
0.0248999 1465
0.0249521 1481
0.0250035 1494
0.0250553 1504
0.0251069 1517
0.0251586 1536
0.0252075 1543
0.0252536 1550
0.0253021 1563
0.0253558 1570
0.0254086 1577
0.0254615 1596
0.0255155 1604
0.0255685 1622
0.0256186 1628
0.025664 1633
0.0257071 1647
0.0257562 1653
0.025807 1662
0.0258572 1666
0.0259038 1677
0.0259553 1684
0.0260165 1694
0.0260737 1699
0.0261279 1707
0.0262022 1713
0.0262774 1719
0.0263479 1723
0.0264135 1735
0.0264742 1744
0.0265345 1754
0.026593 1761
0.0266497 1770
0.026707 1788
0.0267665 1793
0.0268203 1797
0.0268718 1799
0.0269247 1812
0.0269783 1815
0.0270291 1829
0.0270806 1840
0.0271699 1849
0.0272221 1861
0.0272773 1872
0.0273322 1877
0.0273863 1881
0.027489 1891
0.0275393 1913
0.0275904 1922
0.0276433 1930
0.0276953 1935
0.0277618 1946
0.0280116 1953
0.0280706 1955
0.0281035 1960
0.0281489 1961
0.0281608 1962
0.028172 1964
0.0282112 1965
0.0282882 1978
0.0284708 1982
0.0285185 1983
0.0285361 1985
0.0285681 1986
0.0287424 1989
0.0287538 1991
0.0287957 1998
0.0288056 2000
0.0288382 2008
0.028881 2012
0.0288893 2015
0.0288947 2016
0.0290562 2019
0.029204 2022
0.0292257 2026
0.0292536 2028
0.0292729 2030
0.0293376 2034
0.0293458 2048
0.0300273 2054
0.030047 2058
0.0301003 2060
0.0315554 2067
0.0315865 2073
0.0316824 2074
0.0327833 2075
0.0327878 2077
0.0331039 2078
0.0331332 2085
0.0336958 2086
0.0341711 2088
0.0341752 2090
0.0349883 2092
0.0377222 2095
0.0385959 2096
0.0386632 2101
0.0425392 2102
0.043445 2105
0.0479842 2107
0.0480204 2109
0.0486182 2112
0.053931 2121
2 2121
