0 -223329
6.1e-08 -222239
1.649e-05 -221166
3.1606e-05 -220126
5.4921e-05 -219104
9.1854e-05 -218083
0.000132719 -217072
0.00018384 -216061
0.000229676 -215051
0.000273505 -214043
0.000320155 -213035
0.000362038 -212035
0.000403412 -211040
0.000444634 -210052
0.000486028 -209074
0.000527198 -208099
0.000568308 -207127
0.000609376 -206155
0.000650363 -205186
0.000691452 -204227
0.000732612 -203268
0.000774506 -202312
0.000816145 -201359
0.000857468 -200410
0.000898923 -199462
0.000940593 -198518
0.0009827 -197574
0.00102438 -196631
0.00106579 -195688
0.00110729 -194750
0.00114892 -193813
0.00119099 -192876
0.00123262 -191939
0.00127575 -191008
0.00132265 -190077
0.00136488 -189148
0.00140704 -188219
0.001449 -187292
0.00149056 -186368
0.00153187 -185446
0.00157304 -184528
0.00161428 -183611
0.00165575 -182695
0.00169775 -181784
0.00173934 -180874
0.00178071 -179965
0.00182238 -179059
0.00188183 -178154
0.00195643 -177251
0.00201932 -176348
0.00207046 -175446
0.00211876 -174547
0.0021647 -173648
0.00220944 -172749
0.00225364 -171851
0.0022977 -170957
0.00234547 -170063
0.00238908 -169170
0.00243238 -168280
0.00247552 -167394
0.00251877 -166509
0.00256184 -165624
0.00260538 -164742
0.00265874 -163862
0.00270258 -162984
0.00274685 -162107
0.00279018 -161230
0.00283355 -160353
0.00287693 -159477
0.00292012 -158601
0.00296327 -157728
0.00300664 -156855
0.00304981 -155984
0.00309254 -155113
0.00313611 -154243
0.0031798 -153374
0.00322291 -152506
0.00326608 -151638
0.00330908 -150770
0.00335235 -149903
0.0033988 -149037
0.00344055 -148174
0.0034822 -147312
0.00352374 -146450
0.0035654 -145589
0.00360693 -144728
0.00365156 -143868
0.00369329 -143008
0.00374627 -142149
0.00379023 -141290
0.00383394 -140432
0.00387713 -139576
0.00391941 -138720
0.00396103 -137865
0.00400249 -137012
0.00404418 -136159
0.00408622 -135306
0.00412795 -134454
0.00419574 -133604
0.00424369 -132755
0.00428728 -131908
0.00432992 -131062
0.00437224 -130219
0.00441429 -129378
0.00445612 -128538
0.00449836 -127698
0.00454024 -126858
0.00458173 -126018
0.00462334 -125179
0.00467075 -124341
0.00471372 -123503
0.00475549 -122665
0.00479721 -121828
0.00483844 -120992
0.00488021 -120156
0.00492287 -119321
0.00496531 -118488
0.0050079 -117656
0.00505016 -116824
0.0050924 -115993
0.00513482 -115163
0.00517777 -114334
0.00522018 -113505
0.00526262 -112679
0.00530473 -111854
0.00534687 -111029
0.00538856 -110204
0.00543047 -109380
0.00547255 -108556
0.00553021 -107734
0.00557341 -106913
0.00561488 -106092
0.00565664 -105271
0.00572345 -104451
0.0057682 -103631
0.00581086 -102813
0.00585254 -101996
0.00589421 -101179
0.00593518 -100363
0.00597676 -99552
0.00601849 -98741
0.00606005 -97931
0.0061014 -97122
0.0061421 -96317
0.0061843 -95513
0.00622636 -94710
0.00627132 -93907
0.00631582 -93104
0.00636198 -92303
0.00640945 -91505
0.00645586 -90708
0.00650109 -89911
0.0065455 -89115
0.00658811 -88322
0.00663055 -87532
0.00667326 -86743
0.00672048 -85954
0.00676418 -85166
0.00680733 -84381
0.00684958 -83599
0.00689236 -82818
0.00693633 -82040
0.00698093 -81263
0.00702574 -80488
0.00707057 -79713
0.00711625 -78939
0.00716278 -78165
0.00720952 -77393
0.00725508 -76622
0.00730096 -75853
0.00734597 -75087
0.0073916 -74323
0.00744173 -73559
0.00749026 -72796
0.00754826 -72033
0.00759726 -71276
0.00764505 -70521
0.00769015 -69766
0.00774834 -69011
0.00779319 -68260
0.00784008 -67510
0.00788869 -66761
0.00793692 -66012
0.00798357 -65265
0.00802883 -64522
0.0080724 -63780
0.00811587 -63040
0.00815996 -62302
0.00821151 -61565
0.00825377 -60828
0.00829703 -60097
0.00833981 -59367
0.00838188 -58640
0.00842693 -57915
0.00847726 -57191
0.00852596 -56468
0.00857694 -55747
0.00862968 -55029
0.00868151 -54311
0.0087329 -53594
0.00878334 -52878
0.00883258 -52162
0.00888274 -51446
0.00893222 -50732
0.00898038 -50019
0.00903049 -49308
0.00908145 -48598
0.00913405 -47889
0.00918426 -47182
0.00923517 -46478
0.00929288 -45775
0.00934676 -45073
0.00939926 -44374
0.00945381 -43677
0.00951488 -42981
0.00958271 -42286
0.00964247 -41594
0.00969978 -40905
0.00975517 -40217
0.00981169 -39531
0.00986355 -38850
0.00991283 -38170
0.00996556 -37490
0.0100199 -36810
0.0100738 -36133
0.0101316 -35458
0.0101904 -34787
0.0102467 -34117
0.0103106 -33448
0.0103712 -32780
0.0104317 -32121
0.0104904 -31463
0.0105566 -30807
0.0106189 -30154
0.0106821 -29501
0.0107448 -28850
0.0108082 -28199
0.010872 -27553
0.010939 -26920
0.0110071 -26290
0.0110727 -25668
0.0111425 -25048
0.0112146 -24429
0.0112924 -23813
0.0113695 -23197
0.0114465 -22586
0.0115252 -21984
0.0116031 -21391
0.0116981 -20800
0.0117834 -20217
0.0118666 -19638
0.011948 -19063
0.0120308 -18494
0.0121165 -17931
0.0122298 -17372
0.0123273 -16818
0.0124225 -16267
0.0125275 -15723
0.0126264 -15188
0.0127216 -14654
0.0128221 -14129
0.0129279 -13613
0.0130297 -13103
0.0131373 -12602
0.0132453 -12103
0.0133564 -11616
0.0134693 -11130
0.0135902 -10658
0.0137287 -10188
0.0138667 -9724
0.0140088 -9262
0.0141499 -8811
0.0142935 -8371
0.0144363 -7941
0.0145792 -7525
0.0147394 -7126
0.0148977 -6737
0.015067 -6349
0.0152423 -5962
0.0154539 -5585
0.0156651 -5213
0.0158927 -4857
0.0160934 -4520
0.0163058 -4189
0.0165158 -3860
0.0167338 -3544
0.016956 -3243
0.0171819 -2959
0.0174099 -2682
0.0176558 -2413
0.0178992 -2158
0.0181366 -1912
0.0183692 -1680
0.018599 -1474
0.0188319 -1275
0.0190548 -1088
0.0192693 -904
0.0194785 -744
0.0196865 -594
0.0198979 -458
0.0201223 -336
0.0203115 -244
0.0204793 -156
0.0206693 -91
0.0208187 -39
0.0209548 2
0.0210807 36
0.0211953 56
0.0212997 78
0.0213996 82
0.0215035 88
0.0216021 101
0.0217081 117
0.022054 121
0.0221652 125
0.0224003 131
0.0226154 159
0.0227313 166
0.022847 173
0.0229708 175
0.0232123 180
0.0233259 187
0.0262924 202
0.0264158 206
0.0265309 214
2 214
