0 -2838
6.4e-08 -2661
6.346e-06 -2500
1.0724e-05 -2347
2.1194e-05 -2206
2.9009e-05 -2071
3.5118e-05 -1936
4.2642e-05 -1806
5.0375e-05 -1678
5.8261e-05 -1552
6.4244e-05 -1431
6.9819e-05 -1321
7.5739e-05 -1221
8.1223e-05 -1122
8.7387e-05 -1026
9.4712e-05 -930
9.9997e-05 -837
0.000104783 -749
0.000109406 -671
0.000115543 -593
0.000121934 -517
0.000128017 -447
0.000132722 -380
0.000137798 -317
0.000142194 -255
0.000147253 -194
0.00015232 -134
0.000157433 -76
0.000161748 -24
0.000168039 28
0.000172363 76
0.000176569 122
0.000181682 165
0.000185834 201
0.000190275 235
0.000194817 269
0.000200383 302
0.000207436 328
0.000215721 354
0.000221142 379
0.000225838 404
0.000230778 428
0.000235383 455
0.000240323 479
0.000246116 502
0.000250712 525
0.000255063 545
0.000258508 564
0.000262333 582
0.000266449 600
0.000271099 625
0.000277091 649
0.00028234 669
0.000286492 686
0.000290625 700
0.000293925 708
0.000297197 725
0.000301866 731
0.000303289 737
0.000305157 742
0.000307885 756
0.000311946 761
0.00031327 766
0.000314738 769
0.000316379 781
0.000320132 783
0.00032131 793
0.000323395 795
0.000324293 797
0.000326051 810
0.000329786 811
0.000333458 819
0.000368512 823
0.000379209 841
0.000389407 846
0.00039151 851
0.000393296 855
0.000394674 856
0.000398073 857
0.000400394 859
0.000401962 861
0.000807114 863
0.000830412 867
2 867
