622 0.281229
571 0.190005
602 0.237452
602 0.169263
581 0.207302
654 0.164989
564 0.28688
626 0.311339
550 0.233502
576 0.237259
225 0.254964
203 0.280541
201 0.271634
209 0.263764
192 0.219067
188 0.294537
200 0.23773
187 2.13459
215 0.478936
196 0.238387
2166 0.0115923
2116 0.0123213
2135 0.00989838
2189 0.0113223
2108 0.00910872
2168 0.0125874
2106 0.0115492
2131 0.0135215
2084 0.0100899
2116 0.01049
2071 0.0163988
2054 0.020554
1963 0.0163648
1936 0.0157274
2001 0.0205683
2021 0.0168567
1932 0.0252599
1897 0.0139032
1958 0.0180781
1936 0.022217
