684 0.000829383
683 0.000621498
696 0.000673883
674 0.000651552
686 0.00103256
669 0.000730426
697 0.000605629
660 0.00119886
666 0.00113627
696 0.000617651
417 0.0196582
442 0.0440416
438 0.0201653
435 0.0271678
457 0.018244
453 0.0298534
430 0.027894
439 0.0184626
410 0.0365951
446 0.00793505
820 0.000601324
834 0.000664026
850 0.000574173
876 0.000519993
815 0.000587032
867 0.00122182
813 0.000660699
849 0.000823785
854 0.000593141
838 0.000572202
809 0.00108786
809 0.00114355
817 0.000844752
839 0.000837841
802 0.000562351
849 0.000750213
834 0.00122286
832 0.00146852
761 0.00142183
806 0.000974965
