696 0.0936776
627 0.0808807
759 0.0905832
760 0.0944556
753 0.198428
722 0.125526
755 0.155817
683 0.0858941
687 0.0953282
715 0.0973145
280 0.12679
284 0.130205
264 0.133506
252 0.160243
282 0.143569
284 0.253126
278 0.279827
258 0.252337
249 0.272846
257 0.158329
1571 0.00433815
1608 0.00345532
1673 0.00471734
1661 0.0047384
1634 0.00315076
1547 0.00412211
1606 0.00385962
1555 0.00385188
1662 0.00474562
1661 0.00452958
1552 0.00786032
1530 0.00611153
1538 0.00808151
1489 0.00598188
1526 0.00765333
1627 0.00705776
1542 0.00611826
1559 0.00867797
1549 0.0114269
1543 0.00620765
