0 -7653
7e-08 -7358
6.9e-06 -7089
1.214e-05 -6838
1.554e-05 -6588
2.188e-05 -6365
2.833e-05 -6156
3.563e-05 -5969
4.171e-05 -5782
4.677e-05 -5599
5.4231e-05 -5420
6.5541e-05 -5242
7.3881e-05 -5071
8.0191e-05 -4906
8.6801e-05 -4741
9.3691e-05 -4577
0.000100102 -4416
0.000106172 -4256
0.000112682 -4097
0.000120342 -3938
0.000185893 -3786
0.000198703 -3635
0.000206394 -3484
0.000212094 -3341
0.000217764 -3202
0.000224444 -3066
0.000230484 -2934
0.000235614 -2804
0.000241704 -2679
0.000246784 -2555
0.000251725 -2432
0.000257155 -2310
0.000263435 -2189
0.000269735 -2075
0.000275215 -1965
0.000280915 -1857
0.000286215 -1752
0.000291435 -1648
0.000297045 -1545
0.000303956 -1445
0.000310706 -1346
0.000318456 -1249
0.000325276 -1158
0.000333306 -1075
0.000340266 -992
0.000346876 -913
0.000352857 -840
0.000358927 -768
0.000366857 -697
0.000374767 -629
0.000381747 -565
0.000389487 -503
0.000398707 -441
0.000406758 -384
0.000413548 -328
0.000422268 -273
0.000430518 -222
0.000439858 -172
0.000448218 -124
0.000457099 -79
0.000464289 -38
0.000472989 2
0.000481279 38
0.000488989 73
0.000496989 105
0.0005052 133
0.00051689 160
0.0005332 185
0.00054391 209
0.00055224 232
0.000557411 255
0.000564071 277
0.000571371 297
0.000578501 316
0.000584671 334
0.000590871 356
0.000597301 372
0.000603141 389
0.000608702 404
0.000615832 418
0.000622282 430
0.000628052 441
0.000650682 455
0.000659083 467
0.000666423 487
0.000673973 497
0.000682883 506
0.000690893 532
0.000698403 540
0.000705864 545
0.000712384 558
0.000719404 575
0.000727824 587
0.000734584 593
0.000742694 600
0.000749604 605
0.000758935 610
0.000764775 614
0.000767075 617
0.000769865 618
0.000783705 622
0.000793345 633
0.000796475 636
0.000815666 640
0.000820956 642
0.000880807 648
0.000932218 650
0.000942778 656
0.000955128 659
0.000956338 661
0.000957178 664
0.000960159 666
0.000963519 673
0.000968879 676
0.000973229 683
0.00125322 685
0.00133461 688
0.00145788 689
0.00146064 690
2 690
