0 -124276
6e-08 -123467
1.788e-05 -122704
3.593e-05 -121952
6.7641e-05 -121211
9.5772e-05 -120481
0.000129832 -119752
0.000171673 -119025
0.000212474 -118305
0.000257035 -117601
0.000295366 -116908
0.000373277 -116232
0.000421238 -115560
0.000461549 -114889
0.00051095 -114218
0.000548301 -113552
0.000580861 -112886
0.000613662 -112220
0.000644372 -111560
0.000675713 -110906
0.000706124 -110253
0.000737224 -109603
0.000768785 -108953
0.000801135 -108309
0.000833076 -107665
0.000865187 -107023
0.000896017 -106383
0.000928038 -105746
0.000959659 -105109
0.000990569 -104473
0.00102261 -103838
0.00105941 -103204
0.00109163 -102571
0.00112439 -101940
0.00115714 -101309
0.00119036 -100679
0.0012219 -100050
0.00125424 -99425
0.00128669 -98800
0.00131854 -98177
0.00134899 -97559
0.00138054 -96942
0.00141296 -96325
0.00144513 -95712
0.00147671 -95100
0.00150933 -94491
0.00154069 -93883
0.00157268 -93276
0.00160404 -92670
0.00163633 -92065
0.00166876 -91460
0.00170064 -90856
0.0017323 -90252
0.00176422 -89650
0.00179682 -89049
0.0018279 -88452
0.00186054 -87856
0.00189315 -87262
0.0019274 -86670
0.00196334 -86078
0.00199891 -85487
0.00203146 -84896
0.00206369 -84305
0.00209724 -83715
0.00213091 -83127
0.00216417 -82539
0.00219573 -81954
0.0022273 -81372
0.00225779 -80791
0.00228851 -80211
0.00232 -79631
0.00235336 -79051
0.00238676 -78472
0.00242201 -77896
0.00245694 -77320
0.00250307 -76747
0.00254106 -76175
0.00257725 -75604
0.00261088 -75033
0.00264418 -74464
0.00267809 -73900
0.00271038 -73338
0.00274363 -72776
0.00277598 -72215
0.00280934 -71654
0.00284276 -71093
0.00287676 -70534
0.00290964 -69975
0.00294345 -69417
0.00297803 -68861
0.00301094 -68308
0.00304438 -67759
0.00307954 -67210
0.00311355 -66661
0.00314548 -66114
0.00318282 -65568
0.00322912 -65023
0.00326431 -64478
0.00330034 -63936
0.00334899 -63396
0.00339874 -62857
0.00343609 -62318
0.0034713 -61781
0.00350848 -61246
0.00354406 -60712
0.00357974 -60179
0.00361175 -59648
0.00364528 -59122
0.00368019 -58596
0.00371724 -58072
0.0037543 -57549
0.00379064 -57027
0.00382473 -56505
0.0038638 -55987
0.00390242 -55470
0.00393732 -54954
0.00397175 -54439
0.00400656 -53925
0.00404191 -53412
0.00408436 -52900
0.00412059 -52391
0.00415766 -51883
0.0041959 -51379
0.00423184 -50876
0.0042677 -50373
0.00430543 -49871
0.00438314 -49372
0.00442505 -48873
0.00446283 -48377
0.0045257 -47883
0.00456385 -47391
0.00459758 -46900
0.00463202 -46410
0.00466832 -45923
0.00470448 -45436
0.00474166 -44952
0.00478083 -44468
0.00481816 -43985
0.00485665 -43504
0.00489134 -43026
0.00492787 -42548
0.00496649 -42071
0.00500357 -41598
0.00509206 -41132
0.0051522 -40668
0.00519866 -40206
0.00524301 -39745
0.00527998 -39284
0.00531565 -38824
0.00535085 -38365
0.00538915 -37910
0.00542519 -37457
0.00546168 -37006
0.00550184 -36557
0.00553915 -36109
0.00558129 -35661
0.00562026 -35216
0.00565605 -34771
0.00569294 -34331
0.00573268 -33893
0.00577672 -33455
0.00581836 -33017
0.00585597 -32580
0.00589364 -32145
0.00593257 -31711
0.0059779 -31280
0.00602313 -30851
0.00607475 -30423
0.0061286 -29996
0.00626629 -29570
0.00638947 -29149
0.00655873 -28732
0.0066759 -28320
0.00676397 -27909
0.00681842 -27499
0.00686918 -27090
0.00691798 -26683
0.00696088 -26276
0.00700135 -25870
0.00704524 -25464
0.0070855 -25061
0.00712618 -24659
0.00716728 -24258
0.00720955 -23859
0.00725333 -23463
0.00729641 -23073
0.00734314 -22684
0.0073872 -22296
0.00743096 -21910
0.00747142 -21528
0.00751519 -21148
0.00756289 -20773
0.0076118 -20400
0.00766287 -20028
0.00782806 -19659
0.00794458 -19292
0.00803685 -18929
0.00811563 -18569
0.00818319 -18210
0.00828304 -17851
0.00847908 -17498
0.00863867 -17149
0.00877674 -16801
0.00889443 -16453
0.00899538 -16108
0.00908987 -15770
0.00917749 -15437
0.00928098 -15104
0.00938533 -14778
0.00948242 -14453
0.00956932 -14130
0.00965432 -13812
0.00973759 -13494
0.00981616 -13179
0.00989431 -12866
0.00997314 -12554
0.0100496 -12245
0.0101306 -11942
0.0102067 -11641
0.0102817 -11343
0.0103528 -11046
0.0104665 -10757
0.0105796 -10468
0.0106877 -10185
0.0107948 -9905
0.0108974 -9637
0.0110224 -9372
0.0111482 -9108
0.0112671 -8847
0.0113828 -8589
0.0114996 -8331
0.0116158 -8075
0.0117339 -7824
0.0118517 -7575
0.0119887 -7327
0.0121701 -7079
0.0123398 -6840
0.0124953 -6601
0.0126335 -6366
0.0127684 -6132
0.0128983 -5899
0.0130265 -5670
0.0131671 -5449
0.0133002 -5231
0.0134304 -5028
0.0135626 -4827
0.0136942 -4628
0.0138265 -4433
0.0139603 -4241
0.0140965 -4050
0.0142347 -3865
0.0143729 -3681
0.0145236 -3500
0.0146615 -3326
0.0147953 -3157
0.0149369 -2990
0.0150713 -2830
0.0152275 -2671
0.015371 -2516
0.0155087 -2367
0.0156457 -2226
0.0157755 -2087
0.0159192 -1955
0.0160563 -1824
0.0161828 -1701
0.0163371 -1578
0.0164764 -1460
0.0166011 -1347
0.0167186 -1239
0.0168316 -1132
0.0169363 -1026
0.0170416 -927
0.0171422 -829
0.0172379 -731
0.0173319 -646
0.0174306 -571
0.0175388 -501
0.0176296 -431
0.0177158 -364
0.0178116 -301
0.0179144 -241
0.0180055 -187
0.0180829 -135
0.0181575 -86
0.0182278 -49
0.0182973 -15
0.0183672 19
0.0184648 47
0.0185569 72
0.0186335 92
0.0187062 110
0.0187749 132
0.0188434 150
0.0189093 165
0.0189759 190
0.0190483 212
0.0191137 224
0.0191828 237
0.0192525 249
0.0193237 268
0.0193929 281
0.0194643 291
0.0195333 300
0.0196 309
0.0196685 316
0.0197361 338
0.0198035 349
0.0198733 360
0.0199475 368
0.0200202 375
0.0200942 382
0.0201656 386
0.020237 408
0.0203296 411
0.0204281 417
0.0205068 430
0.0205825 447
0.0206551 449
0.0207249 451
0.0207952 454
0.0208646 462
0.0209328 467
0.0209979 470
0.0216582 473
0.0219071 474
0.0219823 476
0.0233703 482
0.0234409 486
0.0235835 488
0.0240808 490
0.0241535 493
0.0242265 512
0.0242985 514
0.0246183 515
0.0247959 517
0.0248772 521
0.0249541 523
0.0250288 535
0.0252441 542
0.0267192 548
0.0310833 549
0.0339942 555
0.0344498 560
0.0345575 561
0.034921 563
0.0350438 571
0.035161 579
0.0352913 586
0.0358479 598
0.0359403 600
0.0361025 620
2 620
