0 -32513
5.5e-08 -32007
4.3048e-05 -31561
7.9477e-05 -31125
0.000116309 -30692
0.000190918 -30261
0.000255902 -29848
0.000356985 -29439
0.000447177 -29033
0.000527396 -28630
0.000629423 -28229
0.000719992 -27830
0.000800147 -27433
0.000874792 -27044
0.000943709 -26665
0.0010056 -26290
0.00106008 -25926
0.00111326 -25573
0.00116004 -25221
0.00120219 -24881
0.00124915 -24545
0.00129562 -24211
0.00134875 -23881
0.00143838 -23553
0.00153975 -23227
0.00162692 -22905
0.00172643 -22584
0.00180949 -22272
0.00188778 -21965
0.00195458 -21658
0.00201555 -21358
0.00207068 -21059
0.00211893 -20761
0.00216147 -20465
0.00219882 -20171
0.00223657 -19878
0.00228562 -19585
0.0023302 -19296
0.00237574 -19009
0.00243948 -18722
0.0024929 -18443
0.00253408 -18166
0.00257836 -17889
0.00263088 -17614
0.00267269 -17342
0.00271099 -17076
0.00275057 -16810
0.00278736 -16547
0.00282999 -16289
0.00286768 -16034
0.00290638 -15780
0.00294272 -15531
0.00298039 -15282
0.00301575 -15036
0.00305319 -14793
0.00308654 -14551
0.00312428 -14310
0.00316373 -14069
0.00319826 -13829
0.00322947 -13591
0.00326975 -13357
0.00330746 -13124
0.00334287 -12896
0.00338328 -12669
0.00342086 -12446
0.00345962 -12226
0.00349684 -12008
0.00353638 -11791
0.00356941 -11577
0.00359999 -11371
0.00363381 -11168
0.00367 -10967
0.00370647 -10767
0.00373945 -10569
0.00377985 -10373
0.00381904 -10181
0.00385328 -9990
0.0038841 -9800
0.00391513 -9611
0.00394283 -9425
0.00398276 -9241
0.00405442 -9058
0.0041272 -8876
0.0041914 -8695
0.00426337 -8514
0.00432394 -8334
0.00436654 -8155
0.00439895 -7977
0.00443021 -7802
0.00446424 -7630
0.00449649 -7458
0.00452522 -7286
0.00455053 -7115
0.00458119 -6947
0.00461264 -6787
0.00463925 -6629
0.00466955 -6471
0.00469901 -6314
0.00472621 -6161
0.00475729 -6009
0.00479045 -5859
0.00481829 -5715
0.00484405 -5573
0.00488186 -5431
0.00495738 -5292
0.00502219 -5154
0.00507577 -5017
0.00512156 -4882
0.00515533 -4748
0.00519002 -4614
0.0052181 -4482
0.00525326 -4350
0.00528701 -4219
0.00532237 -4089
0.00535227 -3964
0.00538112 -3841
0.00540825 -3721
0.00544171 -3601
0.00547766 -3482
0.00550644 -3367
0.00553469 -3252
0.00556077 -3137
0.00558569 -3028
0.00561159 -2920
0.0056381 -2814
0.00566313 -2711
0.00569139 -2609
0.00572083 -2510
0.0057471 -2411
0.00578121 -2312
0.00581283 -2214
0.00583899 -2119
0.00586727 -2026
0.00589386 -1936
0.00591913 -1847
0.00596139 -1762
0.00600343 -1677
0.00603546 -1594
0.0060788 -1512
0.00614288 -1433
0.00619719 -1359
0.00624129 -1288
0.00628243 -1218
0.00631713 -1150
0.00634471 -1083
0.0063722 -1017
0.00640025 -951
0.0064293 -887
0.00645875 -823
0.00648758 -760
0.00651441 -698
0.00654265 -637
0.00657588 -577
0.00666366 -522
0.00672735 -469
0.00676691 -420
0.00679806 -371
0.00682638 -323
0.00685882 -275
0.0068987 -227
0.00705773 -182
0.00712626 -138
0.00718677 -96
0.00724432 -55
0.00729833 -15
0.00735262 24
0.00740515 62
0.0074566 96
0.00750662 130
0.00755575 163
0.00760191 195
0.00764932 225
0.00768525 255
0.00772144 285
0.00775701 314
0.00779772 341
0.00783666 367
0.00787519 393
0.00792386 417
0.00797265 441
0.0080179 464
0.00805351 487
0.00809103 509
0.00812879 531
0.00816838 553
0.00821708 573
0.00826428 592
0.00831377 611
0.00836162 631
0.00839976 652
0.00843275 673
0.00846726 696
0.0085167 713
0.00855596 730
0.00859043 747
0.00862624 770
0.00866308 791
0.00870012 809
0.00873624 825
0.00877091 840
0.00881017 855
0.00884587 869
0.00888053 883
0.0089152 900
0.00894933 913
0.00898455 938
0.00901861 951
0.00905331 976
0.00908986 988
0.00912531 999
0.00916062 1010
0.00920758 1023
0.00924428 1034
0.00928065 1044
0.00931677 1063
0.00935156 1075
0.00938563 1085
0.00941808 1094
0.0094558 1106
0.00949039 1115
0.00952644 1124
0.0095633 1134
0.00959838 1144
0.00963504 1151
0.00967176 1162
0.00970993 1175
0.00974539 1184
0.00977765 1191
0.00981272 1202
0.00984998 1224
0.00988694 1237
0.00992533 1245
0.009962 1262
0.00999862 1270
0.0100324 1283
0.0100685 1294
0.0101057 1302
0.0101404 1323
0.0101767 1332
0.0102119 1347
0.0102472 1355
0.0102826 1360
0.0103352 1368
0.0103784 1373
0.0104256 1387
0.0104753 1392
0.0105116 1397
0.0105459 1407
0.0105804 1418
0.0106618 1427
0.0106984 1435
0.0107336 1445
0.0107674 1453
0.0108023 1457
0.0108379 1461
0.0108725 1479
0.010906 1488
0.0109511 1495
0.0109882 1500
0.0110238 1513
0.0110593 1521
0.0110928 1537
0.011128 1542
0.011179 1550
0.0112057 1555
0.0112527 1557
0.0112972 1579
0.011336 1583
0.0113698 1594
0.0114084 1598
0.0114333 1612
0.0114372 1613
0.0114481 1617
0.0114663 1618
0.0114722 1619
0.011527 1626
0.0115305 1628
0.0115535 1629
0.0116048 1630
0.0116702 1635
0.0116896 1640
0.0116928 1642
0.0117048 1651
0.0117308 1653
0.0118541 1658
0.0118643 1665
0.01188 1668
0.0118938 1671
0.0121099 1679
0.0121904 1686
2 1686
