0 -77331
6e-08 -76659
1.386e-05 -75991
2.611e-05 -75355
3.9471e-05 -74757
5.9051e-05 -74159
9.4092e-05 -73566
0.000128672 -72978
0.000161863 -72392
0.000189133 -71814
0.000218014 -71239
0.000243475 -70667
0.000268955 -70102
0.000296516 -69541
0.000323296 -68992
0.000350007 -68444
0.000373957 -67899
0.000401488 -67354
0.000428658 -66815
0.000456119 -66277
0.000481609 -65741
0.0005037 -65206
0.00053162 -64673
0.000560821 -64140
0.000588951 -63608
0.000614872 -63078
0.000640792 -62549
0.000668843 -62023
0.000695953 -61505
0.000722724 -60990
0.000750394 -60476
0.000777915 -59963
0.000858627 -59451
0.000902617 -58940
0.000935098 -58431
0.000964179 -57927
0.000992339 -57423
0.00102062 -56921
0.0010486 -56419
0.00107238 -55919
0.00109621 -55423
0.00112098 -54932
0.00114611 -54442
0.00117135 -53954
0.00119763 -53467
0.00122201 -52984
0.00124661 -52505
0.0012765 -52029
0.00130089 -51553
0.00132631 -51079
0.00137668 -50606
0.00141392 -50134
0.00144091 -49667
0.00146663 -49201
0.00149064 -48736
0.00151185 -48271
0.00153445 -47810
0.00155898 -47354
0.00158398 -46898
0.0016086 -46442
0.00163388 -45988
0.00165886 -45535
0.00168327 -45083
0.0017061 -44638
0.00172922 -44196
0.0017544 -43757
0.00177742 -43319
0.00180155 -42882
0.0018278 -42445
0.0018546 -42011
0.00188153 -41577
0.00190608 -41145
0.00193032 -40714
0.00195616 -40285
0.00198746 -39857
0.00202219 -39432
0.00205512 -39007
0.00209074 -38584
0.00212187 -38162
0.00214683 -37740
0.00217368 -37319
0.00219884 -36900
0.00222551 -36482
0.00225163 -36065
0.00227598 -35649
0.00230082 -35234
0.00232361 -34820
0.00234828 -34407
0.00237136 -33995
0.00239385 -33584
0.00241851 -33173
0.00244331 -32762
0.00246715 -32353
0.00249171 -31951
0.00251908 -31549
0.00254309 -31147
0.00256831 -30748
0.00259392 -30353
0.00261909 -29960
0.00264501 -29568
0.00266974 -29180
0.00269498 -28794
0.0027185 -28409
0.00274611 -28027
0.00277385 -27648
0.00279826 -27269
0.00282134 -26893
0.0028494 -26518
0.00287546 -26144
0.00290037 -25774
0.00292516 -25405
0.00295036 -25039
0.00297799 -24673
0.0030054 -24314
0.00303156 -23957
0.00305845 -23606
0.00308557 -23255
0.00311022 -22906
0.00313527 -22559
0.00315961 -22213
0.00318661 -21867
0.00324132 -21523
0.00328121 -21181
0.00331162 -20841
0.00334735 -20503
0.00340624 -20165
0.00344557 -19828
0.00347354 -19495
0.00350223 -19162
0.00353845 -18830
0.00356523 -18500
0.00359312 -18171
0.00362259 -17843
0.00365266 -17516
0.00368128 -17191
0.00370939 -16870
0.00373867 -16551
0.00376777 -16238
0.0037967 -15927
0.00382714 -15617
0.0038534 -15308
0.00388129 -15000
0.00390609 -14695
0.0039322 -14392
0.00396498 -14091
0.00399368 -13793
0.00403017 -13495
0.00406208 -13204
0.00409275 -12914
0.00412428 -12627
0.0041583 -12340
0.0041907 -12058
0.00422255 -11779
0.00432393 -11505
0.00444752 -11234
0.00458953 -10969
0.00469556 -10704
0.00476793 -10441
0.00489107 -10180
0.00498313 -9921
0.00505607 -9666
0.00511228 -9411
0.00516341 -9158
0.00521522 -8910
0.0052716 -8663
0.00532412 -8421
0.00538778 -8188
0.00545316 -7956
0.00551113 -7725
0.00557257 -7497
0.00562534 -7271
0.00567838 -7046
0.00572915 -6829
0.00578081 -6613
0.00583379 -6397
0.00588879 -6183
0.00594337 -5970
0.00602454 -5763
0.00609393 -5557
0.00615644 -5352
0.00622236 -5151
0.0062837 -4957
0.00634127 -4767
0.00640701 -4584
0.00647133 -4401
0.00654146 -4221
0.00661332 -4041
0.00668243 -3866
0.00675275 -3691
0.00682721 -3520
0.00690051 -3353
0.00697287 -3192
0.00704608 -3032
0.00713903 -2882
0.00724825 -2733
0.00734572 -2585
0.00743857 -2442
0.00752579 -2301
0.00761483 -2170
0.00770691 -2042
0.00778968 -1915
0.00786184 -1789
0.00793258 -1669
0.00801154 -1552
0.00810556 -1443
0.00818717 -1336
0.00826505 -1236
0.00833671 -1137
0.00840413 -1040
0.00846812 -945
0.00853058 -851
0.00858942 -758
0.00864378 -669
0.00869732 -587
0.00874864 -505
0.00879602 -430
0.00890655 -356
0.00897988 -292
0.00904021 -235
0.00909606 -179
0.00914786 -132
0.00919688 -87
0.0092414 -47
0.00928527 -10
0.00932836 22
0.00937382 54
0.00941383 77
0.00945623 98
0.00949889 118
0.00953849 137
0.00957816 155
0.00961796 173
0.00965928 185
0.00969935 197
0.00973823 221
0.00977857 238
0.00981412 250
0.00985455 269
0.00991585 288
0.00996432 313
0.0100166 331
0.0100593 344
0.010101 367
0.010143 373
0.0101827 382
0.0102192 388
0.010257 395
0.0102951 399
0.0103381 405
0.0103773 409
0.0104163 414
0.0104536 419
0.010494 426
0.010538 431
0.010579 438
0.0106437 444
0.0107001 454
0.0107602 463
0.0108053 468
0.0108502 478
0.0108891 483
0.0109703 493
0.0110118 503
0.0110597 506
0.0111028 519
0.0111432 526
0.0111862 528
0.0112323 533
0.0112764 534
0.0113186 545
0.0114848 546
0.0115245 553
0.0115674 557
0.0116089 560
0.0116921 566
0.0117346 570
0.0117765 581
0.0118184 582
0.0118588 583
0.0141325 601
0.0141772 622
0.0142878 623
0.0144704 630
0.0145119 633
0.0145859 638
0.0153846 639
0.015516 640
0.0155571 643
0.0165842 647
0.0166534 649
0.0167183 650
0.0167683 651
0.0168577 659
0.0199519 661
0.0199939 668
2 668
