0 -5462
7e-08 -5220
5.84e-06 -5006
1.146e-05 -4802
1.616e-05 -4611
2.36e-05 -4441
2.8241e-05 -4275
3.5931e-05 -4112
4.7221e-05 -3950
5.3771e-05 -3788
5.8221e-05 -3627
6.3381e-05 -3475
6.8481e-05 -3334
7.3431e-05 -3194
7.9072e-05 -3060
8.4142e-05 -2928
8.9272e-05 -2797
9.5182e-05 -2671
9.9432e-05 -2549
0.000106432 -2427
0.000111382 -2311
0.000117252 -2196
0.000122712 -2081
0.000128372 -1973
0.000133003 -1867
0.000138903 -1770
0.000144633 -1678
0.000150343 -1587
0.000155573 -1500
0.000161543 -1415
0.000182044 -1331
0.000196854 -1247
0.000204984 -1164
0.000210964 -1082
0.000216964 -1003
0.000223434 -925
0.000230104 -847
0.000236205 -779
0.000242255 -712
0.000248025 -647
0.000253955 -583
0.000259875 -521
0.000266495 -460
0.000272485 -399
0.000277915 -343
0.000284046 -295
0.000289536 -247
0.000295556 -199
0.000302316 -151
0.000308166 -107
0.000313606 -66
0.000319616 -25
0.000325916 14
0.000332366 52
0.000338927 89
0.000345527 125
0.000352307 161
0.000358817 196
0.000365127 227
0.000370427 255
0.000375637 278
0.000381777 302
0.000387048 322
0.000392938 341
0.000398308 367
0.000404508 387
0.000409388 405
0.000415298 423
0.000420918 441
0.000426588 458
0.000432128 472
0.000438109 485
0.000443949 496
0.000448919 505
0.000455029 516
0.000460239 536
0.000466149 550
0.000471549 559
0.000477309 568
0.000482319 587
0.000487649 603
0.0004942 613
0.00050718 621
0.00051282 627
0.00052068 645
0.00052273 649
0.00052558 652
0.0005303 664
0.000539771 666
0.000544181 667
0.000576431 683
0.000588981 689
0.000600252 690
0.000602522 697
0.000609382 699
0.000633172 702
0.000647243 707
0.000659373 714
0.000663743 725
0.000674983 728
0.000676343 733
0.000679083 734
0.000679843 735
0.000691933 744
0.000701784 745
0.000800446 749
2 749
