0 -37479
7e-08 -37019
6.1331e-05 -36568
0.000119972 -36153
0.000191983 -35752
0.000253905 -35366
0.000381467 -34988
0.00050726 -34614
0.000661363 -34243
0.000814176 -33873
0.000962098 -33506
0.00113687 -33145
0.00127816 -32785
0.00140949 -32433
0.00153616 -32083
0.0016682 -31733
0.00179316 -31393
0.00190532 -31054
0.00200907 -30716
0.00212523 -30379
0.00223838 -30046
0.00235667 -29716
0.00245056 -29388
0.00253311 -29065
0.0026194 -28744
0.00270034 -28429
0.0027804 -28120
0.00285961 -27812
0.00293545 -27508
0.00301243 -27207
0.00309024 -26908
0.00316463 -26610
0.0032393 -26313
0.00331674 -26017
0.00339715 -25722
0.00347739 -25429
0.00355708 -25137
0.00363592 -24848
0.00371273 -24566
0.0037876 -24285
0.00386546 -24006
0.00394129 -23728
0.00401285 -23451
0.00408722 -23176
0.00416361 -22902
0.00423915 -22632
0.00433752 -22368
0.00445928 -22108
0.00457551 -21851
0.00468885 -21595
0.00479543 -21339
0.00489388 -21084
0.00498395 -20832
0.00506665 -20581
0.00520554 -20330
0.00531909 -20082
0.00542489 -19834
0.00552092 -19586
0.00561094 -19341
0.00569598 -19099
0.00577433 -18857
0.00585041 -18615
0.00592084 -18375
0.00598911 -18142
0.00605641 -17911
0.00612043 -17684
0.00618249 -17458
0.00623644 -17233
0.0062964 -17009
0.00638079 -16786
0.00644064 -16565
0.00650948 -16345
0.00657216 -16125
0.00663761 -15906
0.00670179 -15688
0.00676746 -15472
0.00683368 -15259
0.00689354 -15047
0.00695211 -14843
0.0070072 -14640
0.00706886 -14437
0.0071339 -14234
0.00718918 -14032
0.0072581 -13831
0.00734142 -13631
0.00740021 -13432
0.00746299 -13234
0.00752154 -13037
0.00757785 -12843
0.007637 -12653
0.00769359 -12464
0.00774889 -12276
0.00780421 -12089
0.00785631 -11906
0.00791007 -11725
0.00795684 -11545
0.00800047 -11366
0.0080585 -11188
0.00811205 -11012
0.00816045 -10836
0.00820816 -10663
0.00825866 -10494
0.0083243 -10329
0.00837761 -10166
0.00842804 -10004
0.00847927 -9845
0.00855377 -9687
0.00874425 -9530
0.00886555 -9377
0.00896476 -9224
0.00904543 -9071
0.00917608 -8918
0.00925492 -8767
0.00940982 -8616
0.00953865 -8467
0.00978613 -8318
0.00991782 -8171
0.0100105 -8026
0.0100801 -7882
0.0101289 -7740
0.0101669 -7600
0.0102117 -7460
0.0102495 -7321
0.0102854 -7184
0.0103212 -7049
0.0103516 -6914
0.0103858 -6781
0.0104203 -6649
0.0104515 -6518
0.0105011 -6387
0.010535 -6260
0.0105708 -6133
0.0106085 -6007
0.0106463 -5883
0.010682 -5759
0.0107181 -5636
0.010757 -5514
0.0108012 -5392
0.0108412 -5270
0.0108773 -5150
0.0109886 -5031
0.0110814 -4916
0.0111565 -4802
0.011219 -4688
0.0112756 -4578
0.0113359 -4469
0.0113924 -4361
0.0114746 -4259
0.0115639 -4157
0.0116332 -4055
0.0116888 -3955
0.0117354 -3855
0.0117756 -3756
0.011812 -3657
0.0123297 -3558
0.0125131 -3461
0.0127663 -3365
0.01298 -3273
0.0130377 -3182
0.0130828 -3093
0.0131489 -3004
0.0131865 -2916
0.0132227 -2828
0.0132586 -2743
0.0132946 -2659
0.0133309 -2576
0.0133707 -2493
0.0134816 -2412
0.0135598 -2331
0.0136231 -2251
0.0137141 -2171
0.0137824 -2094
0.013837 -2018
0.0139383 -1945
0.0139844 -1874
0.0140262 -1804
0.0140619 -1735
0.0140947 -1667
0.0141265 -1600
0.0141606 -1534
0.0141927 -1468
0.0142275 -1403
0.0142594 -1339
0.0142967 -1275
0.0143314 -1211
0.0143695 -1148
0.014399 -1085
0.0144306 -1023
0.0145271 -961
0.0146031 -901
0.0146973 -842
0.0147402 -784
0.0147729 -727
0.0148113 -670
0.0148445 -616
0.0148761 -563
0.0149098 -511
0.0149414 -460
0.0149854 -410
0.0150635 -362
0.0151017 -314
0.0151369 -270
0.0151709 -227
0.0153055 -185
0.0153512 -143
0.0153882 -102
0.0154234 -63
0.0154846 -24
0.0155521 14
0.0156096 51
0.015661 87
0.0157068 122
0.0157438 157
0.0157778 189
0.0158107 220
0.0158436 251
0.015878 281
0.0159122 311
0.0159479 343
0.0159829 373
0.0160197 402
0.0160602 435
0.0160983 470
0.0161337 499
0.0161674 528
0.0161956 557
0.0162269 585
0.0162597 612
0.0162906 639
0.0163228 666
0.0163628 692
0.0163958 720
0.0164333 746
0.0164714 771
0.0165796 797
0.0166925 822
0.0167916 847
0.016888 871
0.0169764 902
0.0170411 928
0.0170931 951
0.0171413 973
0.0171782 994
0.0172104 1015
0.0172429 1045
0.0172771 1073
0.017312 1095
0.017347 1114
0.0173783 1132
0.0174128 1152
0.0174459 1170
0.0175198 1187
0.017585 1204
0.0176405 1233
0.0176888 1260
0.0177287 1277
0.0177677 1293
0.0178245 1308
0.0178574 1323
0.0179377 1338
0.0179893 1353
0.0180309 1370
0.0180918 1397
0.0181349 1412
0.0181727 1433
0.0182074 1448
0.0182417 1470
0.0182786 1484
0.0183229 1499
0.0183707 1517
0.0184127 1534
0.0185476 1550
0.0186858 1563
0.0187589 1576
0.0188205 1589
0.0188706 1602
0.018916 1615
0.0189528 1627
0.0189869 1644
0.0190548 1656
0.0192307 1668
0.0193113 1679
0.0193926 1690
0.0194502 1701
0.0195116 1724
0.0195725 1738
0.0196199 1748
0.0196619 1764
0.0196984 1774
0.0197315 1784
0.0197673 1795
0.0198076 1805
0.0198466 1814
0.0198825 1822
0.0199166 1844
0.0199523 1852
0.0199883 1859
0.020025 1866
0.0200596 1877
0.0200943 1884
0.0201276 1891
0.0201642 1904
0.0202006 1915
0.0202384 1933
0.0202732 1951
0.0203088 1966
0.0203455 1979
0.0203851 1987
0.0204251 2005
0.0204619 2012
0.0204987 2028
0.0205979 2041
0.0206788 2053
0.0207491 2064
0.0208001 2072
0.0208432 2080
0.0208844 2092
0.0209241 2110
0.020987 2124
0.02107 2138
0.0210819 2143
0.0211001 2147
0.0211739 2158
0.0212232 2166
0.0212306 2169
0.021832 2181
0.0219112 2182
0.0222018 2187
0.0226008 2190
0.0226166 2194
0.0226337 2197
0.0226484 2199
0.023375 2202
0.0233868 2206
0.0234016 2210
0.0283988 2219
0.0284435 2222
0.0287566 2223
0.0288111 2224
0.0308939 2227
0.031159 2228
0.0311676 2232
2 2232
