0 -51519
6e-08 -50927
1.223e-05 -50373
2.2331e-05 -49838
3.3711e-05 -49312
5.1721e-05 -48795
7.6742e-05 -48297
9.4552e-05 -47800
0.000121592 -47305
0.000140443 -46814
0.000157333 -46329
0.000294656 -45849
0.00048193 -45370
0.00050217 -44895
0.00052003 -44424
0.000536301 -43954
0.000552601 -43497
0.000569251 -43043
0.000587012 -42598
0.000603752 -42153
0.000620442 -41711
0.000637433 -41271
0.000653863 -40832
0.000670183 -40394
0.000687084 -39958
0.000703204 -39522
0.000719884 -39089
0.000736495 -38664
0.000753665 -38240
0.000769315 -37817
0.000785966 -37396
0.000802216 -36978
0.000819046 -36560
0.000835337 -36145
0.000851917 -35734
0.000867947 -35324
0.000884287 -34922
0.000905028 -34521
0.000928048 -34121
0.000951789 -33723
0.000974949 -33325
0.00099848 -32930
0.00102262 -32536
0.00104689 -32142
0.00107449 -31749
0.00109708 -31357
0.00112044 -30967
0.00114615 -30580
0.00118926 -30194
0.00121834 -29808
0.00124284 -29425
0.00126742 -29046
0.00129331 -28668
0.00131751 -28290
0.00134406 -27915
0.00136984 -27543
0.00139064 -27173
0.00140907 -26804
0.00142776 -26435
0.00144632 -26072
0.00146481 -25711
0.00148066 -25350
0.00149914 -24991
0.00151698 -24633
0.00153882 -24276
0.00155725 -23920
0.00157419 -23565
0.00159458 -23211
0.00161127 -22858
0.00162956 -22511
0.00164733 -22166
0.00166609 -21824
0.00168342 -21483
0.00170258 -21143
0.00172078 -20809
0.00174104 -20476
0.00176096 -20144
0.00178178 -19813
0.00179982 -19483
0.00181661 -19154
0.00183434 -18829
0.00185326 -18507
0.00187111 -18185
0.00188861 -17864
0.00190723 -17546
0.00192576 -17230
0.00194548 -16915
0.00196349 -16601
0.00198413 -16293
0.00200303 -15988
0.00202048 -15684
0.0020423 -15389
0.00206357 -15096
0.0020822 -14803
0.00210121 -14510
0.00212217 -14218
0.00214356 -13928
0.00216159 -13639
0.00218387 -13350
0.00220616 -13066
0.00222532 -12788
0.00224748 -12511
0.00226928 -12235
0.00229206 -11960
0.00231426 -11685
0.00233633 -11413
0.00235947 -11147
0.00238529 -10881
0.00240814 -10617
0.00243053 -10360
0.00245244 -10104
0.00247462 -9849
0.00249884 -9595
0.0025203 -9347
0.00254099 -9106
0.00256587 -8865
0.0025909 -8626
0.00261346 -8396
0.00272663 -8167
0.00278219 -7938
0.00282165 -7715
0.00285785 -7493
0.0028878 -7273
0.00291636 -7059
0.00294642 -6845
0.00298001 -6633
0.00301024 -6422
0.00370204 -6212
0.00375559 -6006
0.00384493 -5814
0.00405027 -5625
0.00414746 -5442
0.00418579 -5261
0.00425538 -5082
0.00428704 -4904
0.00431845 -4727
0.00435031 -4551
0.00439107 -4380
0.00442857 -4215
0.00445904 -4052
0.00449005 -3889
0.00453072 -3727
0.00460982 -3566
0.0047259 -3406
0.00478328 -3249
0.0048368 -3103
0.00488108 -2957
0.00492281 -2812
0.00509062 -2670
0.00515848 -2530
0.00530159 -2396
0.00536206 -2265
0.00541043 -2140
0.00545677 -2017
0.00549592 -1896
0.00553413 -1776
0.0055747 -1660
0.00561793 -1545
0.00565971 -1433
0.00570421 -1326
0.00574744 -1221
0.00579142 -1117
0.00599793 -1017
0.0060478 -922
0.00609263 -829
0.0061353 -737
0.00617924 -651
0.00622171 -568
0.00625689 -490
0.00629572 -413
0.00640259 -339
0.00646067 -277
0.0066128 -216
0.00667245 -162
0.0067176 -113
0.00675501 -68
0.00678854 -23
0.00682061 18
0.00685105 58
0.00688196 86
0.00691396 114
0.00694622 139
0.00697841 162
0.00700437 186
0.00703808 205
0.00706815 223
0.00709683 240
0.00712884 256
0.00715619 272
0.00719877 287
0.00723673 303
0.00727141 316
0.0073053 328
0.00733503 349
0.00736278 361
0.00739129 373
0.0074207 383
0.00745218 397
0.00748062 410
0.00750889 421
0.00755184 428
0.00760387 434
0.00763834 440
0.00767021 455
0.00774931 471
0.00778268 477
0.00786984 484
0.00790219 508
0.00798257 515
0.00803443 536
0.00807674 548
0.0081654 561
0.00824056 566
0.00827363 570
0.0083055 585
0.00833531 598
0.00836617 604
0.00842447 608
0.00846029 610
0.00851962 621
0.00866255 626
0.00905594 628
0.0101355 632
0.010168 633
0.0103135 634
0.0103458 637
0.0103704 640
0.0104033 642
0.0104388 646
0.0104669 648
0.0105007 656
0.010532 657
0.0105623 658
0.0105914 661
0.0106556 662
0.0108485 669
0.0108796 670
0.0109123 674
0.0124935 676
0.012533 677
0.0133567 685
0.0135908 687
0.0136928 693
0.0137675 702
0.013802 706
2 706
