0 -17309
5e-08 -17003
2.9001e-05 -16706
6.5271e-05 -16418
0.000127013 -16141
0.000169093 -15864
0.000198534 -15590
0.000226445 -15321
0.000265225 -15056
0.000297756 -14806
0.000323816 -14564
0.000346737 -14329
0.000369537 -14095
0.000393198 -13862
0.000415768 -13633
0.000438009 -13406
0.000461629 -13182
0.000485 -12965
0.00050822 -12752
0.00053087 -12542
0.000553941 -12332
0.000579881 -12125
0.000606252 -11919
0.000629732 -11718
0.000653103 -11518
0.000678013 -11321
0.000703664 -11126
0.000728554 -10932
0.000751955 -10740
0.000776755 -10550
0.000802086 -10364
0.000826176 -10181
0.000848777 -9998
0.000979332 -9816
0.00104931 -9639
0.00108877 -9462
0.00111334 -9287
0.00113265 -9112
0.00115372 -8938
0.00117811 -8764
0.0012007 -8591
0.00122179 -8419
0.00124852 -8252
0.00126948 -8088
0.00132694 -7924
0.00142282 -7761
0.00146336 -7598
0.00148813 -7437
0.00151282 -7277
0.00153191 -7119
0.00155182 -6962
0.00157329 -6808
0.00159594 -6658
0.00161823 -6511
0.00163758 -6364
0.00165846 -6221
0.0016786 -6081
0.00169885 -5941
0.00171657 -5801
0.00173612 -5661
0.00175487 -5523
0.00177523 -5386
0.0017943 -5251
0.001812 -5116
0.00182826 -4982
0.00184887 -4850
0.00187168 -4720
0.00189143 -4591
0.00191211 -4466
0.0019309 -4342
0.00195163 -4220
0.00197296 -4102
0.00199347 -3985
0.00201091 -3870
0.00202652 -3757
0.00204491 -3646
0.00206442 -3535
0.00208238 -3426
0.00210003 -3320
0.00211938 -3214
0.00213839 -3108
0.002157 -3008
0.00217592 -2909
0.00219566 -2810
0.00221635 -2714
0.00223583 -2619
0.00225314 -2526
0.00227252 -2434
0.0023123 -2342
0.00232931 -2253
0.00234765 -2164
0.00236752 -2079
0.00238643 -1995
0.00240573 -1913
0.00242305 -1832
0.00244368 -1755
0.00246109 -1681
0.00247986 -1607
0.00249781 -1535
0.0025155 -1463
0.00253175 -1393
0.00254939 -1325
0.0025671 -1259
0.00258417 -1194
0.00261119 -1130
0.00263098 -1066
0.0026483 -1002
0.00266418 -938
0.00268351 -875
0.00270132 -813
0.00271921 -752
0.00273807 -694
0.00275589 -636
0.00277363 -578
0.00279239 -521
0.00280782 -464
0.00282387 -408
0.00284217 -354
0.00286026 -301
0.00287799 -248
0.00289606 -198
0.00291338 -149
0.00363928 -101
0.00366102 -56
0.00367752 -11
0.0036965 34
0.00392428 79
0.00396735 120
0.00405133 160
0.00407963 199
0.00414536 235
0.00417563 271
0.00419522 305
0.00421598 339
0.00423647 372
0.00425395 404
0.00427206 434
0.00428953 462
0.00430845 490
0.00432646 517
0.00434461 544
0.00436016 575
0.00438237 602
0.00439971 629
0.00441606 655
0.00443143 680
0.00444614 704
0.00446225 728
0.00447977 752
0.00449707 774
0.00455713 802
0.00463227 823
0.00465281 842
0.00466795 861
0.00468425 879
0.00470134 896
0.00471689 912
0.00473359 932
0.00474947 953
0.004766 976
0.00478269 993
0.0047987 1011
0.00481697 1027
0.00483377 1048
0.00484966 1064
0.00490219 1079
0.00492528 1093
0.00494359 1107
0.00495874 1120
0.00497519 1134
0.00499526 1147
0.00501138 1168
0.00502668 1196
0.00506278 1215
0.00514643 1237
0.00516847 1255
0.00518555 1273
0.00520192 1299
0.0052197 1314
0.00523563 1328
0.00525309 1340
0.00526905 1351
0.00528668 1373
0.0053038 1390
0.00531984 1402
0.00533664 1427
0.00536171 1437
0.00543975 1447
0.00548341 1467
0.00551483 1476
0.00553581 1485
0.00556046 1498
0.00558384 1507
0.00560148 1515
0.0056209 1540
0.00563889 1548
0.00566402 1555
0.00569537 1562
0.00570751 1568
0.00572196 1573
0.00573669 1578
0.00575845 1602
0.00579158 1612
0.00580183 1616
0.00581196 1620
0.00582192 1624
0.00583322 1640
0.00589007 1658
0.00593377 1660
0.00593847 1668
2 1668
