0 -118576
6e-08 -117762
1.802e-05 -116965
3.433e-05 -116208
4.6081e-05 -115466
7.9071e-05 -114724
0.000113962 -113989
0.000154273 -113255
0.000193054 -112522
0.000229424 -111794
0.000271405 -111081
0.000307916 -110374
0.000341317 -109674
0.000373097 -108981
0.000404088 -108293
0.000437008 -107611
0.000469809 -106932
0.00050311 -106255
0.00053547 -105583
0.000566911 -104911
0.000598402 -104240
0.000630522 -103577
0.000662763 -102919
0.000694804 -102263
0.000765505 -101609
0.000816146 -100957
0.000863107 -100306
0.000902158 -99656
0.000936128 -99009
0.000969309 -98364
0.00100218 -97721
0.00103446 -97080
0.00107098 -96440
0.00111286 -95805
0.00114648 -95173
0.00117827 -94542
0.00121013 -93912
0.00124071 -93282
0.00127239 -92654
0.00130374 -92026
0.00133658 -91402
0.00136849 -90782
0.0014099 -90162
0.00145568 -89549
0.00152701 -88937
0.00157959 -88326
0.00163162 -87717
0.00168115 -87108
0.00171698 -86502
0.00176373 -85898
0.00180932 -85294
0.0018557 -84692
0.0018988 -84092
0.0019427 -83493
0.00198676 -82897
0.0020277 -82302
0.00206007 -81712
0.00209183 -81123
0.00212502 -80534
0.00215808 -79948
0.00219057 -79364
0.0022241 -78781
0.00225706 -78199
0.00228904 -77621
0.00232083 -77044
0.00235655 -76468
0.00239071 -75893
0.00242333 -75321
0.00245781 -74749
0.00248982 -74180
0.00252212 -73613
0.00255507 -73047
0.00258868 -72481
0.00262454 -71919
0.00265852 -71357
0.00269317 -70799
0.00272702 -70241
0.00276065 -69684
0.00279318 -69127
0.00282526 -68571
0.00285936 -68016
0.00289391 -67461
0.00292924 -66906
0.00296487 -66352
0.00299888 -65799
0.00303253 -65246
0.00306778 -64693
0.00311696 -64142
0.00315091 -63591
0.00318487 -63042
0.00321798 -62495
0.00326741 -61951
0.00330722 -61407
0.00334212 -60864
0.00337562 -60324
0.00341037 -59786
0.00344534 -59251
0.00349095 -58718
0.00353087 -58186
0.00356667 -57656
0.00360252 -57129
0.00364005 -56605
0.00367634 -56085
0.00371882 -55566
0.00375328 -55051
0.00379966 -54536
0.00383727 -54022
0.00387592 -53509
0.003913 -52999
0.00395032 -52489
0.00398351 -51980
0.00402066 -51472
0.00405667 -50966
0.00409437 -50462
0.00412898 -49958
0.00416472 -49455
0.00419892 -48956
0.00423504 -48459
0.00426953 -47967
0.00430451 -47479
0.00434205 -46992
0.00438005 -46506
0.00441555 -46020
0.0044556 -45535
0.00449221 -45051
0.00453158 -44570
0.00457227 -44093
0.00460639 -43617
0.0046429 -43141
0.00468596 -42666
0.00472145 -42192
0.0047606 -41718
0.0048012 -41245
0.00484271 -40776
0.00488006 -40308
0.00491275 -39840
0.00494485 -39378
0.00497922 -38918
0.00501999 -38459
0.00505935 -38000
0.00509912 -37542
0.00513964 -37085
0.00517957 -36630
0.00521695 -36184
0.00525745 -35739
0.00529898 -35294
0.00533781 -34849
0.00538339 -34405
0.00542235 -33961
0.00546605 -33520
0.00552747 -33084
0.00557689 -32648
0.00562319 -32213
0.00566728 -31780
0.0057093 -31349
0.00574764 -30923
0.00578498 -30503
0.00582613 -30083
0.00587807 -29665
0.00592282 -29249
0.00596236 -28837
0.00600425 -28425
0.00604456 -28016
0.00608906 -27610
0.00614093 -27206
0.00620857 -26802
0.00626222 -26402
0.00630793 -26004
0.00635487 -25606
0.00640508 -25208
0.00644404 -24812
0.00648456 -24420
0.00652528 -24029
0.0065677 -23640
0.00661132 -23251
0.00665656 -22863
0.00670279 -22476
0.00674855 -22090
0.00679352 -21709
0.00684326 -21330
0.00689035 -20953
0.00693438 -20576
0.00698284 -20200
0.00703428 -19833
0.00708196 -19467
0.00718215 -19103
0.00725841 -18744
0.00732596 -18387
0.00738799 -18030
0.0074421 -17674
0.00754563 -17318
0.00763608 -16968
0.00770282 -16622
0.00775902 -16280
0.00781545 -15946
0.00788269 -15619
0.00794245 -15295
0.00800644 -14971
0.0080659 -14648
0.00812624 -14327
0.0081906 -14011
0.00825483 -13695
0.00832636 -13382
0.00839543 -13074
0.00847428 -12769
0.00854299 -12467
0.00861187 -12165
0.00868516 -11869
0.00876353 -11579
0.00884493 -11290
0.00893005 -11007
0.00901462 -10725
0.00910828 -10444
0.00920206 -10164
0.00930216 -9886
0.00940161 -9611
0.00952971 -9343
0.00966026 -9077
0.00979244 -8815
0.00991725 -8553
0.0100409 -8297
0.0101597 -8042
0.0102754 -7788
0.010396 -7539
0.0105124 -7291
0.0106303 -7048
0.010749 -6808
0.0108721 -6576
0.0111003 -6348
0.0115529 -6128
0.0117902 -5908
0.0119593 -5689
0.012119 -5476
0.0122685 -5265
0.0124148 -5057
0.0125577 -4851
0.0126981 -4656
0.0128739 -4468
0.0130322 -4281
0.0131871 -4098
0.0133392 -3916
0.0135135 -3738
0.0136703 -3561
0.01382 -3391
0.0139694 -3222
0.0141137 -3054
0.0142545 -2896
0.0143931 -2738
0.0145308 -2586
0.0146644 -2441
0.014794 -2297
0.0149335 -2155
0.0150634 -2016
0.0152004 -1883
0.0153256 -1754
0.0154656 -1626
0.015613 -1501
0.0157816 -1377
0.0159163 -1262
0.0160451 -1147
0.0161655 -1036
0.0162805 -929
0.0163993 -828
0.0165027 -734
0.016603 -644
0.0166986 -558
0.016795 -478
0.0168864 -399
0.0169752 -329
0.0170653 -269
0.0171549 -215
0.0172413 -161
0.0173214 -114
0.0174135 -75
0.0174936 -36
0.017572 -1
0.0176476 31
0.0177212 67
0.0177931 97
0.0178667 123
0.0179447 149
0.0180416 169
0.0181443 187
0.0182354 204
0.0183209 225
0.0183962 243
0.0184633 259
0.018532 268
0.0185999 275
0.0186764 281
0.0187438 290
0.0188101 295
0.0188856 299
0.0189641 310
0.0190498 327
0.0191866 337
0.0192837 343
0.0193754 350
0.0194529 355
0.0195265 365
0.0196115 375
0.0197054 393
0.0197813 399
0.0198477 401
0.0199191 412
0.0199883 419
0.0200638 426
0.0201367 432
0.0202087 434
0.0202824 443
0.0204862 451
0.0205651 468
0.0207946 471
0.0208845 478
0.0209835 485
0.0210754 493
0.0212333 502
0.0221711 506
0.0222422 510
0.0253725 514
0.0254763 516
0.0295512 517
0.0304817 518
0.0305561 520
0.0306304 522
0.0307061 525
0.0310112 527
0.0310868 539
0.031206 540
0.0314463 541
0.031526 545
0.0317227 550
0.0374646 552
0.0375386 562
0.0377451 569
0.0500628 578
0.0502103 585
0.0900846 589
0.0901718 592
2 592
