0 -137719
5e-08 -136846
1.132e-05 -135992
2.452e-05 -135152
4.3501e-05 -134312
6.6361e-05 -133473
9.0141e-05 -132651
0.000120782 -131832
0.000147933 -131017
0.000173153 -130209
0.000196924 -129413
0.000220114 -128617
0.000243754 -127822
0.000266775 -127030
0.000289975 -126239
0.000313016 -125449
0.000335836 -124666
0.000358837 -123892
0.000381827 -123121
0.000404778 -122351
0.000427628 -121585
0.000451148 -120821
0.000475279 -120061
0.000498669 -119303
0.00052177 -118546
0.00054475 -117789
0.000568061 -117035
0.000591831 -116282
0.000615222 -115529
0.000638382 -114777
0.000661373 -114030
0.000684413 -113285
0.000712224 -112541
0.000736124 -111798
0.000759925 -111056
0.000783585 -110314
0.000807105 -109572
0.000831316 -108835
0.000855236 -108099
0.000878857 -107363
0.000902507 -106630
0.000948088 -105898
0.000980629 -105168
0.00101008 -104439
0.00103762 -103711
0.00106352 -102986
0.00108817 -102261
0.00111176 -101540
0.0011354 -100820
0.00115909 -100102
0.00118338 -99385
0.00120767 -98668
0.00123171 -97953
0.00126611 -97238
0.00129061 -96526
0.0013151 -95820
0.00133907 -95115
0.0013635 -94413
0.00139007 -93713
0.00142612 -93014
0.00145723 -92317
0.00148146 -91621
0.0015053 -90927
0.0015297 -90237
0.00155507 -89550
0.0015809 -88864
0.00160701 -88179
0.00163275 -87494
0.00165843 -86812
0.00168314 -86132
0.00171248 -85452
0.00173797 -84772
0.00176379 -84093
0.00181014 -83417
0.0018379 -82743
0.00186328 -82069
0.00188843 -81397
0.00191461 -80725
0.00194095 -80054
0.00196733 -79385
0.00199367 -78717
0.00201969 -78051
0.00204467 -77385
0.00206981 -76721
0.00209975 -76059
0.00214227 -75401
0.00218521 -74743
0.00221214 -74088
0.00224484 -73433
0.0022744 -72781
0.00230997 -72129
0.00234414 -71477
0.00237869 -70826
0.00240491 -70175
0.00242949 -69524
0.00245396 -68874
0.00247893 -68226
0.00250534 -67579
0.00253065 -66933
0.00255519 -66287
0.00258002 -65643
0.00260445 -65000
0.00263208 -64358
0.00265791 -63717
0.00268346 -63077
0.00271301 -62438
0.00273945 -61799
0.00276473 -61163
0.00279079 -60531
0.00281645 -59900
0.00285083 -59270
0.00287704 -58641
0.00290456 -58019
0.00294917 -57397
0.00297877 -56776
0.00300718 -56156
0.00303494 -55537
0.00306875 -54919
0.00311052 -54302
0.00315335 -53687
0.00319547 -53073
0.00324084 -52460
0.00328441 -51849
0.00332621 -51238
0.00336652 -50630
0.00340682 -50023
0.00344526 -49419
0.00348621 -48818
0.0035317 -48217
0.00358483 -47616
0.00362282 -47017
0.00366289 -46419
0.00370976 -45821
0.00375782 -45226
0.0038002 -44635
0.00384032 -44046
0.00388112 -43458
0.00392371 -42870
0.00396272 -42284
0.00400265 -41700
0.00403467 -41117
0.00406212 -40538
0.00409241 -39962
0.00412046 -39387
0.00414741 -38812
0.00417397 -38238
0.00420331 -37664
0.00422953 -37092
0.00425531 -36524
0.00428621 -35956
0.00431755 -35391
0.00434629 -34827
0.00437591 -34263
0.00440638 -33704
0.00444676 -33145
0.00447607 -32586
0.00450312 -32028
0.00453827 -31471
0.00458111 -30915
0.00462853 -30362
0.00467408 -29811
0.00472422 -29263
0.00476997 -28720
0.00480058 -28179
0.00483135 -27639
0.00486063 -27106
0.00489239 -26575
0.00494364 -26046
0.00498458 -25518
0.00503169 -24999
0.00508016 -24483
0.00512821 -23967
0.00517679 -23452
0.00522669 -22937
0.00534238 -22425
0.0054002 -21916
0.00544709 -21417
0.00549457 -20922
0.0055502 -20427
0.00560218 -19933
0.00565446 -19441
0.00571888 -18951
0.00577703 -18463
0.0058338 -17975
0.00588783 -17495
0.00594909 -17015
0.00600386 -16539
0.00606167 -16067
0.00612031 -15601
0.00617528 -15138
0.00623302 -14679
0.00630071 -14226
0.00636511 -13775
0.00642613 -13328
0.00648756 -12882
0.00654798 -12442
0.00661032 -12013
0.00667595 -11589
0.00674375 -11173
0.0068091 -10758
0.00688171 -10356
0.00697722 -9954
0.0070659 -9556
0.00713797 -9161
0.00721195 -8768
0.00728099 -8383
0.00734942 -8000
0.00742757 -7621
0.00750782 -7248
0.00758442 -6881
0.00765804 -6517
0.00773756 -6161
0.00781327 -5815
0.00789762 -5470
0.00798431 -5132
0.00806289 -4816
0.00814073 -4506
0.00822404 -4212
0.00831321 -3923
0.00841114 -3648
0.00851347 -3376
0.00861868 -3110
0.00872924 -2849
0.0088419 -2600
0.00896945 -2364
0.00909144 -2135
0.00921461 -1927
0.00936774 -1728
0.00951307 -1534
0.00965328 -1348
0.0097883 -1190
0.0099206 -1035
0.0100521 -882
0.0102087 -756
0.0103483 -646
0.0104797 -539
0.0106039 -433
0.0107252 -337
0.0108355 -249
0.0109485 -169
0.0110465 -94
0.0111385 -31
0.0112406 23
0.0113251 60
0.0114052 88
0.01148 90
0.0115495 99
0.0116258 111
0.012035 112
0.0121111 127
0.0121979 135
0.0122727 136
0.0123542 150
0.0124357 154
0.0125332 167
0.0126374 177
0.0127228 186
0.0128736 190
0.0130692 191
0.0131614 200
0.013534 220
0.0139232 224
0.0140721 229
0.0142453 231
0.0262589 235
0.0263379 238
0.0459055 246
0.0460638 254
2 254
