0 -574
2.23e-07 -516
4.36e-07 -509
0.000447373 -478
0.000452386 -456
0.00045473 -417
0.000454823 -359
0.000455101 -273
0.000463245 -268
0.00046344 -227
0.000463523 -168
0.000464774 -153
0.000465117 -150
0.000467526 -141
0.000468138 -100
0.000468721 -77
0.000469287 -2
0.000476477 32
0.000476783 37
0.00047694 55
0.000477107 72
0.000477302 89
0.000487216 126
0.000488708 172
0.000489014 191
0.000489366 228
0.000492488 229
0.000493202 254
0.000495407 257
0.00049549 273
0.000495694 308
0.000513966 354
0.000514495 360
0.000514689 370
0.000518433 374
0.000518516 388
0.000525123 411
0.000525215 412
0.000525317 451
0.000527467 461
0.000528217 490
0.00052831 530
0.000528606 545
0.000528949 546
0.000531942 556
0.000533249 582
0.000533434 583
0.00053475 612
0.000535491 623
0.000537993 645
0.000538067 658
0.000540022 667
0.000540115 693
0.000544423 694
0.000544516 699
0.000546212 711
0.00054686 723
0.000551289 731
0.000551391 732
0.000551688 744
0.000553346 772
0.000553689 777
0.000553911 806
0.000554171 807
0.000557618 828
0.000563937 839
0.000564095 893
0.000564502 894
0.00056491 907
0.000566263 908
0.000566365 925
0.000566884 930
0.000567291 934
0.000568097 943
0.000568774 954
0.000573323 961
0.000573592 970
0.000573861 995
0.000574222 1003
0.000583266 1024
0.00058372 1030
0.000583942 1045
0.0005841 1078
0.000587167 1118
0.000595951 1128
0.000596506 1146
0.000596868 1173
0.000597433 1200
0.000597757 1201
0.00061615 1209
0.000616511 1220
0.000619449 1274
0.000621209 1296
0.000624387 1300
0.000625008 1310
0.000625379 1312
0.000626518 1320
0.000627445 1328
0.000627816 1337
0.000628121 1340
0.000628613 1357
0.000631494 1365
0.000632245 1376
0.000640584 1385
0.000652407 1405
0.00065388 1407
0.000654835 1409
0.000656178 1410
0.000656975 1413
0.000658588 1417
0.000658921 1428
0.000666936 1439
0.000669734 1440
0.000672199 1455
0.000672347 1459
0.000679362 1460
0.000679667 1465
0.000680103 1488
0.000681622 1516
0.000683605 1524
0.000685551 1525
0.000695428 1535
0.000701998 1547
0.000706844 1556
0.000706992 1565
0.000709179 1567
0.000715452 1594
0.000715887 1595
0.000720409 1596
0.000737403 1600
0.000741322 1605
0.00074539 1614
0.000750625 1615
0.000774846 1619
0.000788337 1624
0.000803134 1625
0.000852595 1629
0.00087576 1630
2 1630
