0 -1728
2.69e-07 -1615
5.38e-07 -1453
0.000387988 -1432
0.000388331 -1384
0.000389378 -1328
0.000389675 -1270
0.000389777 -1194
0.000390537 -1122
0.000391991 -1098
0.000392566 -1015
0.000393715 -957
0.000394762 -942
0.000394845 -870
0.000395105 -772
0.000395568 -698
0.000396235 -689
0.000434874 -666
0.000435226 -538
0.000444519 -479
0.000445446 -464
0.000446067 -447
0.000448198 -416
0.000448485 -383
0.000448587 -358
0.000450542 -297
0.000453683 -252
0.000454007 -240
0.00045524 -207
0.000467554 -199
0.000467749 -144
0.000470779 -85
0.000470881 -62
0.000471223 -60
0.000472965 -59
0.000509936 -37
0.000513661 117
0.000519406 118
0.000521518 168
0.000521982 172
0.000522426 207
0.000527069 242
0.00054207 244
0.000542533 249
0.000543247 253
0.000543441 262
0.00056617 264
0.000567301 267
0.000569747 268
0.000570701 286
0.000572443 312
0.000575121 319
0.000593412 325
0.000594728 333
0.000596738 338
0.000597544 340
0.000599203 350
0.000614084 352
0.000671754 365
0.000680928 380
0.000684097 383
0.000705825 386
0.000709225 387
0.000732353 388
0.000744547 393
0.000745168 397
2 397
