0 -2045
2.69e-07 -1966
0.000381419 -1784
0.00038506 -1748
0.000386367 -1624
0.000392658 -1597
0.00039301 -1516
0.000393381 -1398
0.00039364 -1246
0.000395123 -1199
0.000395401 -1097
0.000415786 -1052
0.000416731 -925
0.000418028 -821
0.000431473 -797
0.000435383 -725
0.00043984 -690
0.000445538 -611
0.000452126 -574
0.000452506 -525
0.000455017 -493
0.00046508 -409
0.000466442 -370
0.000504599 -369
0.00050534 -363
0.000505785 -357
0.000514263 -302
0.000516978 -294
0.000517682 -258
0.000520953 -217
0.000539049 -213
0.000544812 -159
0.000547722 -147
0.000548926 -91
0.000549807 -67
0.000568125 -52
0.000576594 -27
0.000577465 -7
0.000582163 -4
0.000582617 35
0.000583238 51
0.000586499 69
0.000587796 117
0.000588983 140
0.000595441 141
0.000620245 161
0.000621552 168
0.000622358 173
0.000623702 191
0.000625277 208
0.000626138 222
0.000633653 223
0.000638731 255
0.000638833 259
0.000640093 263
0.00065641 266
0.000658587 269
0.000663971 280
0.00066461 287
0.000671004 291
0.000672671 292
0.000673941 307
0.000674358 310
0.000677694 327
0.000681455 328
0.000691129 330
0.000696892 334
0.000704537 335
0.000704759 342
0.000708224 343
0.000709429 361
0.000715517 374
0.000733576 376
0.000759594 384
0.000787744 400
0.000795231 404
0.000877743 410
0.000890242 412
0.000893847 428
2 428
