0 -1340
7.6e-08 -1214
7.235e-06 -1196
0.000454426 -1174
0.000454569 -1162
0.000455773 -1075
0.000456512 -1039
0.000458067 -985
0.000471703 -925
0.000472585 -884
0.000481915 -868
0.000482788 -845
0.000483214 -775
0.000483584 -764
0.000484371 -721
0.000484485 -666
0.00049812 -652
0.000500017 -583
0.000504891 -571
0.000514458 -531
0.000516563 -464
0.000517056 -448
0.00052524 -402
0.000525439 -309
0.000525543 -308
0.000525657 -304
0.00052596 -254
0.000533641 -239
0.000535461 -234
0.000536969 -189
0.000581896 -172
0.000583489 -110
0.000584067 -66
0.000586087 -53
0.000593502 -12
0.000595873 -6
0.000597153 16
0.000597665 26
0.000598765 78
0.000599182 85
0.000599514 114
0.000600253 121
0.000601126 151
0.000601932 194
0.000602046 254
0.000602159 271
0.000602358 275
0.000603051 277
0.000603989 278
0.00060635 317
0.000606436 353
0.000606711 368
0.000612476 372
0.000616307 393
0.000620261 410
0.000625277 421
0.000625855 430
0.000629961 437
0.000630255 441
0.00063035 452
0.000633574 464
0.000634446 483
0.000634532 496
0.000634807 523
0.000635281 524
0.000635461 534
0.000642819 539
0.000643379 568
0.000650026 570
0.000650234 590
0.000651856 638
0.00065215 654
0.000652842 655
0.000653022 660
0.000653951 675
0.000654131 690
0.000654871 703
0.000654947 710
0.000655023 771
0.000655118 780
0.000658275 783
0.000658455 798
0.000660039 808
0.000662078 824
0.000663879 832
0.000664296 836
0.000664685 855
0.00066514 859
0.000666183 860
0.00066642 874
0.00066771 880
0.00067248 911
0.000673153 939
0.000673248 941
0.000674006 946
0.000674167 975
0.000695085 979
0.000698888 982
0.000699855 1030
0.000699959 1038
0.000700262 1061
0.000701742 1082
0.000702159 1089
0.000706322 1112
0.000709953 1123
0.000711205 1126
0.000712068 1127
0.000732094 1133
0.000734019 1159
0.000734218 1164
0.000734417 1165
0.000736475 1181
0.000737727 1188
0.000741539 1208
0.000741643 1210
0.000742439 1218
0.000744251 1228
0.00075359 1236
0.00075378 1238
0.000758701 1250
0.000787916 1263
0.000788855 1280
0.000789519 1285
0.000790144 1296
0.000797408 1307
0.000799058 1319
0.000801248 1322
0.000807137 1326
0.000809062 1328
0.000810465 1335
0.000811223 1353
0.00081202 1360
0.000813025 1363
0.000829116 1365
0.000829505 1375
0.000832293 1376
0.00083289 1380
0.000833374 1388
0.000838162 1390
0.000866476 1393
0.000869312 1397
0.00088875 1400
0.000896431 1402
0.000898488 1406
0.00090744 1413
0.000930823 1416
0.000948118 1428
2 1428
