0 -178
3.23e-07 -106
7.434e-06 -85
0.000417446 -82
0.00041756 -73
0.000418072 -66
0.000418963 -37
0.000421495 -31
0.000421874 -12
0.000422775 -10
0.000423467 -7
0.000423647 6
0.000426094 30
0.00043147 35
0.000431849 50
0.000432532 60
0.000433954 86
0.000434173 87
0.000434362 124
0.000435206 189
0.000435291 243
0.000435424 261
0.000504796 289
0.000523998 297
0.000527829 320
0.000528416 345
0.000529166 359
0.000529839 362
0.00053092 371
0.000531204 379
0.000531527 427
0.00053257 488
0.000552264 499
0.000552568 521
0.000552643 573
0.000554218 606
0.000554597 626
0.000554663 644
0.000555801 649
0.000555896 659
0.000556304 662
0.000557062 676
0.000575088 684
0.000579175 690
0.000580332 700
0.000580626 712
0.000581498 737
0.000581716 742
0.000615947 752
0.000616535 760
0.000616611 772
0.000616867 806
0.000617028 808
0.000617094 822
0.000618687 831
0.000620394 833
0.000621532 836
0.000621769 855
0.000621968 867
0.000626757 884
0.000627496 885
0.000642573 889
0.000644137 891
0.000645199 903
0.000645598 913
0.000646271 915
0.000647399 929
0.000647684 941
0.000649779 943
0.000651714 949
0.000651837 952
0.000652169 962
0.000655033 969
0.000655383 974
0.000655725 987
0.000656208 1010
0.000659252 1016
0.000660352 1031
0.000660513 1040
0.000675182 1042
0.000676491 1044
0.00067834 1046
0.00067998 1059
0.000680834 1061
0.000691672 1066
0.00069244 1073
0.000693274 1078
0.000697845 1084
0.000699125 1094
0.000703676 1096
0.000734408 1100
0.000773361 1103
0.00077704 1109
0.000789784 1125
0.000819416 1127
0.000843928 1129
0.000846782 1136
0.000874262 1140
0.0008752 1144
0.000946099 1153
0.00096165 1159
0.000966353 1184
2 1184
