0 188
2.44e-07 224
0.000778657 225
0.000779134 251
0.000789868 284
0.000826612 291
0.000827764 299
0.000827932 334
0.000828803 352
0.000829065 384
0.000829225 408
0.000830564 414
0.000830667 415
0.000830892 462
0.000831276 490
0.000831735 493
0.00083387 494
0.000858438 520
0.000858616 547
0.000859936 552
0.000864048 574
0.000864189 598
0.000864338 606
0.000864882 643
0.000870117 645
0.000871401 661
0.000872459 679
0.000873742 692
0.000877254 695
0.00087835 703
0.000878641 764
0.000879886 771
0.000880673 784
0.000890479 785
0.000890976 791
0.000891425 797
0.000892971 819
0.000893261 843
0.000893701 861
0.00089653 868
0.000896661 876
0.000897083 922
0.000932084 965
0.000932505 966
0.000933011 984
0.00093333 998
0.000934004 1002
0.000935624 1013
0.000936065 1019
0.000936252 1042
0.000979121 1045
0.000979889 1063
0.000980648 1068
0.000981153 1088
0.000981584 1100
0.000983092 1121
0.000983701 1136
0.000988028 1137
0.000988422 1143
0.000988843 1166
0.000989208 1185
0.000989339 1189
0.000990604 1194
0.000993039 1203
0.00099318 1241
0.000993704 1251
0.00099553 1259
0.000995793 1295
0.000998125 1297
0.000999942 1310
0.00100025 1325
0.00100107 1337
0.0010058 1342
0.00100635 1362
0.00100677 1368
0.00101309 1380
0.00101443 1385
0.00101519 1404
0.00101591 1414
0.0010173 1420
0.00102315 1435
0.0010239 1450
0.00102448 1451
0.00102664 1458
0.00102708 1466
0.00102834 1483
0.00102939 1491
0.0010299 1496
0.00103458 1499
0.0010385 1517
0.00104022 1525
0.00104274 1530
0.00105806 1550
0.00105842 1553
0.00105855 1559
0.00105966 1577
0.00105982 1596
0.00106031 1600
0.00106658 1603
0.00106704 1618
0.00106879 1637
0.00107067 1638
0.00107157 1642
0.00107416 1652
0.00107496 1654
0.00107818 1669
0.00108277 1670
0.00108389 1671
0.00108447 1672
0.00108787 1675
0.0011017 1679
0.00110377 1692
0.00110852 1703
0.00110921 1706
0.00111323 1715
0.0011138 1718
0.00111533 1721
0.00111678 1726
0.00111793 1731
0.00111915 1738
0.00112005 1740
0.00112787 1752
0.00112819 1774
0.00113644 1779
0.00115169 1785
0.00115182 1793
0.00115232 1803
0.00115288 1809
0.00116391 1810
0.00116425 1823
0.00116924 1828
0.00117253 1833
0.00117393 1835
0.00117421 1837
0.00117981 1843
0.00118665 1844
0.00118881 1847
0.00119137 1850
0.00120757 1857
0.00120934 1858
0.00121516 1859
0.00121526 1861
0.00121634 1862
0.0012207 1864
0.00122172 1866
0.00122812 1874
0.00124464 1879
0.00124568 1881
0.00124614 1888
0.00125672 1890
0.00126254 1895
0.00126587 1897
0.00127228 1905
0.00127297 1907
0.00127411 1909
0.00127509 1915
0.00127695 1916
0.00128412 1917
0.00128565 1923
0.00130056 1925
0.00132198 1928
0.00132413 1934
0.00133328 1936
0.00133955 1940
0.00134878 1942
0.0013545 1943
0.0013547 1950
0.00137864 1953
2 1953
