0 30
6.5e-08 120
0.000442943 145
0.000443742 209
0.000444651 234
0.000446034 279
0.000446136 288
0.000452466 306
0.000454415 315
0.000455028 340
0.000455381 343
0.000455659 393
0.000455873 421
0.00045616 441
0.000456439 454
0.000456736 509
0.000457023 583
0.000457246 590
0.000515664 658
0.000515841 706
0.00051662 711
0.000516797 723
0.000517177 735
0.000521335 755
0.000521902 762
0.000522078 771
0.000522152 779
0.000522625 791
0.000523034 800
0.000523619 801
0.000523721 815
0.000564597 843
0.000566202 861
0.000566555 862
0.000568829 869
0.000569024 872
0.00056933 877
0.000569525 914
0.000570435 918
0.000583067 927
0.000584292 948
0.000586018 969
0.000586195 989
0.000587012 1015
0.000587095 1017
0.000602206 1022
0.00060228 1036
0.000603338 1045
0.000603459 1053
0.000603588 1057
0.000604006 1068
0.000614671 1087
0.000614838 1103
0.000615469 1111
0.000616184 1161
0.000616926 1173
0.00061869 1178
0.000618847 1186
0.000619711 1191
0.00061997 1223
0.000620026 1231
0.000620991 1234
0.000621066 1235
0.000621242 1248
0.000634245 1253
0.000634394 1270
0.000637633 1287
0.000638951 1290
0.000639239 1299
0.000641095 1300
0.000641411 1307
0.000641494 1327
0.000641996 1329
0.000654693 1336
0.000655268 1359
0.00066636 1362
0.000666944 1368
0.000667028 1371
0.000678565 1377
0.000678676 1385
0.000678843 1386
0.00067992 1387
0.000686036 1392
0.000695634 1404
0.000696265 1406
0.000702056 1415
0.000704135 1422
0.000704256 1425
0.00070434 1435
0.000707106 1439
0.000740603 1442
0.000741197 1446
0.000756038 1449
0.000757337 1453
0.000758609 1454
0.000759676 1455
0.000763575 1470
0.00076519 1478
0.000791057 1479
0.000791577 1483
0.000803077 1487
0.000804051 1490
0.000804404 1491
0.00080562 1493
0.000808024 1494
0.000810047 1498
0.000811421 1500
0.000816489 1510
0.000816841 1514
0.0008175 1518
0.00082913 1521
0.00085587 1523
0.000877765 1532
0.000913685 1544
2 1544
