0 -594
3.62e-07 -463
0.000342248 -445
0.000342722 -433
0.000344504 -422
0.000344717 -403
0.000345469 -382
0.000382604 -356
0.000385129 -323
0.000390002 -313
0.000390206 -267
0.000408713 -254
0.000409586 -225
0.000409781 -177
0.000410022 -175
0.000411201 -157
0.000411516 -128
0.000411767 -124
0.000415443 -112
0.000417828 -107
0.000418199 -95
0.000418431 -56
0.000420093 -29
0.000423081 -11
0.000423248 0
0.000423564 34
0.000423889 51
0.00042581 83
0.000426645 84
0.000429096 92
0.000429476 106
0.00042981 117
0.000430182 162
0.00043421 184
0.000435036 194
0.000436038 197
0.000472738 201
0.000472979 245
0.000473146 250
0.000473619 254
0.00049182 259
0.000497668 294
0.000498847 310
0.000500749 332
0.000501176 333
0.000501288 337
0.000502504 347
0.000504007 349
0.000504063 368
0.000504128 384
0.000505232 388
0.000508824 406
0.000510467 411
0.000510736 416
0.000510978 433
0.000511599 443
0.000517354 453
0.000521104 456
0.000521262 461
0.000524594 464
0.000524789 473
0.000525095 508
0.000527722 509
0.000528037 524
0.000529216 530
0.000531193 533
0.000532659 536
0.000533365 541
0.000533476 553
0.000534822 560
0.000553404 569
0.000563047 579
0.000563353 584
0.000569294 588
0.000574166 600
0.000584766 601
0.00058614 605
0.00060293 606
0.000603942 609
0.000604424 620
0.000604898 633
0.000686473 638
2 638
