0 -4941
1.86e-07 -4815
7.212e-06 -4708
0.000358769 -4587
0.000362547 -4581
0.000368589 -4490
0.00036948 -4348
0.000370186 -4347
0.000370269 -4224
0.000371151 -4194
0.00037736 -4159
0.000379133 -4090
0.000379347 -3981
0.000383755 -3898
0.000384275 -3800
0.00038447 -3683
0.000384795 -3566
0.000385584 -3490
0.00038654 -3357
0.000386688 -3265
0.000387821 -3189
0.000388591 -3112
0.00038925 -3016
0.000390122 -2912
0.00039106 -2900
0.00039299 -2865
0.000393622 -2771
0.000394782 -2719
0.000396462 -2695
0.000403553 -2693
0.000403933 -2597
0.000404852 -2487
0.000424065 -2460
0.000428817 -2432
0.000429996 -2386
0.000430414 -2331
0.000441357 -2304
0.000442257 -2234
0.000444187 -2149
0.000452281 -2133
0.000453404 -2050
0.000453747 -1967
0.000455084 -1879
0.000456708 -1773
0.000458277 -1704
0.000463679 -1673
0.000477573 -1610
0.000481889 -1556
0.000482093 -1482
0.000482604 -1387
0.000484154 -1327
0.000485787 -1223
0.000487616 -1200
0.000490716 -1179
0.000490846 -1116
0.000502773 -1031
0.000507534 -1020
0.000511581 -927
0.000512453 -854
0.000519043 -784
0.000526264 -780
0.000530589 -727
0.0005311 -647
0.00053356 -581
0.000534636 -512
0.00054453 -511
0.000555742 -476
0.000556968 -374
0.00055733 -338
0.000562388 -302
0.000562741 -275
0.00056508 -232
0.000577452 -199
0.000587383 -175
0.000594604 -124
0.000637569 -71
0.000639026 -42
0.000657116 -23
0.000660076 15
0.000662731 43
0.000684719 86
0.000706131 103
0.000707951 148
0.000738635 164
0.000748799 171
0.000750107 175
0.000773757 187
0.000775446 200
0.000787466 206
0.000789044 216
0.0008343 225
0.000838505 241
0.000854237 248
0.000868271 250
0.000871287 251
0.000876169 258
0.000900116 263
0.000982963 264
0.0010031 275
0.00101482 305
0.00102036 306
0.00102876 309
0.00103475 313
0.00103902 321
0.00104647 322
0.00107248 323
0.00107319 334
0.00108492 339
0.00111239 346
0.00112297 352
0.00112659 362
0.0011811 365
0.00118714 377
0.00120152 383
0.00122281 384
0.00124738 386
0.00125732 390
0.00126194 401
0.00131027 408
0.00151861 409
0.00168896 412
0.00170988 413
0.00182135 415
0.00203657 416
2 416
