0 -2304
4.47e-07 -2237
8.023e-06 -2209
8.525e-06 -2144
8.662e-06 -2026
8.845e-06 -1941
0.000508563 -1932
0.000508673 -1845
0.000508946 -1814
0.000510352 -1809
0.00051069 -1767
0.000511101 -1733
0.00051132 -1702
0.000511694 -1700
0.000521214 -1656
0.000528535 -1639
0.000529557 -1617
0.000529831 -1569
0.000530844 -1552
0.000531082 -1534
0.000538019 -1519
0.000553947 -1491
0.000554887 -1482
0.00055517 -1481
0.000557069 -1393
0.000559707 -1358
0.000560629 -1241
0.00056114 -1205
0.000569382 -1145
0.00057014 -1047
0.000574275 -1013
0.000577196 -989
0.000578255 -967
0.000578629 -951
0.000579578 -939
0.000583941 -918
0.000584133 -823
0.000584325 -751
0.000586014 -651
0.000586579 -566
0.000587529 -545
0.0005894 -501
0.000590295 -461
0.00059076 -410
0.00059149 -343
0.00059243 -289
0.000592531 -279
0.000597688 -278
0.000598446 -227
0.00060855 -219
0.00060866 -215
0.000615378 -178
0.000615734 -164
0.000616163 -105
0.000616994 -91
0.000620398 -87
0.000632529 -18
0.000633187 -15
0.000634246 17
0.000634437 28
0.000635104 29
0.000635304 76
0.000635925 131
0.000636053 152
0.000636281 188
0.000636482 235
0.000637249 264
0.000639613 281
0.000641018 310
0.000641201 321
0.000641301 342
0.000641977 360
0.000642379 380
0.00064488 383
0.000645062 398
0.000651598 412
0.000652127 430
0.0006522 437
0.000652492 444
0.000652593 512
0.000652794 516
0.000653086 547
0.000653177 568
0.000653779 574
0.000654263 598
0.000665773 619
0.000670173 640
0.000672391 653
0.000673441 676
0.00067534 703
0.000675842 745
0.000678753 755
0.000683436 761
0.000683847 792
0.000687042 801
0.000688009 823
0.000693751 831
0.000694262 860
0.000698853 861
0.000699693 895
0.000700158 908
0.000701217 911
0.000702431 931
0.000705051 960
0.000705553 963
0.00070611 973
0.000706292 981
0.000707771 1011
0.000722741 1045
0.000726401 1047
0.00072725 1049
0.000728209 1074
0.00073625 1078
0.000738341 1088
0.000747706 1092
0.000748801 1094
0.000749787 1113
0.000749887 1121
0.000750964 1125
0.00075342 1140
0.000755172 1149
0.000756834 1160
0.000757445 1162
0.00076179 1203
0.000766592 1250
0.000768581 1284
0.000768864 1291
0.000771302 1299
0.000775528 1302
0.000776568 1314
0.000777043 1323
0.000780849 1336
0.000784172 1339
0.000785003 1356
0.000785094 1371
0.000786399 1373
0.000786573 1384
0.000788964 1386
0.000789055 1387
0.000790479 1400
0.000792004 1404
0.000793053 1410
0.000798256 1411
0.000800201 1435
0.000802546 1442
0.000806946 1446
0.000808188 1452
0.000808571 1453
0.000808744 1458
0.000824353 1487
0.000825056 1488
0.000828725 1496
0.0008314 1497
0.000833919 1517
0.000837169 1518
0.000840272 1528
0.000840875 1532
0.000855406 1547
0.000858829 1550
0.00085977 1562
0.000861613 1583
0.000872485 1586
0.000886898 1589
0.000888851 1592
0.000912839 1595
0.000918188 1599
0.000920315 1603
0.000921182 1608
0.000936599 1610
0.000991148 1617
2 1617
