0 176
2.37e-07 187
6.663e-06 194
7.074e-06 196
7.503e-06 198
8.671e-06 219
9.137e-06 227
9.292e-06 229
0.000112429 233
0.000112602 262
0.000114409 295
0.000114546 302
0.000296694 310
0.000297005 321
0.00029716 323
0.000317625 333
0.00031799 371
0.000318118 393
0.000323722 400
0.00035797 413
0.000358034 420
0.000358207 440
0.000358719 444
0.00036028 450
0.000361101 462
0.000361256 479
0.000361302 485
0.000361576 486
0.000361703 508
0.000361758 513
0.000362206 522
0.000362297 537
0.000362361 550
0.000363027 554
0.000413687 560
0.000413806 563
0.00041397 573
0.000414034 594
0.000414244 605
0.000414308 606
0.000455055 607
0.000455146 637
0.000459153 650
0.000459263 680
0.000459336 683
0.000459701 686
0.000459993 699
0.000487404 703
0.000487669 710
0.000487888 722
0.000489915 734
0.000490261 736
0.000547895 743
0.000551501 751
0.000551574 752
0.000552779 758
0.000554029 772
0.000592211 782
0.000592549 785
0.000594895 786
0.00059788 799
0.000598327 801
0.000607683 802
0.000607966 814
0.000626998 815
0.000628541 816
0.00063242 821
0.000640571 830
0.000654646 832
0.000655331 833
0.000655696 836
0.000673696 840
2 840
