0 -67342
1.91e-07 -66750
5.02e-07 -66151
7.019e-06 -65407
7.439e-06 -65194
8.288e-06 -65193
9.557e-06 -65101
0.000103228 -64682
0.000103784 -63995
0.00011765 -63581
0.000118206 -62831
0.000119028 -62672
0.00011984 -61822
0.000120041 -61325
0.000123966 -60747
0.000124651 -60666
0.000126942 -60020
0.000147133 -59612
0.00014737 -58939
0.000147589 -58239
0.00014769 -57531
0.000148548 -56571
0.000148675 -55895
0.000149132 -55104
0.000150045 -54978
0.000150574 -54185
0.00015271 -53598
0.000154143 -53593
0.000154444 -52876
0.00015617 -52132
0.000156708 -51276
0.00015815 -50557
0.000158598 -49587
0.000162084 -49034
0.00016297 -48813
0.000163435 -48143
0.000164266 -47295
0.000164978 -46646
0.000165453 -46019
0.000173184 -45682
0.000174398 -45104
0.000175256 -44936
0.000175594 -44354
0.000176059 -43679
0.000177611 -43052
0.000180778 -42341
0.000182622 -41782
0.000184393 -41752
0.000184868 -40837
0.000186401 -40347
0.00018935 -39717
0.000190135 -38968
0.000191084 -38385
0.00019458 -38306
0.00019531 -37497
0.000195557 -36671
0.000196059 -36068
0.000196168 -35307
0.000197044 -34500
0.000200906 -34264
0.000201125 -33463
0.000201398 -32702
0.000201855 -32037
0.00020473 -31459
0.000209148 -30952
0.000209559 -30226
0.000213529 -29876
0.000221243 -29330
0.000221662 -28807
0.000233045 -28305
0.00023425 -27515
0.000238668 -26840
0.000239626 -26165
0.000241835 -25458
0.000242383 -24888
0.000248161 -24275
0.000250059 -23640
0.000250808 -22949
0.000251347 -22349
0.000252707 -21795
0.000253994 -21106
0.000255281 -20497
0.000258457 -19906
0.000280538 -19297
0.000286635 -18710
0.000300519 -18659
0.000302436 -18542
0.000304645 -17756
0.000310669 -17016
0.000314585 -16922
0.000315936 -16370
0.000338044 -15793
0.000338591 -15192
0.000342535 -14683
0.000343009 -14091
0.000344251 -13583
0.0003496 -13081
0.000350731 -12456
0.000357021 -11876
0.000359321 -11265
0.000359586 -10717
0.00036519 -10309
0.000370786 -9898
0.000373077 -9382
0.000377202 -8896
0.000383309 -8320
0.000388612 -7765
0.000391917 -7157
0.000406631 -6761
0.000416635 -6393
0.000422285 -5967
0.000427525 -5490
0.000437346 -5019
0.000438113 -4722
0.000443225 -4207
0.000446493 -3831
0.000451796 -3503
0.000455858 -3203
0.000456415 -2831
0.000466903 -2423
0.000471594 -2076
0.000564088 -1883
0.000578209 -1622
0.000590203 -1418
0.000662642 -1212
0.00067345 -1074
0.000709341 -834
0.000712846 -650
0.000714662 -473
0.000722932 -395
0.000725543 -296
0.000754807 -148
0.000755336 -26
0.000777344 3
0.000787677 21
0.000891918 28
0.000919584 67
0.000943198 92
0.000979938 97
0.00104552 113
0.00149953 116
0.00171275 120
0.00177638 123
0.00190577 130
0.00193163 135
0.00200363 141
2 141
