0 -14851
1.7e-07 -14550
7.108e-06 -14549
7.438e-06 -14247
0.000286232 -14199
0.000287543 -14183
0.000287797 -13874
0.000311684 -13642
0.000312429 -13618
0.000312608 -13392
0.000316435 -13219
0.000317463 -13092
0.000317934 -12779
0.000322412 -12725
0.000323213 -12573
0.000325909 -12572
0.000326343 -12323
0.000326588 -12070
0.000328483 -11896
0.000329746 -11693
0.000330585 -11563
0.000332517 -11287
0.000334572 -10918
0.000339267 -10626
0.000339446 -10375
0.00034234 -10370
0.000346073 -10089
0.000349127 -9828
0.000354105 -9657
0.000363145 -9629
0.000366859 -9562
0.000367773 -9271
0.000372986 -9095
0.000373524 -8974
0.000375164 -8721
0.000387503 -8545
0.000388531 -8451
0.000391199 -8108
0.000392151 -7825
0.000392914 -7580
0.000393263 -7344
0.000393452 -7093
0.000408949 -6943
0.00041024 -6785
0.000410401 -6602
0.000411391 -6537
0.000412201 -6305
0.00041534 -6024
0.000418715 -6008
0.000423099 -5945
0.000423975 -5769
0.000434043 -5757
0.000436786 -5559
0.000437059 -5422
0.000440029 -5138
0.000441339 -4937
0.000441462 -4776
0.000441641 -4626
0.000443668 -4466
0.000453999 -4346
0.000465057 -4214
0.000466301 -4066
0.000469789 -3988
0.000471259 -3892
0.000471523 -3659
0.000472221 -3561
0.000480017 -3510
0.0004946 -3429
0.000495439 -3266
0.000515697 -3219
0.000518346 -3113
0.000521108 -2926
0.000522145 -2766
0.00053193 -2733
0.000534842 -2574
0.000535964 -2532
0.000542139 -2464
0.000543949 -2293
0.000551952 -2212
0.000554648 -2117
0.000556288 -2001
0.000559371 -1892
0.000566771 -1832
0.00056695 -1735
0.000572163 -1642
0.000579572 -1612
0.000582476 -1568
0.000582692 -1500
0.000584663 -1372
0.000586275 -1231
0.00058685 -1149
0.000593288 -1061
0.000594636 -1059
0.000613697 -982
0.000615799 -909
0.000618768 -838
0.000623246 -697
0.000623482 -560
0.000625178 -444
0.000626074 -395
0.000628968 -394
0.000631589 -276
0.000633389 -211
0.000661283 -188
0.00066363 -158
0.000666873 -120
0.000669229 -39
0.000678618 -38
0.000680749 19
0.000698829 47
0.000723178 58
0.000723584 76
0.000724187 79
0.000725724 90
0.000733265 93
0.00073894 119
0.000742456 136
0.000742663 178
0.000747575 184
0.000750506 189
0.000752684 208
0.000755531 223
0.000760621 278
0.000763421 284
0.000768973 289
0.000770227 303
0.000839815 305
0.000840135 310
0.000847488 329
0.000851881 335
0.00085584 339
0.000866869 340
0.000867784 359
0.000868104 398
0.000880745 424
0.00088446 426
0.000886816 435
0.000894188 441
0.000909016 449
0.000912608 451
0.000917246 453
0.000935222 462
0.000938088 463
0.000939653 464
0.000943131 470
0.000945045 472
0.000952718 474
0.000964445 478
0.000965369 485
0.000968395 491
0.00097061 493
0.000978189 504
0.000989115 510
0.00101024 521
0.00101819 528
0.00104085 529
0.00106652 531
2 531
