0 -1879
7.39e-07 -1804
0.000536284 -1731
0.000536567 -1689
0.000536823 -1602
0.000537097 -1511
0.000537334 -1446
0.000537444 -1330
0.000538283 -1296
0.000547941 -1239
0.000548333 -1186
0.000548726 -1131
0.000548945 -1093
0.000549264 -1042
0.000549502 -956
0.000549657 -883
0.000551473 -865
0.00055213 -840
0.000552249 -758
0.000552715 -747
0.000552915 -733
0.000574731 -624
0.000578994 -576
0.000581477 -544
0.000581878 -458
0.000583248 -413
0.000584379 -363
0.000584708 -350
0.000584909 -295
0.000585593 -285
0.00058772 -277
0.000588241 -271
0.000588469 -207
0.00059202 -195
0.000595032 -144
0.00059515 -123
0.000596054 -101
0.000596164 -64
0.000598856 -56
0.000599103 -29
0.000599623 -22
0.000600079 -16
0.000600271 -12
0.000600682 15
0.000601576 45
0.000601969 65
0.0006028 104
0.000613808 145
0.00061431 156
0.000615195 159
0.000615414 231
0.000616044 248
0.000616236 257
0.000616428 299
0.000619632 327
0.000620362 329
0.00062101 343
0.000621402 345
0.000621914 359
0.000625127 377
0.000637376 417
0.000638535 481
0.000640233 493
0.000641922 513
0.000642771 543
0.000655623 545
0.000656125 564
0.000656235 568
0.000657083 625
0.000657531 648
0.000658434 657
0.000665125 672
0.000665445 706
0.000666777 714
0.000672108 733
0.000673203 760
0.000673815 775
0.000673915 803
0.000674481 806
0.000680643 809
0.000687863 820
0.000688913 822
0.000690729 849
0.000692281 857
0.000692591 874
0.000696315 888
0.000696571 898
0.000698698 934
0.000699419 946
0.00070108 948
0.000705525 956
0.000708328 958
0.000709323 963
0.000710089 971
0.000717949 976
0.000718642 984
0.000719938 1042
0.000720687 1062
0.000724648 1081
0.000725004 1156
0.000725744 1161
0.000727268 1182
0.000729139 1199
0.000730691 1202
0.000754506 1213
0.000754835 1217
0.000755683 1235
0.000755793 1240
0.000763223 1241
0.000765405 1264
0.000765843 1271
0.000772305 1286
0.000772908 1329
0.000778622 1341
0.000778841 1342
0.000779352 1345
0.000784263 1347
0.000786089 1354
0.000787257 1356
0.000788626 1360
0.000789064 1369
0.000789393 1372
0.000789785 1384
0.000794422 1388
0.000794833 1397
0.000798576 1410
0.00080292 1412
0.000805248 1422
0.000806599 1427
0.000831317 1430
0.000832258 1479
0.000864215 1481
0.000869664 1487
0.000888075 1494
0.000914528 1504
0.000921456 1505
0.000931579 1507
0.00094444 1521
0.00099081 1525
0.000994954 1539
0.00102531 1541
0.00106612 1547
0.00107327 1550
0.00107562 1553
2 1553
