0 -3664
2.46e-07 -3537
0.000574028 -3508
0.000574329 -3470
0.000590413 -3429
0.000591645 -3315
0.000591791 -3273
0.00061295 -3255
0.000613497 -3126
0.000615058 -3055
0.000627755 -2961
0.00063305 -2937
0.000633177 -2926
0.000633679 -2893
0.000642798 -2886
0.000643967 -2859
0.000645783 -2836
0.000648111 -2819
0.000649316 -2799
0.000650511 -2670
0.000654044 -2594
0.000654172 -2520
0.000656664 -2447
0.000660798 -2436
0.000660954 -2317
0.000675065 -2288
0.000675367 -2261
0.000676909 -2045
0.00067962 -2006
0.000685033 -1942
0.000685626 -1900
0.000686694 -1854
0.000687288 -1849
0.000687562 -1808
0.000688447 -1795
0.000690355 -1777
0.000690921 -1677
0.000692865 -1654
0.000695804 -1644
0.000695895 -1615
0.00069763 -1570
0.000698132 -1473
0.000699337 -1455
0.000702595 -1419
0.000704074 -1390
0.000707424 -1387
0.000709213 -1340
0.000711504 -1324
0.000712006 -1199
0.000713823 -1184
0.000715511 -1152
0.000715986 -1043
0.000717008 -981
0.000717675 -977
0.000719683 -958
0.00072003 -927
0.000722275 -904
0.000725077 -882
0.000725424 -867
0.000732498 -816
0.000733046 -743
0.000734634 -710
0.000734981 -693
0.000735949 -657
0.000736077 -649
0.000736615 -637
0.000738696 -614
0.000741143 -572
0.000741426 -486
0.000741544 -484
0.000742731 -481
0.000743589 -463
0.000747587 -452
0.000748637 -374
0.000748774 -299
0.000751494 -257
0.000751621 -160
0.000752406 -111
0.000754095 -53
0.000754205 -6
0.000755017 6
0.000755574 14
0.000756231 24
0.00075739 35
0.000759289 47
0.000761114 82
0.00076147 122
0.000761589 131
0.000763743 138
0.000765049 152
0.000767687 186
0.000769832 214
0.000771657 235
0.000772561 240
0.000772661 287
0.00077289 332
0.000774341 350
0.000775336 383
0.000776176 412
0.00077655 423
0.000780128 446
0.000781598 451
0.000783661 455
0.000785395 458
0.000797024 465
0.000798868 541
0.00080125 554
0.000802464 556
0.00080355 604
0.000804007 636
0.000804253 658
0.00080491 659
0.000805485 663
0.000806353 672
0.000812578 674
0.000843804 697
0.000844836 698
0.000847045 704
0.000849245 716
0.000849446 762
0.000849875 801
0.000850523 811
0.000851992 818
0.000853973 841
0.000854192 908
0.000863147 910
0.000868769 953
0.0008697 958
0.000871709 967
0.000871992 982
0.000872393 1012
0.000872594 1045
0.000873543 1047
0.000875214 1049
0.000875844 1058
0.00087777 1061
0.000878399 1087
0.000880663 1101
0.000886049 1107
0.000888814 1177
0.000891014 1178
0.000892383 1184
0.000892493 1187
0.000893214 1190
0.000893442 1191
0.000894063 1225
0.000897468 1276
0.000901037 1281
0.000902196 1303
0.000902406 1324
0.000904323 1331
0.000905619 1332
0.000905975 1335
0.000908878 1337
0.000911141 1347
0.000912392 1355
0.000919639 1365
0.000920397 1366
0.00092539 1372
0.000927508 1384
0.0009345 1394
0.000935486 1403
0.000941337 1413
0.000942888 1446
0.000944604 1463
0.000945143 1464
0.000949168 1482
0.000955713 1498
0.000961025 1503
0.000962322 1507
0.000988902 1510
0.000989477 1514
0.000992316 1557
0.000993329 1569
0.000994498 1570
0.000999125 1579
0.000999664 1582
0.00100971 1600
0.0010111 1608
0.00101892 1627
0.00102653 1628
0.00102716 1638
0.00103133 1643
0.00103155 1648
0.00103419 1669
0.00103638 1670
0.00103995 1684
0.00105917 1698
0.00106042 1704
0.00106226 1707
0.00106242 1708
0.0010653 1711
0.00107123 1717
0.00107314 1726
0.00107419 1731
0.00107893 1747
0.00108307 1749
0.00108359 1753
0.00109522 1768
0.00110692 1779
0.00114318 1787
0.00119131 1789
0.00119665 1794
0.00120618 1805
0.00120653 1813
0.00125025 1816
0.00127352 1819
2 1819
