0 -73
4.6e-08 -51
0.000445361 -47
0.00044558 -46
0.000445708 -14
0.000446155 43
0.000447169 49
0.000447515 85
0.000447725 106
0.000449213 156
0.000449715 181
0.000452572 188
0.000453485 222
0.00045459 232
0.000459199 234
0.000459774 275
0.000459929 311
0.000460139 320
0.000461682 337
0.000461764 358
0.00046359 360
0.000463818 404
0.000464493 411
0.00046463 437
0.000464904 452
0.000464995 470
0.000500138 493
0.000501516 519
0.000501617 539
0.000502511 554
0.000502849 555
0.00050389 579
0.000510507 590
0.000517216 599
0.000517481 612
0.000517545 621
0.000517773 626
0.000519371 641
0.000519462 669
0.000527969 694
0.000530032 702
0.000530215 723
0.000536294 725
0.000536349 732
0.000536431 759
0.000537426 779
0.000539023 782
0.000548534 786
0.000550424 799
0.000550825 823
0.000551154 849
0.000558201 869
0.000558858 877
0.000559707 881
0.000560748 914
0.000561094 915
0.000565759 920
0.000565841 924
0.000565941 934
0.000566498 956
0.000567575 970
0.000567867 972
0.000587063 984
0.000590587 989
0.000590724 998
0.00059128 1002
0.00059254 1012
0.000594393 1014
0.000594685 1025
0.000597451 1044
0.000598181 1048
0.000598528 1064
0.000599094 1079
0.000602088 1080
0.000602325 1090
0.000603028 1118
0.000603411 1130
0.000603567 1145
0.000608185 1175
0.00060887 1180
0.000609664 1182
0.000619194 1188
0.000625492 1209
0.000626651 1221
0.000650776 1224
0.000650904 1240
0.000651662 1242
0.000651726 1252
0.000651817 1275
0.000654072 1298
0.000660963 1302
0.000661712 1318
0.000661794 1319
0.000663975 1325
0.000679712 1344
0.000680396 1351
0.00068078 1371
0.000681985 1378
0.000682669 1390
0.000686001 1395
0.000708748 1398
0.000709432 1401
0.000710081 1404
0.00071208 1412
0.000713321 1420
0.000714398 1429
0.000716379 1434
0.000716534 1445
0.000716917 1448
0.000722531 1465
0.000729596 1474
0.000731303 1482
0.000736241 1493
0.000744721 1498
0.000752735 1503
0.000758952 1505
0.000761078 1510
0.000771311 1512
0.000773465 1515
0.000775053 1520
0.000775656 1522
0.000776422 1539
0.000779152 1550
0.000779663 1554
0.000781123 1561
0.000807302 1576
0.000808042 1577
0.000820693 1588
0.000894949 1594
0.000895496 1599
2 1599
