0 -89
8.827e-06 -87
9.192e-06 -71
0.000363913 -45
0.000364013 -29
0.000364123 -20
0.000364205 -15
0.000365711 4
0.000365793 9
0.000365957 13
0.000381493 35
0.000382808 42
0.000385026 45
0.000385272 78
0.000386294 103
0.00038686 107
0.000393031 113
0.000393213 116
0.000393286 146
0.000393606 177
0.000393688 188
0.000397668 212
0.000398079 233
0.000398252 269
0.000405372 296
0.000405637 321
0.000410274 342
0.000410922 390
0.000411004 402
0.000413934 412
0.000419292 423
0.000419438 429
0.00041952 433
0.000431441 459
0.000431523 461
0.00043166 475
0.000431788 492
0.000432847 496
0.00043334 499
0.000433522 503
0.000434171 504
0.000434691 521
0.000436188 533
0.000436416 544
0.000436507 559
0.000443417 563
0.000443928 566
0.000444074 592
0.000444156 597
0.00044443 631
0.000448611 662
0.000459966 664
0.000461582 678
0.000464749 683
0.000465744 690
0.000465917 701
0.000470272 710
0.00047186 718
0.000476396 733
0.000476643 740
0.000483772 743
0.000484265 746
0.000484831 760
0.000485543 766
0.000500293 768
0.000502794 775
0.000503004 799
0.000513118 824
0.000513967 837
0.000519991 867
0.000520941 870
0.000526883 872
0.00052807 875
0.000528179 885
0.000529722 895
0.000538904 912
0.000540237 919
0.000540401 925
0.00054052 961
0.000541278 970
0.000541597 971
0.000542282 972
0.000549402 976
0.000549675 985
0.000551711 990
0.000551921 1012
0.000555143 1027
0.000557708 1030
0.000558009 1034
0.000559661 1045
0.000560383 1046
0.000564965 1048
0.000567794 1065
0.00056899 1071
0.000570633 1074
0.000570825 1083
0.000571144 1084
0.000571254 1085
0.000571436 1105
0.000582116 1106
0.000587657 1117
0.000590359 1121
0.000623502 1128
0.000624899 1142
0.000627628 1163
0.000627738 1179
0.000629043 1190
0.000647837 1201
0.000650192 1215
0.000651169 1217
0.000658672 1222
0.000664286 1224
0.000664907 1230
0.000669489 1232
0.00067167 1242
0.000673414 1243
0.00067356 1249
0.000747505 1250
2 1250
