0 -154
7.868e-06 -143
0.000326141 -139
0.00032668 -95
0.000326944 -48
0.000368467 19
0.000369544 69
0.000369882 85
0.000370329 108
0.000372794 142
0.000372885 156
0.000372949 187
0.000375313 209
0.000375971 249
0.000376071 261
0.000433431 294
0.000434353 295
0.000434709 296
0.000434882 303
0.000436872 309
0.000459327 313
0.000463279 315
0.000464585 328
0.000466072 347
0.000466501 348
0.00051582 359
0.000529895 375
0.000530789 394
0.000531182 414
0.000531985 424
0.000532122 438
0.000534477 442
0.000534806 447
0.000559716 455
0.000559889 475
0.00055999 488
0.000560766 507
0.000560948 525
0.000601312 526
0.000601485 551
0.000606104 552
0.000606177 562
0.000606743 581
0.000606989 586
0.000625017 594
0.000629809 602
0.000630083 614
0.000650539 625
0.000650877 626
0.000652657 628
0.000653478 644
0.00067816 649
0.000690099 655
0.000690236 661
0.00069145 667
0.000691542 678
0.000691843 681
0.000696434 687
0.000697155 696
0.000698141 705
0.000704722 711
0.000706959 713
0.000707515 721
0.000709204 726
0.000715283 734
0.000722494 735
0.000723435 739
0.000726511 749
0.000758705 753
0.000760649 759
0.000760832 765
0.00076734 770
2 770
