0 -1378
3.83e-07 -1344
0.000526727 -1326
0.000526901 -1256
0.000527165 -1255
0.00053392 -1254
0.000534194 -1191
0.000534659 -1121
0.00053518 -1085
0.000535572 -1059
0.000536138 -1010
0.00053696 -967
0.000538813 -956
0.000539789 -918
0.000540081 -871
0.000541551 -812
0.00054177 -781
0.000541989 -734
0.000542099 -665
0.000544353 -650
0.000546398 -579
0.000546599 -484
0.000546854 -472
0.000548726 -435
0.000549374 -397
0.000549529 -301
0.000549994 -285
0.000550104 -276
0.000550378 -258
0.000550615 -213
0.000550725 -208
0.000551263 -191
0.000551583 -189
0.000551929 -122
0.000552815 -91
0.000552915 -82
0.000553116 -21
0.000553408 -5
0.000553518 36
0.000561276 70
0.000561486 115
0.000562144 171
0.000567858 178
0.00060709 220
0.000608714 251
0.000610859 310
0.000611188 314
0.000612119 360
0.000636518 369
0.000644313 370
0.000671515 371
0.000672008 381
0.000672336 424
0.000681701 425
0.000682194 450
0.000682979 461
0.000685334 517
0.000685444 557
0.000692545 565
0.000692947 575
0.000693741 600
0.000694271 609
0.000695485 659
0.000698159 667
0.000698953 674
0.000699355 749
0.00069993 765
0.000701034 780
0.000701153 805
0.000701363 809
0.000701445 831
0.000701536 833
0.00070275 838
0.000703307 851
0.000703535 874
0.000703663 878
0.000703745 893
0.000703837 913
0.000704056 921
0.000704987 957
0.00070569 973
0.000709386 1009
0.000711166 1020
0.000712353 1026
0.000713658 1045
0.000718797 1078
0.00072453 1085
0.000724612 1086
0.000724703 1087
0.000725068 1089
0.000728811 1105
0.000729002 1131
0.000729459 1151
0.000729879 1163
0.00073049 1189
0.00073112 1195
0.000731412 1196
0.000731869 1204
0.000732005 1207
0.00073311 1209
0.000738851 1217
0.000739171 1228
0.0007397 1234
0.000740239 1294
0.000741809 1315
0.000742922 1319
0.000743014 1320
0.000743187 1328
0.00074337 1345
0.000743689 1350
0.000769466 1360
0.000770151 1367
0.000774231 1388
0.000775947 1402
0.000786079 1419
0.000822336 1424
0.000822518 1431
0.000826334 1433
0.000827748 1453
0.00083924 1473
0.000844279 1482
0.000844416 1484
0.000849911 1486
0.000858354 1490
0.000864415 1492
0.000874064 1494
0.000876154 1496
0.000877468 1507
0.00087808 1515
0.000878637 1530
0.000880855 1532
0.000881749 1553
0.000885127 1563
0.000885711 1584
0.000940597 1585
0.000985141 1590
0.000998304 1591
0.00110571 1595
0.00110724 1596
0.00112312 1598
0.00112795 1626
0.00115311 1628
2 1628
