0 -23889
2.72e-07 -23583
0.000307123 -23314
0.000311055 -23101
0.000314132 -22773
0.000314452 -22393
0.000317293 -22038
0.000318422 -21677
0.000323408 -21426
0.000324613 -21176
0.000325168 -20720
0.000339139 -20625
0.000342065 -20487
0.000343043 -20396
0.000350259 -20291
0.000353806 -20262
0.000357636 -20167
0.000358849 -19831
0.000363262 -19457
0.00036615 -19035
0.000366423 -18656
0.000370167 -18427
0.000374721 -18258
0.000374834 -17874
0.000375888 -17482
0.000377948 -17195
0.000384016 -17004
0.00038618 -16898
0.000386528 -16572
0.000387657 -16243
0.000393086 -16081
0.000394958 -15675
0.000407368 -15519
0.000408882 -15235
0.000409503 -14907
0.000411131 -14695
0.000411582 -14370
0.000419006 -14063
0.000419721 -13629
0.000419909 -13369
0.000426871 -13037
0.000429825 -12657
0.000435178 -12489
0.000444417 -12351
0.000451238 -12050
0.000451624 -11816
0.000452612 -11458
0.000456375 -11084
0.000457692 -10811
0.000460392 -10449
0.0004617 -10286
0.000462255 -10037
0.000464748 -9711
0.000468192 -9444
0.000474571 -9114
0.000474834 -8880
0.00047713 -8673
0.000478823 -8424
0.000486924 -8308
0.000495852 -8123
0.000496285 -7867
0.000499371 -7571
0.000504903 -7538
0.000510802 -7329
0.000514048 -7053
0.000516738 -6735
0.000518799 -6604
0.000532667 -6539
0.000542799 -6405
0.000565718 -6354
0.000572388 -6156
0.000579341 -5953
0.000580009 -5641
0.000582577 -5434
0.0005924 -5258
0.000600453 -4946
0.000609269 -4644
0.000622892 -4508
0.000625733 -4254
0.000626599 -4159
0.000628988 -3994
0.000640259 -3884
0.000643505 -3801
0.000644822 -3728
0.000658003 -3586
0.000659396 -3418
0.000663056 -3157
0.000664815 -2867
0.000678109 -2589
0.000681759 -2478
0.000684431 -2278
0.000685071 -2164
0.000689436 -2048
0.000691864 -1966
0.000692805 -1796
0.000695843 -1646
0.000720088 -1586
0.000726834 -1513
0.000727248 -1392
0.000738058 -1277
0.000742781 -1121
0.000745359 -1021
0.000746535 -875
0.000762388 -845
0.000763028 -765
0.000763677 -627
0.000771382 -476
0.000782042 -423
0.000808949 -315
0.000812045 -311
0.000814011 -266
0.000818461 -241
0.000822206 -208
0.000827154 -207
0.000827258 -167
0.00083294 -115
0.00083836 -59
0.000841257 -6
0.000847175 2
0.000850515 22
0.000850731 52
0.000851606 59
0.000853121 62
0.000874826 72
0.000877498 93
0.000882475 149
0.000894781 155
0.000938915 187
0.00098542 188
0.000990773 208
0.000992269 235
0.000994687 250
0.000996701 251
0.000999118 253
0.00102902 273
0.00103598 281
0.00107661 303
0.00107763 322
0.00108356 337
0.00110167 340
0.00111415 343
0.00114281 381
0.00114291 382
0.00115707 397
0.00125307 408
0.00136674 421
0.00146849 437
0.00150951 439
0.00169624 446
0.00182214 451
0.0018816 456
0.00195851 458
0.00198432 461
0.00228179 465
0.00232149 466
0.00241079 470
0.00272946 471
0.00279669 476
0.00338147 477
2 477
