0 216
9.549e-06 240
1.0868e-05 256
1.1251e-05 293
0.000355864 303
0.000356247 341
0.000356612 342
0.000357061 390
0.000357538 391
0.000358501 403
0.000359035 404
0.000359137 420
0.000359568 433
0.00036026 435
0.000491657 452
0.000491994 460
0.000492742 461
0.000495679 462
0.000510026 496
0.000511391 504
0.000519463 516
0.000519566 529
0.000519884 539
0.000520501 562
0.000585073 566
0.000585961 576
0.000586504 595
0.000586812 597
0.000588356 601
0.000588468 604
0.000588589 615
0.000588683 643
0.000588795 656
0.000589197 660
0.000589543 665
0.000593556 667
0.000594613 674
0.0005948 676
0.000636925 689
0.000670277 702
0.000689843 709
0.000689955 710
0.000690993 712
0.000691143 713
0.000694173 729
0.000697119 731
0.000697372 741
0.000698587 747
0.000698775 750
0.000753161 762
0.000762299 766
0.000762392 767
0.000763739 769
0.000764141 780
0.000768107 789
0.000772334 794
0.000778544 800
0.000795005 803
0.000797465 808
0.000812935 817
0.00088136 819
0.000890273 820
0.000896586 822
0.00090534 828
0.0009802 842
2 842
