0 78
2.24e-07 90
1.0718e-05 106
1.1129e-05 130
1.1316e-05 133
1.1962e-05 149
0.000374074 150
0.000374158 167
0.000374251 234
0.000411391 236
0.000411466 263
0.000415665 273
0.000415909 339
0.000417199 365
0.000430873 383
0.000431154 393
0.000431303 408
0.000455209 416
0.000456032 448
0.000457454 452
0.000457687 453
0.000457772 461
0.000458155 469
0.000458398 479
0.000458492 485
0.000458548 486
0.00045867 497
0.000459689 505
0.00046068 514
0.000461934 525
0.00047759 535
0.000478853 555
0.000478937 583
0.00047919 611
0.000479264 647
0.000527506 654
0.000529152 657
0.000531724 667
0.000538009 670
0.000549551 672
0.000563121 686
0.000563477 691
0.000566797 699
0.000567658 700
0.000579143 708
0.000580031 710
0.00058077 715
0.000591554 722
0.00059176 732
0.000595407 733
0.000595678 743
0.000596314 745
0.000688355 746
2 746
