0 311
3.46e-07 339
5.52e-07 360
6.64e-07 400
7.352e-06 406
8.698e-06 431
9.203e-06 438
0.000357529 443
0.000399636 448
0.000399935 449
0.000400244 461
0.000400309 466
0.000400749 476
0.000401188 478
0.000406547 486
0.000406959 491
0.00041127 505
0.000411458 522
0.000411785 529
0.000411832 541
0.000412028 556
0.000412187 563
0.00041272 574
0.000416471 592
0.000416536 621
0.000416695 629
0.000418163 643
0.000467387 650
0.000467668 661
0.000468266 662
0.000472522 671
0.0004727 683
0.000473382 689
0.000473822 690
0.000487234 692
0.000487337 699
0.000488319 702
0.000489918 706
0.000490966 707
0.000491321 712
0.000510382 713
0.000511205 716
0.00051562 729
0.000515685 738
0.000515797 740
0.000516536 743
0.000518977 749
0.000519772 761
0.00052053 776
0.000599402 778
0.000600814 790
0.000602844 793
0.000683352 797
0.000687224 799
0.000687804 812
0.00069192 813
0.000699018 817
0.000699767 827
0.000743266 830
0.000780949 834
2 834
