0 -25594
3.27e-07 -24930
5.7e-07 -24309
0.000218228 -24228
0.000219042 -23776
0.000223176 -23251
0.000229816 -23138
0.000232014 -22931
0.000232968 -22740
0.000233548 -22375
0.000236279 -21885
0.000237523 -21438
0.000239478 -21020
0.000244762 -20620
0.000245108 -20125
0.000246633 -19641
0.000247521 -19293
0.000249298 -19137
0.000249747 -18690
0.000250355 -18303
0.000251178 -17858
0.000255518 -17658
0.000256069 -17268
0.000259418 -17117
0.000265469 -17102
0.000266236 -16788
0.000267433 -16372
0.000271988 -15924
0.000273054 -15531
0.000273456 -15082
0.000273569 -14692
0.000274401 -14288
0.00027846 -14166
0.000294294 -13944
0.000297914 -13479
0.000300476 -12884
0.000301468 -12511
0.000308305 -12174
0.000308903 -11806
0.000310138 -11357
0.000312317 -10822
0.000318518 -10416
0.000322465 -10090
0.000322586 -9776
0.000322961 -9296
0.000325505 -9008
0.00033077 -8648
0.000333389 -8281
0.000342723 -7878
0.000346099 -7558
0.00034927 -7467
0.000352843 -7107
0.000353338 -6761
0.000360231 -6420
0.000371305 -6219
0.000372399 -5906
0.000374522 -5550
0.000377974 -5152
0.000380658 -4753
0.000382697 -4452
0.00038872 -4158
0.000389618 -3758
0.000389842 -3469
0.000390647 -3204
0.000393424 -2981
0.00039392 -2684
0.000394098 -2441
0.000417611 -2193
0.000428123 -1853
0.000430836 -1635
0.00045938 -1471
0.000460877 -1345
0.000467199 -1194
0.000475626 -1035
0.00048236 -776
0.000490656 -579
0.000502216 -461
0.000514468 -391
0.000519042 -377
0.000553264 -338
0.000571941 -231
0.000574307 -176
0.000596904 -99
0.000657136 -24
0.00071329 13
0.000725692 62
0.000730143 108
0.000744556 115
0.000745978 117
0.000753647 120
0.000760942 134
0.000762981 148
0.000815357 173
0.00082614 187
0.000898896 192
0.00104664 194
2 194
