0 -239
2.15e-07 -212
7.585e-06 -192
0.000346127 -179
0.000346212 -178
0.000346399 -139
0.000346473 -107
0.000347081 -74
0.000347212 -23
0.000347699 -18
0.00034782 -12
0.000353815 -9
0.000360259 15
0.000360334 27
0.000360409 80
0.000364758 125
0.000364842 143
0.000367302 162
0.000367396 182
0.000367601 208
0.000369425 218
0.000379592 306
0.000379713 328
0.000380097 342
0.000380181 356
0.000380302 402
0.000380471 415
0.000380695 423
0.000380779 431
0.000381079 449
0.000393322 476
0.00039363 527
0.000393958 536
0.00044377 539
0.000444276 553
0.000445417 557
0.000445482 567
0.000449897 579
0.000450065 617
0.000450402 619
0.000450467 693
0.000450607 712
0.000450682 753
0.000451084 783
0.000451187 786
0.000451262 792
0.000534998 817
0.00053597 820
0.000536045 831
0.000546417 841
0.000546642 846
0.000547371 851
0.000547811 867
0.000549232 873
0.000549401 899
0.000549579 908
0.000550121 923
0.000550841 927
0.000551589 931
0.00055274 939
0.000554208 940
0.000554751 942
0.000555012 948
0.000557154 956
0.000557285 957
0.000557959 962
0.000558277 973
0.000563654 977
0.000564674 982
0.000565768 995
0.000566329 1005
0.00056646 1007
0.000568162 1010
0.000568892 1025
0.000569874 1035
0.000582678 1039
0.000582987 1040
0.000583632 1041
0.000583716 1050
0.000587093 1053
0.000587962 1054
0.000588991 1061
0.000590254 1077
0.000591675 1085
0.000592059 1090
0.000595024 1092
0.000595398 1102
0.000596726 1103
0.000601009 1108
0.000601515 1115
0.000610746 1116
0.00062485 1121
0.000631612 1154
0.000637382 1159
0.000638187 1169
0.000638757 1182
0.000641414 1183
0.00064147 1196
0.000643013 1197
0.000686999 1201
0.000687803 1205
0.000687953 1206
0.000690778 1209
0.000707846 1210
0.000709464 1217
0.000716451 1218
0.000720117 1219
0.000721427 1221
0.000735549 1232
0.00077254 1236
2 1236
