0 96
0.000469851 110
0.000495161 114
0.000495294 120
0.000496706 144
0.000497037 146
0.000497265 198
0.00049754 245
0.000498241 261
0.000542304 292
0.00054257 302
0.000545545 364
0.000547706 382
0.000547819 419
0.00054836 465
0.000548691 499
0.00054907 513
0.000549279 527
0.000550643 545
0.000551079 550
0.000551146 564
0.000551278 609
0.00055179 616
0.000554737 631
0.000554832 632
0.000555287 647
0.000555438 694
0.000555533 702
0.000555865 716
0.000557618 776
0.000558006 781
0.000558291 813
0.000559058 820
0.000559769 823
0.000560233 842
0.000560309 862
0.000561275 878
0.000562138 895
0.000576835 916
0.000576958 945
0.000590196 956
0.000590575 963
0.00059067 974
0.00059285 1018
0.000593428 1038
0.000595162 1046
0.000596071 1049
0.0006386 1057
0.000638799 1062
0.000649886 1067
0.000654055 1086
0.000655354 1106
0.000663835 1120
0.000674211 1126
0.000675026 1144
0.000675196 1160
0.000675869 1178
0.000676779 1191
0.000678504 1222
0.000682256 1223
0.000683005 1226
0.00068309 1237
0.000684 1240
0.000684237 1253
0.000684331 1275
0.000703378 1289
0.000703549 1293
0.000703681 1313
0.000705065 1316
0.000705273 1319
0.0007104 1341
0.000711167 1348
0.000712788 1349
0.000712921 1357
0.000722359 1358
0.000722444 1362
0.000732839 1368
0.000733882 1370
0.000736004 1378
0.00073608 1395
0.000742628 1425
0.000744864 1431
0.000745556 1437
0.000746068 1444
0.00075001 1452
0.000750247 1462
0.000751659 1470
0.00075308 1473
0.000753184 1476
0.000753601 1481
0.000754445 1502
0.000759618 1506
0.000764631 1508
0.000766015 1516
0.000774676 1521
0.000777661 1540
0.000779111 1541
0.000780333 1542
0.000790226 1544
0.000809519 1552
0.000811405 1565
0.000812883 1566
0.000821307 1567
0.000821554 1568
0.000833882 1576
0.000845433 1581
0.000855004 1588
0.000857686 1589
0.000859079 1593
0.000872488 1595
0.00089108 1603
0.000921801 1608
2 1608
