0 501
3.13e-07 525
0.000682047 534
0.000686302 571
0.00073174 575
0.000732583 599
0.000736838 610
0.000737473 619
0.000737596 648
0.000737767 655
0.000759107 671
0.000764328 682
0.000765787 694
0.000767066 720
0.000767417 722
0.000768687 736
0.000769634 776
0.000770288 786
0.000771975 838
0.000772155 840
0.000772411 853
0.000775311 865
0.000779328 871
0.000779594 873
0.000779698 880
0.000782029 886
0.000800299 892
0.000803274 922
0.00080354 938
0.000803909 946
0.000804544 966
0.000804819 980
0.000805217 997
0.000816001 1001
0.00082125 1004
0.000821421 1006
0.000823913 1021
0.000824813 1030
0.000825647 1034
0.000826235 1035
0.000827599 1037
0.000827694 1044
0.000854199 1058
0.000854653 1087
0.000860567 1096
0.000861476 1105
0.000863277 1107
0.000863646 1113
0.000864878 1118
0.000866271 1132
0.000867522 1140
0.000870952 1142
0.000871303 1148
0.000872232 1158
0.000875937 1172
0.000880542 1178
0.000880902 1187
0.000882845 1198
0.000882977 1213
0.000893297 1214
0.000893894 1249
0.000895495 1257
0.000895647 1265
0.000904848 1268
0.000905075 1285
0.000906175 1289
0.000907672 1301
0.000909643 1302
0.000910259 1311
0.000911216 1320
0.000911491 1329
0.000912903 1343
0.000923592 1358
0.000934679 1369
0.00093501 1389
0.000935494 1391
0.000935607 1399
0.000936337 1412
0.000943795 1417
0.00094442 1421
0.000949338 1422
0.000949926 1433
0.000950996 1437
0.000953043 1444
0.000954048 1449
0.000954626 1457
0.000956834 1459
0.000957194 1462
0.000957516 1465
0.000957914 1487
0.000958568 1498
0.00095961 1501
0.000959951 1513
0.000961515 1515
0.000968262 1517
0.00097625 1530
0.00097879 1534
0.00098005 1541
0.000988882 1546
0.00103031 1555
0.00103174 1559
0.00103567 1576
0.00103709 1585
0.0010689 1592
0.00107755 1593
0.00109552 1599
0.00113021 1615
2 1615
