0 -8409
3.41e-07 -8249
1.0471e-05 -8224
1.0935e-05 -8197
1.1711e-05 -8124
0.000578716 -8044
0.000582427 -7956
0.000582616 -7822
0.000582967 -7614
0.000584784 -7493
0.000587539 -7305
0.000588041 -7132
0.000588912 -6944
0.000591004 -6816
0.0005918 -6678
0.000593409 -6539
0.000594943 -6490
0.000595918 -6362
0.000596997 -6353
0.000615941 -6346
0.000617077 -6197
0.000620523 -6163
0.000624121 -6022
0.000625361 -6004
0.0006277 -5829
0.000628021 -5711
0.000628769 -5526
0.000628959 -5425
0.000629868 -5286
0.00063054 -5266
0.000630918 -5109
0.000632935 -4997
0.000637782 -4870
0.000644296 -4833
0.000646312 -4720
0.000647817 -4691
0.000653148 -4577
0.000654274 -4444
0.000655742 -4342
0.000655884 -4117
0.000657739 -4077
0.000657938 -3957
0.000659652 -3839
0.000662852 -3764
0.000663031 -3624
0.000663656 -3489
0.000667708 -3377
0.000670823 -3283
0.000673332 -3268
0.000675689 -3147
0.000679183 -3074
0.000680271 -2914
0.000686075 -2826
0.000688565 -2765
0.000691215 -2654
0.000691414 -2552
0.000697312 -2476
0.000699471 -2415
0.000700399 -2396
0.000707944 -2315
0.000709705 -2258
0.000710254 -2151
0.00071192 -2061
0.0007121 -1946
0.000712933 -1837
0.000741922 -1789
0.000777633 -1718
0.000778712 -1661
0.000783275 -1595
0.000784146 -1494
0.000786873 -1349
0.000787611 -1252
0.000796141 -1212
0.000818721 -1157
0.000825556 -1119
0.000831038 -1057
0.000834418 -984
0.000837674 -933
0.000837892 -843
0.000847965 -816
0.000856221 -751
0.000856467 -693
0.000865953 -664
0.000874947 -586
0.000883335 -490
0.000886507 -438
0.000890928 -412
0.000891089 -351
0.000960844 -342
0.000970519 -307
0.00097192 -272
0.000972981 -228
0.000982969 -173
0.000993468 -139
0.0010001 -82
0.00100128 -74
0.00100143 -27
0.00100439 -14
0.00100714 25
0.0010108 28
0.00101282 69
0.00101503 78
0.00101959 102
0.00102359 113
0.00102971 126
0.00102998 172
0.00104538 173
0.00105749 178
0.00106063 179
0.00106143 231
0.00106733 244
0.00106827 270
0.00106955 282
0.00107378 289
0.00108588 332
0.00108683 339
0.00109027 340
0.00109235 359
0.00109707 378
0.00110276 386
0.00112196 389
0.0011226 393
0.00116089 426
0.00116418 435
0.00116807 456
0.00117162 462
0.00117639 481
0.00119076 485
0.0011974 489
0.00121027 492
0.00122369 493
0.00125159 501
0.00125436 506
0.00125447 517
0.00125485 519
0.00126911 525
0.00127403 528
0.00127485 541
0.0013071 550
0.00134151 558
0.00134293 562
0.00138466 568
0.00139058 578
0.00140418 579
0.00141748 584
0.00145282 589
0.00145707 595
0.00146874 598
0.00148998 603
0.00149333 607
0.00149698 608
0.00151974 610
0.00153575 616
0.00154286 617
0.00159407 618
0.00160416 621
0.00170283 626
0.00172429 629
0.00176058 635
2 635
