0 138
7.5e-08 160
3.88e-07 179
0.000469064 191
0.000469348 195
0.000470504 202
0.000470883 235
0.000492896 239
0.000492991 289
0.00056029 295
0.000560962 310
0.000565047 313
0.000565577 341
0.00056571 350
0.000570268 374
0.000570628 429
0.000570884 445
0.000571471 473
0.000580985 487
0.000581222 493
0.000582075 495
0.000583468 503
0.000583601 505
0.000583695 509
0.000584027 533
0.000584681 543
0.000584927 547
0.000585145 559
0.000593427 578
0.000630488 581
0.000630611 589
0.000631265 594
0.000631625 599
0.00063262 603
0.000632724 619
0.000633634 636
0.000633966 664
0.000634714 676
0.00063642 705
0.000641016 722
0.00064112 740
0.000669605 743
0.000669814 762
0.000673263 768
0.000673443 781
0.000673557 806
0.000673661 822
0.000674315 828
0.000674485 833
0.000676722 850
0.000677925 857
0.000678626 864
0.000678721 865
0.000679176 886
0.000682303 895
0.000682891 898
0.000683582 915
0.000683668 922
0.00068399 931
0.000685288 934
0.000725817 935
0.000727153 936
0.000728205 958
0.000729901 966
0.000730034 968
0.000732678 970
0.000733625 971
0.000734175 997
0.000822331 998
0.000822719 1000
0.000838317 1006
0.000840534 1008
0.000840676 1009
0.000841993 1014
0.000906952 1015
0.000910524 1017
0.000921213 1018
0.000922786 1020
0.000943624 1027
0.000944818 1028
0.00094568 1037
0.000953612 1045
0.000954284 1046
0.000955772 1049
0.000956919 1051
0.000960093 1054
0.000967504 1058
0.000967977 1061
0.000969825 1063
0.000969996 1065
0.000976259 1068
0.000981443 1073
0.000982931 1082
0.000985063 1083
0.00100051 1084
0.0010041 1087
2 1087
