0 421
7.6e-08 425
0.000840734 429
0.000841662 442
0.000841928 476
0.000842231 485
0.000862652 523
0.000862917 534
0.000863059 554
0.000864054 564
0.000865201 566
0.000865826 575
0.000866366 589
0.000870688 631
0.000872204 644
0.000874194 672
0.000874326 686
0.000875757 696
0.000876079 698
0.000876297 719
0.000877036 727
0.000877273 729
0.000877482 739
0.000879832 750
0.000881215 779
0.000881339 789
0.000894927 794
0.000896093 795
0.000896538 800
0.000896756 814
0.000899703 843
0.000900907 846
0.00090284 859
0.000903247 863
0.000903712 876
0.000906242 890
0.000906469 920
0.000909899 923
0.000910269 928
0.000910591 941
0.000915073 962
0.000915197 967
0.000934348 988
0.000934471 1010
0.000934603 1032
0.000947794 1037
0.000947917 1041
0.000948078 1066
0.00094841 1067
0.000960852 1093
0.000961098 1100
0.000961326 1105
0.000962482 1107
0.000962918 1113
0.000964671 1143
0.000964804 1170
0.000965022 1171
0.000965656 1186
0.000967334 1187
0.000968926 1198
0.000969219 1199
0.000971768 1202
0.000972024 1208
0.000972697 1228
0.000973522 1245
0.000984656 1249
0.000985044 1270
0.000986362 1273
0.000986949 1275
0.000987556 1280
0.000988475 1281
0.000990702 1289
0.000994426 1290
0.000994653 1302
0.000995174 1310
0.000995298 1311
0.000997013 1320
0.000999069 1331
0.000999713 1350
0.00100737 1351
0.00100873 1360
0.00100885 1361
0.00102169 1365
0.00102183 1372
0.00102283 1376
0.00102958 1379
0.00104461 1401
0.00104574 1406
0.00105479 1409
0.00105509 1413
0.00105534 1417
0.00105576 1423
0.00105641 1437
0.00105654 1445
0.00105739 1452
0.00105753 1456
0.00105811 1479
0.00105875 1489
0.00105977 1490
0.00106028 1495
0.00106046 1505
0.00106067 1514
0.0011341 1523
0.00113618 1527
0.00113783 1529
0.00113876 1530
0.00115143 1532
0.00115213 1540
0.00115496 1541
0.00115577 1542
0.00115748 1545
0.00115834 1556
0.00115922 1564
0.00116068 1568
0.00116222 1587
0.00116342 1594
0.00116435 1600
0.00118706 1602
0.00119572 1607
0.00119699 1612
0.00119752 1616
0.00121146 1620
0.00121396 1624
0.00121643 1627
0.00121719 1631
0.00125079 1636
0.00125209 1643
0.00126678 1648
0.0012782 1649
0.00128059 1655
0.00129246 1657
0.00129451 1659
0.00129478 1661
0.00130098 1669
0.00130575 1671
0.00131314 1672
0.00133306 1677
0.00134249 1678
0.00135787 1679
0.0013672 1680
0.00137231 1687
0.00137562 1693
0.00137975 1695
0.0013898 1696
0.00153357 1701
2 1701
