620 0.0677191
592 0.124384
594 0.13724
600 0.110525
588 0.125055
624 0.0734753
609 0.0898631
595 0.157482
594 0.0700261
602 0.0894215
207 0.142804
203 0.0968449
216 0.150365
211 0.0994735
191 0.184739
214 0.0917737
222 0.156702
202 0.122672
212 0.142586
203 0.157003
2274 0.0328803
2366 0.0395416
2232 0.0348007
2196 0.0286749
2282 0.0327641
2274 0.0257694
2192 0.0267111
2275 0.0311868
2175 0.0248363
2209 0.0313261
2219 0.0675586
2156 0.0800204
2121 0.0825568
2069 0.0731575
2113 0.0992838
2158 0.0518809
1990 0.0952269
2048 0.0518124
2085 0.0525648
2021 0.100278
