0 -120548
7.6e-08 -119782
1.6828e-05 -119017
4.5942e-05 -118257
8.5014e-05 -117501
0.000135688 -116764
0.00018124 -116039
0.000225595 -115320
0.000282796 -114608
0.000333888 -113899
0.000375763 -113191
0.000419463 -112495
0.000465129 -111801
0.000508543 -111112
0.00055173 -110424
0.000595201 -109738
0.000637931 -109053
0.000694772 -108369
0.000742367 -107687
0.000787301 -107007
0.000873351 -106332
0.000937803 -105662
0.000990272 -104994
0.00103337 -104329
0.00108428 -103668
0.00114037 -103015
0.00119068 -102362
0.00124566 -101710
0.00130955 -101061
0.00136138 -100415
0.00140795 -99770
0.00146212 -99127
0.00151972 -98494
0.00157689 -97866
0.00162067 -97240
0.00166332 -96617
0.00170565 -95997
0.00174815 -95377
0.00178994 -94757
0.00183866 -94137
0.00191805 -93519
0.0019741 -92906
0.00202908 -92293
0.00208369 -91682
0.0021283 -91073
0.00218308 -90469
0.00223605 -89865
0.00229136 -89261
0.00235865 -88657
0.00240742 -88053
0.00245089 -87451
0.00249332 -86849
0.00253612 -86250
0.00258686 -85651
0.00264197 -85053
0.00269959 -84455
0.0027493 -83859
0.00279268 -83264
0.00286349 -82672
0.00290908 -82080
0.00295282 -81492
0.00299527 -80905
0.00304687 -80318
0.00310222 -79736
0.00314814 -79154
0.00319497 -78579
0.00323683 -78004
0.003277 -77430
0.00333682 -76858
0.00338405 -76287
0.00342509 -75716
0.00346656 -75146
0.00350936 -74578
0.00355182 -74010
0.00359503 -73445
0.00363853 -72881
0.00367893 -72318
0.00373728 -71755
0.00382101 -71193
0.00387361 -70632
0.00394754 -70073
0.00400806 -69514
0.00407867 -68955
0.00414562 -68398
0.0041927 -67843
0.00423725 -67288
0.00427978 -66735
0.00432162 -66182
0.00436389 -65633
0.00440357 -65084
0.00444677 -64537
0.00448967 -63991
0.00453187 -63445
0.0045752 -62903
0.00461456 -62364
0.00465692 -61829
0.00469932 -61294
0.00476448 -60759
0.00481128 -60227
0.00485541 -59696
0.00489924 -59165
0.00494249 -58635
0.00498319 -58108
0.00502703 -57584
0.00507067 -57060
0.00511119 -56537
0.00515562 -56016
0.00521127 -55496
0.00525459 -54979
0.00529714 -54462
0.00534143 -53946
0.00538354 -53431
0.00542473 -52916
0.00546988 -52402
0.00551534 -51888
0.00555997 -51376
0.00560524 -50866
0.00564751 -50358
0.00570572 -49853
0.00575418 -49350
0.00579987 -48847
0.00584438 -48346
0.00588632 -47849
0.00593167 -47354
0.00597139 -46861
0.00601481 -46369
0.00605804 -45877
0.00610128 -45390
0.00614206 -44904
0.00621085 -44418
0.00625461 -43932
0.00629937 -43448
0.00634427 -42965
0.00639033 -42487
0.00643672 -42015
0.00648252 -41543
0.006528 -41074
0.00657186 -40605
0.0066164 -40138
0.0066614 -39673
0.0067062 -39210
0.00674814 -38747
0.00678697 -38286
0.00683266 -37826
0.00687817 -37367
0.00692381 -36908
0.00696811 -36451
0.00701448 -35994
0.00706072 -35538
0.00713636 -35083
0.00719338 -34633
0.00724506 -34185
0.00729615 -33741
0.00734541 -33298
0.00739271 -32859
0.00743984 -32420
0.007489 -31981
0.00753689 -31543
0.00759148 -31109
0.00763714 -30675
0.00768131 -30243
0.00772764 -29814
0.00777247 -29387
0.00781847 -28962
0.00787362 -28542
0.00796794 -28123
0.00802652 -27705
0.00811371 -27288
0.00818324 -26872
0.00824501 -26457
0.00829572 -26043
0.00834637 -25631
0.00839667 -25229
0.00844352 -24829
0.00848605 -24431
0.00853137 -24033
0.00861005 -23636
0.0086705 -23241
0.00872146 -22847
0.00877605 -22455
0.00882888 -22067
0.0088889 -21680
0.00894728 -21303
0.00899774 -20930
0.00906489 -20558
0.00911338 -20186
0.00916157 -19815
0.00921008 -19449
0.00925645 -19089
0.00930708 -18732
0.00935686 -18375
0.00940629 -18020
0.00945855 -17670
0.00952443 -17320
0.00958115 -16972
0.00963363 -16630
0.00968921 -16288
0.00976044 -15948
0.00982353 -15608
0.00988685 -15270
0.00995048 -14936
0.0100466 -14609
0.0101299 -14284
0.0102077 -13962
0.0103007 -13650
0.0103886 -13340
0.0105008 -13032
0.0105936 -12724
0.0106815 -12425
0.0107669 -12129
0.0108529 -11834
0.0109487 -11540
0.0110437 -11246
0.0111268 -10959
0.011207 -10676
0.0112846 -10393
0.0113672 -10113
0.0114895 -9841
0.0115998 -9573
0.0117096 -9310
0.0118305 -9050
0.0119714 -8793
0.012093 -8540
0.0122098 -8290
0.0123261 -8041
0.0125165 -7793
0.012647 -7547
0.0127763 -7303
0.0129202 -7059
0.0130459 -6818
0.013153 -6582
0.0132645 -6348
0.013409 -6120
0.0135374 -5893
0.0136539 -5674
0.0137695 -5461
0.0138821 -5254
0.013998 -5050
0.0141144 -4847
0.0142367 -4648
0.0143884 -4451
0.01452 -4256
0.0146518 -4064
0.014813 -3873
0.0149662 -3694
0.015112 -3521
0.015272 -3357
0.0154235 -3193
0.0155671 -3029
0.0157169 -2870
0.0158765 -2713
0.0160413 -2556
0.0161877 -2405
0.0163282 -2257
0.0164626 -2113
0.0165915 -1972
0.0167438 -1848
0.0168901 -1727
0.0170279 -1606
0.0171811 -1488
0.0173259 -1374
0.0174676 -1260
0.0176199 -1152
0.0177424 -1045
0.0178569 -947
0.0179686 -855
0.0180905 -771
0.0182175 -687
0.0183244 -606
0.0184241 -529
0.0185188 -454
0.0186635 -380
0.0188173 -312
0.0189359 -255
0.0190434 -201
0.0191488 -147
0.019239 -98
0.0193895 -54
0.0195194 -15
0.0196303 24
0.019754 57
0.0198359 87
0.0199061 110
0.0200374 128
0.0201062 145
0.0201721 160
0.0202943 173
0.0203611 196
0.0204291 212
0.0204945 224
0.0205633 233
0.0206303 241
0.0206958 249
0.0207594 256
0.0208254 260
0.0208952 269
0.0209762 274
0.0210489 286
0.0211184 298
0.0211876 310
0.021256 317
0.0213176 340
0.0213806 349
0.0214508 355
0.0215237 356
0.0216737 364
0.0217525 369
0.0218295 387
0.0219305 402
0.0220172 416
0.0220958 429
0.02218 438
0.0222548 444
0.0223311 448
0.0224016 450
0.0224675 451
0.0225324 458
0.0226664 464
0.0227381 469
0.0228098 480
0.0229512 481
0.0230227 484
0.0230939 490
0.023168 491
0.0232393 499
0.0233082 500
0.0233773 507
0.0234452 510
0.0235141 526
0.0236482 531
0.0238109 535
0.0239874 538
0.0240683 546
0.024143 554
0.024282 559
0.0281191 560
0.0281947 573
0.0282736 580
0.0284389 586
0.0285109 588
0.0291482 597
0.0333621 598
0.0334598 599
0.0338498 605
0.033991 611
0.0340607 613
0.0349623 614
0.035036 619
0.0352621 622
0.0354702 624
2 624
