0 -23014
5.6e-08 -22647
3.5149e-05 -22335
7.479e-05 -22023
0.000114922 -21722
0.00014334 -21422
0.000212278 -21126
0.000287844 -20832
0.00034538 -20538
0.000386439 -20253
0.000421957 -19973
0.000451964 -19694
0.000509756 -19418
0.000573504 -19143
0.000621426 -18870
0.000690856 -18599
0.000768974 -18329
0.000827843 -18060
0.000912966 -17792
0.000956578 -17527
0.000991756 -17267
0.00102643 -17008
0.00105477 -16750
0.00108492 -16495
0.00111356 -16245
0.00114278 -15996
0.00117103 -15748
0.0012032 -15500
0.00123487 -15256
0.0012601 -15025
0.0012861 -14794
0.0013117 -14569
0.00133925 -14346
0.00136778 -14128
0.00139675 -13912
0.00142411 -13701
0.00145255 -13490
0.00148004 -13287
0.00150791 -13084
0.00153879 -12883
0.00156709 -12682
0.00159249 -12481
0.00162006 -12281
0.00164685 -12086
0.00167003 -11892
0.00169386 -11699
0.00171718 -11509
0.00174869 -11321
0.0017825 -11133
0.00181521 -10945
0.00184328 -10757
0.00186713 -10570
0.00189604 -10384
0.00192579 -10204
0.00195039 -10024
0.00197632 -9847
0.00200208 -9671
0.00202924 -9497
0.00205279 -9324
0.00207892 -9154
0.00210599 -8986
0.0021308 -8818
0.00215493 -8651
0.00218004 -8487
0.0022075 -8324
0.00223326 -8166
0.00226405 -8008
0.00229109 -7852
0.00231771 -7697
0.00234319 -7543
0.00238854 -7389
0.00246219 -7236
0.00252225 -7086
0.00256452 -6939
0.00259998 -6793
0.00262878 -6654
0.00265526 -6517
0.00268031 -6381
0.00270587 -6247
0.00273147 -6114
0.0027538 -5981
0.00277897 -5850
0.00280163 -5720
0.00282761 -5592
0.00289823 -5464
0.00294798 -5341
0.0029832 -5218
0.00301291 -5096
0.00303732 -4976
0.00306062 -4857
0.00308277 -4739
0.00310666 -4621
0.00313017 -4505
0.00315182 -4394
0.00317645 -4285
0.00319859 -4176
0.00321976 -4068
0.00324243 -3960
0.00326342 -3853
0.00328546 -3748
0.0033088 -3645
0.00333058 -3543
0.00335135 -3442
0.00337181 -3342
0.00339277 -3243
0.0034157 -3145
0.003437 -3050
0.0034587 -2956
0.00348189 -2863
0.00350178 -2771
0.00352382 -2680
0.00354276 -2590
0.00356438 -2500
0.00358553 -2411
0.00360597 -2323
0.0036283 -2236
0.00364915 -2151
0.00366745 -2068
0.00368879 -1986
0.00371112 -1906
0.00373331 -1828
0.00375381 -1750
0.00377531 -1674
0.00380281 -1600
0.00383455 -1527
0.00385602 -1454
0.00387601 -1384
0.00390526 -1314
0.00392914 -1246
0.00395413 -1179
0.00397639 -1113
0.00400501 -1048
0.0040253 -983
0.00404641 -919
0.00406605 -855
0.00408559 -792
0.00411122 -731
0.00414085 -673
0.00416211 -617
0.00418466 -562
0.0042126 -509
0.00423307 -456
0.00425396 -405
0.0043149 -354
0.00436786 -304
0.00439533 -254
0.00441794 -205
0.00443914 -157
0.00445782 -111
0.0044795 -65
0.00449901 -19
0.00452043 23
0.00454005 62
0.00455989 100
0.00458091 136
0.0045998 172
0.0046174 207
0.00463588 242
0.00465953 275
0.00467942 308
0.00469932 341
0.0047235 373
0.00474208 404
0.00476282 435
0.00478607 465
0.00480824 494
0.00482694 522
0.00484853 550
0.00489586 576
0.00493522 601
0.00498109 626
0.00501362 651
0.00503782 676
0.00506175 700
0.00509149 724
0.0051128 748
0.00513259 770
0.00515311 791
0.00517286 812
0.00519086 832
0.00521093 851
0.00523101 870
0.00524788 889
0.00526657 908
0.00528538 933
0.00530622 956
0.00532788 977
0.00534857 996
0.00536759 1014
0.005388 1030
0.00540751 1049
0.00542675 1065
0.00544524 1081
0.00546487 1096
0.00548343 1114
0.00550319 1129
0.00552544 1153
0.00554621 1167
0.00556525 1181
0.00558454 1195
0.0056087 1210
0.00563503 1229
0.0056657 1242
0.00569654 1260
0.00572319 1273
0.00574923 1289
0.00577889 1305
0.00580829 1325
0.00583161 1339
0.00585194 1352
0.00591069 1364
0.00594903 1388
0.00598044 1400
0.00600669 1412
0.00603349 1424
0.00605685 1439
0.0060754 1450
0.00609877 1461
0.00612043 1472
0.00613861 1482
0.00617073 1492
0.00621481 1513
0.00624243 1525
0.00627258 1534
0.00630258 1553
0.00632409 1566
0.00634675 1574
0.00636647 1581
0.00638653 1607
0.00640799 1620
0.00643004 1628
0.00645083 1635
0.00647272 1647
0.00649481 1659
0.00651566 1673
0.00653643 1691
0.00655853 1701
0.00658463 1707
0.0066092 1713
0.00663447 1719
0.00665691 1728
0.00666347 1735
0.00666924 1740
0.00668174 1745
0.00669136 1750
0.00670374 1760
0.00672593 1769
0.00673241 1773
0.00674073 1778
0.00676007 1781
0.00676652 1783
0.00677565 1785
0.0067844 1800
0.00679625 1802
0.0068098 1812
0.00683294 1831
0.00685353 1840
0.00689348 1841
0.00693476 1843
0.00693825 1857
0.00730125 1871
0.0073389 1887
0.00741916 1895
0.00746213 1898
0.00746748 1900
0.00747254 1902
0.00747809 1903
0.00749221 1906
0.00760557 1907
0.0076654 1909
0.00767036 1911
0.0076749 1912
0.007689 1914
0.00769213 1919
0.0077243 1933
0.00775595 1935
0.0077612 1936
0.00777042 1937
0.00779085 1946
0.009007 1947
0.00901097 1949
2 1949
