0 -24504
5.7e-08 -24103
3.4658e-05 -23717
5.418e-05 -23344
0.00010405 -22977
0.000136222 -22614
0.000180721 -22259
0.000249499 -21918
0.000316064 -21582
0.000373156 -21250
0.000420748 -20919
0.000464699 -20590
0.000502666 -20271
0.000540264 -19958
0.000573712 -19645
0.000606792 -19340
0.000638377 -19038
0.000671835 -18740
0.000704063 -18455
0.000737587 -18179
0.000773644 -17904
0.00080505 -17630
0.000841864 -17356
0.000875633 -17089
0.000909176 -16822
0.000942832 -16555
0.000977339 -16289
0.00101229 -16026
0.00105043 -15764
0.00108213 -15508
0.0011179 -15257
0.0011542 -15006
0.00119002 -14755
0.00122749 -14504
0.00126617 -14256
0.00133756 -14011
0.00139367 -13767
0.0014451 -13524
0.00149582 -13282
0.00156306 -13042
0.00164173 -12804
0.00170362 -12569
0.00175936 -12335
0.00180637 -12108
0.00188833 -11881
0.00192927 -11658
0.00196376 -11437
0.0020018 -11218
0.00202891 -10999
0.00206011 -10783
0.00209963 -10568
0.00213264 -10359
0.00216301 -10152
0.00219275 -9953
0.00222539 -9755
0.0022548 -9557
0.0022909 -9359
0.0023195 -9170
0.00234814 -8981
0.00237959 -8793
0.00244053 -8607
0.00247416 -8425
0.00250461 -8245
0.00253767 -8065
0.00256979 -7886
0.00260368 -7708
0.00263511 -7531
0.00267162 -7355
0.00271207 -7180
0.00274334 -7009
0.00277754 -6839
0.00280543 -6669
0.00283311 -6507
0.0028653 -6345
0.00289886 -6184
0.0029276 -6023
0.0029558 -5871
0.00298318 -5720
0.00302937 -5571
0.0030922 -5424
0.00314142 -5280
0.00319381 -5136
0.00324495 -4995
0.0032894 -4857
0.00332677 -4720
0.00336252 -4583
0.00339748 -4450
0.00342836 -4320
0.00345801 -4191
0.00348562 -4065
0.00351254 -3940
0.00353887 -3815
0.00357223 -3693
0.00359898 -3571
0.0036252 -3452
0.00365534 -3335
0.00368339 -3219
0.00370815 -3108
0.0037383 -2999
0.00377131 -2890
0.00380664 -2784
0.00384154 -2681
0.00388085 -2580
0.00391497 -2481
0.00394675 -2382
0.00397435 -2283
0.00399811 -2185
0.00402194 -2089
0.00404656 -2001
0.0040688 -1914
0.00409439 -1827
0.00411785 -1742
0.00414298 -1657
0.00417828 -1573
0.00421363 -1490
0.00424918 -1407
0.0042835 -1325
0.00431646 -1245
0.00434984 -1165
0.00438528 -1087
0.00441801 -1009
0.00444951 -934
0.00448238 -862
0.00451681 -794
0.00454795 -727
0.0045849 -661
0.00462194 -599
0.00465589 -538
0.00468989 -477
0.00473698 -418
0.00477184 -361
0.00480458 -306
0.00484063 -252
0.00487384 -201
0.00490933 -150
0.00494328 -100
0.00497721 -53
0.00500757 -8
0.00503265 34
0.00505885 76
0.00512161 118
0.00517422 159
0.00521887 195
0.00525722 231
0.00528787 267
0.00531725 301
0.00534461 332
0.00537119 363
0.005397 392
0.00542225 422
0.00544795 451
0.00547317 480
0.00549932 508
0.00552516 535
0.00555025 556
0.00557759 577
0.00560677 607
0.00566004 628
0.00570815 647
0.00575682 664
0.00580181 680
0.00588694 699
0.00591874 716
0.00594557 733
0.00597663 755
0.00600645 770
0.00603584 801
0.00606439 826
0.00609471 843
0.00612619 863
0.00615349 877
0.00618522 895
0.00622124 909
0.00625737 927
0.00629249 941
0.00632807 954
0.00636034 967
0.0063865 979
0.00641254 993
0.00643406 1005
0.00646004 1030
0.00648821 1044
0.0065195 1056
0.00654645 1070
0.00657349 1086
0.00660212 1099
0.00664002 1111
0.00667714 1122
0.00671322 1132
0.00675121 1141
0.00678941 1162
0.00682574 1171
0.00685974 1180
0.00689525 1191
0.00692086 1207
0.00694743 1215
0.00698938 1228
0.00701728 1237
0.00704166 1260
0.00706888 1270
0.00709546 1288
0.00712129 1296
0.00714659 1307
0.00717421 1318
0.0072022 1328
0.00723047 1354
0.00725795 1372
0.00728505 1383
0.00731164 1391
0.00733808 1406
0.00735961 1420
0.00738493 1432
0.00741155 1439
0.00745285 1446
0.00749339 1455
0.00752701 1464
0.00755263 1475
0.00758176 1481
0.00758779 1487
0.00760177 1489
0.00761934 1496
0.00762654 1502
0.00763608 1507
0.0076527 1509
0.00765696 1511
0.00767021 1513
0.00768393 1526
0.0077126 1544
0.00773055 1548
0.00775426 1552
0.00777162 1556
0.00779235 1563
0.00800142 1566
0.00800504 1567
0.00801386 1569
0.00804325 1572
0.00805752 1575
0.00822154 1590
0.00823058 1593
0.00876655 1595
0.00903431 1598
0.0090602 1600
0.010537 1602
0.0106897 1607
0.0107017 1608
0.0111235 1611
0.0134426 1613
0.0134627 1617
0.0162865 1619
0.0170658 1620
0.0179708 1640
0.0180363 1641
0.0180484 1643
0.0180723 1647
0.0189793 1649
0.0189908 1650
0.0191297 1659
0.0191517 1662
2 1662
