0 -32168
4.26e-07 -31690
5.0919e-05 -31270
8.8395e-05 -30859
0.000149779 -30450
0.000197276 -30042
0.000301534 -29649
0.000434863 -29260
0.000538998 -28881
0.000631873 -28503
0.000753101 -28128
0.000867806 -27755
0.000970343 -27384
0.00106397 -27016
0.001163 -26650
0.0012495 -26291
0.00132677 -25946
0.00140263 -25608
0.00147463 -25274
0.0015448 -24941
0.00161208 -24613
0.0017184 -24287
0.00181497 -23962
0.00190734 -23638
0.00199648 -23315
0.00207835 -22995
0.0021808 -22677
0.00227338 -22360
0.00235499 -22044
0.00243274 -21747
0.00250531 -21452
0.0025867 -21157
0.00268818 -20869
0.00277822 -20582
0.00286193 -20295
0.0029405 -20009
0.00301358 -19725
0.00311491 -19442
0.00320569 -19161
0.00329431 -18888
0.00337443 -18617
0.00344877 -18357
0.0035539 -18099
0.00362032 -17845
0.00367872 -17591
0.00373253 -17341
0.00378435 -17091
0.003831 -16841
0.00387859 -16593
0.00392393 -16348
0.00397185 -16104
0.00406095 -15863
0.00415028 -15627
0.00423289 -15395
0.00431179 -15164
0.00438593 -14937
0.00445166 -14712
0.00452465 -14488
0.00457817 -14264
0.00463053 -14044
0.00468047 -13824
0.00472974 -13609
0.00477793 -13394
0.00482224 -13181
0.00486232 -12970
0.004907 -12760
0.00499844 -12551
0.00509913 -12345
0.00519593 -12140
0.00528811 -11942
0.00537671 -11748
0.00544785 -11555
0.00551271 -11363
0.00557523 -11172
0.00563491 -10982
0.00569215 -10795
0.00575025 -10609
0.0057982 -10423
0.00583873 -10237
0.00587737 -10053
0.00593787 -9872
0.00598343 -9693
0.00602117 -9518
0.00605871 -9344
0.00609891 -9170
0.00614102 -8999
0.00618015 -8830
0.00621592 -8663
0.00625267 -8496
0.00629491 -8330
0.00633571 -8165
0.00638631 -8000
0.00642669 -7837
0.00646826 -7675
0.00650403 -7514
0.00654429 -7354
0.00658315 -7197
0.00662219 -7040
0.00666209 -6885
0.00670381 -6732
0.00674368 -6581
0.00678124 -6434
0.00682158 -6289
0.00692466 -6145
0.00701406 -6001
0.00707918 -5857
0.00712893 -5714
0.0071669 -5573
0.00720261 -5433
0.00723386 -5303
0.00725855 -5174
0.00729847 -5046
0.00732456 -4920
0.0073504 -4795
0.00737758 -4671
0.00740526 -4548
0.00742795 -4426
0.00745254 -4304
0.00748482 -4183
0.007539 -4062
0.00757467 -3942
0.00760762 -3822
0.00763663 -3705
0.00767168 -3591
0.00769961 -3480
0.00772491 -3370
0.00775464 -3260
0.00777959 -3150
0.00780637 -3043
0.00784803 -2938
0.00788809 -2833
0.00792607 -2732
0.00796265 -2636
0.00799735 -2540
0.00803097 -2445
0.0080562 -2350
0.00808284 -2257
0.00811401 -2165
0.00815043 -2076
0.00818067 -1987
0.00820687 -1901
0.00823227 -1815
0.00825854 -1732
0.00828782 -1650
0.00831816 -1575
0.00835468 -1500
0.00840315 -1426
0.00847402 -1352
0.00852653 -1279
0.00856867 -1207
0.00860857 -1135
0.00863754 -1063
0.00866724 -994
0.00869797 -928
0.00872872 -862
0.00876069 -796
0.00879012 -731
0.00883017 -670
0.00885716 -609
0.00888425 -551
0.008909 -496
0.00893705 -444
0.00896162 -392
0.00898913 -344
0.00902166 -300
0.00905738 -256
0.00908853 -215
0.00911716 -174
0.00923095 -134
0.00929537 -96
0.00933717 -58
0.00937402 -20
0.00941579 17
0.00945525 54
0.00949179 90
0.00952845 124
0.00956728 156
0.00965785 188
0.00971143 220
0.00975671 251
0.00979044 285
0.00982292 316
0.00985086 347
0.0098756 376
0.00990237 404
0.00993206 431
0.0099619 465
0.00998779 492
0.0100175 519
0.0100465 545
0.0100759 569
0.0101026 594
0.0101303 621
0.0101572 645
0.0101866 668
0.0102175 691
0.0102535 714
0.0102877 736
0.0103216 762
0.0103541 792
0.0103854 812
0.0104167 831
0.0104413 854
0.0104706 873
0.0104971 890
0.0105204 911
0.0105499 928
0.0105824 947
0.0106152 964
0.0106472 980
0.0106786 995
0.0107145 1010
0.0107456 1037
0.0107788 1058
0.0108105 1075
0.0108435 1090
0.0108728 1104
0.0109041 1125
0.0109326 1137
0.0109627 1157
0.0109943 1169
0.0110248 1180
0.0110534 1196
0.0111042 1210
0.0111408 1220
0.0111696 1231
0.0111996 1248
0.0112339 1277
0.0112675 1293
0.0113087 1305
0.011345 1315
0.0113785 1325
0.0114115 1334
0.0114442 1343
0.011472 1358
0.0115178 1368
0.0115491 1376
0.0115785 1384
0.0116066 1391
0.0116423 1398
0.011674 1405
0.0117036 1427
0.0117332 1447
0.0117603 1453
0.0117891 1459
0.0118198 1467
0.0118468 1478
0.0118716 1494
0.0118985 1502
0.0119322 1508
0.0119646 1516
0.0119952 1531
0.0120275 1537
0.0120713 1542
0.0121173 1567
0.0121627 1572
0.0121782 1576
0.0122129 1579
0.0122322 1582
0.0122421 1590
0.0122593 1601
0.0122642 1604
0.0122766 1615
0.0122995 1617
0.0123175 1627
0.0123401 1634
0.0123583 1636
0.0123802 1643
0.0124113 1654
0.0126731 1656
2 1656
