0 -124930
6.7e-08 -124171
1.7892e-05 -123429
4.4944e-05 -122701
7.1597e-05 -121977
0.000125321 -121260
0.00015854 -120543
0.000207342 -119831
0.000254044 -119124
0.000304309 -118420
0.000360912 -117719
0.000412042 -117019
0.000453603 -116330
0.000495497 -115641
0.000539235 -114959
0.00058492 -114280
0.000642027 -113604
0.00070129 -112931
0.000755565 -112266
0.000798096 -111601
0.000838983 -110936
0.000880449 -110273
0.000932871 -109617
0.000977264 -108961
0.00102935 -108307
0.00108601 -107656
0.00113452 -107007
0.00118327 -106361
0.00124253 -105716
0.00129867 -105073
0.00134916 -104436
0.00140362 -103800
0.00145365 -103166
0.00150424 -102535
0.00155649 -101906
0.00159832 -101282
0.00165111 -100662
0.00170691 -100043
0.00176509 -99424
0.0018194 -98807
0.00186952 -98192
0.00191573 -97578
0.00195688 -96965
0.00201155 -96352
0.00205532 -95742
0.00209833 -95132
0.00213709 -94522
0.00218022 -93913
0.00222265 -93305
0.00226507 -92699
0.00230815 -92096
0.00235088 -91493
0.00239354 -90891
0.00243565 -90291
0.00247774 -89692
0.00252293 -89100
0.00256628 -88511
0.00260857 -87922
0.00265096 -87334
0.00269815 -86746
0.0027415 -86161
0.00278503 -85577
0.00282404 -84996
0.00286816 -84415
0.00290983 -83835
0.00295486 -83258
0.00299527 -82685
0.00303424 -82112
0.00307786 -81540
0.00311981 -80968
0.00316303 -80397
0.00320177 -79827
0.00324307 -79258
0.00328663 -78690
0.00333082 -78122
0.00339258 -77554
0.00343711 -76988
0.00347862 -76423
0.00352222 -75859
0.00356498 -75295
0.00360606 -74732
0.00366125 -74171
0.00371514 -73610
0.00376987 -73050
0.00382489 -72494
0.00390525 -71938
0.00396639 -71384
0.00401941 -70832
0.00406319 -70281
0.00410613 -69732
0.00414575 -69187
0.00418899 -68642
0.00423293 -68100
0.00427752 -67559
0.00432078 -67018
0.00436589 -66477
0.00441144 -65937
0.00445599 -65398
0.00449862 -64859
0.00454354 -64320
0.00459262 -63783
0.00463395 -63248
0.00467853 -62713
0.00472328 -62180
0.00476805 -61649
0.00481248 -61119
0.00485334 -60590
0.00489719 -60061
0.004938 -59537
0.00498169 -59014
0.00502441 -58492
0.00506893 -57971
0.00511365 -57451
0.0051592 -56932
0.00520453 -56413
0.00524983 -55898
0.00529492 -55384
0.0053409 -54870
0.00538652 -54363
0.00542995 -53857
0.00547382 -53352
0.00551846 -52848
0.00556593 -52350
0.00561079 -51853
0.00565529 -51356
0.00569903 -50863
0.00574024 -50373
0.00578286 -49884
0.00583707 -49397
0.00589269 -48910
0.00593686 -48427
0.0059795 -47944
0.00602171 -47461
0.00606621 -46981
0.00610944 -46501
0.0061509 -46022
0.00619894 -45543
0.00624664 -45066
0.00629299 -44590
0.00634052 -44115
0.00638511 -43640
0.00642619 -43166
0.00647064 -42692
0.0065133 -42221
0.00655769 -41750
0.0066037 -41280
0.0066768 -40812
0.0067276 -40345
0.0067737 -39879
0.00681883 -39413
0.00686444 -38951
0.00690956 -38493
0.00695535 -38035
0.00699999 -37580
0.00704351 -37128
0.0070891 -36678
0.00714054 -36229
0.00721179 -35780
0.00726345 -35333
0.00730998 -34887
0.00735534 -34443
0.00740005 -33999
0.00744675 -33556
0.0074919 -33115
0.00753372 -32674
0.00758698 -32233
0.00764172 -31793
0.00771829 -31356
0.00778507 -30925
0.00787739 -30494
0.00794736 -30064
0.00801288 -29636
0.0080695 -29209
0.00811491 -28786
0.0081612 -28366
0.00820791 -27951
0.00825354 -27538
0.0083005 -27126
0.00834653 -26715
0.00839385 -26304
0.0084457 -25895
0.00849028 -25488
0.00853789 -25084
0.00858819 -24684
0.00863587 -24286
0.00867924 -23889
0.0087307 -23495
0.0087813 -23105
0.00883598 -22722
0.00889533 -22339
0.00894741 -21957
0.00900127 -21578
0.00905629 -21203
0.00911285 -20828
0.00916902 -20456
0.00922338 -20088
0.0092755 -19728
0.0093321 -19369
0.00939014 -19010
0.00945053 -18654
0.0095117 -18300
0.0095892 -17949
0.00967524 -17599
0.0098638 -17253
0.0100192 -16912
0.0101546 -16571
0.010281 -16235
0.0103697 -15900
0.0105617 -15567
0.0107059 -15235
0.0107914 -14908
0.0108722 -14585
0.0109503 -14265
0.0110565 -13949
0.0111458 -13634
0.011227 -13321
0.0113051 -13011
0.011376 -12708
0.0114473 -12408
0.0115203 -12109
0.0115918 -11811
0.0116699 -11515
0.0117465 -11223
0.0118766 -10931
0.0119709 -10643
0.0120536 -10358
0.0121366 -10073
0.0122227 -9789
0.0123265 -9506
0.012437 -9229
0.0125439 -8952
0.0126532 -8679
0.0127776 -8414
0.012898 -8150
0.0130134 -7892
0.0131253 -7643
0.0132343 -7395
0.0133446 -7147
0.0134536 -6904
0.0135611 -6668
0.0136696 -6438
0.0137782 -6211
0.0138893 -5989
0.0139987 -5772
0.0141126 -5556
0.014244 -5346
0.0143862 -5137
0.0145241 -4929
0.0146608 -4723
0.0147962 -4523
0.0149311 -4328
0.0150676 -4141
0.0151991 -3954
0.0153296 -3767
0.0154603 -3582
0.0155897 -3403
0.0157219 -3228
0.0159142 -3058
0.0160586 -2892
0.0161947 -2736
0.0163338 -2580
0.016463 -2430
0.0165902 -2281
0.0167173 -2134
0.0168405 -1989
0.0169631 -1848
0.0170865 -1713
0.0172072 -1580
0.0173233 -1450
0.0174489 -1330
0.0175649 -1212
0.0176941 -1095
0.0178276 -991
0.0179613 -891
0.0180849 -793
0.0182228 -698
0.0183441 -612
0.0184505 -529
0.0185666 -447
0.0186704 -373
0.0187651 -306
0.0188629 -243
0.0189514 -185
0.0190317 -128
0.0191097 -78
0.0191875 -38
0.0192644 2
0.0193408 35
0.0194195 67
0.0194936 94
0.019581 121
0.0196952 147
0.0197881 167
0.0199284 186
0.0200341 201
0.0201267 217
0.0202172 234
0.0203073 250
0.0203979 262
0.0204895 272
0.0205794 283
0.0206647 303
0.0207538 316
0.0208402 328
0.0209213 339
0.0210047 347
0.0210879 358
0.0211732 372
0.0212607 380
0.0213522 386
0.0214431 409
0.0215308 423
0.0216455 434
0.0217535 439
0.0218525 452
0.0219461 457
0.022037 461
0.0222111 466
0.0222956 468
0.0223817 478
0.0226476 479
0.0227363 481
0.0228268 485
0.022995 491
0.0230833 494
0.0231686 505
0.0234297 511
0.0235182 512
0.0238695 516
0.0239593 517
0.024256 519
0.0243415 526
0.0244116 528
0.0245495 535
0.0246187 537
0.024954 538
0.0250917 540
0.0254305 548
0.0255884 549
0.0340293 563
0.0341282 567
0.034217 572
0.0355328 573
0.0356062 579
0.056543 583
0.0703267 585
0.0703946 594
0.0704647 600
2 600
