0 -29095
5.7e-08 -28652
4.2344e-05 -28224
8.708e-05 -27815
0.000157834 -27415
0.000255067 -27024
0.00034575 -26641
0.000442785 -26262
0.000524845 -25891
0.000598104 -25520
0.00066239 -25150
0.000715947 -24782
0.000760267 -24414
0.000809115 -24055
0.000852424 -23704
0.000894598 -23363
0.000937954 -23034
0.000986065 -22710
0.00103359 -22387
0.00107541 -22065
0.00111859 -21747
0.0011604 -21432
0.00120875 -21118
0.00126146 -20808
0.00131287 -20499
0.00136273 -20193
0.00140614 -19899
0.00148942 -19607
0.00157621 -19316
0.00166887 -19028
0.00175396 -18748
0.00181799 -18472
0.00188412 -18200
0.00194597 -17934
0.00200111 -17671
0.00205381 -17409
0.00210834 -17147
0.00215903 -16886
0.0022103 -16625
0.00226271 -16368
0.00231045 -16111
0.00235512 -15857
0.00239908 -15603
0.00244976 -15351
0.00249633 -15103
0.00253918 -14859
0.00257158 -14616
0.00260302 -14377
0.00264336 -14140
0.00268074 -13904
0.00272867 -13668
0.00277106 -13433
0.00281134 -13206
0.00284273 -12981
0.00288108 -12763
0.00292235 -12545
0.00295833 -12330
0.00300024 -12117
0.00304041 -11904
0.00307358 -11695
0.00310854 -11488
0.00314427 -11284
0.00317773 -11081
0.00321103 -10878
0.00324938 -10676
0.00328454 -10483
0.00332029 -10291
0.00340995 -10101
0.0034899 -9914
0.00357149 -9727
0.00363283 -9544
0.00368072 -9362
0.00372354 -9184
0.00380686 -9008
0.00388148 -8834
0.00395438 -8660
0.00400746 -8486
0.00404795 -8315
0.00407998 -8145
0.00411219 -7984
0.00415038 -7824
0.0041878 -7664
0.00422446 -7509
0.00425281 -7355
0.00428211 -7202
0.00431553 -7049
0.00435168 -6896
0.00438945 -6745
0.00442357 -6598
0.00449119 -6452
0.00456876 -6307
0.00463821 -6164
0.00468781 -6021
0.00472614 -5880
0.00475828 -5741
0.0047895 -5605
0.0048226 -5469
0.00485499 -5336
0.0048867 -5204
0.00491515 -5073
0.00494953 -4944
0.00498917 -4816
0.00501935 -4690
0.00505275 -4566
0.00508692 -4450
0.00511286 -4334
0.00514726 -4220
0.00519056 -4107
0.00524817 -3994
0.00532226 -3882
0.0053725 -3771
0.00540767 -3661
0.00543869 -3553
0.00547113 -3445
0.00550205 -3338
0.0055314 -3231
0.00555998 -3127
0.00559078 -3025
0.00561737 -2930
0.00564514 -2836
0.00567224 -2742
0.00569806 -2650
0.00572393 -2559
0.00575223 -2469
0.005779 -2380
0.00580531 -2291
0.00583839 -2203
0.00586994 -2117
0.00589642 -2032
0.00593592 -1948
0.00596523 -1865
0.00599278 -1784
0.00602097 -1704
0.00604474 -1625
0.00606862 -1549
0.00609157 -1475
0.00611648 -1401
0.00614465 -1329
0.00617435 -1257
0.00620479 -1187
0.00623547 -1117
0.00626323 -1047
0.00628773 -979
0.00631442 -913
0.00634533 -849
0.00637592 -790
0.0064055 -731
0.00643339 -673
0.00646097 -617
0.00649631 -561
0.00653604 -507
0.00656311 -453
0.00659427 -402
0.00663137 -352
0.00666076 -303
0.00669677 -255
0.00673743 -209
0.00676735 -164
0.00679529 -119
0.00683016 -75
0.00686625 -34
0.00689912 4
0.00693581 42
0.0069662 80
0.00699549 117
0.00702635 154
0.00705418 191
0.00708606 225
0.00713286 256
0.00717219 287
0.0072046 317
0.0072355 345
0.00726522 372
0.00729777 399
0.00733281 424
0.00736481 449
0.00739345 474
0.00742095 504
0.00744918 524
0.00747251 543
0.00749602 563
0.00752265 581
0.00755881 599
0.00758794 622
0.00762112 645
0.00765077 665
0.00767633 684
0.00770171 702
0.00772847 719
0.00781987 736
0.00787393 752
0.00791828 768
0.00794825 783
0.00797258 798
0.00799766 822
0.00803005 843
0.00805755 865
0.00808254 883
0.00810792 900
0.00813441 916
0.00816944 934
0.00820264 953
0.00822876 969
0.00825711 983
0.00828624 997
0.00831172 1013
0.00835082 1042
0.00839116 1055
0.00842568 1069
0.00845622 1082
0.00852538 1093
0.00857751 1102
0.00862843 1111
0.00867584 1126
0.00872475 1139
0.00877113 1150
0.00881683 1160
0.00885789 1169
0.00890116 1181
0.0089428 1189
0.00898409 1202
0.00904493 1210
0.00909089 1224
0.00912483 1234
0.00915884 1245
0.00919207 1253
0.00922161 1271
0.0092495 1279
0.00929161 1295
0.00933439 1311
0.00936839 1340
0.00940291 1357
0.00943445 1379
0.00946291 1393
0.00948946 1406
0.00951565 1415
0.00954095 1424
0.00957595 1432
0.00961347 1440
0.00965509 1458
0.00969957 1464
0.00974454 1478
0.00979151 1489
0.00983399 1503
0.00986635 1513
0.00990099 1516
0.00993036 1532
0.00996073 1535
0.00998894 1548
0.0100181 1558
0.0100749 1560
0.0101038 1561
0.0101314 1579
0.0101801 1582
0.0102995 1584
0.0103045 1586
0.0103115 1587
0.0103282 1589
0.010337 1591
0.0103871 1593
0.010399 1598
0.0105374 1601
0.0105415 1604
0.0105547 1606
0.0105646 1619
0.0105962 1627
0.0106174 1628
0.0106499 1631
0.0107701 1634
0.010778 1635
0.0107875 1638
0.0108469 1642
0.0108689 1643
0.0109231 1644
0.010945 1645
0.0112695 1654
0.0113159 1660
0.0114151 1661
0.0121902 1662
0.0122168 1663
0.0122373 1667
0.0122971 1671
0.0125546 1674
0.0125601 1675
0.0127148 1677
0.0127418 1679
0.0130477 1684
0.0130631 1687
0.0131049 1704
0.0131673 1705
0.0131761 1706
0.0132521 1713
0.0132562 1718
0.0132647 1721
0.0135893 1724
0.0135934 1725
0.0136287 1734
0.0139864 1737
0.0140349 1745
0.014044 1753
0.014052 1759
0.014062 1762
0.0140812 1764
0.0140939 1765
0.0141861 1768
0.0141957 1774
0.0142137 1779
0.0142204 1782
0.0157182 1790
0.0172514 1791
0.0191965 1792
2 1792
