0 -221135
6.6e-08 -220009
1.5748e-05 -218903
3.0974e-05 -217838
4.8024e-05 -216786
7.2805e-05 -215737
9.4813e-05 -214704
0.000123403 -213685
0.00015772 -212669
0.000206067 -211655
0.000257159 -210643
0.000301345 -209632
0.000345684 -208627
0.000390298 -207623
0.000434427 -206622
0.000478651 -205634
0.000522828 -204646
0.000567233 -203661
0.000614127 -202678
0.000658161 -201695
0.000702139 -200721
0.000745385 -199751
0.000789153 -198786
0.000833482 -197822
0.000880451 -196866
0.000929102 -195911
0.000983775 -194957
0.00103354 -194005
0.00108083 -193056
0.00112523 -192112
0.00117813 -191175
0.00123395 -190239
0.00128835 -189307
0.00134252 -188377
0.0014112 -187448
0.00147627 -186521
0.00153966 -185595
0.00160456 -184670
0.00167786 -183747
0.00174269 -182825
0.00180728 -181906
0.0018724 -180989
0.00193637 -180072
0.00200035 -179156
0.00206503 -178241
0.00212961 -177326
0.00219485 -176413
0.00226066 -175509
0.0023261 -174607
0.00239593 -173707
0.00245787 -172808
0.00252569 -171911
0.00259356 -171017
0.00266816 -170125
0.00274012 -169234
0.00280998 -168346
0.00287891 -167458
0.00294829 -166572
0.00301658 -165687
0.0030853 -164803
0.00315459 -163920
0.00322426 -163038
0.00331567 -162156
0.00338578 -161275
0.00345525 -160394
0.00353089 -159514
0.003601 -158634
0.00367365 -157756
0.00374388 -156878
0.00381206 -156000
0.00388023 -155122
0.00394808 -154244
0.00401848 -153368
0.00409144 -152493
0.00416691 -151618
0.00423597 -150743
0.00430779 -149871
0.00437765 -149002
0.00444324 -148134
0.00451211 -147267
0.00457763 -146400
0.00464642 -145534
0.00470855 -144670
0.00476806 -143807
0.00484973 -142944
0.00491539 -142082
0.00503258 -141221
0.00510358 -140362
0.005172 -139504
0.00525577 -138648
0.00532561 -137794
0.00539415 -136942
0.00546273 -136090
0.00553688 -135238
0.00561178 -134387
0.00567956 -133537
0.00574765 -132687
0.00581583 -131839
0.00588888 -130993
0.00595989 -130148
0.00603145 -129303
0.00610055 -128460
0.00616314 -127617
0.00623153 -126776
0.00629915 -125936
0.00637494 -125101
0.00644348 -124266
0.00650902 -123432
0.00657007 -122598
0.00661889 -121764
0.00667621 -120931
0.00672676 -120098
0.00678581 -119266
0.00684037 -118436
0.00688957 -117607
0.00694823 -116780
0.00699886 -115953
0.00704926 -115128
0.00711048 -114304
0.00716391 -113481
0.00721948 -112659
0.0072695 -111837
0.00731871 -111016
0.00736722 -110197
0.00741602 -109381
0.00746535 -108566
0.00751734 -107752
0.00756624 -106940
0.00761523 -106128
0.00769383 -105319
0.00776308 -104510
0.00783197 -103702
0.00788309 -102895
0.00794161 -102089
0.00800621 -101288
0.00807627 -100493
0.00814936 -99698
0.00822089 -98903
0.00829418 -98109
0.00836395 -97315
0.00843381 -96525
0.00850593 -95736
0.00858073 -94947
0.00865256 -94160
0.0087215 -93374
0.00880187 -92590
0.00887677 -91807
0.00895268 -91028
0.00908113 -90250
0.00915069 -89472
0.00922117 -88694
0.00929185 -87917
0.00937048 -87141
0.00944361 -86365
0.009521 -85594
0.00959445 -84823
0.00966954 -84052
0.00974892 -83281
0.00982425 -82511
0.00990951 -81741
0.00998652 -80972
0.0100595 -80204
0.0101336 -79436
0.0102133 -78669
0.0102863 -77903
0.0103585 -77140
0.0104319 -76379
0.010505 -75619
0.0105772 -74860
0.0106553 -74104
0.0107286 -73350
0.0108022 -72596
0.0108754 -71842
0.010975 -71091
0.0110514 -70343
0.0111263 -69595
0.011202 -68848
0.0112778 -68101
0.011353 -67355
0.0114282 -66610
0.0115038 -65866
0.0115811 -65122
0.0116575 -64379
0.0117356 -63636
0.0118137 -62896
0.0118911 -62160
0.0119571 -61425
0.0120207 -60690
0.0120831 -59957
0.012141 -59226
0.0121972 -58496
0.012253 -57769
0.0123088 -57044
0.0123645 -56320
0.0124207 -55596
0.012484 -54874
0.0125416 -54153
0.0125988 -53437
0.0126562 -52722
0.0127245 -52008
0.0128244 -51298
0.0129144 -50588
0.0130353 -49880
0.013121 -49174
0.0132024 -48471
0.0132854 -47769
0.0133716 -47067
0.0134509 -46365
0.013516 -45663
0.0135774 -44965
0.013639 -44270
0.0137105 -43575
0.0137751 -42882
0.0138373 -42192
0.0138996 -41509
0.013965 -40830
0.0140327 -40153
0.014098 -39476
0.0141863 -38800
0.0142572 -38126
0.0143333 -37454
0.0144198 -36793
0.0144921 -36136
0.01456 -35480
0.0146307 -34824
0.0147041 -34174
0.0147912 -33525
0.0148934 -32881
0.0149875 -32238
0.0151176 -31600
0.0152171 -30965
0.0153156 -30332
0.015432 -29704
0.0155231 -29077
0.0156016 -28451
0.0156799 -27828
0.0157494 -27212
0.0158154 -26599
0.0158823 -25990
0.0159519 -25388
0.0160229 -24788
0.0160984 -24192
0.0161679 -23596
0.0162467 -23007
0.016326 -22423
0.0164066 -21843
0.0164782 -21266
0.0165468 -20691
0.0166202 -20119
0.0167058 -19547
0.0167945 -18978
0.0168769 -18412
0.017045 -17866
0.0171518 -17321
0.0173532 -16777
0.0175032 -16238
0.0176511 -15703
0.0178123 -15170
0.0179675 -14650
0.0181019 -14131
0.0182384 -13616
0.0183652 -13102
0.0184798 -12602
0.0186238 -12111
0.0188041 -11622
0.0189511 -11137
0.0193234 -10667
0.0194944 -10197
0.0201397 -9735
0.0206443 -9275
0.0211213 -8827
0.0213578 -8394
0.0215134 -7975
0.0217118 -7562
0.0219195 -7160
0.0221599 -6759
0.0223292 -6364
0.0227017 -5981
0.0228917 -5608
0.0231315 -5242
0.0234267 -4893
0.0236556 -4548
0.0238687 -4215
0.0240913 -3901
0.0243044 -3594
0.0246682 -3292
0.025064 -3002
0.0252851 -2718
0.0255136 -2458
0.0257862 -2204
0.0260155 -1966
0.0263397 -1737
0.0267634 -1511
0.027012 -1309
0.0272318 -1128
0.027527 -955
0.0277435 -790
0.0279407 -633
0.02813 -498
0.028413 -367
0.0285875 -261
0.0288175 -180
0.0294743 -102
0.0298736 -43
0.0303049 5
0.0305106 34
0.0306243 53
0.0307752 82
0.0308708 89
0.0310133 96
0.0311073 105
0.0312788 120
0.0313738 121
0.0314797 122
0.0316493 124
0.0318152 139
0.0319327 149
0.0320369 163
0.0357448 169
0.0383391 175
0.0386709 180
0.0565346 193
0.100055 202
0.100171 203
2 203
