0 -109785
6.6e-08 -108927
9.568e-06 -108096
5.198e-05 -107274
8.136e-05 -106468
0.000129383 -105699
0.000233177 -104941
0.000258775 -104189
0.00028025 -103441
0.000299463 -102710
0.00031764 -101979
0.000335161 -101249
0.000352559 -100521
0.0003701 -99795
0.000387603 -99071
0.000405143 -98351
0.000422617 -97637
0.000440224 -96924
0.00045766 -96219
0.00047522 -95516
0.000508049 -94813
0.000528573 -94113
0.00054791 -93415
0.000566077 -92720
0.00058435 -92025
0.000602413 -91332
0.000620732 -90647
0.000638653 -89963
0.000656707 -89285
0.000675872 -88609
0.000694819 -87935
0.000713538 -87261
0.000732447 -86590
0.000751308 -85919
0.0007694 -85250
0.000787244 -84581
0.00080546 -83912
0.000832654 -83245
0.000861987 -82579
0.000898037 -81915
0.000925364 -81252
0.000952587 -80589
0.000973995 -79930
0.000991973 -79272
0.00101021 -78614
0.00102809 -77958
0.00104584 -77305
0.00106378 -76652
0.00108161 -76000
0.00109966 -75349
0.00111734 -74699
0.00113512 -74051
0.00115368 -73404
0.00117172 -72760
0.00118974 -72117
0.00120783 -71475
0.00122541 -70833
0.00124355 -70191
0.00126146 -69550
0.00127939 -68912
0.00129697 -68274
0.00131539 -67638
0.00133368 -67005
0.00135205 -66373
0.00137048 -65742
0.00138899 -65111
0.00140726 -64480
0.00142524 -63853
0.00144333 -63226
0.00146108 -62599
0.00147874 -61977
0.00149668 -61355
0.0015146 -60734
0.00153334 -60114
0.00155195 -59495
0.00157083 -58876
0.0015891 -58259
0.0016087 -57642
0.00162694 -57026
0.00164628 -56410
0.00166451 -55795
0.0016823 -55180
0.00170044 -54569
0.00171865 -53959
0.00173692 -53350
0.00175447 -52749
0.00177388 -52148
0.00179254 -51549
0.00183046 -50950
0.001852 -50351
0.00187074 -49754
0.00189045 -49161
0.00191184 -48571
0.00193235 -47984
0.00195117 -47397
0.00197122 -46810
0.00199102 -46224
0.00201016 -45639
0.00202905 -45056
0.0020491 -44477
0.00206893 -43901
0.00208864 -43328
0.00210859 -42756
0.00213016 -42186
0.00214936 -41621
0.00216756 -41060
0.00218577 -40499
0.00220629 -39939
0.0022282 -39382
0.00224951 -38826
0.00226939 -38271
0.00228903 -37716
0.00231017 -37162
0.00233136 -36609
0.00235039 -36056
0.00236993 -35507
0.00239155 -34959
0.0024129 -34411
0.00243428 -33866
0.00245482 -33324
0.00247604 -32786
0.00249812 -32248
0.00252028 -31711
0.00254279 -31175
0.00256478 -30643
0.00258754 -30114
0.00261112 -29587
0.00263328 -29062
0.00265661 -28539
0.00268408 -28024
0.00270881 -27510
0.00273004 -26996
0.00275604 -26485
0.00277839 -25978
0.00279844 -25473
0.00281746 -24977
0.00283731 -24481
0.00286056 -23986
0.00288649 -23491
0.00290946 -22998
0.0029354 -22508
0.0029574 -22023
0.00298191 -21541
0.00301604 -21062
0.00304345 -20585
0.00306989 -20109
0.00309757 -19634
0.00312219 -19164
0.00315431 -18698
0.00318237 -18233
0.00321176 -17774
0.00324208 -17317
0.0032724 -16868
0.00330185 -16419
0.00333405 -15976
0.00336533 -15533
0.00339751 -15100
0.00342431 -14670
0.00344895 -14244
0.00347701 -13820
0.00350841 -13399
0.00354426 -12978
0.00357932 -12560
0.00361247 -12159
0.0036446 -11762
0.00367759 -11365
0.0037308 -10976
0.00377665 -10591
0.00381977 -10209
0.00386096 -9831
0.00389662 -9458
0.00393226 -9090
0.00397591 -8729
0.00401305 -8369
0.00405192 -8025
0.0040935 -7681
0.00413666 -7340
0.0042077 -6999
0.00425245 -6665
0.00429766 -6336
0.00434444 -6011
0.00439337 -5688
0.00444399 -5386
0.00449475 -5086
0.00455392 -4791
0.00461017 -4501
0.00467063 -4211
0.00473668 -3928
0.00480292 -3659
0.00489487 -3402
0.00499239 -3159
0.00509149 -2928
0.00517724 -2697
0.0052576 -2471
0.00534396 -2246
0.00543463 -2034
0.00553392 -1828
0.00565747 -1651
0.00576173 -1482
0.00587394 -1316
0.00598206 -1154
0.00608606 -1001
0.00617947 -865
0.00626841 -735
0.00635485 -617
0.00643854 -503
0.00651988 -403
0.00660181 -319
0.00667769 -241
0.00675228 -165
0.00681942 -99
0.00688042 -39
0.00694024 -1
0.00699556 30
0.00704963 57
0.00710051 75
0.00714767 86
0.00719904 93
0.00724605 102
0.0073009 118
0.0073498 126
0.00750957 131
0.00776321 137
0.0078752 138
0.00794036 139
0.00800192 143
0.0080515 147
0.00818114 148
0.00825511 152
0.00831463 165
0.0083764 167
0.00843266 168
0.00849636 169
0.0085527 173
0.00868914 183
0.00876397 188
0.00883292 193
0.00956126 199
0.00962656 210
0.0096847 211
0.0113908 216
0.0114519 223
0.0115096 226
0.0246663 233
0.0247265 235
0.0247859 239
2 239
