0 -22718
4.8e-08 -22288
3.4375e-05 -21895
9.0616e-05 -21509
0.000172771 -21139
0.000243959 -20773
0.0003125 -20408
0.000365896 -20063
0.000417316 -19736
0.00046555 -19409
0.000507166 -19086
0.000546013 -18766
0.000586334 -18446
0.000627931 -18128
0.000667014 -17820
0.000706266 -17516
0.000769665 -17216
0.000847584 -16921
0.000917354 -16629
0.000982492 -16338
0.00104353 -16055
0.00110608 -15772
0.00115841 -15494
0.00120022 -15225
0.00123947 -14960
0.00127683 -14696
0.00132216 -14437
0.00139951 -14179
0.00143896 -13925
0.00147169 -13676
0.00150741 -13430
0.00154297 -13188
0.00161566 -12947
0.00165149 -12711
0.00169352 -12476
0.00173005 -12244
0.00176018 -12013
0.00179987 -11783
0.00183974 -11559
0.00187452 -11336
0.00190883 -11119
0.0019395 -10902
0.00197394 -10686
0.00200695 -10472
0.00203799 -10258
0.00207672 -10051
0.00211618 -9846
0.0021549 -9643
0.00219428 -9445
0.0022302 -9250
0.00226548 -9056
0.00230151 -8863
0.00234183 -8671
0.00237552 -8480
0.00241043 -8292
0.00244173 -8106
0.00246975 -7921
0.00249663 -7738
0.0025333 -7562
0.00257471 -7387
0.00261568 -7214
0.00265251 -7041
0.00269522 -6872
0.00273274 -6703
0.00276788 -6535
0.00280035 -6368
0.00283184 -6204
0.00285771 -6042
0.00288958 -5882
0.00291627 -5727
0.00294288 -5574
0.00297817 -5426
0.00301788 -5282
0.00305134 -5138
0.00308238 -4997
0.0031189 -4856
0.00314721 -4719
0.00317609 -4582
0.00320358 -4446
0.00324276 -4311
0.00326792 -4176
0.00329512 -4043
0.00332347 -3916
0.00334999 -3794
0.00337882 -3674
0.00341211 -3556
0.00343945 -3443
0.00347877 -3330
0.00351212 -3220
0.00354377 -3110
0.00357959 -3000
0.00361496 -2891
0.00364477 -2783
0.00367815 -2676
0.0037165 -2571
0.00375207 -2472
0.00378928 -2373
0.00383114 -2276
0.00387075 -2179
0.00390865 -2083
0.00394402 -1989
0.00398007 -1898
0.00401498 -1809
0.00404703 -1720
0.00408163 -1632
0.00411795 -1546
0.00415441 -1464
0.00419108 -1385
0.00422776 -1306
0.00426351 -1237
0.00430192 -1168
0.00434018 -1099
0.00437672 -1031
0.00441144 -965
0.00444736 -901
0.00448597 -837
0.00452293 -776
0.00456121 -716
0.00460135 -657
0.00464338 -598
0.0046843 -539
0.0047248 -480
0.00476687 -422
0.00480502 -364
0.00484312 -310
0.00488029 -257
0.0049171 -204
0.00495417 -152
0.00499256 -103
0.00504159 -57
0.00507781 -12
0.00513178 29
0.00517349 70
0.00521164 110
0.00524804 150
0.00528458 189
0.00532003 228
0.00536135 265
0.00539723 299
0.00543463 330
0.0054724 359
0.00551065 388
0.00555121 416
0.00565206 442
0.00569269 467
0.00573634 492
0.0057756 517
0.00581353 543
0.00585016 568
0.00588565 592
0.00592369 616
0.00596099 639
0.00599893 665
0.00603798 688
0.00607743 715
0.00611746 734
0.00615608 765
0.00619452 784
0.00623295 803
0.00627287 828
0.00631248 851
0.00635438 871
0.00639752 888
0.00643617 904
0.00647306 930
0.00651051 959
0.00655035 982
0.0065877 1005
0.0066214 1021
0.00664725 1040
0.00667724 1058
0.00670632 1077
0.0067331 1095
0.00675967 1130
0.00678913 1145
0.00684997 1168
0.00690175 1183
0.00693932 1198
0.00697119 1213
0.00700153 1227
0.00704034 1249
0.00706731 1260
0.00709333 1270
0.00712107 1279
0.00714818 1293
0.00717459 1312
0.00720088 1320
0.00722701 1330
0.00725543 1343
0.00728611 1352
0.00731811 1365
0.00734654 1375
0.00737464 1389
0.0074021 1410
0.00743053 1428
0.00745764 1439
0.00748334 1450
0.00750914 1458
0.00753585 1466
0.00756167 1473
0.00759085 1479
0.00762085 1496
0.00764861 1509
0.00767649 1515
0.00770296 1520
0.00773039 1525
0.0077589 1531
0.00779105 1538
0.00782269 1551
0.00785528 1556
0.00787388 1560
0.0079026 1576
0.00790918 1585
0.00791638 1588
0.00792702 1590
0.00794778 1602
0.00796862 1604
0.00797623 1605
0.00801451 1622
0.00805296 1633
0.0080678 1636
0.00807109 1648
0.00828865 1651
0.00831096 1656
0.00832712 1677
0.00836668 1681
0.0085531 1683
0.00856133 1684
0.00859356 1688
0.00859805 1690
0.00877048 1694
0.00878061 1695
0.00878931 1696
0.00902833 1698
2 1698
