0 -25511
4.8e-08 -25096
8.311e-06 -24694
1.5209e-05 -24300
1.9881e-05 -23912
2.5046e-05 -23532
3.1091e-05 -23154
3.9847e-05 -22777
5.3256e-05 -22400
6.6105e-05 -22024
7.8424e-05 -21651
9.1112e-05 -21293
0.000100968 -20938
0.000110207 -20610
0.000119256 -20284
0.00012877 -19961
0.000137867 -19640
0.000147552 -19324
0.000160515 -19014
0.000169015 -18707
0.000178662 -18401
0.000187692 -18105
0.000196363 -17810
0.000205716 -17516
0.000215362 -17224
0.000224573 -16936
0.00023403 -16648
0.000243336 -16362
0.000252186 -16079
0.00026152 -15799
0.000271186 -15520
0.000280823 -15245
0.000290469 -14971
0.00030112 -14698
0.000310521 -14425
0.000319731 -14153
0.000333348 -13883
0.000344056 -13619
0.000356233 -13356
0.000379667 -13094
0.000399122 -12832
0.000410152 -12572
0.000420376 -12319
0.000430601 -12075
0.000441337 -11834
0.000451268 -11594
0.000461266 -11361
0.000471812 -11129
0.000487382 -10898
0.000500136 -10667
0.000520387 -10438
0.000531208 -10211
0.000541149 -9984
0.00055198 -9758
0.000563313 -9533
0.00057349 -9309
0.000583213 -9088
0.000592983 -8868
0.000603093 -8650
0.000613536 -8432
0.000623287 -8216
0.000632829 -8007
0.000642789 -7801
0.000652606 -7597
0.000663674 -7398
0.000675832 -7204
0.000727694 -7013
0.000744931 -6823
0.000760292 -6635
0.000773188 -6449
0.000783271 -6267
0.000793913 -6087
0.000805161 -5908
0.000816712 -5731
0.000829609 -5556
0.000860586 -5383
0.000889801 -5211
0.000908146 -5044
0.000922455 -4878
0.000935125 -4712
0.000947604 -4551
0.000962112 -4394
0.000976184 -4239
0.000989612 -4084
0.00100462 -3930
0.00101855 -3782
0.00103097 -3636
0.00104302 -3491
0.00105579 -3350
0.00106799 -3210
0.00108038 -3073
0.00109531 -2937
0.00111403 -2804
0.00112948 -2671
0.00114667 -2543
0.00116279 -2416
0.00118019 -2290
0.00119333 -2166
0.00120857 -2042
0.00122232 -1926
0.00123842 -1810
0.00125493 -1699
0.00127078 -1592
0.00128904 -1486
0.00130736 -1385
0.00133783 -1285
0.00135667 -1186
0.0013754 -1088
0.00139378 -994
0.00141204 -903
0.00142853 -821
0.0014471 -739
0.00146486 -664
0.00148263 -592
0.00149938 -522
0.00151518 -458
0.00153666 -397
0.00155952 -338
0.0015781 -281
0.0015971 -226
0.00161421 -174
0.00162997 -124
0.00164802 -76
0.00166461 -32
0.00168321 11
0.00170385 51
0.00172359 88
0.00174434 123
0.00176479 152
0.00180911 179
0.00184788 201
0.00187568 221
0.00189846 243
0.00191672 260
0.00193461 276
0.00195421 291
0.00197288 303
0.00198654 321
0.00200028 337
0.00201644 359
0.00203241 373
0.00204736 388
0.00206294 411
0.00208191 420
0.00209735 433
0.00211388 441
0.00212858 447
0.00214219 455
0.00216177 467
0.00217836 478
0.0021938 498
0.00220636 504
0.00222087 511
0.00223634 516
0.00224866 521
0.0022808 525
0.00230729 529
0.00232721 550
0.00234546 562
0.00235977 565
0.00237606 574
0.00238976 577
0.00240682 581
0.00242667 584
0.00244517 596
0.00246527 601
0.00248452 612
0.00250353 614
0.00252157 615
0.00254043 621
0.00255747 624
0.00258873 629
0.00260315 641
0.00261802 653
0.00263195 655
0.00264752 658
0.00266441 666
0.00268033 672
0.00269588 679
0.00272616 682
0.00276751 686
0.00282271 689
0.0028861 690
0.00290518 692
0.00294912 695
0.00299904 700
0.00319413 703
0.00320908 706
0.0032225 708
0.00323598 709
0.00326307 713
0.00335715 714
0.0033727 717
0.00338697 719
0.00340001 723
0.00341467 743
0.00342864 746
0.00344308 747
0.00358679 748
0.0036455 752
0.00366055 754
0.0036762 757
0.00377629 763
0.00379181 769
0.00383986 777
0.00385466 782
0.00386858 783
0.00392654 785
0.0043768 787
0.00633923 790
0.00635501 791
0.007694 794
0.00770682 798
0.0077723 805
2 805
