322 0.0123149
303 0.0127979
312 0.0122655
343 0.0124787
336 0.0118388
268 0.0117749
327 0.0123523
262 0.0122358
305 0.0124647
317 0.0151451
80 0.0130436
93 0.0147423
98 0.0151771
83 0.0133778
101 0.0150384
78 0.0146956
89 0.0132808
104 0.0159384
127 0.0146986
122 0.0163336
1688 0.0108167
1851 0.0122039
1805 0.0124712
1697 0.0303602
1616 0.0101187
1958 0.00999498
1701 0.0102638
1675 0.0108035
1639 0.011099
1829 0.0113932
1511 0.0118838
1442 0.0136486
1351 0.0130712
1206 0.0134791
1312 0.0119759
1350 0.0122128
1281 0.011575
1369 0.0116004
1395 0.0126394
1221 0.0116143
