366 0.0101998
374 0.0102556
413 0.0106424
418 0.0109093
386 0.0103812
417 0.0102834
403 0.00993025
427 0.0109421
413 0.0111498
398 0.0105979
159 0.0102302
136 0.0107833
140 0.0121937
157 0.0108435
170 0.0109407
136 0.0106077
154 0.0114617
179 0.0105136
125 0.0108777
174 0.0103192
1424 0.0212738
1428 0.0108819
1446 0.0255915
1468 0.0239101
1569 0.0151444
1284 0.0171518
1403 0.0170085
1332 0.0120583
1578 0.0205139
1566 0.0117991
1248 0.0106643
1196 0.0120926
1340 0.00937414
1266 0.00887835
1060 0.00898656
1410 0.00938243
1223 0.0110726
1361 0.00918509
1191 0.00998771
1378 0.00884698
