0 -8076
5.35e-07 -7839
0.000373265 -7814
0.000374268 -7511
0.000394516 -7450
0.000397752 -7391
0.000398662 -7290
0.000400725 -7213
0.000402544 -7074
0.000402985 -6827
0.000403717 -6670
0.000409456 -6620
0.00041091 -6558
0.000412007 -6350
0.000419022 -6165
0.000419294 -6026
0.000422417 -5960
0.000431852 -5946
0.000433869 -5945
0.000438755 -5868
0.000441634 -5863
0.000441765 -5770
0.000445817 -5533
0.000446511 -5384
0.000446924 -5122
0.000450225 -5048
0.000512179 -4887
0.000512639 -4703
0.000516437 -4562
0.000516568 -4413
0.000517281 -4229
0.000517769 -4155
0.000517909 -3989
0.000520554 -3805
0.000525619 -3648
0.000529079 -3498
0.000529248 -3346
0.000530364 -3241
0.000530927 -3141
0.000531105 -2965
0.000531349 -2798
0.000532099 -2651
0.000533478 -2532
0.000554955 -2527
0.000557393 -2409
0.000563536 -2260
0.000568403 -2184
0.00056905 -2123
0.000571892 -2001
0.000578016 -1875
0.000578429 -1745
0.000587976 -1618
0.000588136 -1568
0.000591484 -1474
0.000593641 -1332
0.000594513 -1294
0.000594766 -1238
0.000599549 -1231
0.000600356 -1148
0.000603985 -1064
0.000607258 -982
0.000607718 -936
0.000641537 -927
0.000646489 -827
0.000648393 -741
0.000649134 -662
0.000651281 -648
0.000653251 -635
0.00065523 -597
0.000658024 -575
0.00066292 -509
0.000665452 -462
0.00066608 -372
0.000666596 -358
0.000667712 -334
0.000669119 -297
0.000669822 -260
0.000669926 -160
0.000678413 -73
0.000678629 -68
0.000689893 -40
0.00069024 35
0.00072992 64
0.000734853 88
0.000739889 94
0.000741062 102
0.00074577 103
0.000746295 156
0.000752616 160
0.000757024 192
0.00075905 203
0.000765314 214
0.000766956 225
0.000774355 226
0.000775678 293
0.00078107 295
0.000785544 320
0.000791405 337
0.000791593 343
0.000793159 345
0.000800972 363
0.000802979 368
0.000813004 381
0.000815302 411
0.000823433 413
0.000825656 428
0.000826828 441
0.000827391 448
0.0008366 466
0.000836685 472
0.000837069 488
0.000841646 499
0.000851775 507
0.000861491 510
0.000873345 521
0.000887845 523
0.000889645 527
0.00090708 528
0.000911779 533
0.000929035 550
0.000942071 571
0.000976443 615
0.000989451 628
0.0010636 642
2 642
