0 -8858
2.05e-07 -8488
7.04e-06 -8451
0.000261776 -8150
0.000262205 -7896
0.000262803 -7639
0.000263512 -7425
0.000263755 -7236
0.000267685 -7230
0.000268694 -7190
0.000272298 -7113
0.000276415 -6872
0.000277834 -6587
0.000277955 -6334
0.000281624 -6091
0.000282315 -5835
0.000283211 -5624
0.000284117 -5367
0.000284332 -5141
0.000285004 -4995
0.000285499 -4932
0.000285723 -4658
0.000288626 -4636
0.000293463 -4520
0.000303116 -4340
0.000306113 -4177
0.000307915 -3952
0.000309063 -3785
0.000313881 -3601
0.000315608 -3430
0.000315944 -3197
0.00032149 -3127
0.000322236 -2960
0.000324048 -2787
0.000324272 -2649
0.000328277 -2517
0.000329481 -2286
0.000330116 -2169
0.000331545 -1936
0.000369561 -1899
0.000369701 -1768
0.000370486 -1767
0.00038182 -1512
0.00038449 -1276
0.000386329 -1269
0.00038688 -1130
0.000390287 -1000
0.000391408 -848
0.000394218 -789
0.000394349 -650
0.000396991 -604
0.000422058 -555
0.000422731 -407
0.000425886 -341
0.000427137 -330
0.000450823 -292
0.000454959 -191
0.000465434 -171
0.000472529 -124
0.000479868 -67
0.000487131 -44
0.000490137 -23
0.000492303 -17
0.000496673 36
0.000545622 41
0.000546948 91
0.000548171 97
0.00056393 111
0.00056688 144
0.000573285 145
0.000578662 146
0.000578737 167
0.000578896 192
0.000581771 197
0.000581846 201
0.000582948 208
0.000678643 225
0.000693478 241
0.000699369 248
0.000701881 250
0.000711777 270
0.000713355 274
0.000717864 276
0.000723737 293
0.000751894 316
0.000761174 322
0.000768475 334
2 334
