0 -181
9.084e-06 -162
9.392e-06 -155
0.000439498 -144
0.000440236 -127
0.000441253 -95
0.000441393 -81
0.00044158 37
0.000441683 47
0.000443429 80
0.000447957 95
0.000448069 109
0.000448545 129
0.000449002 196
0.000460579 220
0.000460682 244
0.000460962 255
0.000461298 277
0.000461391 327
0.000464976 351
0.000465322 356
0.000474658 363
0.000477608 421
0.00047955 478
0.000488998 489
0.000491547 503
0.000492873 522
0.000493489 549
0.00053608 557
0.000536267 562
0.000536696 569
0.00053721 570
0.000537471 598
0.000537742 603
0.000537985 627
0.000556834 630
0.00055704 669
0.000557301 676
0.000557479 682
0.000557647 694
0.000558076 714
0.000558225 729
0.0005583 760
0.000558403 773
0.000558795 777
0.000560326 801
0.000561157 819
0.000561241 825
0.00056153 836
0.000563323 845
0.000566423 883
0.000566815 890
0.000567608 893
0.000573807 900
0.000573882 904
0.000574209 917
0.000574461 931
0.000578494 956
0.00057898 965
0.000580109 970
0.00058038 1003
0.000580455 1024
0.000580539 1025
0.000585114 1027
0.000587914 1036
0.000588717 1049
0.00059669 1051
0.000596877 1061
0.000599342 1070
0.000600229 1099
0.000600322 1113
0.000602805 1125
0.000617837 1150
0.00062679 1163
0.000627219 1173
0.000630664 1194
0.000631598 1203
0.000634548 1207
0.000635473 1216
0.00063664 1229
0.000637209 1235
0.000637312 1248
0.00064845 1255
0.000652436 1261
0.000654257 1275
0.000654593 1288
0.000662902 1314
0.000665647 1325
0.000666683 1331
0.000666758 1340
0.00066771 1345
0.000668681 1359
0.000668849 1395
0.000669279 1423
0.000673284 1432
0.000673769 1440
0.000674059 1441
0.000674152 1444
0.000674815 1452
0.000676187 1463
0.000680379 1465
0.000682106 1469
0.000683787 1477
0.000708854 1481
0.000711506 1486
0.000715016 1488
0.000715446 1497
0.000716818 1504
0.000716921 1511
0.000717173 1520
0.000717602 1526
0.000721384 1535
0.000721645 1536
0.000722793 1541
0.000722887 1547
0.000724287 1558
0.000724464 1559
0.000725837 1578
0.00073269 1582
0.00074253 1585
0.0007466 1588
0.000751605 1589
0.000756814 1594
0.000795447 1595
0.000804372 1600
0.000809675 1610
0.000843808 1612
0.000845302 1618
0.000845759 1627
0.000869912 1628
0.000872321 1641
0.000872442 1643
0.000956364 1650
2 1650
