0 -7254
5.16e-07 -7068
7.334e-06 -7052
0.000344998 -7026
0.00034648 -6899
0.000346892 -6792
0.000347408 -6555
0.000348074 -6395
0.000348534 -6209
0.000415778 -6151
0.000415965 -6015
0.000421855 -5770
0.000424978 -5548
0.000425503 -5547
0.00042721 -5359
0.00043007 -5267
0.000432293 -5251
0.000432518 -4995
0.000440246 -4909
0.000440415 -4689
0.000440931 -4562
0.000443332 -4414
0.000443613 -4283
0.000443932 -4144
0.000444851 -4070
0.000447364 -3982
0.000462998 -3947
0.000468382 -3889
0.00046855 -3768
0.000469666 -3623
0.000470773 -3414
0.000476907 -3255
0.000477385 -3096
0.000499856 -3055
0.000501197 -2979
0.000502641 -2833
0.000504114 -2693
0.000504836 -2626
0.000505295 -2474
0.00050598 -2316
0.000506768 -2205
0.00051081 -2189
0.000512461 -2115
0.000512873 -2029
0.000513652 -1932
0.00051443 -1927
0.000514815 -1892
0.000518557 -1752
0.000521051 -1687
0.000521445 -1575
0.000524418 -1481
0.000524812 -1407
0.000528282 -1289
0.000533675 -1205
0.000536723 -1147
0.000536826 -1087
0.000537286 -985
0.000544704 -967
0.000552619 -958
0.000553538 -876
0.000588483 -829
0.000591934 -769
0.000594663 -741
0.000603432 -673
0.000604192 -615
0.000605889 -614
0.000607512 -566
0.000609772 -510
0.000610672 -478
0.000617678 -392
0.000619329 -357
0.000619891 -316
0.000627544 -287
0.00062806 -239
0.000632149 -163
0.000646207 -105
0.000658146 -97
0.000663136 -37
0.000664374 3
0.000668022 9
0.00066925 15
0.00067046 50
0.000672092 77
0.000674878 115
0.000689799 141
0.000690577 150
0.000697377 168
0.000700518 239
0.000705939 259
0.000708068 263
0.000708631 332
0.000708818 337
0.000710713 346
0.000717869 364
0.000765324 368
0.000765765 376
0.000768503 398
0.000778444 401
0.000783359 414
0.0007841 421
0.000786491 436
0.000788423 454
0.000789886 464
0.00080538 472
0.000812357 477
0.00081578 479
0.000828226 482
0.000834781 492
0.000845416 501
0.000846654 514
0.000868759 525
0.000871423 537
0.000906048 545
0.000907286 550
0.000907455 552
0.000913598 561
0.000913879 571
0.000914677 576
2 576
