0 -11632
1.21e-07 -11396
1.0175e-05 -11310
1.0719e-05 -11011
0.000358559 -10805
0.000362291 -10760
0.000364739 -10509
0.000365883 -10431
0.000375477 -10411
0.000375768 -10156
0.000378891 -10008
0.000379416 -9817
0.00038585 -9781
0.000386863 -9524
0.000404738 -9313
0.000405254 -9074
0.000406108 -8794
0.00040743 -8667
0.000409202 -8526
0.000412194 -8399
0.000412794 -8162
0.000413554 -8001
0.000419772 -7944
0.000434487 -7864
0.000434674 -7686
0.000434806 -7460
0.000435209 -7306
0.000437985 -7305
0.000438932 -7039
0.000443265 -6974
0.000444541 -6871
0.000445366 -6707
0.00044651 -6531
0.000448386 -6524
0.000453103 -6409
0.000458852 -6363
0.000461328 -6161
0.000462904 -5947
0.000464292 -5700
0.00046538 -5563
0.000465661 -5379
0.000465952 -5185
0.000467021 -5013
0.000468559 -4890
0.000472873 -4846
0.000475884 -4580
0.000477075 -4480
0.000478388 -4397
0.000480245 -4257
0.000481286 -4066
0.000481483 -3979
0.000481651 -3757
0.000485178 -3730
0.000485966 -3627
0.000489295 -3364
0.00049164 -3283
0.000494688 -3120
0.000495757 -2942
0.000507911 -2823
0.0005108 -2637
0.000511006 -2516
0.000511653 -2398
0.000518443 -2312
0.000519419 -2225
0.000520357 -2009
0.000524005 -1948
0.000528056 -1844
0.00053162 -1807
0.000533702 -1706
0.000543503 -1609
0.000545632 -1394
0.000546907 -1333
0.000548708 -1244
0.000550902 -1238
0.000553041 -1147
0.00055682 -1074
0.000558546 -1014
0.000562625 -975
0.000565467 -973
0.000567108 -902
0.000567643 -818
0.000568037 -747
0.000569237 -649
0.000578438 -645
0.000579263 -584
0.000597335 -550
0.000598723 -528
0.000601134 -393
0.000603469 -371
0.000611262 -331
0.000612125 -285
0.000612744 -249
0.000652078 -237
0.000660987 -207
0.000664373 -159
0.000667121 -79
0.00066773 -31
0.000669493 8
0.000670863 20
0.000672232 40
0.000672316 80
0.000679294 131
0.000682464 156
0.000685278 170
0.00069067 171
0.000691993 184
0.000692461 199
0.000694375 219
0.000695078 232
0.00074122 240
0.000755785 281
0.000760474 282
0.000770359 324
0.000775274 338
0.000786331 343
0.000789051 345
0.000789144 360
0.000791123 368
0.000799442 370
0.000805941 372
0.000814907 376
0.000817486 380
0.000818527 386
0.000823648 392
0.000832323 400
0.000837012 406
0.000846785 424
0.000847394 429
0.000859211 433
0.000862372 435
0.000867596 447
0.00086843 449
0.000916092 452
0.000917077 471
0.000919881 475
0.000929194 479
0.000939154 487
0.000956588 501
0.00100673 502
2 502
