0 -8523
4.48e-07 -8221
0.000255436 -8054
0.000255772 -7742
0.000255894 -7528
0.000256444 -7224
0.000265995 -7190
0.000266089 -6846
0.000267125 -6669
0.000269384 -6530
0.000269487 -6165
0.00026972 -5949
0.000272372 -5588
0.000275275 -5583
0.000279467 -5517
0.000279943 -5251
0.000280914 -4966
0.000285713 -4706
0.00029827 -4618
0.000299297 -4295
0.000299811 -4048
0.000299951 -3801
0.000305123 -3795
0.000306159 -3540
0.000306365 -3356
0.000307756 -3146
0.000324215 -2955
0.000326717 -2867
0.000328818 -2822
0.000341095 -2679
0.000346053 -2673
0.000349666 -2573
0.000353419 -2552
0.000357004 -2519
0.000363306 -2291
0.000364417 -2118
0.000375359 -2083
0.000377217 -1980
0.000379663 -1889
0.000383136 -1782
0.000383266 -1706
0.00038532 -1667
0.00038574 -1529
0.000388812 -1309
0.000398129 -1224
0.000399371 -1096
0.000403218 -1075
0.000404161 -1064
0.000404889 -919
0.000429406 -875
0.00047209 -856
0.000472903 -749
0.000475554 -680
0.000482584 -624
0.000487084 -460
0.000488232 -438
0.000489605 -318
0.00049712 -265
0.000499763 -150
0.000504505 -54
0.000508641 -40
0.000548572 20
0.00056477 72
0.000565321 81
0.000566637 94
0.000574956 118
0.00058052 159
0.000580837 185
0.000628685 193
0.000633689 222
0.000819413 227
0.000831494 229
2 229
