0 -13712
1.13e-07 -13273
4.41e-07 -12983
0.00036473 -12833
0.000365021 -12553
0.000366118 -12328
0.000368219 -12291
0.000371811 -12282
0.000373349 -12151
0.000380908 -11893
0.000383056 -11875
0.000396598 -11725
0.000404429 -11511
0.000404692 -11312
0.000404983 -10988
0.000406361 -10719
0.000406718 -10535
0.00041211 -10453
0.00041725 -10182
0.0004189 -9959
0.000422173 -9861
0.000422764 -9667
0.000423168 -9322
0.000423458 -9003
0.00042449 -8728
0.00042751 -8540
0.000430614 -8497
0.000430905 -8308
0.000432096 -8260
0.000432246 -8178
0.000434694 -7975
0.000444363 -7887
0.000444635 -7718
0.000445535 -7451
0.000445695 -7279
0.000447205 -7110
0.00046538 -7058
0.000466834 -6724
0.000467003 -6552
0.000467678 -6407
0.00047037 -6322
0.000472939 -6049
0.000473399 -5842
0.000474477 -5708
0.000475546 -5432
0.000476578 -5302
0.000481389 -5180
0.000484878 -5029
0.00048786 -4735
0.000494454 -4594
0.000497351 -4401
0.000499696 -4156
0.000501666 -4048
0.000506674 -4002
0.00050718 -3777
0.000510041 -3675
0.000513895 -3669
0.000514533 -3583
0.000529717 -3496
0.000530017 -3377
0.000532455 -3265
0.000533646 -3122
0.000534837 -2930
0.000556942 -2826
0.000560778 -2738
0.000565186 -2604
0.000565589 -2494
0.00056573 -2374
0.000566837 -2273
0.000571479 -2215
0.000581345 -2136
0.000582921 -1990
0.000592168 -1933
0.000594222 -1862
0.000596051 -1727
0.000597458 -1616
0.000601181 -1506
0.000602456 -1465
0.000605786 -1384
0.000606967 -1192
0.000612079 -1121
0.000612463 -1114
0.000614564 -1107
0.000614686 -1106
0.000615652 -971
0.000618484 -893
0.000622864 -796
0.000646198 -765
0.000648955 -750
0.000650324 -640
0.000655361 -545
0.0006617 -471
0.000663726 -423
0.000667159 -390
0.000680335 -357
0.000688645 -287
0.000689733 -220
0.000690849 -218
0.000691252 -137
0.000695407 -90
0.000714145 -48
0.000720776 -28
0.000747833 -23
0.000750299 -22
0.000755523 30
0.000756723 34
0.000758477 40
0.000759574 177
0.0007607 187
0.000777506 217
0.00078319 236
0.000783705 261
0.000786012 271
0.000787429 301
0.000791255 353
0.000794913 360
0.000804863 362
0.000819494 369
0.000835287 380
0.000835587 387
0.000843596 392
0.000849636 397
0.000857252 399
0.000857889 408
0.000862935 415
0.00087372 424
0.000883061 440
0.000897007 445
0.000906236 448
0.000921729 452
0.000925255 460
0.000932158 492
0.000944659 495
0.00104492 516
0.00104983 534
0.00106264 538
0.00106459 545
0.00109654 547
0.00109738 548
0.00113823 553
0.00133196 560
0.00134476 565
0.0013604 571
2 571
