0 -10940
1.4e-07 -10662
5.41e-07 -10299
0.00022234 -10271
0.000227708 -10226
0.000228483 -9952
0.000237698 -9765
0.0002378 -9599
0.000238361 -9220
0.000248714 -9172
0.000252365 -8872
0.000258975 -8645
0.000259806 -8595
0.000260945 -8262
0.000261383 -8011
0.000262457 -7834
0.000266714 -7831
0.000269095 -7710
0.000275425 -7680
0.000292034 -7643
0.000293108 -7354
0.000293434 -7035
0.000293901 -6940
0.000294564 -6847
0.000294751 -6506
0.000295236 -6296
0.000295964 -6009
0.000296441 -5707
0.000296665 -5492
0.000298168 -5436
0.000298616 -5392
0.000304796 -5266
0.000308466 -5180
0.000310473 -4975
0.000311836 -4756
0.000315337 -4655
0.000318306 -4603
0.000322068 -4398
0.000322171 -4195
0.000323954 -4038
0.00032669 -3748
0.000327633 -3536
0.000346202 -3531
0.000347024 -3257
0.000349274 -3058
0.000350852 -2906
0.000352943 -2833
0.000364043 -2681
0.000367451 -2492
0.000371858 -2349
0.000372035 -2174
0.000372903 -2084
0.000374565 -2055
0.000389979 -2031
0.000390819 -1816
0.00039573 -1723
0.000406794 -1635
0.000407447 -1542
0.000411172 -1495
0.000414991 -1405
0.00041528 -1290
0.00041556 -1173
0.000434223 -1073
0.000442682 -884
0.000446547 -842
0.000447648 -835
0.000448218 -751
0.000459272 -628
0.000463539 -537
0.000464771 -456
0.000468328 -367
0.000468711 -270
0.000475918 -239
0.000478514 -148
0.000501415 -136
0.000503703 -120
0.000504459 -62
0.000506485 -25
0.000594944 30
0.00060204 42
0.000604859 59
0.000606521 64
0.000621608 73
0.000622262 83
0.000643091 89
0.000644501 94
0.000644631 121
0.00065154 134
0.000682293 147
0.00068515 151
0.000703654 152
0.000709433 164
0.00071975 178
0.00076672 202
0.000771649 208
0.000773376 213
0.000775421 236
0.000804737 237
0.00083774 238
0.000860352 240
0.000960893 273
2 273
