0 -55965
4.8e-08 -55393
1.1773e-05 -54839
2.1777e-05 -54300
2.8504e-05 -53785
4.5207e-05 -53274
6.1566e-05 -52770
8.6305e-05 -52269
0.000114713 -51775
0.000133183 -51286
0.000149246 -50802
0.000164926 -50325
0.000179947 -49849
0.00019665 -49374
0.000211767 -48903
0.000226816 -48433
0.000243127 -47969
0.000259372 -47510
0.000275272 -47051
0.000290981 -46594
0.000305849 -46138
0.000321195 -45683
0.000336417 -45229
0.000352451 -44782
0.000367376 -44336
0.000383143 -43890
0.000399864 -43445
0.000415038 -43004
0.000430853 -42565
0.000446867 -42127
0.000463016 -41692
0.000479757 -41261
0.000495714 -40830
0.000511118 -40400
0.000526703 -39971
0.000541456 -39545
0.000558675 -39120
0.000575617 -38699
0.000591364 -38281
0.00060584 -37867
0.000622839 -37454
0.000638262 -37044
0.000653837 -36636
0.000668504 -36230
0.000686096 -35825
0.000701566 -35421
0.000716568 -35018
0.000732554 -34616
0.000748588 -34215
0.000765043 -33817
0.000780666 -33421
0.000797607 -33030
0.000812428 -32640
0.000828309 -32252
0.000844591 -31864
0.000862584 -31477
0.000883405 -31091
0.00090006 -30707
0.000916763 -30323
0.000935109 -29941
0.000952433 -29561
0.000969317 -29181
0.000985734 -28806
0.00100266 -28432
0.00102046 -28066
0.00103705 -27700
0.00105442 -27337
0.00107096 -26975
0.00108747 -26615
0.00110512 -26258
0.00112166 -25901
0.00113736 -25547
0.00115299 -25193
0.00116819 -24840
0.00118435 -24488
0.00120803 -24138
0.00123348 -23788
0.00125637 -23439
0.00127482 -23091
0.00129236 -22746
0.00131064 -22401
0.00132787 -22056
0.00134632 -21712
0.00136389 -21377
0.00138022 -21043
0.00139796 -20709
0.00141569 -20375
0.00143677 -20044
0.00145532 -19715
0.00149091 -19386
0.00152878 -19058
0.00155238 -18733
0.00157217 -18410
0.00159342 -18094
0.00161006 -17778
0.00162888 -17466
0.00164789 -17158
0.00166507 -16852
0.00168431 -16548
0.00170305 -16244
0.00172118 -15941
0.0017406 -15638
0.00176056 -15340
0.0017816 -15042
0.00180197 -14745
0.00182417 -14449
0.00184803 -14158
0.00186731 -13873
0.0018917 -13589
0.00191456 -13306
0.00193885 -13024
0.0019609 -12747
0.00198043 -12471
0.00200349 -12195
0.00202372 -11924
0.00204851 -11654
0.00207401 -11384
0.00209217 -11117
0.0021131 -10851
0.00213421 -10591
0.0021578 -10334
0.00217993 -10078
0.00221027 -9826
0.00224222 -9575
0.00227138 -9328
0.00229917 -9086
0.00232924 -8846
0.00235372 -8609
0.00237677 -8373
0.00240589 -8142
0.00243143 -7915
0.00245782 -7691
0.00252897 -7470
0.00268409 -7252
0.00275314 -7036
0.00279394 -6824
0.00283185 -6613
0.00286088 -6405
0.00289466 -6198
0.00292656 -5991
0.00298132 -5787
0.0030409 -5584
0.00308254 -5391
0.00311888 -5199
0.00315386 -5007
0.00318407 -4822
0.00321464 -4639
0.00324761 -4460
0.00328064 -4286
0.00331842 -4113
0.00335174 -3940
0.00338621 -3768
0.00341974 -3596
0.00346312 -3427
0.00355164 -3269
0.003597 -3118
0.00363639 -2969
0.00367737 -2824
0.00371855 -2685
0.00376173 -2547
0.00380416 -2410
0.00384595 -2277
0.00388897 -2145
0.00393454 -2026
0.00397561 -1907
0.00417912 -1794
0.00428142 -1682
0.00436382 -1571
0.00442563 -1464
0.00448082 -1364
0.00453162 -1265
0.00467125 -1167
0.00476512 -1075
0.00484189 -983
0.00489301 -891
0.00493351 -800
0.00497346 -712
0.00500872 -624
0.00504619 -544
0.00508095 -466
0.00512107 -390
0.00516466 -320
0.00520209 -253
0.00523938 -198
0.0052741 -145
0.00531342 -95
0.00538299 -45
0.00545203 4
0.00549767 43
0.00553399 77
0.00557186 101
0.0056104 124
0.00564732 146
0.0056894 166
0.00573325 189
0.00577236 205
0.00580672 219
0.00584023 230
0.00587817 240
0.0059158 258
0.00595555 265
0.00599483 279
0.0060234 285
0.00605306 290
0.00607649 303
0.00610595 315
0.00613553 320
0.0061627 328
0.00619326 333
0.00625276 350
0.00630489 360
0.0063722 368
0.006414 382
0.00644802 396
0.00648209 401
0.00654852 410
0.00659122 417
0.00663457 429
0.00667185 438
0.00670197 443
0.00673184 448
0.00675735 483
0.00678685 504
0.00681899 520
0.00685394 527
0.0068857 530
0.00691627 540
0.00694575 542
0.00697163 543
0.00700163 550
0.00703084 553
0.00725241 555
0.00728107 562
0.0073105 568
0.00734299 569
0.00737231 570
0.00740322 576
0.00743221 584
0.00746334 586
0.00755087 589
0.00764682 590
0.00779289 596
0.00794221 600
0.00797322 601
0.00800326 602
0.00866622 604
0.00913372 619
0.00916276 624
0.0092263 627
0.00925662 634
0.00928705 640
0.00931819 645
0.0093794 648
0.00953195 649
0.00957224 650
0.00962529 651
0.00978102 660
0.00982357 665
0.0102125 667
0.0102451 678
0.0102748 681
0.0115132 683
0.0115483 684
0.0116036 690
0.0116381 692
0.0187278 693
0.0189012 702
0.0189433 704
0.0190184 708
0.019175 717
0.0192134 719
0.0192433 723
0.0193578 725
0.0231222 733
0.0231546 734
0.0256882 737
0.0257223 738
2 738
