0 -21241
5.7e-08 -20883
3.5999e-05 -20554
5.833e-05 -20234
8.4611e-05 -19930
0.000110388 -19633
0.000161817 -19339
0.000198797 -19045
0.000249046 -18756
0.000318257 -18469
0.000370695 -18188
0.000412396 -17908
0.00044989 -17633
0.000483996 -17360
0.000516845 -17088
0.000553054 -16823
0.000582562 -16568
0.000614097 -16316
0.000643367 -16065
0.000673798 -15818
0.000703544 -15573
0.000733766 -15329
0.000762912 -15089
0.000791744 -14852
0.000823927 -14621
0.0008549 -14395
0.000891823 -14175
0.000919789 -13956
0.000951382 -13741
0.000984916 -13526
0.00102507 -13315
0.00108462 -13104
0.00116253 -12896
0.00122878 -12691
0.00128911 -12487
0.00135713 -12285
0.00142635 -12088
0.00150901 -11894
0.00156361 -11702
0.00161179 -11510
0.00165211 -11323
0.00168945 -11138
0.00172633 -10953
0.001767 -10769
0.00180019 -10585
0.0018364 -10407
0.00187163 -10229
0.00190551 -10052
0.00193306 -9878
0.00196083 -9704
0.00203756 -9531
0.00207433 -9363
0.00210054 -9195
0.00213135 -9030
0.0021643 -8865
0.00219299 -8701
0.00222205 -8541
0.00225152 -8381
0.00228165 -8224
0.00231006 -8068
0.00234034 -7913
0.00236539 -7759
0.00239382 -7609
0.00242398 -7461
0.00245286 -7313
0.0024833 -7166
0.00251023 -7019
0.00253436 -6873
0.0025612 -6729
0.00258658 -6589
0.00261245 -6450
0.00264046 -6311
0.00266436 -6176
0.00268963 -6046
0.00271794 -5917
0.00274652 -5789
0.00277287 -5666
0.00279978 -5545
0.0028289 -5424
0.00286159 -5303
0.00289012 -5183
0.00291703 -5064
0.00294789 -4945
0.0030181 -4827
0.00307659 -4710
0.00312223 -4594
0.00316069 -4480
0.00319633 -4366
0.00322788 -4252
0.00325422 -4142
0.00327947 -4033
0.00330422 -3925
0.0033302 -3818
0.00335174 -3712
0.00337463 -3608
0.00339563 -3505
0.00341956 -3403
0.00344297 -3302
0.00346739 -3201
0.0034895 -3101
0.00351312 -3001
0.00353689 -2904
0.00356049 -2807
0.00358421 -2716
0.0036095 -2626
0.00363149 -2537
0.00365681 -2448
0.00368206 -2359
0.00370748 -2276
0.0037407 -2195
0.00377167 -2114
0.00379647 -2034
0.00382081 -1954
0.00384258 -1880
0.00386333 -1806
0.00388503 -1733
0.00390759 -1661
0.00392875 -1590
0.00395134 -1519
0.00397505 -1450
0.00399735 -1381
0.00402717 -1313
0.00405826 -1246
0.00409286 -1179
0.00413022 -1113
0.00416421 -1049
0.00419062 -987
0.0042122 -926
0.00424359 -865
0.004278 -806
0.00430195 -751
0.00432513 -697
0.00435323 -644
0.00437587 -592
0.00440066 -540
0.0044225 -488
0.00444661 -437
0.0044705 -386
0.00449006 -339
0.00451329 -293
0.0045343 -248
0.00455552 -204
0.00457656 -162
0.00459874 -120
0.00462032 -79
0.0046443 -41
0.00466635 -4
0.00469037 33
0.00471396 69
0.00473897 105
0.00476273 140
0.00478705 174
0.00481292 208
0.00483474 241
0.00486027 271
0.00491165 301
0.00496008 330
0.00500593 359
0.00504947 387
0.00508222 415
0.00510938 443
0.00513576 470
0.00516242 496
0.00519553 522
0.00522066 548
0.00524407 573
0.00526917 598
0.00529289 623
0.00531707 648
0.00534158 671
0.00536548 694
0.00539025 716
0.00541443 737
0.00543847 759
0.00546242 782
0.00548373 802
0.00550823 822
0.00554194 849
0.00557841 869
0.0056119 888
0.00570711 907
0.00577563 927
0.00582244 955
0.005847 974
0.00586684 993
0.00588723 1012
0.00590768 1031
0.00592645 1049
0.00594472 1066
0.00596371 1085
0.00600077 1104
0.00605264 1119
0.00615205 1136
0.00620432 1154
0.0062482 1168
0.00628812 1182
0.0063262 1199
0.00636226 1221
0.00639796 1239
0.00642925 1255
0.00645587 1268
0.00648157 1281
0.006505 1293
0.00652927 1312
0.00655728 1325
0.00658478 1346
0.00661056 1358
0.00663611 1387
0.00666247 1398
0.00669196 1421
0.00671976 1440
0.00674487 1455
0.00676918 1469
0.00679305 1482
0.00681804 1493
0.00683846 1511
0.00686759 1533
0.0069001 1551
0.00693158 1569
0.00696448 1580
0.00699565 1591
0.0070238 1601
0.00704796 1614
0.00707356 1634
0.00709773 1644
0.00712891 1653
0.00715991 1671
0.00719014 1679
0.00722246 1690
0.00725792 1698
0.00729149 1713
0.00732531 1718
0.00737948 1734
0.00739599 1739
0.00741186 1744
0.00743974 1750
0.0074683 1758
0.00747774 1771
0.00751075 1776
0.00751495 1781
0.00752867 1785
0.00754275 1800
0.00756398 1805
0.00756766 1809
0.00760055 1811
0.00761144 1820
0.00762895 1821
0.0076342 1822
0.00764553 1833
0.00766491 1835
0.0076793 1842
0.00773179 1855
0.00774688 1857
0.00788308 1860
0.00788776 1864
0.00791971 1870
0.00793726 1871
0.0079721 1874
0.00800153 1878
0.00800916 1884
0.00818709 1888
0.00819325 1889
0.00820333 1892
0.0082142 1895
0.00823081 1896
0.00823426 1901
0.00840653 1903
0.0084178 1904
0.00843692 1909
2 1909
