0 -20815
4.8e-08 -20415
3.7894e-05 -20078
8.4946e-05 -19757
0.000195818 -19444
0.000335558 -19134
0.000502991 -18825
0.000759554 -18523
0.000935603 -18243
0.00109533 -17970
0.00123798 -17699
0.00140076 -17429
0.00154842 -17162
0.00168438 -16895
0.00181177 -16643
0.00193122 -16392
0.00204475 -16141
0.00217962 -15892
0.00230512 -15648
0.00242634 -15406
0.00253849 -15169
0.00264131 -14934
0.00273647 -14700
0.00282653 -14466
0.00291225 -14237
0.00301554 -14008
0.00313794 -13782
0.00324183 -13557
0.00334048 -13333
0.00349804 -13109
0.00373205 -12886
0.00407994 -12666
0.00423823 -12448
0.00465241 -12231
0.00477344 -12019
0.00491362 -11808
0.00508591 -11599
0.00521082 -11392
0.00531391 -11186
0.0053987 -10980
0.00547158 -10782
0.00553644 -10584
0.0056281 -10390
0.00576899 -10197
0.00594143 -10005
0.00614305 -9813
0.00629179 -9623
0.00642517 -9433
0.00657796 -9243
0.00693719 -9055
0.00707315 -8868
0.00718233 -8686
0.00726629 -8505
0.00733259 -8324
0.00738394 -8149
0.00742389 -7976
0.00745489 -7805
0.00748884 -7635
0.00752766 -7465
0.00756364 -7297
0.00760148 -7133
0.00763756 -6971
0.00767088 -6813
0.00770602 -6657
0.00774435 -6504
0.00778237 -6352
0.00781566 -6201
0.00785274 -6051
0.00788765 -5902
0.00792335 -5755
0.00796227 -5615
0.00799773 -5475
0.00803097 -5337
0.00806697 -5204
0.00810359 -5071
0.00813999 -4939
0.00817238 -4808
0.00823611 -4678
0.00827383 -4549
0.00833257 -4427
0.00842224 -4305
0.00851332 -4185
0.00857994 -4065
0.00863731 -3946
0.00868735 -3829
0.00872723 -3714
0.00876493 -3601
0.00880287 -3490
0.00884765 -3379
0.00888473 -3268
0.0089149 -3158
0.00894567 -3051
0.00897852 -2946
0.00901219 -2843
0.00904542 -2743
0.00907835 -2643
0.00910915 -2544
0.00914531 -2446
0.00917863 -2348
0.00920953 -2250
0.00924218 -2154
0.00927485 -2058
0.00931105 -1963
0.00934411 -1869
0.00937713 -1776
0.00941179 -1686
0.00944255 -1596
0.00947256 -1507
0.00950639 -1419
0.00953784 -1332
0.00956812 -1251
0.00959717 -1171
0.00963014 -1093
0.00966155 -1018
0.00969735 -943
0.00973534 -873
0.00976812 -803
0.00980096 -737
0.00983742 -671
0.00987358 -606
0.00990794 -541
0.00994358 -478
0.00997688 -416
0.0100103 -355
0.0100439 -295
0.0100764 -235
0.0101114 -175
0.0101447 -116
0.0101781 -60
0.010235 -5
0.0102723 49
0.0103087 101
0.010347 153
0.0103813 204
0.0104144 255
0.0104492 304
0.0104853 350
0.0105172 392
0.0105503 434
0.0105852 475
0.0106166 516
0.0106486 556
0.0106827 594
0.0107244 629
0.0107621 664
0.0107988 698
0.0108359 732
0.0108807 765
0.0109199 797
0.0109521 829
0.0109855 861
0.011018 892
0.0110528 921
0.0111009 949
0.0111487 976
0.011195 1002
0.0112381 1028
0.0112842 1053
0.0113258 1078
0.0113568 1101
0.011389 1124
0.01142 1147
0.0114523 1169
0.0114837 1190
0.0115168 1211
0.0115551 1229
0.0115969 1246
0.0116302 1262
0.0116625 1277
0.0116981 1292
0.0117532 1306
0.0118091 1320
0.0118611 1334
0.0118992 1347
0.0119349 1360
0.0119705 1372
0.012013 1384
0.0120464 1395
0.0120794 1407
0.012109 1418
0.0121687 1428
0.0122398 1438
0.0123101 1447
0.0123557 1458
0.0123983 1467
0.0124409 1479
0.0125224 1488
0.0125689 1496
0.0126087 1504
0.0126436 1512
0.0126746 1519
0.012709 1525
0.0127404 1531
0.0127743 1536
0.0128055 1541
0.0128368 1546
0.0128686 1551
0.0129148 1558
0.0129826 1569
0.0130454 1574
0.0131015 1577
0.0131562 1580
0.0132068 1582
0.013254 1584
0.0133021 1586
0.0133516 1587
0.0134032 1588
0.0134745 1597
0.0135396 1600
0.0135937 1607
0.01364 1611
0.013682 1618
0.0137197 1620
0.0137622 1628
0.0138152 1631
0.0138669 1634
0.0139168 1639
0.0139685 1640
0.0140188 1641
0.0141039 1646
0.014166 1650
0.0142139 1654
0.014256 1655
0.0142909 1656
0.0143292 1658
0.0143715 1663
0.0144266 1670
0.0144665 1671
0.0145006 1672
0.0145447 1683
0.0145844 1685
0.0146182 1687
0.0146505 1691
0.0146858 1692
0.014719 1704
0.0147566 1711
0.0147924 1715
0.0148307 1716
0.0148645 1728
0.0151785 1732
0.0152269 1733
0.0152709 1734
0.0153206 1735
0.0155567 1736
0.0156081 1739
0.0156433 1741
0.0157021 1752
0.0157328 1754
0.0159282 1757
0.0159999 1759
0.0160615 1760
0.0161299 1761
0.0162569 1769
0.0163027 1771
0.0170736 1773
0.0171071 1775
0.0171419 1776
0.0172486 1778
0.0172787 1779
0.0180368 1783
0.0180785 1784
0.0181186 1785
0.0181548 1786
0.0183182 1793
0.0183524 1797
0.0183919 1798
0.0187441 1801
0.0187781 1804
0.0188724 1805
0.018929 1806
0.0189765 1807
0.0190847 1808
0.0191174 1813
0.0191583 1814
0.0195467 1817
0.0195789 1820
0.0196095 1821
0.019641 1822
0.0196762 1823
0.0200975 1824
0.0201338 1825
0.0201681 1826
0.0202351 1832
0.0207478 1834
0.0208199 1838
0.020898 1840
0.0209743 1841
0.0210354 1842
0.0212285 1845
0.0213231 1846
0.0219636 1847
0.0220102 1848
0.0221456 1852
0.0221905 1855
0.0222367 1856
2 1856
