0 -41286
4.7e-08 -40746
1.1367e-05 -40233
2.8599e-05 -39722
5.3386e-05 -39233
8.4506e-05 -38750
0.000111377 -38282
0.000133662 -37818
0.000150408 -37360
0.000169694 -36910
0.000186637 -36463
0.000204588 -36020
0.000222147 -35580
0.000240116 -35146
0.000258488 -34712
0.000275561 -34279
0.000292606 -33846
0.000310818 -33414
0.000329619 -32982
0.000347972 -32560
0.000366595 -32140
0.000384248 -31722
0.000401918 -31305
0.000420813 -30890
0.00043825 -30478
0.000456126 -30067
0.000475114 -29657
0.00049568 -29250
0.000515518 -28843
0.000533815 -28440
0.000550113 -28043
0.000566579 -27652
0.000586855 -27266
0.000609289 -26882
0.000627651 -26506
0.000644687 -26131
0.000662731 -25762
0.000680804 -25393
0.000698615 -25025
0.000716977 -24658
0.00073518 -24293
0.00075371 -23930
0.000771904 -23571
0.00079064 -23217
0.000807825 -22866
0.00082557 -22515
0.000844764 -22167
0.00086349 -21821
0.000882552 -21475
0.000899383 -21131
0.000918819 -20789
0.00093691 -20447
0.000957373 -20108
0.000975474 -19776
0.000993341 -19447
0.00101515 -19122
0.00103423 -18800
0.00105303 -18480
0.00107136 -18160
0.00109036 -17842
0.00111123 -17528
0.00116015 -17217
0.00119614 -16906
0.0012203 -16599
0.00124252 -16292
0.00126349 -15988
0.0012852 -15685
0.00130564 -15383
0.00132518 -15085
0.00134519 -14787
0.00136621 -14491
0.00138794 -14199
0.0014085 -13910
0.00142961 -13621
0.00145065 -13333
0.00147214 -13047
0.00149082 -12771
0.00151376 -12497
0.00153651 -12226
0.00156066 -11958
0.00158276 -11690
0.00160638 -11423
0.00163031 -11158
0.00165375 -10899
0.00167582 -10642
0.00169645 -10386
0.00171793 -10136
0.00174086 -9889
0.00176456 -9645
0.00179054 -9403
0.00181787 -9168
0.00184213 -8933
0.00186883 -8699
0.00189506 -8466
0.00192009 -8238
0.0019451 -8013
0.001976 -7793
0.00200402 -7575
0.00202806 -7359
0.00205282 -7146
0.00208136 -6934
0.00211056 -6723
0.00213923 -6514
0.00216411 -6310
0.00218876 -6106
0.0022169 -5902
0.00224694 -5701
0.0022772 -5505
0.00231617 -5311
0.00237172 -5117
0.00242234 -4924
0.00246611 -4739
0.00251948 -4561
0.0026059 -4384
0.00267103 -4211
0.00273207 -4039
0.0027851 -3871
0.00283133 -3707
0.00287904 -3545
0.0029194 -3383
0.0029535 -3224
0.00298912 -3073
0.00303849 -2924
0.00307603 -2776
0.00311176 -2633
0.00314788 -2493
0.00318926 -2354
0.00323474 -2216
0.00327915 -2082
0.00332763 -1954
0.00338121 -1828
0.00343518 -1703
0.00347891 -1578
0.00352398 -1462
0.00356654 -1354
0.00361298 -1246
0.00366454 -1144
0.00371775 -1045
0.00378211 -950
0.00383492 -861
0.00388434 -772
0.00392975 -687
0.00397491 -607
0.00401758 -528
0.00405815 -452
0.00409625 -378
0.00413331 -306
0.00416843 -236
0.00420202 -176
0.00423985 -117
0.00427596 -62
0.0043134 -7
0.00435704 42
0.00439995 87
0.00443651 125
0.00446773 161
0.00449982 196
0.00453136 231
0.00456162 258
0.00459062 282
0.00461968 303
0.00464713 322
0.00467595 338
0.00470576 345
0.00473438 363
0.00476237 372
0.00479025 381
0.00481623 388
0.00484641 391
0.00490153 400
0.00494793 402
0.00501538 407
0.00505042 418
0.0050776 421
0.00516684 428
0.00520176 434
0.00523008 440
0.00599002 448
0.00602321 452
0.00605973 460
0.00825984 464
0.00829113 465
0.0109164 471
0.0109449 476
0.0110784 478
0.0111102 481
0.0111389 482
0.0112243 486
0.0135163 490
0.0135458 496
0.0135782 499
0.0268678 502
2 502
