738 0.548628
709 1.20853
798 0.605284
747 0.907061
737 1.05257
747 0.567919
689 2.12681
776 0.746187
735 0.990007
734 1.19356
415 1.03804
414 1.0015
416 1.07037
413 1.15098
386 1.1352
394 2.00243
408 1.18227
423 0.977112
419 3.23549
423 1.15663
1683 0.14646
1662 0.193023
1661 0.129454
1689 0.0947947
1720 0.196844
1704 0.280124
1683 0.172798
1727 0.0962086
1660 0.253794
1720 0.323385
1666 0.135822
1616 0.130683
1631 0.126728
1581 0.22493
1674 0.171711
1614 0.301855
1557 0.400386
1646 0.253904
1561 0.2349
1653 0.159119
