0 -2122
2.07e-07 -2010
5.13e-07 -2007
0.000455517 -1956
0.000455643 -1876
0.000456561 -1811
0.000456831 -1775
0.000513469 -1726
0.000526916 -1669
0.000527357 -1634
0.000528788 -1620
0.000530381 -1546
0.000538841 -1543
0.000538949 -1509
0.000539264 -1451
0.000539804 -1370
0.000540641 -1351
0.000542072 -1338
0.000567921 -1252
0.000568776 -1180
0.000568983 -1168
0.000569172 -1143
0.00056928 -1054
0.000575607 -1030
0.000575949 -1007
0.000576921 -967
0.000578766 -941
0.000581466 -938
0.000588297 -935
0.000588621 -900
0.000590871 -882
0.00059097 -845
0.000594588 -821
0.000596208 -817
0.000596406 -775
0.000597774 -724
0.000599925 -676
0.000600222 -652
0.000600528 -610
0.000600654 -536
0.000600969 -519
0.000602148 -485
0.000603264 -444
0.000603363 -425
0.000603453 -405
0.000604245 -370
0.000604425 -326
0.0006078 -323
0.000607917 -294
0.000608115 -288
0.000609042 -285
0.000612489 -242
0.000613569 -215
0.000621256 -194
0.000623092 -178
0.00063787 -149
0.000638599 -144
0.00063913 -141
0.000645241 -134
0.000645727 -94
0.000655024 -89
0.000657193 -7
0.000658354 -3
0.000659029 11
0.000659119 19
0.000659794 57
0.00066028 68
0.000663296 69
0.000664448 91
0.000669461 159
0.000669947 185
0.000671189 218
0.000671756 240
0.000672233 264
0.00067289 272
0.000675482 291
0.000675572 328
0.000676094 332
0.000677057 342
0.000677147 365
0.000677237 377
0.000678182 398
0.000679694 478
0.000681044 497
0.000681512 524
0.000683213 535
0.00069287 536
0.000693131 539
0.000695345 544
0.000697433 557
0.000701366 569
0.000702851 588
0.000703292 601
0.000710655 635
0.000710925 641
0.000711087 679
0.000712869 701
0.000725847 704
0.000729177 758
0.000730851 774
0.000731121 825
0.000732093 829
0.000732507 832
0.000734433 844
0.000735513 850
0.000736584 859
0.000741039 864
0.000742848 866
0.000746115 872
0.000750525 908
0.000770524 912
0.000770704 923
0.000772225 930
0.000776203 938
0.000776284 941
0.000779731 945
0.000782926 949
0.000783772 950
0.000784492 954
0.000786958 976
0.000800044 977
0.000801034 987
0.000806228 1004
0.000806714 1009
0.000806804 1010
0.000819215 1026
0.00083087 1028
0.000836441 1034
0.000837422 1040
0.000838493 1053
0.000841526 1068
0.000847277 1081
0.000856314 1084
0.000859293 1085
0.000859554 1098
0.000863442 1121
0.000865026 1124
0.000865269 1133
0.000869238 1140
0.00087993 1155
0.000890388 1157
0.000891729 1165
0.000897759 1168
0.000910837 1179
0.00091189 1200
0.000916093 1208
0.000923833 1209
0.000924184 1214
0.000930592 1218
0.00093115 1239
0.000932338 1247
0.000956333 1252
0.000962768 1255
0.000969842 1259
0.000974702 1270
0.000976736 1273
0.000983306 1279
0.000984845 1283
0.000985502 1291
0.000989957 1297
0.00104268 1298
0.00105252 1299
0.00109738 1300
0.00110588 1314
2 1314
