0 -2979
1.59e-07 -2789
5.27e-07 -2727
1.2869e-05 -2708
1.3058e-05 -2611
0.000431793 -2585
0.000433205 -2515
0.000433772 -2467
0.000434518 -2405
0.000436716 -2257
0.000440147 -2206
0.000451564 -2201
0.000452618 -2088
0.000452957 -2048
0.000461758 -2039
0.000466572 -2033
0.000474448 -2011
0.000474946 -1923
0.000475264 -1833
0.000479928 -1825
0.000480356 -1717
0.000524821 -1661
0.000529306 -1594
0.000533981 -1564
0.00053412 -1462
0.000547665 -1413
0.000550977 -1406
0.000551554 -1364
0.000551962 -1266
0.000555562 -1232
0.00055769 -1219
0.000560465 -1106
0.000560922 -1055
0.000561937 -1042
0.000562344 -989
0.000564035 -895
0.000580256 -885
0.000599241 -855
0.000600554 -801
0.000601668 -732
0.000601807 -648
0.000603587 -641
0.000604811 -583
0.000606183 -573
0.00060863 -503
0.000612091 -487
0.000619152 -454
0.000619918 -425
0.000623229 -404
0.000624632 -394
0.000625258 -301
0.000625576 -239
0.000628709 -211
0.000629236 -200
0.000632817 -178
0.000634209 -158
0.000638257 -129
0.000638575 -120
0.000641936 -114
0.000644164 -94
0.000659738 -86
0.000661976 -79
0.00066307 -62
0.000663468 -60
0.000663627 -37
0.000680106 -36
0.000688152 -20
0.000689584 -13
0.000689763 37
0.000696446 43
0.000709524 56
0.000714527 93
0.000714616 95
0.000720603 115
0.000721031 121
0.000722145 128
0.000729136 136
0.000731782 155
0.000732329 161
0.000733602 166
0.000734616 183
0.000735899 185
0.000735979 200
0.000737252 206
0.000745019 211
0.000749345 224
0.000759599 226
0.000764641 236
0.00076487 243
0.000765407 244
0.000766093 252
0.00076845 271
0.000769464 276
0.0007721 282
0.000789683 291
0.000794019 301
0.000803149 307
0.000806252 326
0.000806331 331
0.000810051 332
0.000814467 336
0.000840444 339
0.00084472 343
0.000852139 357
0.000863308 360
0.000865347 361
0.000871682 367
0.000871851 383
0.000873134 391
0.000877351 392
0.000885804 402
0.000934267 406
0.000940433 413
0.000945068 415
0.000946281 419
0.000950299 436
0.000953919 439
0.000966013 444
0.00101887 445
0.00104015 448
0.00106567 458
0.00107008 462
2 462
