0 -4371
2.97e-07 -4295
0.000539255 -4274
0.000539462 -4103
0.000539642 -4006
0.000539804 -3877
0.000540371 -3751
0.000541649 -3705
0.000542036 -3655
0.000543593 -3636
0.000543935 -3527
0.000550568 -3513
0.000607657 -3451
0.000608485 -3354
0.000631489 -3286
0.000633091 -3267
0.00064291 -3248
0.000643162 -3217
0.000645709 -3101
0.000650875 -2982
0.000651416 -2927
0.000652604 -2856
0.000653855 -2736
0.000655646 -2608
0.000657005 -2551
0.000657959 -2455
0.000658634 -2394
0.000661262 -2329
0.000662135 -2320
0.000662801 -2295
0.000663854 -2270
0.000663962 -2228
0.000664124 -2112
0.000664655 -1990
0.00066506 -1958
0.000665177 -1920
0.000665771 -1797
0.00066659 -1759
0.000668084 -1665
0.000668741 -1563
0.000669038 -1557
0.00068333 -1474
0.000683474 -1473
0.000694184 -1444
0.000698189 -1431
0.000698523 -1375
0.000699747 -1276
0.00070197 -1258
0.000702456 -1250
0.00070287 -1209
0.000707325 -1108
0.000709224 -1080
0.000709575 -1043
0.000711321 -984
0.000711789 -964
0.000712356 -921
0.000719286 -907
0.000719403 -856
0.000720393 -790
0.000721284 -708
0.000723048 -644
0.000725136 -600
0.000726873 -565
0.000727314 -559
0.000727575 -515
0.000728664 -511
0.000728763 -500
0.00072933 -450
0.000732678 -435
0.000733794 -418
0.000734892 -394
0.000735927 -386
0.000738222 -385
0.000741579 -342
0.000742857 -334
0.000743406 -318
0.000746179 -307
0.000747214 -282
0.000747844 -250
0.000750544 -234
0.000753001 -201
0.000753181 -167
0.000755053 -164
0.000757915 -138
0.000758482 -114
0.000763108 -32
0.000767932 -2
0.000768058 37
0.000768301 46
0.000768481 95
0.000770515 99
0.000773737 100
0.000774853 115
0.000776185 119
0.000777031 146
0.000786427 181
0.000786796 185
0.000787372 191
0.000789559 251
0.00078982 257
0.000791539 272
0.000792871 275
0.000800459 285
0.000803249 347
0.000804365 405
0.000805994 408
0.000808838 418
0.000809108 447
0.000809585 452
0.00081413 456
0.000820196 457
0.000821573 467
0.000824921 484
0.000832625 509
0.00083285 526
0.00083366 530
0.000851688 570
0.000851823 590
0.00085464 605
0.000855495 613
0.000856899 614
0.000861579 618
0.000862092 688
0.000863469 700
0.00086364 715
0.000874863 727
0.00088128 760
0.000883287 764
0.000884574 774
0.000888121 783
0.00089353 789
0.000896392 795
0.000896923 798
0.000901045 801
0.000904645 809
0.000905275 810
0.000905365 814
0.000907984 816
0.000909181 832
0.000914662 833
0.000915661 845
0.000919054 848
0.000921727 858
0.000923221 865
0.000926272 870
0.000927667 877
0.000927748 879
0.000932185 880
0.000934012 912
0.000936722 918
0.000937253 920
0.000940727 921
0.000944813 933
0.000953057 953
0.000955073 957
0.000958223 984
0.00097409 1000
0.000977384 1001
0.000978752 1003
0.000979625 1006
0.000980057 1022
0.000980624 1026
0.000980885 1031
0.000983775 1040
0.000987438 1059
0.000989985 1069
0.000995574 1077
0.000995655 1086
0.000997464 1087
0.000999732 1097
0.001025 1098
0.0010252 1104
0.00103106 1115
0.00104739 1137
0.00105366 1139
0.00105611 1151
0.0010572 1152
0.00105808 1154
0.00106276 1162
0.00106669 1174
0.00107342 1179
0.00107781 1184
0.00107992 1199
0.00109275 1204
0.00111263 1211
0.00112024 1213
0.00112122 1215
0.0011242 1225
0.00113099 1230
0.00113804 1234
0.00114443 1235
0.00114676 1239
0.00117568 1244
0.00118677 1250
0.00119555 1254
0.00120198 1262
0.00120573 1277
0.00120794 1288
0.00122579 1289
0.00123115 1304
0.00123953 1306
0.00126986 1313
0.00128076 1314
0.00129727 1315
0.00129952 1317
0.00157985 1324
0.00159358 1328
0.00159545 1334
0.0016006 1345
0.00162578 1349
0.00166643 1356
0.00171529 1362
0.00177575 1369
0.00178908 1377
0.00179305 1386
0.00182089 1393
0.00184096 1399
0.00212192 1407
0.00219442 1409
0.00234943 1415
0.00236539 1418
0.00241295 1421
0.00244698 1424
0.00250629 1425
0.00253083 1429
0.00254991 1431
0.002641 1440
0.00291636 1442
2 1442
