0 -2436
2.88e-07 -2332
0.00054137 -2285
0.000542245 -2152
0.00054325 -2144
0.000548968 -2087
0.000549396 -1971
0.000549525 -1844
0.000549744 -1764
0.000550818 -1664
0.000550957 -1647
0.000551027 -1607
0.000551365 -1576
0.000553474 -1574
0.00055599 -1550
0.000560873 -1439
0.000561957 -1356
0.000613811 -1312
0.000614378 -1256
0.000615711 -1211
0.00061585 -1169
0.000616338 -1163
0.000616885 -1065
0.000617561 -977
0.000622146 -938
0.000636447 -884
0.000640793 -867
0.000642991 -828
0.00064319 -781
0.00064683 -757
0.000648908 -705
0.000651325 -688
0.000652658 -660
0.000653274 -586
0.000653592 -476
0.000653861 -426
0.000694905 -397
0.000698893 -379
0.000700146 -349
0.000700653 -331
0.000707565 -321
0.000709097 -295
0.000713463 -266
0.000719957 -256
0.000722175 -169
0.000725606 -165
0.000730091 -134
0.000730817 -123
0.000735104 -55
0.000736208 -33
0.000736765 -31
0.000737282 -1
0.000737869 8
0.000740126 14
0.000748798 33
0.000749823 34
0.000752329 45
0.000752419 69
0.000752767 74
0.000753493 102
0.000756377 125
0.000757381 129
0.000757859 134
0.000759848 148
0.000765546 156
0.000772488 160
0.000777013 187
0.000777928 209
0.000780385 212
0.000801488 217
0.000802334 219
0.000802811 260
0.000815919 279
0.000816118 304
0.000822055 309
0.000822682 320
0.00082487 325
0.000828788 356
0.000847624 373
0.000847734 376
0.000849216 387
0.000860593 400
0.000889196 420
0.000898087 431
0.000901926 433
0.000945814 436
0.00100269 439
0.00100913 440
0.00106955 455
0.00111431 460
2 460
