0 -3
1.089e-06 13
1.359e-06 23
9.972e-06 26
1.0377e-05 33
1.08e-05 93
1.1106e-05 110
1.1385e-05 140
1.2258e-05 144
1.2456e-05 149
1.2681e-05 170
0.000386036 182
0.000386243 226
0.00038681 244
0.000386972 261
0.000412803 270
0.000413397 294
0.000417159 330
0.000417321 332
0.000418023 340
0.000418086 344
0.000418302 383
0.000418374 385
0.000418446 394
0.00041859 401
0.000420084 402
0.00042111 418
0.000421182 420
0.000422298 447
0.000422487 456
0.000435285 461
0.000435348 480
0.000435591 483
0.000457354 494
0.000457435 502
0.000457507 520
0.000458011 527
0.000459523 529
0.000459874 556
0.000460099 570
0.00046918 572
0.000506171 582
0.000512696 596
0.000512921 597
0.000513002 598
0.000539597 615
0.000541865 616
0.000542018 635
0.000542135 637
0.000542306 639
0.000545636 642
0.000550983 647
0.000551181 658
0.000569667 660
0.000569721 661
0.000574023 669
0.000574581 676
0.000577371 682
0.000578514 683
0.000579018 693
0.000579378 694
0.000579657 698
0.000579756 707
0.000580233 710
0.000582159 726
0.000587946 731
0.000588306 752
0.000589035 768
0.000592068 790
0.000592239 791
0.000592347 793
0.000592617 798
0.000592932 800
0.000593868 809
0.000594102 810
0.000594624 819
0.000597199 820
0.000597433 830
0.000597739 841
0.00061195 843
0.000618502 846
0.00062059 858
0.000622876 861
0.000630589 876
0.000631354 881
0.000631984 887
0.000637303 892
0.000637609 918
0.000638086 926
0.000643576 929
0.000644558 934
0.000645314 964
0.000648833 968
0.000712491 975
0.000717414 981
0.000718224 985
2 985
