0 -55
8.182e-06 -54
8.389e-06 -24
0.000183469 -1
0.000183559 34
0.000185269 46
0.000185323 74
0.000208499 75
0.000208598 90
0.000208706 93
0.000210461 126
0.000210551 135
0.000394317 166
0.000395082 211
0.00039942 224
0.000409923 243
0.000410238 245
0.000415719 249
0.000416259 254
0.000426447 267
0.000428949 281
0.000429111 300
0.000431874 306
0.00043263 313
0.000432819 322
0.000433108 338
0.000433432 346
0.00043363 350
0.0004339 360
0.000433945 369
0.000434926 370
0.000435295 372
0.000435538 384
0.000435871 400
0.00043615 409
0.000436816 413
0.000437509 444
0.000437968 447
0.000438616 456
0.000438778 467
0.000440965 470
0.000441082 492
0.000441901 496
0.000442018 501
0.000442666 526
0.000442729 528
0.000442774 529
0.000444358 533
0.000444574 558
0.000483833 563
0.000485399 566
0.000485489 594
0.000485534 598
0.00049421 603
0.000494399 612
0.000510176 617
0.000510311 625
0.000511058 629
0.000511517 635
0.000511787 661
0.000512417 671
0.000519896 673
0.000526448 681
0.000530157 688
0.000530427 692
0.000530724 697
0.000530832 705
0.00053391 708
0.000535836 718
0.000535881 735
0.000542343 750
0.000545232 751
0.000546762 766
0.000547707 783
0.00066011 784
0.000668525 799
0.000689739 801
0.000689793 804
0.000691791 805
0.000695301 806
0.000695382 808
0.000695904 809
2 809
