0 -2626
4.59e-07 -2506
1.1719e-05 -2487
1.1926e-05 -2428
1.2448e-05 -2367
0.000529824 -2287
0.000530076 -2256
0.000617809 -2170
0.000618817 -2164
0.000619573 -2122
0.000642074 -2057
0.00064256 -1953
0.000643181 -1873
0.00065228 -1871
0.000653288 -1868
0.000654836 -1826
0.000655871 -1808
0.0006629 -1778
0.000663341 -1744
0.000663611 -1706
0.000673107 -1654
0.000680577 -1637
0.000681054 -1533
0.000682278 -1507
0.000682773 -1504
0.000683862 -1431
0.000684024 -1421
0.000685698 -1355
0.000686454 -1324
0.000686715 -1295
0.000687165 -1272
0.000688812 -1250
0.000689532 -1215
0.000690684 -1179
0.000690792 -1084
0.000705246 -1070
0.000707721 -1065
0.00070809 -1002
0.000708198 -938
0.000708774 -888
0.000710583 -796
0.000711744 -768
0.000713553 -754
0.000714138 -720
0.000715498 -694
0.000717802 -688
0.000718648 -678
0.000727576 -677
0.000731959 -617
0.000733093 -563
0.000734164 -492
0.000762857 -481
0.000769103 -477
0.000772253 -468
0.000775385 -459
0.000777428 -435
0.000780191 -423
0.000783836 -403
0.000784322 -361
0.000784448 -335
0.000785006 -314
0.000788093 -296
0.000789002 -280
0.000789371 -269
0.000789839 -214
0.000792548 -187
0.000797228 -183
0.000797822 -160
0.000798668 -158
0.000799217 -148
0.000801566 -92
0.000801953 -89
0.000802619 -46
0.000802871 -11
0.000803168 2
0.000803753 6
0.000804797 17
0.000805265 31
0.00080882 42
0.000809576 44
0.000810621 68
0.000811611 73
0.000814302 108
0.000816417 111
0.000816534 121
0.00081828 128
0.000820026 143
0.000820269 154
0.000821826 265
0.000822447 266
0.000824148 288
0.00082638 309
0.000827865 336
0.000828495 372
0.000830394 408
0.000830664 436
0.000832014 445
0.000833409 475
0.000835092 479
0.000836316 496
0.000836973 499
0.000841527 510
0.000841905 512
0.000841986 518
0.000843345 523
0.000845478 576
0.000846468 591
0.000847152 619
0.000848619 625
0.000851481 654
0.000852273 657
0.000852444 691
0.000854343 703
0.000856071 704
0.000856467 707
0.000858547 708
0.000859429 717
0.000859501 731
0.000860041 736
0.000862021 753
0.000862111 765
0.000866737 782
0.000867061 820
0.00086779 822
0.000870274 832
0.000870904 845
0.000874135 861
0.000875341 864
0.00087922 869
0.000881911 871
0.000882001 880
0.0008839 892
0.000885367 905
0.000890218 923
0.000890398 929
0.000897301 940
0.000897706 944
0.000897886 972
0.000899731 983
0.000901909 993
0.000905672 1069
0.000906689 1075
0.000906833 1103
0.000909326 1106
0.000921638 1112
0.000922349 1116
0.00092495 1125
0.000925454 1134
0.000926471 1140
0.000930836 1143
0.000932276 1153
0.000934004 1170
0.000934895 1180
0.000935687 1196
0.000939053 1199
0.000939557 1205
0.000942518 1217
0.000943706 1220
0.000946244 1221
0.000946334 1223
0.000947477 1234
0.000950348 1243
0.000951815 1247
0.000957063 1248
0.000963642 1249
0.00096645 1252
0.000968826 1264
0.000969627 1265
0.000970671 1269
0.000975378 1271
0.00097617 1277
0.000979077 1292
0.000979455 1293
0.000985557 1306
0.000987375 1307
0.000987456 1311
0.000988707 1315
0.000989931 1322
0.000991371 1335
0.000991803 1337
0.000993342 1356
0.000995169 1360
0.0010202 1364
0.00102189 1372
0.00102519 1381
0.00102656 1383
0.00103089 1394
0.0010378 1396
0.00103822 1397
0.00104298 1403
0.0010456 1404
0.00105 1411
0.00105747 1422
0.00105755 1423
0.00105832 1448
0.00106004 1460
0.00106042 1463
0.00106052 1466
0.00106076 1474
0.00106143 1484
0.0010619 1502
0.00106825 1503
0.00108323 1509
0.00108472 1511
0.00108677 1514
0.00109236 1527
0.00109494 1530
0.00109787 1535
0.00110554 1541
0.00112614 1551
0.00112623 1555
0.00113152 1566
0.00114176 1579
0.00115055 1583
0.00115151 1590
0.00115311 1592
0.00115331 1593
0.00116004 1599
0.00116804 1604
0.00118497 1611
0.00118799 1617
0.00120799 1620
0.00121189 1621
0.00121614 1626
0.00122615 1634
0.00123441 1638
0.00123498 1643
0.0012388 1650
0.00124996 1660
0.00128431 1672
0.00128689 1685
0.00129846 1692
0.00130584 1703
0.00135275 1704
0.00135312 1708
0.00135912 1712
0.00137923 1717
0.00138786 1724
0.00140333 1728
0.00143767 1732
0.00144009 1737
0.00144592 1738
0.00144937 1742
0.00146936 1752
0.00147555 1755
0.00166804 1763
0.00178696 1785
0.0018272 1797
0.00184078 1799
0.00188727 1809
0.00195692 1814
0.00196593 1815
0.00205176 1830
0.00210484 1832
0.00217828 1833
0.00220343 1835
0.00242729 1838
0.00254933 1839
0.002718 1851
2 1851
