0 -1944
3.69e-07 -1887
0.000556644 -1862
0.000557058 -1821
0.000557589 -1796
0.000562647 -1774
0.000562782 -1676
0.000565113 -1659
0.00056847 -1591
0.000568731 -1502
0.000569199 -1490
0.000569613 -1423
0.000569829 -1344
0.00057108 -1287
0.000572232 -1248
0.000572826 -1223
0.000615622 -1180
0.000616045 -1146
0.000624649 -1112
0.000625081 -1093
0.000625999 -1083
0.000626557 -1063
0.000630049 -1056
0.000630391 -1039
0.000630472 -995
0.000630823 -938
0.000631345 -921
0.000631858 -877
0.000634882 -831
0.000651623 -826
0.000651821 -821
0.000654467 -804
0.000654755 -801
0.00065507 -789
0.00065588 -787
0.000656231 -698
0.000656627 -651
0.000656726 -632
0.000657959 -586
0.000658256 -580
0.000659048 -567
0.000659219 -566
0.000660182 -553
0.00066056 -535
0.000661964 -534
0.000664673 -531
0.000666392 -505
0.000667274 -478
0.000667364 -460
0.000668606 -409
0.000668804 -390
0.000669083 -374
0.000670001 -315
0.000670343 -314
0.000671171 -311
0.00067154 -214
0.000680072 -182
0.000682241 -173
0.000683304 -163
0.000688965 -131
0.000692142 -85
0.000695517 -69
0.000696003 -45
0.000696498 -27
0.000696939 -24
0.000697731 -3
0.000698532 5
0.000699594 74
0.000702141 106
0.000703248 115
0.00070359 130
0.000704769 176
0.000707334 182
0.000709296 188
0.00071403 198
0.000719457 203
0.000719637 229
0.000720375 237
0.000720582 240
0.000720807 301
0.000721014 307
0.000722436 313
0.00072258 412
0.000724623 441
0.000725847 447
0.000726045 454
0.000726891 460
0.000728232 463
0.000728907 492
0.000731248 494
0.000731581 501
0.000736054 507
0.000738439 513
0.000739411 574
0.000739852 575
0.000740437 592
0.000740905 593
0.000742399 597
0.000744577 600
0.000748717 617
0.000748879 632
0.000750166 642
0.000750706 659
0.000750787 690
0.000754324 709
0.000754405 715
0.000755422 721
0.000756493 732
0.000760111 753
0.000761164 754
0.000762415 770
0.000764161 791
0.000765016 792
0.000766573 804
0.000767311 805
0.0007675 839
0.000768238 844
0.000768499 864
0.000769309 869
0.000772216 899
0.000773071 900
0.000773674 913
0.000774331 923
0.000774682 924
0.00077686 939
0.000778598 972
0.000779192 979
0.000780542 994
0.000782207 996
0.00078281 1007
0.000784178 1012
0.000784988 1013
0.000785204 1016
0.000787508 1019
0.000790073 1025
0.000797444 1030
0.000797822 1033
0.00079865 1043
0.000800729 1067
0.000800828 1075
0.000803393 1081
0.000806066 1093
0.000808199 1099
0.000810656 1102
0.00081152 1103
0.000812294 1113
0.000812933 1126
0.00081341 1132
0.000813779 1136
0.000814076 1138
0.000814274 1153
0.000817847 1157
0.00081836 1161
0.000819116 1162
0.000819926 1171
0.000820313 1173
0.000820979 1175
0.000821285 1184
0.000823589 1185
0.000828486 1213
0.000828846 1231
0.000831951 1234
0.000833616 1236
0.000836019 1237
0.000855594 1240
0.00085626 1246
0.000861804 1247
0.000865062 1264
0.000865224 1273
0.000865296 1274
0.000866547 1282
0.000867951 1292
0.000869211 1316
0.000870705 1325
0.000870867 1328
0.000871713 1344
0.000877645 1364
0.000880921 1365
0.000882199 1366
0.000888562 1371
0.000899767 1372
0.000904186 1373
0.000908164 1393
0.000908596 1403
0.00091135 1406
0.000923069 1413
0.000924815 1422
0.000928172 1424
0.000929162 1436
0.000933941 1440
0.000936992 1450
0.000944327 1453
0.000945101 1469
0.00094799 1474
0.000949538 1484
0.000953273 1486
0.000967503 1488
0.000968925 1489
0.000974892 1490
0.000977601 1493
0.000983163 1496
0.000990795 1503
0.000990966 1504
0.000992721 1505
0.00101206 1517
0.00105046 1525
0.00105291 1533
0.00105354 1535
0.00105748 1544
0.00105868 1574
0.00106078 1590
0.00107442 1592
0.00107738 1596
0.00108685 1601
0.0010886 1603
0.00110203 1604
0.00110229 1608
0.00110334 1611
0.00110785 1612
0.00110851 1616
0.00111686 1619
0.0011356 1624
0.00115397 1629
0.00115665 1633
0.0011593 1642
0.00116466 1654
0.0011746 1661
0.00118771 1666
0.00120027 1688
0.00120303 1689
0.00128709 1696
0.00132934 1697
2 1697
