0 -698
4.68e-07 -658
0.000300775 -628
0.000301501 -616
0.000307856 -606
0.000308552 -515
0.000308641 -491
0.000418298 -471
0.000444136 -454
0.000444633 -410
0.00044517 -394
0.000450491 -368
0.000452251 -308
0.000456915 -307
0.000457025 -265
0.000458457 -228
0.000459451 -219
0.000463111 -195
0.000463499 -89
0.000474111 -84
0.00047421 -57
0.000482037 -40
0.000522345 5
0.000522673 19
0.00052692 22
0.000528461 39
0.000528919 43
0.000529088 54
0.000546373 63
0.000553165 124
0.000554767 141
0.000554946 171
0.000555035 181
0.000557004 206
0.000557074 209
0.000557352 211
0.000558476 225
0.000558695 231
0.000559341 269
0.0005596 281
0.000559739 286
0.000562961 316
0.000564831 323
0.000565607 338
0.000572399 359
0.000596805 374
0.000600316 381
0.000603578 394
0.000603966 401
0.000604751 425
0.000604831 439
0.000605448 445
0.000605955 467
0.000611474 469
0.000612747 479
0.000616019 492
0.000616179 497
0.000616914 508
0.000620246 509
0.000620624 527
0.000620773 530
0.000624314 531
0.000626323 534
0.000647576 537
0.000649077 538
0.00065409 539
0.000657123 566
0.000661688 577
0.000661966 584
0.00066491 594
0.000671375 599
0.000671942 601
0.000673205 611
0.000679033 617
0.000682961 621
0.000685417 626
2 626
