0 -103150
4.7e-08 -102361
1.6256e-05 -101625
3.1035e-05 -100897
4.4279e-05 -100178
6.6202e-05 -99463
8.4312e-05 -98750
0.000117616 -98051
0.000158017 -97364
0.000196422 -96681
0.000231401 -96018
0.000266163 -95363
0.000303816 -94708
0.000337533 -94055
0.00036838 -93403
0.000397193 -92753
0.000428746 -92106
0.000459668 -91460
0.000490815 -90816
0.000519883 -90176
0.000549092 -89536
0.000579176 -88901
0.000608497 -88271
0.000639353 -87642
0.000667969 -87014
0.000700331 -86387
0.000732034 -85760
0.000770204 -85133
0.000824442 -84506
0.000883924 -83886
0.000930358 -83271
0.000969931 -82657
0.00100397 -82044
0.00103725 -81431
0.00106998 -80819
0.00110045 -80210
0.00113285 -79606
0.00116452 -79004
0.00119459 -78403
0.00122439 -77804
0.00125344 -77205
0.00128382 -76607
0.00131383 -76010
0.0013457 -75415
0.00137643 -74826
0.00140744 -74239
0.00143944 -73653
0.00147239 -73067
0.00150324 -72483
0.00153378 -71902
0.00156534 -71322
0.0015969 -70743
0.00162916 -70166
0.00166104 -69591
0.0016918 -69020
0.00172599 -68452
0.00175787 -67884
0.00179426 -67316
0.00182786 -66752
0.00185812 -66188
0.00188848 -65628
0.0019183 -65069
0.00195144 -64510
0.00198526 -63952
0.00204476 -63396
0.00208048 -62842
0.00211252 -62289
0.00214487 -61736
0.0021772 -61183
0.00220963 -60631
0.00224131 -60085
0.00227193 -59539
0.00230423 -58998
0.00233708 -58460
0.00237115 -57924
0.00240579 -57389
0.00244474 -56854
0.00247895 -56322
0.00251382 -55791
0.00254883 -55262
0.00257941 -54734
0.00261328 -54210
0.00264691 -53688
0.00269534 -53166
0.00272889 -52646
0.00276321 -52129
0.00279737 -51612
0.00283102 -51096
0.00286324 -50581
0.00289772 -50068
0.00293064 -49556
0.00296502 -49044
0.00299736 -48534
0.00302976 -48026
0.00306084 -47518
0.00309363 -47012
0.00312686 -46506
0.00316059 -46001
0.00319152 -45501
0.00322382 -45005
0.0032568 -44513
0.00329301 -44022
0.00332463 -43532
0.00335709 -43042
0.00339054 -42553
0.00342248 -42064
0.00345371 -41579
0.00348879 -41096
0.00352723 -40616
0.00356399 -40137
0.00360418 -39660
0.00363774 -39185
0.00366974 -38713
0.00370542 -38242
0.0037417 -37772
0.00377295 -37303
0.00380611 -36834
0.00384038 -36366
0.003875 -35899
0.00390798 -35433
0.00394323 -34972
0.00397864 -34515
0.00401285 -34059
0.00404898 -33604
0.00408592 -33149
0.00412059 -32699
0.00415297 -32254
0.00419031 -31811
0.00422357 -31369
0.00426325 -30928
0.00429633 -30489
0.00433435 -30050
0.00437424 -29613
0.00441451 -29179
0.00445512 -28749
0.00449656 -28319
0.00453807 -27890
0.00459071 -27463
0.00464468 -27040
0.00468955 -26618
0.00473323 -26196
0.00477706 -25780
0.00482189 -25365
0.00486628 -24951
0.00490724 -24541
0.00494531 -24139
0.00498671 -23737
0.00502474 -23336
0.0050612 -22935
0.00509422 -22534
0.00512843 -22134
0.00516847 -21737
0.00521055 -21342
0.00525757 -20948
0.00530069 -20557
0.00533819 -20177
0.00538177 -19801
0.00542576 -19428
0.00546658 -19055
0.00551026 -18685
0.00555282 -18317
0.00559329 -17950
0.00564064 -17594
0.00568915 -17241
0.00573982 -16889
0.00579781 -16539
0.00584866 -16193
0.00590219 -15849
0.00595132 -15506
0.00602336 -15164
0.00608704 -14824
0.00614332 -14486
0.00622125 -14150
0.00630642 -13816
0.00638629 -13490
0.00647602 -13165
0.00655058 -12842
0.0066219 -12521
0.00668897 -12204
0.00676261 -11896
0.00683268 -11592
0.00690203 -11290
0.0069671 -10992
0.00703036 -10696
0.00709782 -10401
0.00716812 -10109
0.00723541 -9817
0.00730144 -9529
0.00736849 -9251
0.00743994 -8974
0.0075204 -8700
0.00760162 -8431
0.00768588 -8168
0.00777017 -7911
0.00785635 -7656
0.00794237 -7401
0.00802812 -7154
0.00813521 -6907
0.00823714 -6664
0.00833748 -6421
0.00844369 -6181
0.00855121 -5948
0.00866064 -5718
0.00877259 -5491
0.00888727 -5265
0.00900285 -5039
0.0091412 -4828
0.00928161 -4618
0.00941572 -4409
0.00954679 -4206
0.00967704 -4014
0.00980872 -3824
0.00993722 -3640
0.0101043 -3457
0.0102487 -3277
0.0103854 -3099
0.0105201 -2922
0.0106527 -2749
0.0107836 -2578
0.0109139 -2408
0.011041 -2239
0.0111656 -2079
0.0112871 -1932
0.0114072 -1786
0.0115257 -1642
0.0116694 -1505
0.0118027 -1371
0.0119395 -1243
0.0120674 -1117
0.0121904 -1007
0.012308 -899
0.0124179 -793
0.0125257 -699
0.0126295 -617
0.0127286 -535
0.0128233 -456
0.0129162 -380
0.0130065 -305
0.0130959 -237
0.0131845 -171
0.0132692 -105
0.0133515 -44
0.0134287 8
0.0135031 60
0.0135749 103
0.0136447 142
0.0137119 174
0.0138041 204
0.0138905 232
0.0139671 252
0.0140586 260
0.0141404 267
0.0142096 289
0.0142737 293
0.0149671 294
0.0150313 297
0.0150956 300
0.0151657 310
0.0152267 314
0.0152863 316
0.0153505 317
0.0161391 320
0.0164744 335
0.0166013 345
0.0167902 348
0.0172655 349
0.0173358 353
0.0179207 359
0.01808 360
0.018149 362
0.0182888 365
0.0228216 372
0.022894 374
0.0230322 375
0.0308541 383
0.032407 392
0.0399791 399
0.0401387 400
0.040222 405
0.0402923 406
2 406
