0 -22345
4.7e-08 -21922
3.6441e-05 -21543
6.2692e-05 -21185
8.7379e-05 -20836
0.000149205 -20488
0.000201199 -20143
0.000242551 -19799
0.00028199 -19458
0.000345437 -19117
0.000426351 -18782
0.000494793 -18457
0.000554894 -18133
0.000610791 -17813
0.000656479 -17503
0.000699707 -17204
0.000741078 -16908
0.000783288 -16615
0.000824197 -16325
0.000858583 -16037
0.000901302 -15762
0.000944832 -15487
0.000982178 -15215
0.00106768 -14944
0.00115753 -14675
0.00124046 -14409
0.00131895 -14147
0.00138874 -13895
0.00144656 -13650
0.00149749 -13408
0.00153999 -13171
0.00158243 -12935
0.00161921 -12699
0.00165202 -12465
0.00168946 -12232
0.00172436 -12003
0.0017602 -11780
0.00180035 -11558
0.00183547 -11342
0.0018707 -11126
0.0019038 -10911
0.00193646 -10696
0.00196284 -10483
0.00199005 -10275
0.00202245 -10071
0.00205644 -9868
0.00209582 -9665
0.00213302 -9464
0.00219566 -9265
0.00223078 -9067
0.00226777 -8871
0.00230138 -8676
0.00233645 -8482
0.00237349 -8290
0.00241244 -8099
0.00244367 -7914
0.00247966 -7729
0.00251641 -7549
0.0025541 -7374
0.00259264 -7202
0.00262778 -7031
0.00266256 -6860
0.00269302 -6690
0.00272783 -6522
0.00276404 -6356
0.00279397 -6191
0.00282085 -6026
0.00284923 -5863
0.00287419 -5701
0.00291479 -5543
0.0029438 -5385
0.00297758 -5228
0.00301053 -5072
0.00304372 -4918
0.00307189 -4765
0.00310843 -4614
0.00313525 -4467
0.0031643 -4325
0.00319338 -4183
0.00322508 -4042
0.00325222 -3902
0.00328581 -3767
0.0033159 -3633
0.00334286 -3501
0.00337059 -3370
0.00339482 -3240
0.00342318 -3112
0.00345509 -2985
0.00348388 -2858
0.00350837 -2742
0.00353666 -2626
0.00357019 -2510
0.00360075 -2400
0.00363467 -2291
0.00366977 -2183
0.0036976 -2077
0.00372238 -1975
0.00375456 -1876
0.00378668 -1777
0.0038204 -1679
0.00384861 -1582
0.00387465 -1486
0.00390432 -1391
0.00393609 -1302
0.00396227 -1216
0.00399521 -1130
0.00403161 -1046
0.00406652 -963
0.00409893 -882
0.00412677 -802
0.00415215 -722
0.00418324 -644
0.00421171 -566
0.00424448 -491
0.00427376 -418
0.00430756 -345
0.00434161 -275
0.00437584 -210
0.00440476 -151
0.00443363 -92
0.00446622 -33
0.00449137 24
0.00452166 78
0.00456291 130
0.00458667 178
0.00461086 225
0.00463945 270
0.00466633 314
0.00469369 356
0.00472581 397
0.00475072 437
0.00477952 477
0.00480968 514
0.0048372 548
0.00486886 582
0.0048991 616
0.00492785 649
0.00495566 680
0.0049852 710
0.00501711 739
0.00504941 767
0.00508011 794
0.00510781 819
0.00514487 842
0.00519018 863
0.00523473 884
0.00526816 905
0.00529819 924
0.00533109 943
0.00536037 961
0.00539011 978
0.00542198 995
0.00545573 1012
0.00548367 1028
0.00551121 1040
0.00553994 1060
0.0055654 1072
0.00560118 1084
0.00563146 1095
0.00566041 1111
0.00569183 1122
0.00572311 1133
0.00575223 1143
0.00577874 1153
0.00580819 1163
0.00583602 1181
0.00588315 1191
0.0059319 1198
0.00598809 1214
0.006034 1222
0.00607365 1228
0.00610497 1242
0.00615075 1253
0.00618282 1265
0.00621184 1276
0.00624088 1283
0.00626802 1295
0.00629888 1301
0.00632815 1308
0.00636158 1313
0.00638903 1320
0.00643228 1323
0.006483 1330
0.00652628 1342
0.00656175 1354
0.00659604 1356
0.00662322 1360
0.00665275 1361
0.00674427 1368
0.00680837 1372
0.0068393 1375
0.00686399 1376
0.00689023 1380
0.0069176 1385
0.00694808 1390
0.00697862 1394
0.00701233 1396
0.00704324 1403
0.00707467 1406
0.00709994 1412
0.00712519 1419
0.0071525 1432
0.00718066 1433
0.00726195 1442
0.00729484 1443
0.00732427 1445
0.00735106 1468
0.00738087 1474
0.00748216 1486
0.00751435 1487
0.00774542 1489
0.00777186 1490
0.0078478 1492
0.00787448 1502
0.00790615 1503
0.00799271 1508
0.00808463 1512
0.00811593 1514
0.00814887 1518
0.00818371 1519
0.00821754 1522
0.008285 1526
0.00836143 1530
0.00839077 1534
0.00858712 1535
0.00862006 1537
0.00865101 1539
0.00909404 1540
0.00912557 1542
0.00918493 1547
0.00924536 1552
0.011081 1554
0.0111122 1557
0.0111469 1559
0.0111753 1560
0.0123452 1564
0.0123755 1567
0.0151474 1570
0.0152354 1575
0.015278 1578
2 1578
