0 -10159
5.6e-08 -9845
1.7278e-05 -9546
3.0276e-05 -9262
4.155e-05 -9004
5.7169e-05 -8756
8.9369e-05 -8517
0.000120314 -8285
0.00014633 -8060
0.000170367 -7846
0.000187824 -7634
0.00020317 -7426
0.000215593 -7222
0.000231146 -7019
0.000243607 -6818
0.000258633 -6618
0.000273017 -6420
0.000286741 -6225
0.000301502 -6038
0.000315085 -5855
0.000328065 -5673
0.00034309 -5492
0.000356061 -5311
0.000368201 -5145
0.00038055 -4980
0.00039221 -4821
0.000407169 -4662
0.000419564 -4503
0.00043097 -4351
0.000444308 -4201
0.000459172 -4052
0.000472755 -3903
0.000486037 -3759
0.000498196 -3626
0.000513269 -3495
0.000530801 -3365
0.000545638 -3236
0.000558335 -3107
0.000570202 -2979
0.000584888 -2852
0.000598207 -2727
0.000611837 -2606
0.000626448 -2486
0.00068553 -2368
0.000715543 -2251
0.000731709 -2136
0.000746281 -2023
0.000758026 -1913
0.000769979 -1807
0.000783486 -1703
0.000798511 -1601
0.000811472 -1502
0.000823604 -1406
0.000836046 -1311
0.00084944 -1217
0.00086341 -1123
0.000876088 -1032
0.000888794 -943
0.000900954 -854
0.000912473 -770
0.00092335 -693
0.000937819 -617
0.00094865 -544
0.000960414 -476
0.000972884 -409
0.000990473 -343
0.00100538 -279
0.0010178 -216
0.00103014 -156
0.00104297 -98
0.00105563 -41
0.00106862 13
0.00108074 63
0.00109804 110
0.001126 155
0.00114142 197
0.00115357 238
0.00116499 279
0.00117552 319
0.00118631 359
0.0011977 399
0.00121 439
0.00122004 477
0.00123149 509
0.0012447 540
0.00125577 569
0.00126765 598
0.00127945 622
0.00129156 645
0.00130245 665
0.0013141 684
0.00132705 702
0.0013386 718
0.00134708 734
0.00135525 749
0.00136643 763
0.00137849 776
0.00138934 789
0.00140027 804
0.00140987 815
0.00142128 826
0.00143306 836
0.00144323 845
0.00145361 858
0.00146427 867
0.00147423 884
0.00148589 892
0.00149649 906
0.00150814 914
0.00151928 922
0.00152746 928
0.00153889 934
0.00154923 936
0.00155983 938
0.00156977 940
0.00158067 941
0.00159151 942
0.00160236 943
0.0016129 949
0.00162212 952
0.00163348 953
0.00164432 958
0.00165547 959
0.00166512 967
0.00167761 974
0.00170013 981
0.00171169 992
0.00172283 998
0.00173465 999
0.00174877 1014
0.0017861 1019
0.00179784 1025
0.00181009 1028
0.00182042 1029
0.00184975 1038
0.00185994 1039
0.00187858 1049
0.00202812 1050
0.00206079 1051
0.00208305 1054
0.00208919 1058
0.00209994 1061
0.00215359 1064
0.00216872 1067
0.00217482 1070
0.00226124 1072
0.00226662 1073
0.00231203 1076
0.00232031 1079
0.00232802 1084
0.00233845 1085
0.00234056 1089
0.0023497 1090
0.00236016 1095
0.00237243 1098
0.00240227 1099
0.00264332 1102
0.00267762 1105
0.00269585 1109
0.00270595 1114
0.00287445 1117
0.00287935 1122
0.00296182 1124
0.00296497 1130
0.00354102 1132
0.00356056 1133
2 1133
