0 -32211
4.7e-08 -31805
1.0943e-05 -31448
2.0125e-05 -31096
2.8356e-05 -30745
5.093e-05 -30404
7.9135e-05 -30066
9.8789e-05 -29735
0.000117427 -29405
0.000135546 -29075
0.000150868 -28745
0.000165428 -28428
0.000180148 -28113
0.000194246 -27802
0.000208306 -27494
0.000222997 -27188
0.000238169 -26885
0.00025367 -26586
0.000269416 -26289
0.000283241 -25996
0.00029813 -25704
0.000312963 -25415
0.000328624 -25126
0.000343768 -24840
0.000358657 -24554
0.000373499 -24270
0.00038819 -23987
0.00040452 -23705
0.000419899 -23423
0.000435184 -23143
0.000449141 -22864
0.000463728 -22588
0.00047874 -22314
0.000494288 -22040
0.000510034 -21767
0.0005245 -21496
0.000539276 -21231
0.00055521 -20967
0.000571945 -20704
0.000586495 -20443
0.000602468 -20182
0.000618732 -19922
0.000634158 -19663
0.000649452 -19406
0.000664444 -19149
0.000679673 -18894
0.000696285 -18641
0.000713915 -18391
0.000731356 -18142
0.000748769 -17896
0.000764835 -17653
0.000781015 -17412
0.000798804 -17172
0.00081586 -16933
0.000832284 -16694
0.000847069 -16462
0.000864209 -16230
0.00088166 -15999
0.00089945 -15769
0.000916241 -15541
0.000934633 -15314
0.000951783 -15088
0.00096799 -14864
0.00098417 -14640
0.00100174 -14418
0.00101759 -14196
0.0010355 -13979
0.00105069 -13762
0.00106771 -13548
0.00108471 -13335
0.00110104 -13124
0.00111795 -12914
0.0011361 -12705
0.00115195 -12498
0.00116854 -12294
0.00118656 -12091
0.00120326 -11888
0.00121915 -11689
0.00123713 -11491
0.00125548 -11294
0.00127271 -11101
0.00129168 -10910
0.00131139 -10719
0.00132802 -10530
0.00134512 -10342
0.00136548 -10158
0.00138531 -9974
0.00142948 -9790
0.00146799 -9607
0.00149375 -9424
0.00151455 -9244
0.00153142 -9066
0.00155163 -8889
0.00157064 -8712
0.00159036 -8537
0.00160987 -8363
0.00165465 -8192
0.0016864 -8021
0.00170402 -7853
0.00172295 -7686
0.00174318 -7522
0.0017631 -7360
0.00178262 -7199
0.00180383 -7038
0.00182395 -6879
0.00184418 -6720
0.00186811 -6563
0.00189075 -6410
0.00191421 -6257
0.00193685 -6106
0.00196264 -5956
0.00198632 -5807
0.00201074 -5659
0.00203705 -5512
0.00206154 -5366
0.0020835 -5222
0.00210332 -5079
0.00212499 -4938
0.00215635 -4798
0.00218538 -4659
0.00221144 -4521
0.00223713 -4383
0.002259 -4248
0.00228386 -4113
0.00230641 -3979
0.00233032 -3849
0.00235508 -3725
0.00238213 -3601
0.00240669 -3479
0.00243696 -3358
0.00246437 -3240
0.00248833 -3122
0.00251255 -3006
0.00254032 -2891
0.00257105 -2777
0.00259959 -2663
0.00263049 -2556
0.00265877 -2451
0.00269147 -2346
0.0027242 -2243
0.00275706 -2140
0.00279204 -2041
0.00282577 -1950
0.00285414 -1860
0.00288841 -1770
0.00292378 -1681
0.00296098 -1596
0.00299563 -1513
0.00303174 -1431
0.00307465 -1353
0.00311428 -1277
0.0031481 -1202
0.00318646 -1130
0.00322803 -1059
0.00330745 -988
0.00335749 -918
0.00340113 -848
0.00344645 -780
0.0034928 -716
0.00353529 -655
0.00358077 -595
0.00362409 -536
0.00366804 -477
0.00371125 -423
0.00375142 -375
0.00378932 -330
0.00382739 -286
0.00386493 -242
0.00390456 -203
0.00394645 -164
0.00398418 -128
0.00402334 -93
0.00406242 -60
0.00409758 -29
0.00413316 1
0.00416866 27
0.00420305 52
0.0042336 76
0.00426423 95
0.00429225 114
0.00431987 132
0.00434713 149
0.00437424 166
0.00440199 182
0.00442924 195
0.00445517 211
0.00448405 230
0.00451301 244
0.00453896 258
0.00457973 280
0.00462966 293
0.00466271 304
0.00469128 319
0.00472065 333
0.00475006 355
0.00478135 375
0.00480873 387
0.0048362 398
0.00486337 408
0.0048941 417
0.00492043 430
0.0049515 438
0.00497859 453
0.00500516 465
0.00503474 475
0.0050605 480
0.00508976 489
0.0051185 499
0.00514371 508
0.00519774 516
0.00523785 523
0.00527083 529
0.00530529 535
0.00533388 543
0.00536324 554
0.00539369 561
0.00542273 567
0.00545189 572
0.00547835 586
0.00550563 597
0.00553358 600
0.00555898 603
0.00558897 605
0.00561665 608
0.00564426 609
0.00567282 621
0.00584211 623
0.00587066 626
0.00590175 628
0.00592869 633
0.00601942 636
0.00605201 643
0.0061441 648
0.00623766 652
0.0062685 667
0.00721208 668
0.00742055 677
0.00822993 680
0.00845255 681
0.00848318 683
0.0085109 684
0.00856874 693
0.00859705 697
0.00970042 700
0.00973483 701
0.00979563 702
0.0132662 703
0.0132946 704
0.0134833 705
2 705
