0 -27636
3.8e-08 -27392
8.777e-06 -27153
1.6763e-05 -26922
2.328e-05 -26693
3.8386e-05 -26466
5.7466e-05 -26239
7.6047e-05 -26021
9.7227e-05 -25804
0.000116561 -25589
0.000133465 -25378
0.000150021 -25170
0.0001667 -24963
0.00018384 -24760
0.00020081 -24558
0.000217178 -24358
0.000233951 -24158
0.000250883 -23958
0.00026743 -23759
0.000283873 -23561
0.000300278 -23364
0.000316542 -23171
0.00033274 -22979
0.00034972 -22787
0.00036654 -22596
0.00038319 -22405
0.000399765 -22214
0.000416547 -22024
0.000433141 -21835
0.000449612 -21646
0.000466394 -21458
0.000483581 -21270
0.00050074 -21082
0.000517682 -20894
0.000534539 -20707
0.000551378 -20521
0.00056832 -20337
0.000584933 -20154
0.000601856 -19972
0.000618572 -19791
0.000635656 -19610
0.000653191 -19429
0.000670369 -19249
0.000686953 -19069
0.000703848 -18890
0.000720536 -18712
0.000737064 -18534
0.000754015 -18356
0.000770967 -18179
0.00078821 -18002
0.00080486 -17826
0.000822076 -17651
0.000838707 -17476
0.000855546 -17302
0.000872478 -17129
0.000889628 -16956
0.000909433 -16783
0.000928616 -16610
0.0009457 -16438
0.000963875 -16266
0.000982701 -16094
0.00100034 -15925
0.00101828 -15756
0.00103578 -15587
0.00105322 -15419
0.00107164 -15251
0.00108917 -15084
0.00110686 -14918
0.00112448 -14753
0.00114192 -14588
0.00115898 -14426
0.00117597 -14264
0.00119281 -14103
0.00121035 -13942
0.00122974 -13781
0.00124753 -13621
0.00126727 -13461
0.00128823 -13301
0.00130673 -13142
0.00132658 -12984
0.00134532 -12826
0.00136449 -12669
0.0013828 -12512
0.00140133 -12356
0.00143087 -12200
0.00146037 -12046
0.00148491 -11892
0.00150512 -11738
0.00152461 -11585
0.00154297 -11432
0.00156045 -11280
0.00157714 -11128
0.00159415 -10977
0.00161142 -10827
0.00163025 -10678
0.00165065 -10530
0.0016687 -10382
0.0016871 -10235
0.00170618 -10088
0.00172462 -9941
0.0017429 -9794
0.00176072 -9647
0.00177783 -9500
0.00179579 -9354
0.00181424 -9208
0.00183313 -9063
0.00185854 -8918
0.00187899 -8775
0.00189885 -8632
0.00191759 -8491
0.00193665 -8351
0.00195809 -8211
0.00197786 -8071
0.00199609 -7932
0.00201605 -7793
0.00204326 -7655
0.00206479 -7518
0.00208701 -7381
0.00210945 -7244
0.00213248 -7108
0.00215561 -6972
0.0021775 -6839
0.00219776 -6706
0.00222018 -6573
0.00224474 -6440
0.00228756 -6309
0.00230997 -6179
0.0023322 -6049
0.00235239 -5924
0.00237754 -5799
0.00239675 -5676
0.00241934 -5554
0.00244252 -5434
0.0024708 -5314
0.0024943 -5194
0.00251767 -5075
0.00254252 -4956
0.00256859 -4839
0.00259098 -4722
0.00261411 -4605
0.00263577 -4490
0.00266266 -4375
0.00268818 -4260
0.00271358 -4145
0.00273787 -4031
0.00276157 -3919
0.00278686 -3808
0.00281116 -3699
0.00283521 -3590
0.00285962 -3483
0.00288621 -3377
0.00291363 -3273
0.00293836 -3169
0.00296611 -3067
0.0029904 -2966
0.00301378 -2865
0.00304352 -2765
0.00306871 -2665
0.0030981 -2567
0.00312706 -2472
0.00315653 -2378
0.00319193 -2286
0.00321884 -2197
0.00325603 -2108
0.00329471 -2020
0.00334298 -1932
0.0033826 -1845
0.00341631 -1759
0.00345072 -1673
0.0034841 -1591
0.0035386 -1511
0.00358538 -1431
0.00362429 -1354
0.0036628 -1279
0.00370976 -1205
0.0037516 -1135
0.00380082 -1066
0.00384887 -998
0.00390139 -933
0.00395053 -870
0.00399056 -807
0.00404266 -746
0.00409884 -688
0.00415888 -631
0.00421865 -574
0.00428441 -521
0.00435304 -468
0.00442417 -416
0.0045018 -366
0.00458263 -318
0.00466503 -270
0.0047498 -225
0.0048409 -187
0.00493756 -151
0.00503395 -117
0.00512233 -87
0.00523906 -60
0.00533784 -35
0.00542994 -11
0.00551615 9
0.00559554 29
0.00567443 49
0.00575248 68
0.00583298 83
0.00591085 96
0.00598787 112
0.00606028 125
0.00612843 137
0.00620147 153
0.00627365 164
0.00633982 180
0.00641222 189
0.00648056 197
0.00655229 209
0.00662255 223
0.00668973 234
0.00675493 243
0.00681919 253
0.00688781 265
0.0069718 278
0.00704127 287
0.00712424 296
0.00720947 306
0.00728553 314
0.00736085 328
0.00743045 333
0.00750273 338
0.00757658 344
0.00764918 349
0.00774069 354
0.00782653 362
0.0079082 366
0.00798519 373
0.0080641 384
0.0081383 391
0.00821396 401
0.00828575 405
0.00918806 408
0.00977489 413
0.0098571 415
0.00994317 416
0.0101949 419
0.0114279 421
0.0115888 422
0.0121102 424
2 424
