0 -59212
5.6e-08 -58809
1.6791e-05 -58424
3.2085e-05 -58042
5.0742e-05 -57661
8.3533e-05 -57290
0.000111871 -56928
0.000137411 -56568
0.000179376 -56209
0.000220078 -55851
0.000254565 -55493
0.00028602 -55142
0.000315327 -54791
0.000344879 -54444
0.000374366 -54099
0.000403541 -53756
0.000433536 -53414
0.000462693 -53073
0.000490936 -52738
0.000519603 -52404
0.000547771 -52070
0.000576739 -51737
0.00060519 -51405
0.000634139 -51076
0.000662994 -50750
0.000692377 -50425
0.00072128 -50101
0.000754561 -49777
0.000783548 -49454
0.0008136 -49131
0.000865707 -48810
0.000912625 -48490
0.000953742 -48170
0.000993748 -47852
0.00102776 -47535
0.00105764 -47220
0.00108609 -46905
0.00111503 -46592
0.00114466 -46280
0.0011739 -45968
0.00120325 -45656
0.00123226 -45344
0.00126159 -45034
0.00129122 -44724
0.00132161 -44415
0.00135198 -44106
0.00138101 -43798
0.00141079 -43492
0.00144266 -43186
0.00147462 -42881
0.00150439 -42576
0.00153426 -42272
0.00156252 -41968
0.00159169 -41664
0.00162156 -41366
0.00165233 -41068
0.00168345 -40771
0.0017169 -40474
0.00174611 -40182
0.00177632 -39890
0.00180721 -39598
0.00183806 -39306
0.00186709 -39015
0.00189708 -38725
0.00192768 -38435
0.00195688 -38146
0.00198572 -37857
0.00201519 -37568
0.00204528 -37280
0.00207527 -36992
0.00210579 -36705
0.00213515 -36418
0.00216402 -36132
0.00219276 -35846
0.00222225 -35561
0.00225201 -35278
0.00228253 -34996
0.00231203 -34714
0.00234209 -34433
0.00237212 -34154
0.00240544 -33876
0.00243722 -33598
0.00246757 -33323
0.00249861 -33048
0.00252856 -32774
0.00255808 -32504
0.00258751 -32234
0.00261816 -31965
0.00265284 -31697
0.00268448 -31430
0.00272901 -31164
0.00276664 -30898
0.00280025 -30633
0.00283024 -30369
0.00286077 -30107
0.00289155 -29845
0.00292241 -29583
0.0029525 -29322
0.00298233 -29061
0.00301318 -28800
0.00304334 -28540
0.00307438 -28281
0.00310669 -28022
0.00313877 -27763
0.00316725 -27505
0.00319743 -27247
0.00322767 -26991
0.00325981 -26736
0.0032948 -26482
0.00332651 -26228
0.0033582 -25975
0.0033899 -25724
0.00342149 -25474
0.00345136 -25226
0.00348301 -24979
0.00352985 -24734
0.00359144 -24489
0.00363403 -24246
0.00366672 -24003
0.0037007 -23761
0.00375017 -23520
0.00378656 -23280
0.00381929 -23041
0.00385145 -22802
0.00388276 -22563
0.00391539 -22327
0.00394951 -22092
0.00398147 -21859
0.00401484 -21626
0.00405551 -21394
0.00408904 -21163
0.00412167 -20932
0.00415275 -20702
0.00418515 -20473
0.00421515 -20245
0.0042503 -20020
0.00428849 -19795
0.00433226 -19571
0.0043728 -19347
0.00440868 -19125
0.0044406 -18907
0.00447506 -18689
0.00450815 -18472
0.00454436 -18255
0.00457768 -18039
0.0046249 -17825
0.00466024 -17611
0.00469651 -17398
0.00472951 -17185
0.00476509 -16973
0.00480174 -16764
0.00483593 -16556
0.00487578 -16348
0.00491289 -16140
0.00494638 -15934
0.00498327 -15728
0.0050186 -15524
0.0050563 -15321
0.00508717 -15118
0.00512025 -14915
0.00515815 -14713
0.00519231 -14511
0.00522745 -14310
0.00526104 -14110
0.00529472 -13911
0.00532916 -13713
0.00536485 -13516
0.00540226 -13319
0.00543786 -13122
0.00547472 -12926
0.00551259 -12734
0.00555178 -12542
0.00558977 -12352
0.00563003 -12162
0.00566685 -11973
0.00570668 -11785
0.00574239 -11597
0.00577912 -11411
0.00582066 -11228
0.00585795 -11046
0.00589282 -10865
0.00593274 -10685
0.00597807 -10505
0.00602291 -10325
0.00606913 -10146
0.00611066 -9967
0.00615053 -9788
0.00621294 -9613
0.0062782 -9440
0.00634955 -9269
0.00641238 -9099
0.00646655 -8929
0.00652015 -8761
0.00656922 -8594
0.00661128 -8429
0.00665064 -8264
0.00669064 -8100
0.00673044 -7936
0.00677668 -7774
0.0068255 -7613
0.00687657 -7453
0.0069266 -7293
0.00697722 -7138
0.00702879 -6983
0.00708088 -6829
0.00712822 -6676
0.00718225 -6525
0.00723515 -6376
0.00728816 -6227
0.00734203 -6078
0.00739608 -5930
0.00745467 -5784
0.0075203 -5639
0.00758015 -5498
0.00764214 -5359
0.00769928 -5220
0.00775555 -5082
0.00781572 -4945
0.00787543 -4812
0.00793632 -4681
0.008 -4551
0.00806746 -4421
0.00815335 -4292
0.00826341 -4164
0.00837108 -4038
0.00847704 -3916
0.00857669 -3799
0.00867005 -3683
0.00875981 -3567
0.00884774 -3452
0.00893813 -3341
0.00902971 -3230
0.00912638 -3121
0.00922454 -3013
0.00932875 -2908
0.00943076 -2804
0.00953118 -2700
0.00963446 -2600
0.00974187 -2500
0.00984925 -2401
0.00995764 -2303
0.0100768 -2208
0.0101905 -2114
0.0103052 -2022
0.0104208 -1934
0.0105386 -1848
0.010655 -1762
0.0107717 -1680
0.0108892 -1598
0.0110075 -1517
0.0111253 -1441
0.011245 -1366
0.0113676 -1292
0.0114905 -1219
0.0116462 -1149
0.0117854 -1080
0.0119313 -1013
0.0120794 -947
0.0122129 -883
0.0123414 -823
0.0124685 -764
0.0126008 -705
0.0127236 -649
0.0128419 -593
0.0129577 -538
0.0130693 -484
0.0131788 -433
0.0132878 -383
0.0133949 -337
0.0135002 -292
0.0136027 -250
0.0137035 -208
0.0138115 -171
0.0139147 -141
0.0140119 -111
0.0141024 -83
0.0141899 -55
0.0142738 -28
0.0143567 -2
0.0144367 22
0.0145133 46
0.0145881 68
0.0146604 87
0.0147344 106
0.0148066 128
0.0148809 145
0.0149529 161
0.0150294 181
0.0151059 199
0.0151811 212
0.015253 228
0.0153449 242
0.0154447 258
0.0155462 272
0.0156302 282
0.0157173 290
0.0157951 298
0.0158666 305
0.0159371 317
0.0160033 327
0.0160687 338
0.0161395 348
0.0162061 357
0.0162782 364
0.0163513 372
0.0164207 381
0.0164915 389
0.0165633 395
0.016635 404
0.0167019 413
0.0167732 419
0.0168472 424
0.0169182 432
0.016992 437
0.0170674 441
0.0171435 457
0.0172193 469
0.0172952 480
0.0173757 489
0.0174513 496
0.0175299 508
0.0176218 517
0.017708 523
0.0177864 528
0.0178576 533
0.0179319 538
0.018007 543
0.0180839 544
0.0181601 548
0.0182358 553
0.0183119 555
0.0184586 558
0.0185352 566
0.0186126 567
0.0186891 571
0.0187638 574
0.0188543 576
0.0189392 577
0.0190155 586
0.0190909 591
0.0191717 595
0.0192536 601
0.0193321 602
0.0194094 605
0.0195128 606
0.0196114 607
0.0197025 611
0.0197912 613
0.0198761 621
0.0199583 623
0.0200414 628
0.0201248 641
0.0202054 643
0.0202837 651
0.0208397 652
0.0209221 653
0.0210033 654
0.0212991 659
0.0213845 660
0.0214847 661
0.0215858 662
0.0217613 664
0.0218418 666
0.0222023 668
0.0222765 670
0.0223562 671
0.0224326 672
0.02251 676
0.0226617 677
0.0227349 680
0.0236401 684
0.0237224 685
0.0238015 693
0.0238768 694
0.0239489 698
0.0244636 703
0.0245371 705
0.0246095 706
0.0246827 707
0.0247585 710
0.0248316 712
0.0249826 715
0.0281314 716
0.0286952 717
0.0287647 720
0.0288368 726
0.0290661 727
0.029788 728
0.029867 729
0.0314362 730
0.031518 736
2 736
