0 -9282
5.7e-08 -9030
2.0162e-05 -8792
3.4146e-05 -8556
5.4007e-05 -8322
6.882e-05 -8101
0.000107279 -7886
0.000139146 -7685
0.000160824 -7488
0.000182586 -7291
0.000201279 -7098
0.000216921 -6910
0.00023228 -6727
0.000246885 -6548
0.000265672 -6380
0.000281493 -6213
0.000298029 -6050
0.000315601 -5890
0.000331205 -5731
0.000346112 -5574
0.000359833 -5419
0.000375625 -5267
0.000391888 -5119
0.000405044 -4973
0.000419141 -4828
0.000434029 -4686
0.000448748 -4544
0.000461875 -4406
0.000477988 -4270
0.000492029 -4139
0.000510128 -4010
0.000523208 -3884
0.000537626 -3759
0.000552043 -3639
0.000566451 -3522
0.000580049 -3407
0.000595823 -3295
0.000613056 -3184
0.000630195 -3073
0.000647221 -2965
0.000661054 -2860
0.000675396 -2756
0.000690322 -2653
0.00070408 -2555
0.000717339 -2458
0.000730702 -2366
0.000743698 -2276
0.000758407 -2187
0.000772184 -2098
0.000784991 -2009
0.000797327 -1922
0.000809231 -1836
0.000824411 -1750
0.000838847 -1669
0.00085301 -1589
0.000865977 -1509
0.000878992 -1430
0.000891337 -1352
0.000904512 -1278
0.000915388 -1206
0.000925738 -1139
0.00093911 -1074
0.000951559 -1010
0.000963726 -949
0.00097707 -890
0.000992476 -831
0.00100673 -773
0.00102234 -715
0.00103608 -659
0.00104801 -606
0.00106055 -553
0.0010714 -503
0.00108368 -453
0.00109525 -406
0.00110879 -360
0.00112075 -315
0.00113216 -271
0.00114298 -228
0.00115697 -188
0.00116866 -152
0.00118089 -117
0.00119226 -82
0.00120522 -47
0.0012208 -12
0.00123223 20
0.00124368 50
0.00125635 80
0.00126822 110
0.00127863 139
0.00128975 168
0.0013038 196
0.00131595 224
0.00132628 251
0.00133694 278
0.00134768 304
0.00135715 330
0.00136835 354
0.00137804 378
0.00139041 400
0.00140065 421
0.00140916 444
0.00141888 465
0.00142985 486
0.00144121 507
0.00145238 527
0.00148656 551
0.00150855 570
0.00152391 588
0.00153821 606
0.00155089 623
0.00156266 639
0.00157435 655
0.00158479 671
0.00159607 687
0.00160564 703
0.0016183 719
0.00163031 734
0.00164313 749
0.00165629 764
0.00166795 782
0.00167937 799
0.00169024 815
0.00169974 829
0.00171167 848
0.00172243 865
0.00173362 882
0.00174634 899
0.00175869 914
0.00177092 931
0.00178633 946
0.00179737 965
0.0018138 979
0.00183084 992
0.00184486 1013
0.00186213 1025
0.00186526 1037
0.00186905 1045
0.00187476 1052
0.0018824 1068
0.00189232 1075
0.00189557 1082
0.00190129 1093
0.00190783 1102
0.00191044 1107
0.001915 1118
0.00192403 1122
0.00192656 1124
0.00193083 1135
0.00194021 1143
0.00194405 1144
0.00195023 1147
0.00197136 1163
0.00198678 1164
0.00199329 1175
0.00200167 1180
0.0020047 1189
0.00201027 1194
0.00203406 1195
0.00204517 1196
0.00204768 1201
0.00205757 1202
0.00220387 1204
0.00268077 1207
0.00270382 1208
0.00270798 1211
0.00306631 1212
0.00306985 1213
0.00352736 1218
0.00387236 1221
0.00387652 1224
0.00392231 1225
0.00404138 1227
2 1227
