0 -6533
5.6e-08 -6310
1.5961e-05 -6089
3.8185e-05 -5876
5.3413e-05 -5674
8.1268e-05 -5473
0.00011273 -5286
0.000143816 -5112
0.000161991 -4948
0.000177387 -4787
0.000193848 -4628
0.000209151 -4470
0.000224943 -4319
0.000238042 -4171
0.000252036 -4026
0.00026377 -3884
0.000275616 -3748
0.000286898 -3615
0.000298904 -3482
0.000315318 -3352
0.000328671 -3225
0.000340565 -3100
0.000355698 -2976
0.000372197 -2852
0.000385993 -2732
0.000398706 -2613
0.000412125 -2494
0.000424659 -2382
0.000437419 -2275
0.0004479 -2171
0.000463137 -2071
0.000477978 -1978
0.000489975 -1887
0.000508461 -1798
0.000526494 -1711
0.000542183 -1629
0.000552287 -1549
0.000565217 -1470
0.000575651 -1392
0.000587309 -1319
0.000599259 -1246
0.000608827 -1174
0.000622943 -1102
0.000637417 -1031
0.000650055 -961
0.000663097 -894
0.00067468 -830
0.000689116 -769
0.000703195 -712
0.00071619 -657
0.000728507 -603
0.00074026 -550
0.000752775 -497
0.000763529 -444
0.000775988 -392
0.00078774 -341
0.00079986 -293
0.000811019 -246
0.000823035 -203
0.000838131 -160
0.000850354 -119
0.000864997 -79
0.000876863 -40
0.000889312 -1
0.000899859 35
0.000911527 71
0.000922149 106
0.000934542 138
0.000944175 168
0.000956615 198
0.00096962 227
0.000979348 255
0.000992673 282
0.00100466 307
0.00101441 332
0.00102922 363
0.00104141 388
0.00105119 412
0.00106135 435
0.00107276 457
0.00108384 479
0.00109738 500
0.00110943 521
0.00112024 541
0.00113122 561
0.00114084 581
0.00115229 601
0.00116193 620
0.00117071 638
0.00118021 656
0.0011918 674
0.00120108 691
0.00121212 707
0.00122138 723
0.00123207 742
0.00124307 766
0.00125483 782
0.00126638 798
0.0012793 815
0.00129055 829
0.00130211 847
0.00131112 861
0.00132267 875
0.00133571 894
0.00134818 912
0.00136027 927
0.00137009 946
0.00138011 969
0.00139196 980
0.00140148 996
0.00141364 1006
0.00141808 1016
0.00142532 1026
0.00143331 1039
0.0014447 1049
0.00144793 1057
0.00145238 1059
0.00145617 1060
0.00145968 1064
0.00146606 1071
0.00146821 1077
0.00147142 1084
0.00147797 1089
0.00147955 1093
0.00148401 1106
0.00148562 1107
0.00148964 1110
0.00150745 1111
0.00151021 1142
0.00154826 1144
0.00155531 1146
0.00156444 1167
0.0015774 1173
0.00158393 1175
0.0015905 1180
0.0016348 1183
0.00164139 1184
0.00164305 1189
0.00168071 1192
0.00177623 1197
0.00178298 1198
0.00188012 1199
0.00188833 1200
0.00218512 1203
0.00227914 1204
0.0023012 1205
0.00230526 1206
0.00230882 1207
0.00240058 1208
0.00240491 1211
0.0025052 1212
0.00251618 1214
0.0031935 1216
0.00328381 1218
2 1218
