0 -7453
4.7e-08 -7200
1.7657e-05 -6965
3.6547e-05 -6736
6.8254e-05 -6510
8.9443e-05 -6296
0.000124785 -6085
0.000146726 -5882
0.00016281 -5698
0.000177002 -5514
0.000191561 -5330
0.000207805 -5153
0.000225 -4981
0.000239003 -4812
0.000253138 -4645
0.000265861 -4479
0.000279365 -4321
0.000294743 -4170
0.00030948 -4020
0.000324519 -3874
0.000337976 -3728
0.000350491 -3584
0.000362959 -3457
0.000376699 -3331
0.000391464 -3210
0.000409423 -3090
0.00042433 -2971
0.00043611 -2853
0.000448814 -2735
0.000459747 -2619
0.000472808 -2506
0.000484909 -2394
0.000497971 -2284
0.000510608 -2184
0.000524253 -2089
0.000540987 -1997
0.000553955 -1906
0.000568645 -1816
0.000584833 -1728
0.000596689 -1642
0.0006075 -1558
0.000622454 -1476
0.000635769 -1400
0.00064998 -1325
0.000662495 -1252
0.00067468 -1179
0.000686141 -1108
0.000697564 -1038
0.000710117 -973
0.000722651 -911
0.000734912 -850
0.000748077 -791
0.0007611 -733
0.000774152 -675
0.00078565 -617
0.000798825 -560
0.000810596 -503
0.000822292 -453
0.000835268 -404
0.000846814 -357
0.000861184 -310
0.000870827 -264
0.000882589 -218
0.000892298 -173
0.000911151 -129
0.000938987 -87
0.000968349 -46
0.000985667 -8
0.00100004 29
0.00101187 64
0.00102304 96
0.00103543 125
0.00104742 154
0.00105954 187
0.00107136 216
0.00108529 243
0.00109734 269
0.00110843 294
0.00112331 318
0.00115643 345
0.00117358 369
0.00119385 392
0.00120567 415
0.00121733 438
0.00122886 458
0.0012395 478
0.00124857 497
0.00125949 517
0.00127073 535
0.00128177 553
0.0012924 572
0.00130324 593
0.00131363 619
0.00132301 639
0.00133476 658
0.00134428 675
0.00135578 695
0.00136873 712
0.00138214 734
0.00139367 751
0.00140345 769
0.00141401 784
0.0014241 802
0.00143279 818
0.00144556 840
0.00145748 857
0.00146808 873
0.00147971 888
0.00149128 901
0.0015164 913
0.00152092 925
0.00153153 936
0.00154412 947
0.00155397 965
0.00157282 976
0.00157818 986
0.00158596 1002
0.00159761 1011
0.00160058 1020
0.00160605 1029
0.00161236 1038
0.00161829 1048
0.00162666 1055
0.00162936 1062
0.00163367 1069
0.00163802 1077
0.00164427 1090
0.00164647 1098
0.00164954 1103
0.00165683 1108
0.00166239 1118
0.00167317 1124
0.00167524 1128
0.00167867 1131
0.00168311 1133
0.00168798 1151
0.00171929 1159
0.00176704 1165
0.00177824 1167
0.00183182 1168
0.00183544 1170
0.00183884 1173
0.00186079 1175
0.00186949 1176
0.00187712 1177
0.00187879 1180
0.0018898 1182
0.00189706 1185
0.00190186 1187
0.00190637 1188
0.00195923 1190
0.00196417 1193
0.00197071 1196
0.00270667 1197
0.00271358 1199
0.00271538 1202
0.00276504 1204
0.00301108 1206
2 1206
