0 -8380
6.6e-08 -8118
1.7018e-05 -7886
2.5979e-05 -7663
3.1952e-05 -7441
4.5721e-05 -7236
5.5461e-05 -7040
6.6375e-05 -6848
8.5873e-05 -6658
0.000104545 -6469
0.000135952 -6282
0.000152764 -6098
0.000165115 -5918
0.000176142 -5741
0.000187271 -5567
0.000198533 -5402
0.000213156 -5241
0.000228259 -5088
0.000242516 -4937
0.000256492 -4789
0.000268204 -4643
0.000279991 -4504
0.000289374 -4366
0.000298137 -4228
0.000308835 -4091
0.000319411 -3957
0.000331611 -3825
0.000342159 -3695
0.00035203 -3574
0.000361901 -3455
0.000372195 -3337
0.000383963 -3222
0.000396586 -3109
0.000407275 -2996
0.000418207 -2888
0.000427543 -2781
0.000438523 -2676
0.000448309 -2575
0.000459045 -2475
0.000470776 -2380
0.000483803 -2285
0.000497966 -2191
0.000513003 -2099
0.00052758 -2007
0.000542157 -1916
0.000556902 -1827
0.000572785 -1738
0.000587521 -1651
0.000603431 -1571
0.000616853 -1492
0.000628377 -1413
0.000640164 -1337
0.000649641 -1266
0.000661128 -1195
0.000670868 -1127
0.000680363 -1059
0.000689699 -994
0.000700331 -930
0.000711029 -867
0.000719857 -804
0.000729447 -746
0.000739938 -691
0.000749452 -636
0.00075953 -582
0.000768641 -528
0.000779705 -475
0.000789219 -423
0.000799015 -371
0.000808792 -319
0.00081887 -267
0.000828572 -217
0.000838209 -168
0.000848418 -120
0.000861032 -73
0.000870133 -29
0.000878971 12
0.000888608 52
0.000897605 89
0.000906763 124
0.000915742 157
0.000924739 188
0.000933437 219
0.000942669 249
0.000953029 277
0.000963332 303
0.000972489 329
0.000981149 354
0.000990222 379
0.00099953 402
0.00100812 425
0.00101793 447
0.00102787 473
0.00103653 495
0.00104497 516
0.00105532 538
0.00106521 562
0.0010752 583
0.00108349 601
0.0010921 621
0.00110172 638
0.00111029 660
0.00111893 681
0.0011287 697
0.00113678 713
0.00114556 732
0.00115426 754
0.00116384 771
0.0011721 787
0.0011815 802
0.00119019 828
0.00119879 849
0.00120737 864
0.00121611 879
0.00122428 894
0.00123266 910
0.00124242 932
0.0012526 948
0.00126122 963
0.00127117 977
0.00128032 991
0.00128965 1012
0.00129848 1028
0.00130749 1054
0.00131408 1067
0.00132366 1079
0.00133116 1092
0.00134008 1104
0.00134253 1114
0.00134789 1125
0.00136165 1134
0.00136446 1150
0.00136875 1159
0.00137133 1168
0.001375 1171
0.00137837 1175
0.00138413 1179
0.00138608 1181
0.00138961 1183
0.00139482 1203
0.00141555 1217
0.00142359 1227
0.001431 1246
0.00162608 1252
0.00163307 1256
0.00163509 1257
0.00163754 1258
0.00169328 1259
0.00169469 1260
0.00169661 1261
0.00267971 1262
0.00268302 1263
2 1263
