0 -8460
4.7e-08 -8207
1.4765e-05 -7977
2.6834e-05 -7759
4.6088e-05 -7541
6.9785e-05 -7332
9.3227e-05 -7130
0.00011297 -6932
0.000125396 -6740
0.000137502 -6556
0.000148087 -6372
0.000158043 -6192
0.000169502 -6014
0.00018173 -5840
0.000191883 -5666
0.000201586 -5493
0.000211964 -5322
0.000222803 -5161
0.000234937 -5005
0.000245335 -4860
0.00025499 -4715
0.000264786 -4571
0.000274141 -4430
0.000282753 -4291
0.00029423 -4152
0.000304243 -4014
0.000313719 -3886
0.00032453 -3759
0.000335265 -3637
0.000346451 -3516
0.00035683 -3395
0.00036779 -3276
0.000378225 -3158
0.000388763 -3042
0.000399564 -2927
0.000409905 -2814
0.000421364 -2702
0.00043192 -2590
0.000442862 -2479
0.000453673 -2375
0.0004633 -2272
0.000472918 -2170
0.000482582 -2074
0.000492622 -1981
0.00050193 -1888
0.000512252 -1797
0.000522029 -1707
0.000531365 -1619
0.000542946 -1531
0.000554489 -1444
0.000564595 -1365
0.000574185 -1288
0.000583877 -1213
0.000594584 -1141
0.000604991 -1074
0.000615022 -1008
0.000624583 -942
0.000634276 -877
0.000643865 -812
0.000653971 -748
0.000663674 -685
0.00067192 -628
0.000680467 -572
0.00068922 -520
0.000697918 -468
0.000706765 -417
0.00071736 -367
0.00072694 -317
0.000735966 -267
0.000746588 -219
0.000756084 -174
0.000765946 -130
0.000776362 -87
0.000785397 -45
0.000795202 -4
0.000805149 33
0.00081502 68
0.000826122 103
0.000836303 143
0.00084623 177
0.00085659 210
0.000866677 243
0.000876154 275
0.000885649 307
0.000896319 338
0.000906378 364
0.000916381 390
0.000925125 416
0.000934705 440
0.000943515 464
0.000951573 488
0.000960562 511
0.000970677 534
0.000979346 557
0.000988419 580
0.000996844 602
0.00101097 624
0.00101979 646
0.00102918 667
0.00103777 694
0.00104644 715
0.00105486 736
0.00106377 756
0.00107192 777
0.00108103 797
0.00108986 817
0.00109903 836
0.0011088 860
0.00111767 882
0.0011276 899
0.00113618 924
0.00114409 941
0.00115334 958
0.00116203 974
0.00117161 990
0.00118007 1005
0.0011926 1019
0.00120401 1033
0.00121287 1055
0.00122209 1072
0.00123179 1083
0.00124114 1104
0.0012489 1115
0.00125378 1130
0.0012594 1139
0.00126163 1147
0.0012647 1155
0.0012681 1162
0.00127391 1173
0.00128561 1181
0.00128843 1188
0.00129214 1193
0.00129725 1211
0.00130634 1214
0.00130857 1216
0.00131325 1230
0.00131807 1232
0.00132482 1244
0.00133427 1253
0.00135728 1260
0.00136443 1261
0.00142914 1262
0.00143365 1263
0.00143536 1268
0.00143937 1271
0.00157397 1275
0.00157582 1280
0.0015789 1281
0.00161852 1285
0.00167727 1288
0.00203216 1295
0.00203907 1297
0.00218679 1301
0.00231516 1302
0.00232202 1308
0.00232732 1309
0.00264981 1312
0.00279303 1313
0.00305401 1321
0.003079 1326
0.00308666 1332
2 1332
