0 -44900
5.7e-08 -44484
1.3312e-05 -44076
3.0791e-05 -43699
5.8203e-05 -43331
9.076e-05 -42976
0.000134569 -42621
0.000173469 -42267
0.000203729 -41919
0.000232365 -41572
0.00026647 -41227
0.000295733 -40886
0.000321644 -40550
0.000345884 -40219
0.000372241 -39890
0.000401599 -39562
0.000435476 -39241
0.000472553 -38923
0.000508007 -38606
0.000545577 -38292
0.000583623 -37980
0.000621583 -37670
0.000656989 -37360
0.00068553 -37051
0.000711982 -36742
0.00073795 -36437
0.000760947 -36132
0.000786687 -35827
0.000813377 -35523
0.000840484 -35226
0.000866414 -34930
0.00089336 -34634
0.000921626 -34339
0.000952266 -34047
0.000992011 -33756
0.00103435 -33465
0.00106594 -33176
0.00109863 -32887
0.00113534 -32599
0.00117226 -32313
0.0012068 -32027
0.00123572 -31741
0.00126088 -31455
0.00129148 -31169
0.00131274 -30885
0.00133782 -30602
0.00136485 -30320
0.00139877 -30040
0.00143211 -29760
0.0015057 -29482
0.00154118 -29205
0.00157147 -28928
0.00160094 -28654
0.00162519 -28380
0.0016492 -28107
0.00167322 -27835
0.00169692 -27566
0.00172172 -27298
0.00174625 -27031
0.00176981 -26764
0.00179346 -26498
0.00181757 -26235
0.00184069 -25973
0.00186573 -25711
0.00188944 -25449
0.00191427 -25189
0.00193973 -24929
0.00196454 -24669
0.00198901 -24410
0.00201246 -24151
0.00203818 -23892
0.00206397 -23637
0.00208844 -23383
0.00211197 -23130
0.00213561 -22878
0.00216027 -22629
0.00218446 -22380
0.00221017 -22131
0.00223352 -21882
0.00225807 -21635
0.00228336 -21389
0.00230898 -21145
0.00233244 -20902
0.00235534 -20660
0.00238017 -20419
0.00240447 -20179
0.00242868 -19939
0.00245538 -19699
0.00248534 -19460
0.00251711 -19222
0.00254218 -18986
0.00256705 -18750
0.00259089 -18517
0.00261733 -18286
0.0026426 -18057
0.00266795 -17830
0.00269165 -17603
0.00271309 -17377
0.0027377 -17152
0.00276109 -16928
0.00278589 -16706
0.00281027 -16485
0.00283473 -16266
0.00285631 -16049
0.00289453 -15832
0.00292921 -15615
0.00295589 -15399
0.00298316 -15183
0.00301151 -14967
0.00303504 -14754
0.00306092 -14541
0.00308742 -14331
0.00311101 -14122
0.00313412 -13914
0.00315772 -13708
0.00318383 -13503
0.00320958 -13298
0.00323459 -13096
0.00326996 -12895
0.00330577 -12696
0.00334029 -12498
0.00337217 -12301
0.00340124 -12107
0.00342814 -11913
0.00345524 -11720
0.00348571 -11528
0.00351205 -11337
0.00354036 -11148
0.00356949 -10959
0.00360592 -10772
0.00363315 -10588
0.00365824 -10404
0.00369453 -10222
0.00372291 -10041
0.00375014 -9860
0.00377785 -9681
0.00380787 -9502
0.00383529 -9326
0.00386244 -9150
0.00389129 -8975
0.00391967 -8801
0.00395591 -8627
0.00398955 -8454
0.00401982 -8285
0.00405112 -8118
0.00408391 -7952
0.00411438 -7791
0.00414481 -7630
0.00417695 -7470
0.0042141 -7310
0.00424795 -7153
0.00427838 -6997
0.00431437 -6842
0.00434606 -6687
0.00437993 -6534
0.00441358 -6382
0.00444824 -6231
0.00448273 -6081
0.00451612 -5933
0.00454795 -5786
0.00458043 -5640
0.00461604 -5494
0.00465272 -5348
0.00469199 -5203
0.00472658 -5060
0.00476324 -4918
0.00482822 -4777
0.00488934 -4637
0.00494842 -4499
0.00499749 -4366
0.00504707 -4233
0.0050929 -4106
0.00513607 -3979
0.00518442 -3854
0.00522499 -3729
0.00526357 -3606
0.00530939 -3485
0.00534937 -3368
0.0054041 -3251
0.00545906 -3136
0.00555375 -3022
0.00562701 -2909
0.00569351 -2799
0.0057587 -2691
0.00581663 -2585
0.00587645 -2479
0.00592904 -2377
0.00598702 -2276
0.00604319 -2176
0.0061022 -2076
0.00616553 -1977
0.00622573 -1879
0.00629393 -1781
0.00636568 -1688
0.00643967 -1595
0.0065024 -1502
0.00656346 -1413
0.00662372 -1328
0.00669182 -1246
0.00678891 -1165
0.00687734 -1090
0.00696346 -1016
0.00704868 -943
0.00712534 -877
0.00719418 -816
0.00725883 -756
0.00732908 -698
0.00739363 -640
0.00745914 -584
0.00752088 -529
0.00758177 -476
0.00763998 -425
0.00769917 -374
0.00776292 -328
0.00781778 -284
0.00787348 -240
0.00792687 -198
0.00798017 -156
0.00803491 -117
0.00808611 -82
0.00813589 -48
0.00818654 -16
0.00823519 10
0.00828164 35
0.00833068 60
0.0083762 84
0.00842153 108
0.00847863 129
0.00853166 146
0.00859574 160
0.00866355 174
0.00872185 190
0.00877082 204
0.00881718 223
0.00886493 241
0.00890899 257
0.00896104 271
0.00901007 284
0.00906833 300
0.00911869 312
0.00916027 325
0.00920146 338
0.00924289 353
0.00930906 366
0.00937239 376
0.00942769 385
0.00952649 397
0.00958811 406
0.00963945 414
0.00968881 422
0.00972905 429
0.00977909 441
0.00983057 446
0.00988744 455
0.00994211 460
0.00999536 465
0.0100398 469
0.0100996 475
0.0101521 479
0.0102159 483
0.0102753 490
0.0103334 501
0.0103908 510
0.0104512 516
0.0105308 524
0.0105949 529
0.0106585 532
0.0107123 540
0.0107755 542
0.0108391 548
0.0109039 554
0.0109855 559
0.0110502 561
0.0111103 563
0.0111601 570
0.0112552 573
0.0113062 576
0.0113553 586
0.0114066 589
0.0115325 597
0.0116031 598
0.0116976 602
0.0117459 606
0.011798 607
0.0118497 611
0.0119004 612
0.0119935 614
0.012039 618
0.0121197 624
0.0121645 627
0.0123452 631
0.012436 633
0.0124803 636
0.0125278 644
0.0125729 651
0.0126185 652
0.0126684 653
0.0127628 657
0.0133438 662
0.0135935 663
0.0136362 665
0.0137122 666
0.0137559 669
0.0138008 670
0.0138465 671
0.0138931 673
0.014257 677
0.0143039 680
0.0143507 682
0.0146301 684
0.0147274 686
0.0147734 689
0.0149187 690
0.0150644 691
0.015181 693
0.0152321 699
0.0152833 700
0.0153321 703
0.0154244 706
0.0154696 708
0.0159234 710
0.0159702 712
0.0161652 716
0.0163569 718
0.0164034 719
0.0165917 720
0.0166392 724
0.0213037 728
0.022814 731
0.0228541 733
0.0230656 734
0.0231098 735
0.0231899 742
2 742
