0 -32928
5.7e-08 -32526
1.165e-05 -32161
1.8828e-05 -31804
2.7487e-05 -31456
4.1928e-05 -31112
7.0375e-05 -30778
0.000102951 -30453
0.000132641 -30131
0.00015464 -29809
0.000174475 -29488
0.00019205 -29168
0.000211637 -28857
0.000231453 -28547
0.000248857 -28240
0.000268435 -27937
0.000287871 -27636
0.000312813 -27336
0.000337519 -27041
0.000360496 -26751
0.000388743 -26464
0.000414948 -26178
0.00044347 -25893
0.000468223 -25609
0.000493422 -25325
0.000514415 -25043
0.00053293 -24762
0.000552451 -24483
0.000572039 -24205
0.000591446 -23930
0.000610796 -23656
0.000627156 -23384
0.000647228 -23112
0.000665353 -22843
0.000687533 -22575
0.000707187 -22310
0.000725464 -22045
0.000744891 -21782
0.000764374 -21520
0.000783373 -21261
0.000801973 -21005
0.00082251 -20752
0.000841205 -20499
0.00086122 -20247
0.000880561 -19999
0.000900329 -19751
0.00091929 -19505
0.000937738 -19260
0.000955892 -19016
0.000975242 -18774
0.000996026 -18533
0.0010149 -18292
0.00103299 -18053
0.00105236 -17814
0.0010716 -17576
0.00109001 -17339
0.0011098 -17104
0.0011282 -16869
0.00114805 -16634
0.00116695 -16400
0.00118441 -16168
0.00120308 -15938
0.00122082 -15710
0.00123893 -15483
0.00125805 -15257
0.00127682 -15032
0.00129767 -14814
0.00132356 -14597
0.00137883 -14381
0.00142174 -14165
0.00145475 -13951
0.0014834 -13739
0.00151005 -13528
0.00153451 -13319
0.00155841 -13111
0.00157839 -12907
0.00159632 -12704
0.00161385 -12501
0.00163508 -12298
0.00165494 -12097
0.00167401 -11898
0.00169575 -11699
0.00171583 -11500
0.00173364 -11302
0.00175165 -11104
0.00177214 -10910
0.00179814 -10716
0.00182512 -10524
0.00185043 -10333
0.00187568 -10142
0.00189926 -9951
0.00191977 -9762
0.00194149 -9574
0.00196295 -9387
0.00198299 -9201
0.00200294 -9017
0.0020233 -8834
0.00204412 -8651
0.00206529 -8469
0.00208556 -8292
0.00210444 -8120
0.00212881 -7948
0.00215316 -7777
0.00217976 -7609
0.00221065 -7441
0.00224048 -7274
0.00226843 -7107
0.00229932 -6945
0.00232986 -6784
0.00236363 -6623
0.00239243 -6464
0.00241936 -6307
0.00244687 -6157
0.0024754 -6007
0.00250446 -5860
0.00253677 -5715
0.00256946 -5576
0.00260554 -5437
0.0026386 -5298
0.00266492 -5160
0.00269434 -5022
0.00272664 -4885
0.00275621 -4748
0.00278042 -4612
0.00280598 -4477
0.00283322 -4343
0.00285999 -4211
0.00288592 -4081
0.00291365 -3953
0.00296086 -3833
0.00300771 -3714
0.00303828 -3596
0.00306665 -3480
0.00309776 -3367
0.00313027 -3255
0.00315977 -3144
0.00318882 -3035
0.00322766 -2931
0.00330508 -2829
0.0033707 -2727
0.00341597 -2626
0.00345699 -2526
0.00349587 -2428
0.00354 -2333
0.00357981 -2241
0.00361778 -2149
0.00365103 -2059
0.00368704 -1971
0.00372475 -1883
0.00376788 -1797
0.00379849 -1713
0.00383178 -1629
0.0038669 -1545
0.00390655 -1462
0.00394454 -1382
0.0039827 -1304
0.00402197 -1228
0.00406351 -1153
0.0041059 -1080
0.00414942 -1008
0.00419332 -937
0.00423788 -873
0.00428398 -810
0.00432946 -748
0.00437614 -687
0.0044238 -627
0.00447193 -567
0.00452284 -512
0.00456555 -460
0.00461048 -410
0.00465271 -360
0.00469751 -311
0.00474125 -263
0.0047852 -222
0.00482558 -181
0.0048637 -141
0.00490221 -102
0.00494028 -64
0.00497613 -26
0.00501558 8
0.00505398 40
0.00509142 72
0.00512687 100
0.00518249 121
0.00523615 136
0.00527752 149
0.00531672 163
0.0053524 176
0.0053849 190
0.00541892 205
0.00545081 219
0.00548111 236
0.00551117 250
0.00554162 264
0.00557527 276
0.00560707 288
0.00563761 299
0.00566645 314
0.00569782 329
0.00572994 337
0.00576267 349
0.0057949 371
0.00582399 378
0.00585404 390
0.00588164 398
0.00591049 418
0.00593924 429
0.00596508 438
0.00599512 454
0.00602653 468
0.00605824 475
0.00608576 480
0.00611885 487
0.00615176 491
0.00618396 495
0.0062163 498
0.00624557 506
0.00627654 513
0.006307 525
0.00633576 530
0.00636565 534
0.00639825 546
0.00643023 550
0.00646209 560
0.00649408 569
0.00652585 576
0.00655249 583
0.00658293 591
0.00661344 596
0.00664801 600
0.00668129 607
0.00671539 614
0.00675131 618
0.00678226 620
0.00681394 630
0.00684565 632
0.00687963 634
0.00694058 639
0.00697212 643
0.00700658 647
0.00710073 651
0.00722618 656
0.00725888 657
0.00732219 662
0.00735449 664
0.00738368 671
0.00741536 672
0.00744743 673
0.00751372 675
0.00755313 677
0.00759034 682
0.00761981 683
0.0076919 689
0.00772537 692
0.00778486 696
0.007882 697
0.00791268 698
0.00795941 701
0.00818188 702
0.00831002 703
0.00902706 705
0.00905804 706
0.00918821 713
0.00922845 720
0.00926254 723
0.00929596 727
0.00963316 732
0.00966811 739
0.00970032 740
0.00973215 741
0.01025 742
0.010281 744
0.01311 747
0.0131476 749
2 749
