660 0.00142288
671 0.000676627
695 0.00107506
677 0.00100325
665 0.00171219
673 0.000719997
686 0.00110468
676 0.00165508
681 0.00165961
665 0.00120573
432 0.0233292
467 0.00291964
456 0.0034092
441 0.00197743
491 0.00271161
479 0.0034446
435 0.00262322
482 0.00263592
463 0.00379127
453 0.00349258
805 0.000977704
885 0.000890364
829 0.00142766
886 0.00114813
806 0.00115243
824 0.00117052
827 0.00113793
848 0.000687247
831 0.000550426
835 0.000581399
798 0.000842604
778 0.000732052
765 0.000894194
838 0.000775712
786 0.000929452
762 0.000507267
781 0.000697258
794 0.00100013
759 0.000900989
771 0.00120707
