0 -201796
6.6e-08 -200702
1.4296e-05 -199620
3.1963e-05 -198613
5.6006e-05 -197626
9.3422e-05 -196640
0.000135518 -195664
0.000177605 -194689
0.000217376 -193717
0.000255762 -192749
0.000293215 -191782
0.000330348 -190820
0.000367727 -189862
0.000404898 -188908
0.000441551 -187954
0.000478656 -187001
0.000515865 -186050
0.000552697 -185105
0.000589152 -184170
0.000625607 -183236
0.000662279 -182304
0.00069881 -181374
0.000738909 -180445
0.000775647 -179521
0.000811999 -178598
0.000848172 -177677
0.000884778 -176760
0.000938863 -175846
0.000986139 -174932
0.00103102 -174019
0.00107376 -173106
0.00111397 -172195
0.00115333 -171288
0.001192 -170382
0.0012299 -169476
0.00126771 -168571
0.00130599 -167669
0.00134384 -166768
0.00138131 -165872
0.00142159 -164977
0.00145941 -164083
0.00149705 -163190
0.00154447 -162299
0.00158264 -161411
0.0016204 -160524
0.00166066 -159640
0.00169833 -158757
0.00173579 -157875
0.00177356 -156995
0.00182111 -156116
0.00186246 -155243
0.00190106 -154371
0.0019395 -153502
0.0019805 -152634
0.00201873 -151766
0.00205743 -150900
0.00209573 -150036
0.00213347 -149175
0.00217138 -148315
0.00221039 -147456
0.002249 -146599
0.00228683 -145743
0.00232536 -144888
0.0023637 -144035
0.00240167 -143182
0.00244033 -142329
0.00247762 -141478
0.00251489 -140630
0.00255295 -139783
0.00259109 -138936
0.00262886 -138090
0.00266629 -137244
0.00270392 -136398
0.00274181 -135553
0.00278028 -134709
0.00281842 -133866
0.00285601 -133025
0.00289527 -132186
0.00293632 -131349
0.00297604 -130512
0.00301446 -129676
0.00305269 -128841
0.00309031 -128007
0.00312793 -127174
0.00316591 -126343
0.00320399 -125512
0.00324324 -124683
0.00328193 -123854
0.00331957 -123026
0.00335711 -122201
0.00339433 -121379
0.00343106 -120557
0.00346758 -119736
0.00350476 -118915
0.00354197 -118095
0.00357882 -117277
0.0036156 -116460
0.00365444 -115643
0.00370192 -114826
0.0037451 -114010
0.00378393 -113194
0.0038217 -112379
0.00385889 -111565
0.00389563 -110751
0.00393243 -109938
0.00397075 -109127
0.00400848 -108317
0.00404578 -107508
0.00408263 -106700
0.00411968 -105892
0.00415619 -105085
0.00420751 -104278
0.00424782 -103474
0.00428664 -102671
0.00432417 -101868
0.00436151 -101065
0.00439902 -100263
0.00443604 -99461
0.00447293 -98661
0.00450993 -97864
0.00454642 -97067
0.0045838 -96272
0.00462139 -95479
0.00465949 -94686
0.00469732 -93894
0.00473501 -93103
0.00477651 -92316
0.00481403 -91531
0.00485127 -90749
0.0048938 -89968
0.00493184 -89188
0.0049696 -88408
0.00500813 -87628
0.00504673 -86849
0.00508591 -86070
0.00512569 -85291
0.00516431 -84515
0.00520242 -83740
0.0052408 -82966
0.00528094 -82193
0.00532387 -81420
0.00536413 -80651
0.00540406 -79886
0.00544381 -79122
0.00548332 -78358
0.00552223 -77595
0.00558668 -76832
0.00563379 -76070
0.00567776 -75310
0.00571787 -74553
0.00575722 -73796
0.00579572 -73042
0.00583399 -72294
0.00587145 -71549
0.00590886 -70805
0.00596935 -70061
0.00601384 -69317
0.00605653 -68576
0.00609863 -67838
0.00613925 -67102
0.00618044 -66367
0.00622178 -65632
0.00626229 -64898
0.00630304 -64167
0.00634819 -63437
0.00639215 -62708
0.0064337 -61980
0.00647586 -61254
0.0065203 -60529
0.00656329 -59805
0.00660575 -59082
0.00665046 -58359
0.00669493 -57637
0.00673728 -56918
0.00678108 -56201
0.00682653 -55485
0.006873 -54771
0.00691924 -54061
0.00696389 -53351
0.00700935 -52642
0.00705578 -51935
0.00709899 -51233
0.00714442 -50532
0.00718701 -49832
0.00723021 -49133
0.0072744 -48436
0.00731948 -47742
0.00736544 -47054
0.00741216 -46366
0.00745883 -45681
0.00752049 -45003
0.00757066 -44325
0.00761868 -43649
0.00766658 -42973
0.00771823 -42302
0.007767 -41636
0.00781696 -40970
0.00786582 -40308
0.00791688 -39651
0.00797283 -38994
0.0080275 -38343
0.00808245 -37694
0.00813724 -37050
0.00819103 -36406
0.00824665 -35765
0.00830325 -35126
0.00835784 -34487
0.00840876 -33850
0.00846342 -33219
0.00852018 -32590
0.00860117 -31962
0.00866707 -31336
0.00872991 -30711
0.00878947 -30090
0.00884551 -29473
0.0089016 -28862
0.0089617 -28252
0.00902318 -27644
0.00908419 -27038
0.00914396 -26433
0.00921024 -25836
0.0092775 -25240
0.00934935 -24649
0.00943725 -24063
0.00951068 -23478
0.0096069 -22894
0.00968373 -22311
0.00975626 -21744
0.00982878 -21178
0.00990343 -20613
0.00998084 -20059
0.0100598 -19507
0.0101418 -18959
0.0102193 -18414
0.0103046 -17881
0.0103873 -17352
0.0104673 -16827
0.0105491 -16306
0.0106334 -15785
0.0107273 -15269
0.0108239 -14756
0.0109149 -14246
0.0110046 -13737
0.0110946 -13243
0.0111867 -12753
0.0112953 -12271
0.0114046 -11811
0.0115111 -11351
0.0116193 -10897
0.0117267 -10446
0.011839 -10001
0.0119511 -9572
0.012063 -9148
0.0121788 -8725
0.0123009 -8304
0.0124307 -7889
0.0125589 -7482
0.0127014 -7076
0.0128428 -6694
0.0129923 -6323
0.0131582 -5957
0.0133234 -5602
0.0134908 -5256
0.0136848 -4913
0.0138722 -4572
0.0140653 -4239
0.0142597 -3933
0.0144571 -3634
0.0146597 -3345
0.0148637 -3060
0.0150811 -2795
0.0152924 -2538
0.0155052 -2287
0.0157169 -2047
0.0159275 -1817
0.0161376 -1594
0.0163447 -1388
0.0165492 -1198
0.0167487 -1027
0.0169525 -870
0.017141 -720
0.0173306 -580
0.0175026 -463
0.0176936 -356
0.0178487 -252
0.0179948 -168
0.0181325 -95
0.0182615 -40
0.0183823 6
0.0184954 42
0.0186103 53
0.0187088 61
0.0187988 69
0.0188967 95
0.018986 96
0.0190868 105
0.0191776 107
0.0192751 130
0.019364 148
0.0205166 153
0.0206291 156
0.0222365 166
0.0223311 170
0.023555 172
0.0236698 174
0.0258791 186
0.0259933 189
0.026561 190
0.0267706 199
0.035664 209
0.0362184 211
2 211
