0 -2838
5.7e-08 -2661
6.508e-06 -2500
1.1075e-05 -2347
2.1867e-05 -2206
3.0051e-05 -2071
3.6219e-05 -1936
4.38e-05 -1806
5.1645e-05 -1678
5.9555e-05 -1552
6.5573e-05 -1431
7.1195e-05 -1321
7.7147e-05 -1221
8.2665e-05 -1122
8.8899e-05 -1026
9.6311e-05 -930
0.000101678 -837
0.000106528 -749
0.000111171 -671
0.000117405 -593
0.000123894 -517
0.0001301 -447
0.00013494 -380
0.00013995 -317
0.000144339 -255
0.000149565 -194
0.000154575 -134
0.00015983 -76
0.000164294 -24
0.000170528 28
0.000174926 76
0.000179258 122
0.000184362 165
0.00018859 201
0.000193054 235
0.000197772 269
0.000203394 302
0.000210683 328
0.000215712 354
0.000221004 379
0.000225958 404
0.000231062 428
0.000235837 455
0.000241016 479
0.000247015 502
0.000251818 525
0.000256291 545
0.00025986 564
0.000263843 582
0.000268138 600
0.00027295 625
0.000279259 649
0.000284712 669
0.000289063 686
0.000293442 700
0.000296936 708
0.000300392 725
0.000305176 731
0.000306786 737
0.000308773 742
0.000311664 756
0.000315921 761
0.000317315 766
0.000318802 769
0.000320498 781
0.000324359 783
0.000325555 793
0.000327692 795
0.000328615 797
0.000330395 810
0.000334143 811
0.000338051 819
0.000374251 823
0.000385307 841
0.000396062 846
0.000398227 851
0.000400036 855
0.000401439 856
0.000405008 857
0.000407447 859
0.000409133 861
0.000849351 863
0.000873695 867
2 867
