0 -24261
4.7e-08 -23849
3.4806e-05 -23454
8.0592e-05 -23071
0.000123356 -22704
0.000173908 -22341
0.00022138 -21981
0.000291463 -21622
0.00034856 -21274
0.000393725 -20927
0.000430292 -20584
0.000467311 -20243
0.000498492 -19917
0.00053052 -19591
0.000559619 -19275
0.000589274 -18962
0.000619692 -18653
0.000649657 -18345
0.000675837 -18042
0.000706961 -17739
0.000738518 -17436
0.0007713 -17136
0.000804872 -16842
0.000841185 -16567
0.000876048 -16295
0.000905119 -16024
0.000937392 -15755
0.000971746 -15487
0.00100523 -15228
0.00103644 -14973
0.00109379 -14719
0.00117511 -14467
0.00124697 -14216
0.0013654 -13965
0.00142112 -13718
0.00147788 -13474
0.00151438 -13231
0.0015414 -12998
0.00156936 -12765
0.0015973 -12537
0.00162408 -12310
0.00164973 -12087
0.00167642 -11864
0.00169947 -11642
0.00172743 -11420
0.00174986 -11201
0.00177787 -10985
0.00180521 -10773
0.00183192 -10567
0.00186412 -10362
0.00189879 -10157
0.0019293 -9955
0.00195803 -9753
0.00198708 -9554
0.00201249 -9360
0.00203944 -9167
0.00206679 -8975
0.00209473 -8784
0.00211884 -8602
0.00214397 -8421
0.0021682 -8245
0.0021976 -8070
0.00222816 -7896
0.00225689 -7723
0.00228251 -7554
0.0023114 -7387
0.00233705 -7222
0.00236188 -7061
0.00238833 -6901
0.00241347 -6742
0.00243837 -6583
0.00246147 -6426
0.00248898 -6270
0.00251308 -6114
0.00253531 -5965
0.00256075 -5817
0.0025829 -5670
0.0026041 -5525
0.00262884 -5382
0.00265253 -5240
0.00267806 -5100
0.00270258 -4961
0.00272504 -4826
0.00274707 -4693
0.00277269 -4562
0.00279853 -4431
0.00282385 -4301
0.00284792 -4175
0.00287655 -4050
0.00290215 -3926
0.00292896 -3803
0.00295247 -3680
0.00297394 -3562
0.00299733 -3445
0.00301819 -3329
0.00303937 -3215
0.0030581 -3107
0.00308085 -3003
0.0031022 -2901
0.00312194 -2800
0.00314474 -2700
0.00316887 -2600
0.00319158 -2501
0.00321247 -2403
0.00323529 -2306
0.00326224 -2213
0.00328346 -2122
0.00330403 -2032
0.0033494 -1943
0.00339998 -1854
0.003434 -1767
0.00346191 -1682
0.00348375 -1599
0.00350563 -1516
0.00352913 -1436
0.00355227 -1357
0.00357654 -1278
0.00360108 -1201
0.00362311 -1128
0.00364148 -1055
0.00366178 -984
0.00368407 -914
0.00370758 -852
0.00372988 -790
0.00375302 -729
0.00377568 -668
0.003796 -608
0.00382004 -550
0.00384385 -493
0.00386921 -437
0.00388982 -385
0.00391074 -335
0.00393378 -285
0.00395626 -237
0.00397892 -189
0.00399568 -142
0.00401441 -97
0.00405052 -53
0.00409464 -10
0.00412509 32
0.00415391 74
0.00417885 113
0.00419908 152
0.0042191 191
0.00423615 228
0.00425664 264
0.00427776 299
0.00429935 332
0.00432149 364
0.00434318 393
0.0043615 422
0.00438295 450
0.0044063 478
0.00442927 505
0.00445145 544
0.00447263 565
0.00449248 588
0.00451477 609
0.00453818 627
0.00456008 645
0.00458342 663
0.00460204 686
0.00462649 703
0.00464853 720
0.00466909 737
0.00468859 765
0.00470855 783
0.00472607 799
0.00474519 814
0.00476378 840
0.00478392 853
0.00480521 866
0.00482446 881
0.00484503 897
0.00486791 910
0.00489162 922
0.00491499 947
0.0049375 958
0.00496255 980
0.00498485 992
0.00500388 1009
0.00502588 1018
0.00504381 1033
0.00507008 1046
0.00509713 1055
0.00512306 1079
0.00514838 1099
0.00517162 1116
0.0051922 1125
0.00522286 1136
0.0052467 1148
0.00526656 1165
0.00529133 1177
0.0053383 1187
0.00536393 1195
0.00538354 1203
0.00540675 1210
0.00542845 1221
0.0054485 1229
0.00546876 1237
0.00549134 1245
0.00551336 1252
0.00553521 1258
0.00555273 1275
0.00557159 1287
0.00559411 1292
0.0056144 1300
0.00563418 1313
0.005658 1323
0.00568141 1339
0.0057055 1345
0.00572929 1352
0.00575479 1357
0.00577546 1365
0.00579943 1380
0.00582076 1397
0.00584073 1408
0.00586099 1417
0.00588155 1439
0.00590403 1444
0.00592697 1451
0.0059416 1456
0.00596579 1458
0.00599014 1481
0.0060231 1482
0.00603436 1483
0.0060476 1494
0.00606926 1504
0.00607264 1505
0.00608326 1512
0.00612974 1518
0.00615115 1522
0.00616528 1526
0.00619946 1534
0.00622719 1535
0.00623759 1538
0.00626488 1545
0.00627692 1546
0.00633013 1549
0.00633897 1550
0.00634292 1552
0.00645326 1554
0.00649425 1562
0.00651694 1563
0.00675068 1564
0.00676179 1567
0.00680989 1569
0.00683185 1573
0.00683874 1574
0.00694872 1575
0.00700757 1578
0.00701879 1581
0.00727089 1583
0.0072733 1587
0.00727831 1589
0.00728927 1590
0.00730271 1595
2 1595
