0 -9922
6.5e-08 -9637
1.583e-05 -9373
3.5747e-05 -9114
6.0185e-05 -8861
8.1704e-05 -8611
0.000112197 -8364
0.000133997 -8135
0.0001493 -7910
0.000162758 -7688
0.000175075 -7480
0.000188316 -7279
0.000202574 -7087
0.000215042 -6897
0.000227416 -6708
0.000239904 -6521
0.000251449 -6337
0.000265085 -6155
0.000278966 -5974
0.000290314 -5802
0.00030169 -5636
0.000316391 -5470
0.000330912 -5308
0.000344407 -5146
0.000356386 -4985
0.000370756 -4830
0.000383357 -4678
0.000395222 -4526
0.00040835 -4382
0.00041998 -4244
0.00043227 -4107
0.000445181 -3971
0.000456218 -3837
0.000468423 -3703
0.000480307 -3569
0.000497588 -3446
0.000508455 -3325
0.000521253 -3209
0.000532723 -3093
0.000543619 -2977
0.000557783 -2862
0.000572163 -2750
0.000582333 -2638
0.000593851 -2526
0.000604539 -2417
0.000614475 -2309
0.000623948 -2204
0.000634486 -2100
0.00064589 -1997
0.000657323 -1896
0.000669462 -1798
0.000678738 -1705
0.00069049 -1613
0.000705313 -1523
0.00071733 -1434
0.000729534 -1346
0.000742907 -1258
0.000756185 -1172
0.000767241 -1090
0.000778156 -1009
0.000792733 -929
0.000806784 -854
0.00081945 -784
0.000830233 -716
0.000841647 -651
0.000852702 -589
0.000863523 -527
0.000875718 -466
0.000888337 -406
0.000898593 -350
0.000909601 -296
0.000921608 -243
0.00093354 -192
0.000943202 -141
0.0009552 -95
0.000965286 -49
0.000976285 -6
0.000985542 35
0.000995788 76
0.00100729 115
0.00101738 153
0.00103038 189
0.00104204 222
0.0010515 253
0.00106422 283
0.00107438 312
0.00108633 339
0.00109757 364
0.00110845 391
0.00111793 416
0.00112859 440
0.00113906 463
0.00114938 485
0.00116161 507
0.00117333 534
0.00118488 556
0.00119468 578
0.00120471 599
0.00121756 619
0.00122857 638
0.00123929 657
0.00124957 676
0.00125955 694
0.00128661 717
0.00131331 741
0.00133045 763
0.00134349 781
0.0013566 798
0.00137048 815
0.00138093 841
0.00139195 856
0.00140114 879
0.00141323 895
0.00142497 909
0.00143555 928
0.00144758 942
0.00145859 955
0.00146986 971
0.00148312 984
0.001496 995
0.00151222 1012
0.00152304 1029
0.0015344 1041
0.00154352 1055
0.00155333 1065
0.00156446 1083
0.0015774 1099
0.00158716 1109
0.00159784 1123
0.00161227 1130
0.00162236 1134
0.00163206 1138
0.00164502 1142
0.00164812 1146
0.00165208 1148
0.00165782 1159
0.00167535 1161
0.00169086 1164
0.00169616 1168
0.00169942 1172
0.00211943 1175
0.00215273 1177
0.0021599 1186
0.00216504 1188
0.00218758 1191
0.00226495 1200
0.00242436 1201
0.00242774 1203
0.00243138 1207
0.00249954 1209
0.00250403 1214
0.00266306 1215
2 1215
