0 -2433
5.7e-08 -2289
6.291e-06 -2148
1.0039e-05 -2013
1.3665e-05 -1886
1.9588e-05 -1767
2.3637e-05 -1660
2.7856e-05 -1553
3.2603e-05 -1453
3.9948e-05 -1356
4.7115e-05 -1265
5.4874e-05 -1176
6.0252e-05 -1095
6.512e-05 -1015
6.9255e-05 -936
7.3455e-05 -857
7.7504e-05 -778
8.1695e-05 -701
8.662e-05 -625
9.1187e-05 -552
9.583e-05 -481
0.000100557 -410
0.000105068 -345
0.00010908 -280
0.000112856 -227
0.000117254 -176
0.000121407 -126
0.000125447 -83
0.000129082 -40
0.000133659 2
0.000137727 42
0.000141984 80
0.000146693 117
0.000152296 151
0.000156534 185
0.00016047 218
0.000164388 250
0.00016823 282
0.000172298 314
0.000176442 345
0.000180472 376
0.000184305 403
0.000188185 427
0.000191971 450
0.000195625 472
0.000199165 494
0.000203055 515
0.000206633 536
0.000211332 556
0.000214327 575
0.000218895 606
0.000223905 622
0.000226344 636
0.000228076 651
0.000231598 664
0.000233152 676
0.000234612 688
0.000236279 700
0.000238416 718
0.000240903 730
0.000242466 741
0.000244359 751
0.00024805 761
0.000249566 771
0.000251186 779
0.000257242 786
0.000258541 793
0.000260255 807
0.000261715 813
0.000263297 816
0.000264634 817
0.000266273 834
0.00027132 835
0.000275972 856
0.000296201 865
0.000360313 868
0.000364532 869
0.000367339 870
0.000368789 875
0.00037265 877
0.000565637 882
0.000593776 883
0.000595838 886
2 886
