0 -3399
5.7e-08 -3152
6.771e-06 -2982
1.2252e-05 -2814
1.9805e-05 -2659
3.102e-05 -2515
3.9675e-05 -2376
5.3339e-05 -2242
6.1363e-05 -2109
6.8548e-05 -1978
7.5234e-05 -1848
8.0527e-05 -1719
8.6055e-05 -1594
9.0989e-05 -1477
9.6979e-05 -1367
0.000103543 -1263
0.000109645 -1165
0.000114636 -1068
0.000120202 -976
0.000125362 -885
0.000131663 -794
0.00013736 -710
0.000144253 -628
0.000149358 -547
0.000156336 -471
0.0001624 -397
0.00016887 -325
0.000174567 -258
0.000180547 -191
0.000187629 -134
0.000192884 -79
0.00019747 -25
0.000203629 26
0.000208987 76
0.000213545 125
0.000219271 173
0.000225345 216
0.000231768 259
0.000238294 298
0.000243803 328
0.000248107 357
0.000253927 386
0.000259276 415
0.00026486 443
0.0002697 468
0.000276264 492
0.000282112 514
0.000287612 533
0.000291699 552
0.000295984 571
0.00030041 589
0.000305175 607
0.000309479 624
0.000315063 643
0.000319875 659
0.000324933 673
0.000329038 687
0.000334378 699
0.000339115 723
0.000344257 745
0.000349549 756
0.00035357 774
0.000358213 785
0.000360106 791
0.00036181 808
0.000365511 813
0.000366726 818
0.000370945 831
0.000377339 832
0.000404527 835
0.000406627 837
0.000407983 838
0.000410017 845
0.000477727 852
0.000479564 853
0.00066853 854
0.00116345 855
0.00119244 856
0.0012245 861
2 861
