0 -28178
5.6e-08 -27941
8.913e-06 -27705
1.7319e-05 -27470
2.7643e-05 -27243
4.5874e-05 -27019
6.844e-05 -26796
8.9361e-05 -26574
0.000107348 -26357
0.000124977 -26144
0.000141874 -25935
0.000158516 -25726
0.000174923 -25517
0.00019135 -25309
0.000207559 -25102
0.000223854 -24897
0.000240318 -24693
0.000256734 -24494
0.000273001 -24295
0.000289239 -24097
0.000305477 -23899
0.00032273 -23703
0.000340134 -23509
0.000357407 -23315
0.000374566 -23122
0.00039543 -22929
0.000412515 -22736
0.000429533 -22543
0.00044705 -22350
0.000465366 -22158
0.000482817 -21967
0.000499751 -21777
0.000516835 -21587
0.000533957 -21397
0.000551352 -21207
0.000569198 -21017
0.000586555 -20828
0.000604438 -20639
0.000622387 -20451
0.000639509 -20263
0.000656415 -20075
0.00067427 -19887
0.000691853 -19700
0.000708853 -19515
0.000725833 -19332
0.000742918 -19149
0.000760247 -18967
0.000778374 -18786
0.000795816 -18605
0.000813258 -18425
0.000830878 -18246
0.000848771 -18069
0.000866654 -17892
0.000884359 -17715
0.000901397 -17539
0.000918669 -17363
0.000935932 -17188
0.000953214 -17015
0.000970759 -16843
0.000989441 -16671
0.00100727 -16499
0.00102449 -16328
0.00104145 -16159
0.0010594 -15993
0.00107756 -15827
0.00109702 -15661
0.00111559 -15495
0.00113379 -15329
0.00115101 -15164
0.001169 -14999
0.00118641 -14835
0.00120373 -14672
0.00122189 -14509
0.00124026 -14346
0.00125892 -14184
0.0012767 -14022
0.00129433 -13861
0.00131229 -13700
0.00133425 -13540
0.00135382 -13380
0.00139178 -13220
0.00141731 -13061
0.00143869 -12903
0.00145828 -12745
0.00147781 -12589
0.00149711 -12433
0.00151567 -12277
0.00153534 -12122
0.00155469 -11968
0.00157454 -11814
0.00159278 -11661
0.00161346 -11508
0.00163512 -11355
0.00165507 -11203
0.00167435 -11052
0.00169288 -10902
0.00171089 -10752
0.00173183 -10602
0.00175236 -10453
0.00177312 -10306
0.00179329 -10160
0.00181299 -10015
0.00183338 -9870
0.00185262 -9726
0.00187164 -9582
0.00189074 -9439
0.00191088 -9296
0.00193095 -9154
0.00195136 -9013
0.0019707 -8872
0.00198945 -8732
0.00200734 -8592
0.00202732 -8453
0.0020454 -8314
0.00206292 -8176
0.00208199 -8038
0.00210358 -7901
0.0021222 -7765
0.00214101 -7631
0.00215949 -7497
0.00218101 -7363
0.00220248 -7229
0.00222456 -7095
0.00225313 -6962
0.00228065 -6829
0.00230066 -6696
0.00232213 -6565
0.00234165 -6434
0.00236316 -6304
0.00238685 -6175
0.0024086 -6049
0.00243188 -5923
0.00245395 -5798
0.00247925 -5673
0.00250107 -5549
0.00252366 -5425
0.00254511 -5303
0.00256846 -5182
0.0025942 -5061
0.00261757 -4940
0.00263979 -4820
0.00266392 -4700
0.00268935 -4581
0.00271451 -4464
0.00273743 -4347
0.00276173 -4231
0.00278494 -4115
0.00281101 -4000
0.00283869 -3890
0.00286492 -3780
0.00289464 -3671
0.00292401 -3563
0.00295034 -3456
0.00297626 -3349
0.00300533 -3244
0.00303284 -3140
0.00306227 -3037
0.0030876 -2935
0.00311413 -2834
0.00314717 -2733
0.00318299 -2633
0.00321141 -2535
0.00325524 -2438
0.00328613 -2342
0.00332109 -2248
0.0033531 -2156
0.00338661 -2064
0.00342037 -1973
0.00344861 -1885
0.00347883 -1798
0.00353249 -1712
0.0035747 -1629
0.0036133 -1546
0.00365098 -1465
0.00369134 -1385
0.00372938 -1307
0.00376714 -1229
0.00380535 -1154
0.00387721 -1081
0.00394149 -1009
0.00399942 -941
0.00405925 -875
0.0041156 -811
0.00416985 -752
0.00422587 -693
0.00427966 -635
0.00433558 -578
0.00439768 -522
0.00445998 -470
0.00452717 -420
0.0045975 -372
0.00466374 -325
0.00473212 -282
0.00480278 -240
0.00487657 -200
0.00495864 -161
0.00504291 -125
0.00513925 -89
0.0052244 -60
0.00531067 -31
0.00539984 -5
0.00548837 17
0.00557388 37
0.00566249 53
0.00574619 67
0.0058263 85
0.00591035 100
0.00599186 112
0.00606939 123
0.00614466 136
0.00622344 151
0.00629814 162
0.00638579 172
0.0064603 180
0.00653539 188
0.00660888 196
0.00668425 202
0.00675779 212
0.00683489 219
0.00690923 230
0.00698703 240
0.00707417 248
0.00715306 254
0.00722507 264
0.00729378 270
0.00736787 276
0.00744505 281
0.00751902 289
0.00758931 297
0.00766632 306
0.00773773 312
0.00781041 322
0.00790442 330
0.00800616 335
0.00810063 340
0.0081874 345
0.00826688 348
0.00834698 350
0.00842917 351
0.00859304 352
0.00867417 356
0.00875797 357
0.00884295 361
0.00925215 365
0.00932744 366
0.00948957 369
0.00957221 371
0.00966124 372
0.0127927 373
0.0128722 378
0.0130422 379
0.013211 382
0.0134012 384
0.0148168 385
0.0151331 386
0.0155347 393
0.0157091 394
0.0160946 397
0.0162627 401
0.0165301 403
0.0166157 405
0.0170414 410
0.0172051 411
2 411
