0 -5502
6.5e-08 -5278
5.844e-06 -5063
1.3712e-05 -4848
2.068e-05 -4649
2.8164e-05 -4462
3.8813e-05 -4280
5.0961e-05 -4100
5.807e-05 -3933
6.4401e-05 -3770
7.2297e-05 -3610
7.8591e-05 -3452
8.5363e-05 -3296
9.2444e-05 -3145
9.9599e-05 -2995
0.00010579 -2853
0.000112066 -2714
0.000119231 -2578
0.000126771 -2443
0.000133112 -2313
0.000139762 -2186
0.000146683 -2062
0.000153474 -1942
0.000161079 -1831
0.000168862 -1720
0.000175259 -1615
0.000181535 -1512
0.000188007 -1410
0.000195106 -1308
0.000201316 -1207
0.000207985 -1111
0.00021367 -1020
0.000220798 -932
0.000227888 -846
0.000234931 -762
0.000240757 -682
0.000248109 -604
0.000254197 -536
0.000261793 -473
0.00026893 -411
0.000275871 -349
0.000297001 -291
0.000314281 -238
0.000324472 -186
0.000331328 -138
0.000338399 -93
0.000346295 -48
0.000353797 -4
0.00036041 36
0.000367434 74
0.000374459 107
0.000390157 139
0.000398268 169
0.000405761 197
0.000413291 221
0.000421018 248
0.000428296 271
0.00043518 294
0.000441437 321
0.000448208 342
0.000454502 362
0.000461443 380
0.000467212 398
0.000473394 416
0.000480634 434
0.000494074 449
0.000500734 463
0.000507019 477
0.000514127 489
0.000521555 501
0.000528355 511
0.000534443 531
0.000541908 548
0.000548014 560
0.000554074 570
0.000561258 586
0.000567833 597
0.000573509 619
0.000581124 637
0.000588429 645
0.000601139 651
0.000623824 654
0.000632113 666
0.000643362 669
0.000656643 671
0.000673268 674
0.000685285 680
0.000688226 685
0.000690802 690
0.00069599 703
0.000707427 707
0.00071358 714
0.000792593 718
0.000794869 724
2 724
