0 -41370
4.7e-08 -41134
1.4914e-05 -40908
2.9265e-05 -40682
4.1923e-05 -40457
5.3288e-05 -40235
7.0654e-05 -40015
9.3151e-05 -39800
0.000119298 -39585
0.000145193 -39370
0.000173916 -39155
0.00022079 -38944
0.000260719 -38737
0.000302491 -38530
0.000352325 -38324
0.000396728 -38124
0.000438585 -37925
0.000479 -37726
0.000517945 -37529
0.000556526 -37332
0.000595003 -37135
0.000633087 -36939
0.000674747 -36743
0.000713926 -36548
0.000752273 -36353
0.000790291 -36159
0.000837569 -35965
0.000878405 -35771
0.000917126 -35578
0.000955219 -35385
0.00099305 -35192
0.00103061 -34999
0.00106789 -34806
0.00110836 -34614
0.00114543 -34423
0.00118257 -34232
0.00121978 -34041
0.00125695 -33851
0.0012942 -33661
0.00133146 -33471
0.00137311 -33281
0.00141047 -33092
0.00144861 -32904
0.00148603 -32718
0.00152338 -32532
0.00156047 -32346
0.00161015 -32161
0.0016489 -31976
0.00168706 -31792
0.00172526 -31608
0.00176329 -31424
0.0018011 -31241
0.0018388 -31059
0.00187664 -30877
0.00191478 -30695
0.00195332 -30513
0.00199209 -30332
0.00203105 -30151
0.00206958 -29970
0.00210779 -29789
0.00214613 -29608
0.00218424 -29428
0.00222255 -29249
0.00228513 -29070
0.00232746 -28891
0.00236875 -28712
0.00240827 -28534
0.00244708 -28356
0.00248587 -28179
0.00252472 -28002
0.00256717 -27826
0.00260583 -27650
0.00264441 -27475
0.00268274 -27301
0.00273171 -27127
0.00277188 -26954
0.00281124 -26782
0.00284966 -26610
0.00288794 -26438
0.00292605 -26267
0.00296478 -26096
0.00300309 -25925
0.00304109 -25754
0.00307909 -25584
0.00311716 -25414
0.00315558 -25245
0.00319387 -25077
0.00323174 -24909
0.00326993 -24741
0.00330801 -24573
0.00334612 -24405
0.0033841 -24239
0.00342251 -24073
0.00346101 -23908
0.00350104 -23743
0.00354094 -23579
0.00357926 -23415
0.00361757 -23252
0.0036555 -23089
0.00369366 -22926
0.00373177 -22763
0.00376969 -22600
0.00380756 -22438
0.00384606 -22276
0.00388529 -22115
0.00392435 -21954
0.00396345 -21793
0.00400241 -21633
0.00404103 -21473
0.00407973 -21314
0.00411855 -21155
0.00415699 -20996
0.00419484 -20837
0.00423241 -20678
0.00427041 -20519
0.00430895 -20361
0.00434735 -20203
0.00438512 -20045
0.00442254 -19887
0.00445975 -19729
0.00449744 -19572
0.00453577 -19415
0.00458349 -19258
0.0046254 -19103
0.00466557 -18948
0.00470511 -18793
0.00474398 -18638
0.00478202 -18484
0.00481967 -18330
0.00486193 -18177
0.00489959 -18024
0.00493679 -17871
0.00497556 -17718
0.00501437 -17565
0.005053 -17413
0.00509174 -17261
0.00513004 -17109
0.00516852 -16957
0.00520725 -16805
0.00524505 -16655
0.00528253 -16505
0.0053204 -16355
0.00536093 -16205
0.00540326 -16055
0.00544095 -15906
0.00547798 -15757
0.00551488 -15608
0.0055539 -15460
0.00560144 -15312
0.00564036 -15164
0.00567978 -15017
0.00571901 -14870
0.00575859 -14723
0.00579774 -14577
0.00583566 -14431
0.00587432 -14285
0.00591281 -14139
0.00595093 -13994
0.0059901 -13849
0.00603026 -13705
0.00607057 -13561
0.00611009 -13417
0.00615032 -13273
0.00619193 -13130
0.00623304 -12987
0.00627192 -12844
0.00631403 -12701
0.00635116 -12559
0.00638749 -12417
0.00642638 -12275
0.00647642 -12134
0.00651844 -11994
0.00655993 -11854
0.0065995 -11714
0.00664296 -11574
0.00670711 -11434
0.00678038 -11294
0.00684687 -11155
0.00689485 -11019
0.00693834 -10883
0.0069841 -10747
0.00702587 -10611
0.00706988 -10475
0.00711521 -10340
0.00716152 -10205
0.00720551 -10070
0.00724905 -9936
0.00729143 -9803
0.00733214 -9670
0.00737345 -9538
0.00741746 -9406
0.00746192 -9274
0.00751389 -9142
0.00756118 -9010
0.00760669 -8879
0.00765318 -8748
0.00769752 -8618
0.00774273 -8488
0.00778561 -8358
0.00782974 -8228
0.00787369 -8099
0.00791847 -7970
0.00796262 -7842
0.00800796 -7715
0.00805165 -7588
0.0080952 -7461
0.00814105 -7335
0.00819056 -7210
0.00824113 -7087
0.00829159 -6964
0.00835204 -6841
0.00840563 -6719
0.00845693 -6599
0.00850767 -6480
0.00855835 -6361
0.00860746 -6242
0.00865569 -6124
0.00870971 -6007
0.00876194 -5890
0.00881514 -5774
0.00886888 -5659
0.0089227 -5545
0.00897511 -5432
0.00903024 -5319
0.00908835 -5207
0.00914644 -5096
0.00920445 -4986
0.00925843 -4877
0.00931545 -4769
0.00937291 -4662
0.00943228 -4555
0.00948964 -4448
0.00954398 -4342
0.00960738 -4236
0.0096629 -4131
0.00971975 -4026
0.00978191 -3922
0.00984115 -3818
0.00989992 -3716
0.00996263 -3615
0.0100268 -3514
0.0100928 -3415
0.0101587 -3317
0.0102371 -3220
0.0103099 -3123
0.010382 -3028
0.0104507 -2935
0.0105224 -2843
0.0105956 -2752
0.0106668 -2661
0.0107417 -2571
0.0108134 -2481
0.0108888 -2392
0.0109697 -2304
0.011049 -2217
0.0111405 -2131
0.0112241 -2046
0.011315 -1962
0.0114001 -1881
0.0114906 -1801
0.0115804 -1722
0.011669 -1644
0.0117568 -1566
0.0118673 -1489
0.0119842 -1413
0.0121021 -1338
0.0122222 -1263
0.0123389 -1190
0.0124561 -1120
0.0125774 -1051
0.0126995 -984
0.012827 -918
0.0129623 -854
0.0131026 -792
0.0132442 -731
0.0133936 -673
0.0135425 -617
0.0137148 -563
0.0138935 -510
0.0140773 -459
0.0142616 -408
0.0144499 -359
0.0146405 -312
0.0148473 -267
0.0150465 -227
0.0152478 -191
0.0154616 -156
0.0156725 -125
0.015882 -95
0.0160915 -67
0.016301 -40
0.0165285 -16
0.016736 6
0.0169384 25
0.0171354 42
0.0173426 58
0.0175319 75
0.0177181 89
0.017902 102
0.0180776 116
0.0182586 128
0.0184332 139
0.0185987 160
0.0187555 170
0.01892 180
0.0190988 190
0.0192642 200
0.0194351 212
0.0196161 221
0.0197898 230
0.0199558 238
0.0201292 253
0.020296 259
0.0204734 267
0.0206584 276
0.0208369 285
0.0210394 293
0.021225 306
0.021405 313
0.0215975 319
0.0217757 328
0.0219599 337
0.0221365 341
0.0223221 346
0.0225283 351
0.022714 358
0.0229038 363
0.0230996 366
0.0232992 373
0.0235012 379
0.0236971 385
0.0238865 390
0.0240821 397
0.024272 402
0.0244681 403
0.0246696 409
0.0248762 410
0.0277664 411
0.0293712 415
0.0393419 416
0.0395325 417
0.0540814 418
0.0700895 420
2 420
