0 -3325
5.6e-08 -3138
7.246e-06 -2952
1.4932e-05 -2775
2.3704e-05 -2605
3.6717e-05 -2449
5.0161e-05 -2308
7.0476e-05 -2167
8.3685e-05 -2032
9.3403e-05 -1903
0.000102091 -1785
0.000108522 -1683
0.000114533 -1584
0.000119794 -1487
0.000126675 -1390
0.000133135 -1297
0.000139482 -1206
0.000146279 -1116
0.0001514 -1028
0.000155987 -940
0.000162316 -858
0.000168045 -778
0.000173747 -700
0.000180291 -622
0.000185393 -547
0.000191993 -472
0.000198921 -401
0.000204725 -333
0.000209237 -274
0.000217513 -215
0.000225705 -160
0.000233438 -107
0.000239476 -56
0.00024778 -8
0.000258059 39
0.000267712 86
0.000274714 124
0.000280125 160
0.000285892 193
0.000291809 225
0.000296612 254
0.000302079 283
0.000308248 310
0.000313959 337
0.000319623 362
0.000323171 385
0.000328901 412
0.000334387 432
0.000338806 451
0.000342934 469
0.000347531 489
0.000351453 507
0.000357033 524
0.00036207 541
0.000366816 557
0.000371291 572
0.000375289 587
0.000379455 603
0.000383349 631
0.000388976 653
0.000393797 674
0.000397991 690
0.000402663 703
0.000407288 713
0.000413813 723
0.000422267 733
0.000425253 743
0.000429091 752
0.000430926 761
0.000432171 769
0.000434147 780
0.000437891 788
0.00043924 794
0.000441711 795
0.000443303 797
0.000445409 802
0.000446495 804
0.000452056 805
0.000455473 812
0.000501047 820
0.00050657 821
0.000638114 822
0.000753508 823
0.000786939 825
0.000788269 829
0.000790281 830
0.000793324 832
0.00102479 833
0.00128368 836
0.00128563 837
0.00128733 846
2 846
