0 -12764
2.48e-07 -12454
2.6605e-05 -12156
5.181e-05 -11860
6.745e-05 -11589
8.5449e-05 -11322
0.000103088 -11068
0.000174154 -10816
0.000232827 -10572
0.000279649 -10330
0.00031484 -10097
0.0003443 -9864
0.000372076 -9646
0.000398709 -9432
0.000423115 -9220
0.000444151 -9011
0.000462132 -8802
0.000480465 -8601
0.000500873 -8406
0.000521081 -8214
0.000540775 -8023
0.000558166 -7837
0.000579592 -7652
0.000603541 -7470
0.000625691 -7293
0.000645995 -7120
0.000666279 -6949
0.000687249 -6780
0.000707523 -6616
0.000726094 -6452
0.000744284 -6291
0.000763607 -6131
0.000782169 -5971
0.000799912 -5813
0.000818768 -5656
0.000837625 -5500
0.000857024 -5348
0.00087805 -5197
0.000897497 -5046
0.000916696 -4900
0.000935315 -4758
0.000953895 -4618
0.000973646 -4478
0.000993902 -4342
0.00101263 -4208
0.00103469 -4076
0.00105386 -3946
0.00107294 -3818
0.0010932 -3693
0.00111504 -3568
0.00113759 -3446
0.00115693 -3328
0.00117666 -3211
0.00119389 -3099
0.0012146 -2990
0.00123247 -2881
0.0012498 -2772
0.00126815 -2665
0.00128607 -2559
0.00130509 -2456
0.00132464 -2353
0.00134416 -2255
0.00136245 -2158
0.00138209 -2064
0.00140074 -1971
0.00141975 -1881
0.00143684 -1791
0.00145615 -1701
0.00147482 -1611
0.00149179 -1522
0.00151114 -1435
0.00153026 -1348
0.0015489 -1261
0.00156531 -1175
0.00158504 -1091
0.00160247 -1008
0.00161959 -926
0.00166427 -846
0.00170861 -769
0.00173812 -693
0.00176374 -621
0.00178625 -550
0.00180859 -480
0.00183543 -411
0.00185982 -346
0.00187781 -284
0.0018973 -222
0.00191486 -160
0.00193138 -102
0.00194808 -46
0.00196586 7
0.00198241 60
0.00199996 112
0.00201889 163
0.00203829 214
0.00205771 265
0.00207494 315
0.00209263 365
0.00210972 414
0.00212806 461
0.00214624 506
0.00216785 549
0.00218654 588
0.00220509 624
0.00222113 659
0.00223936 693
0.00225795 727
0.0022733 761
0.00229212 791
0.00231282 820
0.00233132 846
0.00234937 871
0.00236513 896
0.00238302 919
0.00240023 942
0.00242069 964
0.00244036 986
0.00245886 1006
0.00247817 1025
0.00249765 1043
0.00251603 1066
0.00253499 1084
0.00255374 1102
0.00257134 1119
0.00258992 1136
0.00260735 1152
0.0026255 1168
0.00264448 1184
0.00266281 1200
0.00268605 1215
0.002705 1228
0.00272405 1240
0.0027408 1252
0.00275827 1264
0.00277577 1276
0.00279285 1293
0.00281188 1305
0.00283079 1315
0.00284886 1325
0.00286614 1341
0.00288439 1351
0.00290339 1360
0.0029204 1369
0.00293919 1377
0.00295751 1389
0.00297423 1399
0.00299136 1407
0.00301056 1422
0.00303785 1430
0.00306586 1437
0.00309561 1444
0.00312859 1455
0.00315539 1462
0.00318083 1470
0.00320308 1476
0.00322217 1482
0.00324061 1487
0.00325779 1491
0.00327606 1494
0.00329323 1497
0.00331136 1504
0.00332971 1507
0.00334746 1531
0.0033648 1533
0.00338315 1535
0.00340133 1541
0.00342015 1543
0.00344007 1551
0.00347895 1558
0.0034989 1559
0.00360879 1562
0.00370945 1565
0.00372722 1569
0.00374575 1571
0.00376286 1573
0.00378006 1576
0.0037968 1578
0.0038506 1579
0.00386736 1581
0.00388459 1582
0.00390334 1583
0.00393133 1585
0.00421213 1598
0.00423275 1606
0.00425339 1613
0.00427085 1615
0.00428788 1616
0.00437565 1617
0.00442569 1624
0.00468262 1630
0.00470557 1633
0.00472519 1637
0.00474288 1640
0.00476053 1642
0.00477965 1646
0.00479679 1648
0.00481287 1649
0.00499546 1651
0.00502121 1655
0.00507215 1656
0.00509786 1658
0.00526003 1659
0.00548816 1661
2 1661
