0 -39036
5.8e-08 -38441
6.0584e-05 -37889
0.000127617 -37399
0.000194897 -36913
0.00028058 -36440
0.000412037 -35968
0.000608663 -35524
0.000791331 -35090
0.000965657 -34656
0.00113277 -34227
0.00129387 -33806
0.00145822 -33387
0.00163707 -32974
0.00183076 -32573
0.00201904 -32182
0.00221859 -31807
0.00245798 -31433
0.00264255 -31061
0.00281593 -30690
0.00298006 -30320
0.00313554 -29952
0.00330497 -29585
0.00345519 -29220
0.00360075 -28858
0.00378179 -28502
0.00394754 -28147
0.00410791 -27794
0.00426409 -27443
0.00441504 -27092
0.0045613 -26744
0.00472161 -26405
0.00488105 -26066
0.00503615 -25727
0.00519321 -25393
0.00536124 -25065
0.00550322 -24740
0.0056582 -24416
0.00579539 -24098
0.00592866 -23784
0.00608637 -23471
0.00625116 -23160
0.00642851 -22850
0.00657169 -22544
0.00670961 -22239
0.00684244 -21935
0.00697164 -21633
0.00709609 -21332
0.00721696 -21033
0.0073382 -20735
0.00747157 -20439
0.00760543 -20148
0.00772613 -19865
0.00784214 -19585
0.00795666 -19306
0.0080684 -19031
0.00817652 -18757
0.00828336 -18485
0.00839787 -18215
0.00850619 -17951
0.00863168 -17689
0.00875635 -17428
0.0088548 -17168
0.00895079 -16909
0.00904728 -16651
0.00914231 -16394
0.00923513 -16141
0.00933446 -15891
0.00948571 -15642
0.00962366 -15393
0.00975517 -15146
0.00988111 -14908
0.0100005 -14673
0.0101175 -14438
0.0103753 -14206
0.0105637 -13975
0.0107384 -13745
0.0109033 -13515
0.0110567 -13291
0.0112018 -13068
0.0113444 -12847
0.0115678 -12628
0.0117388 -12411
0.0118842 -12196
0.0120592 -11982
0.0121838 -11771
0.0123165 -11561
0.0124316 -11356
0.0125597 -11153
0.0126571 -10953
0.0127489 -10755
0.0128479 -10558
0.0129383 -10367
0.0130329 -10176
0.0131328 -9986
0.0132171 -9796
0.0133009 -9608
0.0133822 -9421
0.0134805 -9237
0.0135823 -9055
0.0136802 -8874
0.0137748 -8693
0.0138695 -8517
0.0139646 -8346
0.014059 -8176
0.0141436 -8013
0.0142275 -7850
0.014309 -7688
0.0144035 -7526
0.0144806 -7366
0.0145495 -7207
0.0146333 -7050
0.0147113 -6893
0.014798 -6739
0.0148695 -6587
0.0149463 -6436
0.0150525 -6285
0.0151242 -6134
0.0151933 -5988
0.0152594 -5844
0.0153393 -5702
0.0154097 -5562
0.0154804 -5422
0.0155497 -5284
0.015618 -5146
0.0157257 -5008
0.0158588 -4871
0.0159731 -4738
0.0160786 -4607
0.016176 -4477
0.0162647 -4348
0.0163538 -4220
0.01643 -4096
0.0165184 -3976
0.0165924 -3858
0.0166645 -3742
0.0167368 -3628
0.0168212 -3517
0.0169147 -3407
0.0170231 -3297
0.0171151 -3187
0.0172193 -3080
0.0173065 -2976
0.0173996 -2873
0.017471 -2770
0.0175402 -2667
0.0176151 -2565
0.0176897 -2465
0.0177576 -2365
0.0178241 -2268
0.0178991 -2175
0.0179679 -2083
0.0180369 -1991
0.0181049 -1900
0.0181858 -1809
0.0182666 -1719
0.0183383 -1630
0.0184369 -1546
0.0185056 -1462
0.0185709 -1380
0.0186432 -1299
0.0187151 -1220
0.0187822 -1142
0.0188806 -1066
0.0189674 -993
0.0190465 -921
0.0191215 -850
0.0191922 -782
0.0192621 -715
0.0193458 -649
0.0194181 -583
0.0194842 -520
0.0195509 -459
0.0196339 -398
0.0197039 -339
0.0197687 -280
0.0198489 -224
0.0199576 -169
0.0200602 -115
0.0201381 -65
0.0202093 -15
0.0202782 33
0.0203517 81
0.02042 129
0.0204849 176
0.0205502 222
0.0206272 263
0.0207267 304
0.0208142 343
0.0208891 381
0.0209624 419
0.0210277 455
0.0210904 490
0.0211524 525
0.0212449 558
0.0213204 591
0.0213915 624
0.0214579 655
0.0215221 684
0.0215845 713
0.0216468 740
0.0217089 766
0.0217706 791
0.0218459 813
0.021932 834
0.0220103 853
0.0220717 869
0.0221326 884
0.0222002 901
0.0222607 915
0.0223215 931
0.0223928 945
0.0224623 960
0.022543 973
0.0226359 988
0.022729 1001
0.0228199 1013
0.0229094 1025
0.0229895 1037
0.0230732 1047
0.0231424 1057
0.0232153 1066
0.023278 1075
0.0233479 1084
0.0234174 1093
0.0234785 1106
0.0235442 1114
0.0236138 1121
0.0236743 1129
0.0237426 1135
0.0238116 1140
0.0238833 1144
0.0239446 1148
0.0240041 1152
0.0240636 1156
0.0241425 1169
0.024219 1178
0.0242811 1180
0.0243426 1181
0.0244038 1195
0.0244717 1196
0.0245376 1197
0.0246113 1199
0.0246736 1204
0.0247352 1209
0.024797 1211
0.0248771 1218
0.0249535 1220
0.0250339 1222
0.0251011 1228
0.0251759 1235
0.0252685 1238
0.0253476 1240
0.0254285 1251
0.0255047 1256
0.0255853 1264
0.0256635 1265
0.0257555 1266
0.0258173 1267
0.0259385 1274
0.0260133 1287
0.0260772 1292
0.0261488 1297
0.0262135 1300
0.0262738 1302
0.0264446 1305
0.0265422 1314
0.02661 1318
0.0268026 1319
0.0268728 1321
0.0269472 1336
0.0270106 1338
0.0270737 1339
0.0271344 1340
0.027193 1342
0.0273142 1351
0.027389 1354
0.0278464 1355
0.0279076 1358
0.0280007 1360
0.0280748 1362
0.028209 1363
0.0283428 1366
0.0284341 1369
0.0285092 1374
0.0287874 1381
0.0288506 1383
0.0289753 1388
0.0290469 1390
0.0297324 1394
0.0297945 1397
0.0299608 1399
0.0300795 1401
0.030163 1402
0.0307236 1403
0.0309295 1404
0.032988 1409
0.0330534 1419
0.0331188 1429
0.0331874 1437
0.0332698 1442
0.0333441 1449
0.0334091 1452
0.0334737 1454
0.0336116 1455
0.0352202 1456
0.0523026 1457
0.0523549 1461
0.0539192 1464
0.0539848 1467
0.0541553 1468
0.0542133 1470
0.0648687 1471
0.0649328 1472
0.0650137 1473
0.0726149 1474
0.0730067 1476
0.0730681 1479
0.0898334 1480
0.0933087 1481
2 1481
