0 -3830
4.8e-08 -3617
5.036e-06 -3420
1.3139e-05 -3225
1.9818e-05 -3041
2.6555e-05 -2864
3.9283e-05 -2703
4.8303e-05 -2542
5.4695e-05 -2385
6.0734e-05 -2236
6.641e-05 -2087
7.1532e-05 -1939
7.6988e-05 -1810
8.2865e-05 -1687
8.8923e-05 -1565
9.5134e-05 -1450
0.000100246 -1341
0.000105874 -1233
0.000111808 -1128
0.000117274 -1027
0.000140264 -926
0.000151644 -826
0.000158046 -733
0.000163092 -651
0.000168682 -570
0.000175647 -492
0.000182145 -418
0.000190105 -345
0.000197252 -273
0.000203119 -208
0.000210209 -145
0.000216067 -83
0.000222115 -28
0.000227791 27
0.000233505 74
0.000239669 119
0.000245392 156
0.000250657 193
0.000257365 226
0.00026263 258
0.000269453 289
0.000276065 316
0.000281922 334
0.000288047 351
0.000293045 368
0.000298721 384
0.000304435 400
0.000310827 416
0.000317182 431
0.000322858 446
0.000329097 459
0.000334706 472
0.000338175 482
0.000343717 491
0.000349584 506
0.000354582 513
0.000360238 520
0.000365972 526
0.000371552 529
0.00037719 545
0.000419835 550
0.000427088 551
0.000489379 554
0.00049967 566
0.000527286 568
0.000705102 576
0.000711198 582
0.00071588 584
0.00072148 585
0.000763495 586
0.000770413 588
0.000773251 589
0.000787679 593
0.000791301 596
0.000795744 598
0.00130736 599
0.00138878 606
0.00138976 608
0.00202488 610
0.00212604 615
0.0026004 619
0.00462991 620
2 620
