0 -19422
5.7e-08 -19055
8.599e-06 -18710
1.5307e-05 -18372
2.3859e-05 -18041
3.9893e-05 -17711
5.1866e-05 -17386
6.9353e-05 -17062
8.1173e-05 -16739
0.000112256 -16417
0.000126799 -16100
0.000137215 -15792
0.000146474 -15485
0.000155504 -15184
0.000165508 -14887
0.000175532 -14592
0.000185221 -14299
0.000193716 -14009
0.000202927 -13720
0.000212081 -13433
0.000222898 -13155
0.000233629 -12883
0.000243184 -12613
0.000253915 -12348
0.000263881 -12084
0.000273541 -11822
0.000283642 -11562
0.000294267 -11308
0.000304424 -11057
0.000314572 -10808
0.000325647 -10562
0.000337171 -10317
0.000349583 -10074
0.000359836 -9831
0.000370318 -9589
0.000381641 -9349
0.000392888 -9114
0.000403466 -8883
0.000415945 -8654
0.000426322 -8425
0.000436136 -8202
0.000449322 -7979
0.000462824 -7758
0.000477664 -7538
0.00049107 -7320
0.000504151 -7105
0.000514585 -6898
0.000526587 -6693
0.000536324 -6490
0.000549472 -6291
0.000560442 -6102
0.000572864 -5917
0.000585783 -5732
0.000598071 -5547
0.000609031 -5363
0.000621147 -5180
0.000633875 -5001
0.000646756 -4822
0.000661566 -4643
0.000673014 -4465
0.00068469 -4293
0.000699597 -4122
0.000713299 -3952
0.000729142 -3789
0.000744746 -3629
0.000762605 -3469
0.000779164 -3310
0.000798638 -3155
0.00081688 -3008
0.000834997 -2867
0.000854031 -2735
0.000875597 -2603
0.000894727 -2472
0.000912003 -2343
0.000927359 -2215
0.000944845 -2093
0.00096259 -1973
0.000979034 -1855
0.000994055 -1739
0.00101356 -1623
0.00102992 -1513
0.00104869 -1410
0.00106675 -1313
0.00108607 -1218
0.00110243 -1125
0.00112291 -1034
0.00114193 -943
0.00115876 -852
0.00117683 -764
0.00119479 -678
0.00121252 -595
0.00123208 -516
0.00125158 -441
0.00127457 -373
0.00129448 -306
0.00131356 -244
0.0013345 -185
0.00135397 -127
0.00137313 -72
0.00139189 -19
0.00140896 34
0.00142544 72
0.00144176 106
0.00145898 137
0.00147551 165
0.00149497 193
0.00151311 221
0.00153044 247
0.00154752 271
0.00156335 292
0.00158501 306
0.00160032 319
0.00161517 336
0.00163038 347
0.00164688 357
0.00166088 366
0.00167621 373
0.00169083 380
0.00170562 389
0.00171941 396
0.00173844 405
0.00179157 411
0.00181494 428
0.00183076 432
0.00184229 439
0.00186217 446
0.00187973 452
0.00189525 457
0.0019102 458
0.00195277 471
0.00199367 472
0.00201983 480
0.00203538 496
0.00211439 497
0.00216683 500
0.00218008 504
0.00223333 505
0.00224729 508
0.0022618 509
0.00227647 511
0.00274317 512
0.00284268 520
0.0028568 522
0.00287331 523
0.00289915 527
0.00295836 528
0.00328306 529
0.00333519 531
0.00393771 532
0.00395186 540
0.00396935 543
0.00428247 552
0.0042964 555
0.00431209 556
0.00432661 562
0.00468653 563
0.00535654 567
2 567
