0 -4196
5.8e-08 -3978
5.514e-06 -3787
1.1916e-05 -3601
1.9293e-05 -3428
3.0769e-05 -3256
4.3859e-05 -3084
5.138e-05 -2919
5.6969e-05 -2773
6.2282e-05 -2628
6.877e-05 -2484
7.5602e-05 -2346
8.3237e-05 -2212
8.983e-05 -2081
9.5267e-05 -1954
0.00010187 -1831
0.000108664 -1710
0.000115028 -1592
0.000120981 -1484
0.000127909 -1376
0.000134167 -1270
0.000141047 -1166
0.000147191 -1062
0.000154281 -966
0.000160024 -870
0.000165471 -786
0.000171796 -708
0.000178265 -631
0.000185193 -560
0.000191605 -489
0.000198867 -421
0.000205135 -356
0.000211747 -292
0.000218236 -229
0.000224418 -167
0.000231126 -108
0.000238885 -55
0.000246481 -3
0.000253275 46
0.00025877 90
0.000266146 133
0.000273026 175
0.000280527 211
0.000288152 246
0.000294908 281
0.000300613 315
0.000307158 343
0.000313073 368
0.000320497 391
0.00032731 413
0.000333569 431
0.000339656 446
0.000345303 461
0.000351562 476
0.000357381 491
0.000363965 504
0.00037031 515
0.000376024 529
0.000381499 540
0.000387156 551
0.000419357 562
0.000431454 571
0.000438812 575
0.00044508 579
0.00045176 587
0.000464774 593
0.00047087 597
0.000476823 607
0.00048334 610
0.00049537 616
0.000515007 623
0.000522527 625
0.00057038 628
0.000576075 630
0.000578435 641
0.000588449 642
0.000590494 643
0.000594058 657
0.000604015 662
0.000617555 663
0.000628448 666
0.000633665 667
0.00127198 671
0.00218856 672
0.0025492 673
2 673
