0 -61771
4.7e-08 -61141
1.3215e-05 -60516
2.6946e-05 -59903
4.276e-05 -59299
5.7466e-05 -58707
8.1593e-05 -58137
0.000120216 -57582
0.000155236 -57028
0.000179125 -56474
0.000202535 -55934
0.000224284 -55396
0.000246519 -54859
0.000266241 -54323
0.000286212 -53788
0.000308801 -53257
0.000333635 -52729
0.000360926 -52203
0.000389945 -51677
0.000416366 -51161
0.000443943 -50647
0.000469436 -50137
0.000490172 -49628
0.000514203 -49125
0.000535044 -48623
0.000557442 -48122
0.000583212 -47630
0.000605018 -47138
0.000626126 -46647
0.000645494 -46156
0.000665637 -45668
0.000686678 -45181
0.000708675 -44695
0.000729821 -44212
0.000787019 -43735
0.000843941 -43267
0.000875368 -42805
0.000899648 -42345
0.000919619 -41885
0.000940832 -41428
0.000973349 -40971
0.00100122 -40516
0.00102256 -40064
0.00104401 -39618
0.00106543 -39173
0.00108467 -38731
0.00110467 -38291
0.00112677 -37853
0.00115038 -37418
0.0011738 -36989
0.00119588 -36560
0.00121745 -36131
0.00123956 -35702
0.00126166 -35280
0.00128445 -34861
0.00130559 -34442
0.00132485 -34024
0.00134654 -33607
0.00136789 -33193
0.00138806 -32779
0.00140845 -32366
0.00143096 -31955
0.00145396 -31546
0.00147348 -31139
0.00149335 -30735
0.00151412 -30332
0.00153613 -29936
0.0015571 -29541
0.00157912 -29148
0.00160342 -28756
0.00162992 -28366
0.00166199 -27977
0.00168869 -27590
0.00171015 -27207
0.0017312 -26825
0.00175317 -26444
0.00177554 -26065
0.0017985 -25686
0.00182245 -25310
0.00184814 -24934
0.00187006 -24559
0.00189329 -24186
0.00191734 -23814
0.00194733 -23443
0.0019793 -23078
0.00201692 -22714
0.00205344 -22353
0.0020896 -21994
0.00212078 -21635
0.00214715 -21277
0.00217192 -20920
0.00219499 -20564
0.00221728 -20213
0.00223995 -19864
0.00226342 -19515
0.00228752 -19168
0.00231501 -18827
0.00233924 -18488
0.00236656 -18149
0.00239335 -17812
0.00242224 -17479
0.00245068 -17147
0.00248104 -16822
0.00250549 -16498
0.00252988 -16175
0.00255735 -15853
0.00258481 -15531
0.00261215 -15209
0.00263785 -14888
0.00266413 -14581
0.00269022 -14275
0.00271564 -13970
0.00274517 -13670
0.0027739 -13373
0.00280667 -13077
0.00283812 -12787
0.00287387 -12504
0.00294686 -12222
0.00299269 -11940
0.00303243 -11658
0.00307009 -11378
0.00310525 -11099
0.00313781 -10821
0.00316871 -10543
0.0031987 -10265
0.00323273 -9997
0.00326358 -9729
0.0032948 -9462
0.00332898 -9196
0.00342451 -8931
0.00351897 -8668
0.00358869 -8419
0.00365427 -8174
0.00370245 -7929
0.00374553 -7686
0.00378455 -7445
0.00382385 -7207
0.0038615 -6975
0.00390435 -6743
0.00394642 -6515
0.00399509 -6287
0.00404611 -6061
0.00409533 -5838
0.00418503 -5621
0.00424522 -5412
0.00431023 -5205
0.00436456 -4998
0.00441481 -4798
0.0044706 -4602
0.00452141 -4407
0.00459846 -4213
0.00469348 -4021
0.00480583 -3832
0.0048821 -3647
0.00495459 -3467
0.005033 -3288
0.00511841 -3111
0.0051886 -2943
0.00525675 -2783
0.00533266 -2626
0.00541442 -2470
0.0054911 -2315
0.00558417 -2165
0.00569086 -2020
0.00578329 -1887
0.00586688 -1755
0.00594399 -1628
0.00603335 -1503
0.00611433 -1379
0.00618576 -1260
0.00625831 -1151
0.00632962 -1046
0.00639939 -946
0.0064643 -848
0.00653931 -761
0.00660352 -677
0.00666189 -594
0.00671674 -512
0.00677368 -432
0.00682712 -356
0.0068777 -283
0.00692696 -213
0.00700344 -151
0.00708754 -93
0.00714847 -37
0.00719866 13
0.00724679 55
0.00729283 97
0.00733824 133
0.00738007 168
0.0074225 192
0.0074794 215
0.00754027 238
0.0075916 255
0.00763929 269
0.0076827 281
0.00772639 292
0.00777392 300
0.00781814 315
0.00786292 326
0.0079496 334
0.00799013 341
0.00802953 345
0.00806946 357
0.00811009 367
0.00819206 371
0.00864799 377
0.00869167 378
0.0117587 379
0.0118211 383
0.0182986 385
0.0194359 401
0.019489 405
0.019725 407
0.0197809 410
0.0198387 415
0.019894 422
0.0199494 425
0.0200035 428
0.0207244 433
0.0215598 439
0.0216004 441
0.0216426 442
0.0216822 444
0.023758 445
2 445
