0 -2661
5.8e-08 -2484
6.73e-06 -2324
1.4545e-05 -2170
2.2027e-05 -2021
3.1431e-05 -1890
3.9255e-05 -1760
4.4929e-05 -1631
6.0197e-05 -1505
0.000149206 -1381
0.000162294 -1259
0.0001687 -1149
0.000174659 -1041
0.00018096 -935
0.00018748 -830
0.000194258 -731
0.000200816 -632
0.000206242 -537
0.000212429 -450
0.000218454 -370
0.000223489 -291
0.000230362 -213
0.000236225 -143
0.000243117 -88
0.000249285 -35
0.000254758 14
0.000259261 61
0.000264305 107
0.000269741 153
0.000276937 198
0.000283324 241
0.000288892 278
0.000294289 312
0.000299477 344
0.000305379 373
0.000311194 401
0.000315535 428
0.000321018 454
0.000325406 477
0.00033007 499
0.000334877 520
0.000338475 535
0.000343291 549
0.00035083 563
0.000356741 577
0.000360806 598
0.000365013 611
0.000369515 623
0.000374646 635
0.00037853 646
0.000383812 655
0.000388486 664
0.000404991 672
0.000417699 694
0.000425647 714
0.000430587 722
0.00043588 731
0.000440877 739
0.000447207 748
0.000454117 756
0.0004604 768
0.000465292 775
0.000469937 781
0.000475725 784
0.000484767 795
0.000493182 805
0.000498465 809
0.00050528 814
0.000509249 818
0.00075802 819
0.000761751 825
0.000766139 830
0.000849951 833
0.000852255 835
0.000854159 836
0.00108279 838
0.00108555 840
0.00108679 844
0.00108943 845
0.00116728 846
0.00141182 854
0.0017139 856
0.00171638 859
0.00225145 862
0.00225395 863
2 863
