0 -55965
4.7e-08 -55393
1.109e-05 -54839
2.0522e-05 -54300
2.6816e-05 -53785
4.2542e-05 -53274
5.7996e-05 -52770
8.173e-05 -52269
0.000140175 -51775
0.000167196 -51286
0.000184158 -50802
0.000198872 -50325
0.000213053 -49849
0.000228741 -49374
0.000243062 -48903
0.000257317 -48433
0.000272631 -47969
0.000287926 -47510
0.000302884 -47051
0.00031772 -46594
0.000331769 -46138
0.000346118 -45683
0.000360289 -45229
0.00037534 -44782
0.00038938 -44336
0.000404235 -43890
0.000420017 -43445
0.00043431 -43004
0.000448996 -42565
0.000463935 -42127
0.00047894 -41692
0.000494591 -41261
0.000509352 -40830
0.000523682 -40400
0.000538265 -39971
0.000552155 -39545
0.00056819 -39120
0.000584009 -38699
0.000598696 -38281
0.000612305 -37867
0.000628068 -37454
0.000642389 -37044
0.000657112 -36636
0.00067104 -36230
0.000687552 -35825
0.000702042 -35421
0.000716316 -35018
0.000731349 -34616
0.000746363 -34215
0.000761667 -33817
0.00077611 -33421
0.000791714 -33030
0.000805763 -32640
0.00082043 -32252
0.000835557 -31864
0.000852416 -31477
0.000868085 -31091
0.000883427 -30707
0.00089905 -30323
0.000916078 -29941
0.000932159 -29561
0.000947866 -29181
0.000963424 -28806
0.00097899 -28432
0.000995287 -28066
0.00101078 -27700
0.00103824 -27337
0.0010602 -26975
0.00107718 -26615
0.00109412 -26258
0.00110968 -25901
0.00112435 -25547
0.00113888 -25193
0.00115308 -24840
0.00116823 -24488
0.00118629 -24138
0.00120352 -23788
0.00122132 -23439
0.00123802 -23091
0.00125403 -22746
0.00127083 -22401
0.00128688 -22056
0.00130417 -21712
0.00132055 -21377
0.00133565 -21043
0.00135209 -20709
0.00136867 -20375
0.00138851 -20044
0.00140554 -19715
0.0014222 -19386
0.0014399 -19058
0.00145797 -18733
0.00147557 -18410
0.00149482 -18094
0.00150987 -17778
0.00152726 -17466
0.00155256 -17158
0.00157683 -16852
0.00159651 -16548
0.00161544 -16244
0.00163274 -15941
0.00165077 -15638
0.00167275 -15340
0.00169402 -15042
0.00171342 -14745
0.00173493 -14449
0.00175441 -14158
0.00177283 -13873
0.00179574 -13589
0.00181806 -13306
0.00184158 -13024
0.00186316 -12747
0.00188211 -12471
0.00190438 -12195
0.00192402 -11924
0.00194787 -11654
0.00197267 -11384
0.00199059 -11117
0.00201094 -10851
0.00203132 -10591
0.00205441 -10334
0.00207578 -10078
0.00209939 -9826
0.00212188 -9575
0.0021418 -9328
0.0021642 -9086
0.00218763 -8846
0.00221122 -8609
0.0022333 -8373
0.00226024 -8142
0.00228542 -7915
0.00231056 -7691
0.00233911 -7470
0.00235965 -7252
0.00238328 -7036
0.002407 -6824
0.00243312 -6613
0.00249941 -6405
0.00253821 -6198
0.00256742 -5991
0.00259562 -5787
0.00262625 -5584
0.00265577 -5391
0.00268724 -5199
0.0027183 -5007
0.0027456 -4822
0.00277434 -4639
0.00280568 -4460
0.00283685 -4286
0.0028726 -4113
0.00290389 -3940
0.00293709 -3768
0.00296948 -3596
0.00300455 -3427
0.00304125 -3269
0.00307767 -3118
0.00311543 -2969
0.00315399 -2824
0.00319349 -2685
0.00323379 -2547
0.00327262 -2410
0.00331469 -2277
0.00335701 -2145
0.0034262 -2026
0.00349067 -1907
0.00354757 -1794
0.00359618 -1682
0.00364176 -1571
0.00368432 -1464
0.00372868 -1364
0.0037746 -1265
0.00382028 -1167
0.00385925 -1075
0.00389536 -983
0.00393096 -891
0.00396882 -800
0.00401021 -712
0.00404837 -624
0.00408373 -544
0.00412157 -466
0.00416244 -390
0.00420153 -320
0.00423789 -253
0.00427447 -198
0.00430854 -145
0.00436822 -95
0.00441455 -45
0.00445055 4
0.00448348 43
0.0045144 77
0.00454345 101
0.0045727 124
0.00460015 146
0.0046289 166
0.00465984 189
0.00468901 205
0.00471536 219
0.00474385 230
0.0047722 240
0.00479911 258
0.00482795 265
0.00485648 279
0.00488284 285
0.00491141 290
0.00493387 303
0.00496176 315
0.0049897 320
0.00501625 328
0.00504611 333
0.00507251 350
0.00510038 360
0.00512988 368
0.00515747 382
0.00518505 396
0.00521159 401
0.005241 410
0.00529315 417
0.00533759 429
0.00537296 438
0.00540224 443
0.00543546 448
0.00546074 483
0.00548927 504
0.0055164 520
0.00554609 527
0.00557642 530
0.00560578 540
0.0056333 542
0.00565787 543
0.00568638 550
0.005715 553
0.00592422 555
0.00595113 562
0.00597952 568
0.0060101 569
0.00603708 570
0.00606677 576
0.00609464 584
0.00612423 586
0.00619725 589
0.00626678 590
0.00640464 596
0.00654689 600
0.00657573 601
0.006604 602
0.00723584 604
0.0076664 619
0.00769419 624
0.00775358 627
0.00779088 634
0.00781963 640
0.00784963 645
0.00790557 648
0.00801831 649
0.00804688 650
0.0081161 651
0.00827883 660
0.00831626 665
0.00863391 667
0.00866297 678
0.0086898 681
0.00971545 683
0.00974396 684
0.0097895 690
0.00982195 692
0.0153334 693
0.0154499 702
0.0154791 704
0.0155106 708
0.0156408 717
0.0156766 719
0.0157081 723
0.0158104 725
0.0187422 733
0.0187714 734
0.020829 737
0.0208555 738
2 738
