0 -25511
5.7e-08 -25096
7.896e-06 -24694
1.4434e-05 -24300
1.8686e-05 -23912
2.35e-05 -23532
2.9242e-05 -23154
3.7512e-05 -22777
5.0137e-05 -22400
6.1817e-05 -22024
7.3103e-05 -21651
8.4596e-05 -21293
9.2847e-05 -20938
0.000101605 -20610
0.000109856 -20284
0.000118642 -19961
0.00012709 -19640
0.00013611 -19324
0.000144455 -19014
0.000152538 -18707
0.00016166 -18401
0.000182837 -18105
0.000200436 -17810
0.000210758 -17516
0.000219843 -17224
0.000228376 -16936
0.000237227 -16648
0.000249749 -16362
0.000258029 -16079
0.000266955 -15799
0.000276265 -15520
0.000285163 -15245
0.000294398 -14971
0.000304673 -14698
0.000313449 -14425
0.000322056 -14153
0.000332256 -13883
0.000340376 -13619
0.000348834 -13356
0.000358753 -13094
0.000367173 -12832
0.000375556 -12572
0.000384959 -12319
0.000394354 -12075
0.000404525 -11834
0.000413273 -11594
0.000422396 -11361
0.000432521 -11129
0.000443189 -10898
0.000451281 -10667
0.000460835 -10438
0.000469911 -10211
0.000478827 -9984
0.000489046 -9758
0.000499639 -9533
0.000509014 -9309
0.000518006 -9088
0.000527147 -8868
0.000536832 -8650
0.000546432 -8432
0.000555377 -8216
0.000564359 -8007
0.000574006 -7801
0.000583016 -7597
0.000593507 -7398
0.000604643 -7204
0.000616772 -7013
0.000627852 -6823
0.000639007 -6635
0.000651174 -6449
0.000664315 -6267
0.000674477 -6087
0.000685323 -5908
0.000696216 -5731
0.00070828 -5556
0.000721083 -5383
0.00073148 -5211
0.000741829 -5044
0.000754024 -4878
0.000764636 -4712
0.000775519 -4551
0.000822453 -4394
0.000842122 -4239
0.000855778 -4084
0.000870492 -3930
0.00088383 -3782
0.000895191 -3636
0.000909821 -3491
0.000928291 -3350
0.000940111 -3210
0.000952203 -3073
0.000966823 -2937
0.000980994 -2804
0.000995756 -2671
0.00101187 -2543
0.00102652 -2416
0.00104258 -2290
0.00105458 -2166
0.00106934 -2042
0.00108215 -1926
0.00109744 -1810
0.00111295 -1699
0.00112796 -1592
0.00114511 -1486
0.00116267 -1385
0.00118261 -1285
0.00120043 -1186
0.00121776 -1088
0.00123526 -994
0.00125249 -903
0.00126798 -821
0.00128546 -739
0.00130184 -664
0.00131805 -592
0.00133311 -522
0.00134758 -458
0.00136471 -397
0.00138255 -338
0.00139776 -281
0.00141465 -226
0.00142975 -174
0.0014446 -124
0.0014617 -76
0.00147718 -32
0.00149427 11
0.00151027 51
0.00152446 88
0.00154014 123
0.00155496 152
0.00157223 179
0.00158617 201
0.00160408 221
0.00162094 243
0.00163519 260
0.00164981 276
0.00166653 291
0.00168146 303
0.00169413 321
0.00170761 337
0.00172287 359
0.001738 373
0.00175165 388
0.00176672 411
0.00178075 420
0.00179566 433
0.00181178 441
0.00182613 447
0.00183912 455
0.00185414 467
0.00186776 478
0.00188166 498
0.00189345 504
0.00190759 511
0.00192263 516
0.00193416 521
0.0019486 525
0.00196304 529
0.00197663 550
0.00199072 562
0.00200261 565
0.0020179 574
0.00203031 577
0.0020549 581
0.00208365 584
0.00210539 596
0.00212296 601
0.00213801 612
0.00215314 614
0.00216671 615
0.00218084 621
0.00219451 624
0.00222235 629
0.00223566 641
0.00224948 653
0.00226212 655
0.00227689 658
0.00229256 666
0.00230741 672
0.00232202 679
0.00234986 682
0.00236378 686
0.00239239 689
0.00244855 690
0.00246292 692
0.00249234 695
0.00252121 700
0.00267414 703
0.00268796 706
0.00270038 708
0.00271302 709
0.00273854 713
0.00282118 714
0.00283534 717
0.00284866 719
0.00286061 723
0.00287424 743
0.00288712 746
0.00290081 747
0.0030353 748
0.00309062 752
0.003105 754
0.00311977 757
0.00317534 763
0.00318984 769
0.00323387 777
0.00324815 782
0.00326015 783
0.00331353 785
0.00372301 787
0.00544138 790
0.00545566 791
0.00664863 794
0.00666059 798
0.00671936 805
2 805
