0 -122896
4.7e-08 -121971
1.0032e-05 -121128
1.9444e-05 -120289
2.8696e-05 -119480
4.5621e-05 -118684
6.7989e-05 -117888
0.00010196 -117097
0.000128043 -116307
0.000151624 -115517
0.00017372 -114747
0.000195412 -113992
0.00021668 -113239
0.000237553 -112489
0.000258502 -111739
0.000283861 -110994
0.000305815 -110256
0.000327676 -109518
0.000349791 -108784
0.000371736 -108053
0.00039403 -107327
0.000415862 -106602
0.000437892 -105878
0.000459584 -105159
0.000481444 -104440
0.00050339 -103723
0.000525533 -103009
0.000547299 -102296
0.000569019 -101584
0.000590983 -100874
0.000616915 -100169
0.000639115 -99464
0.000661126 -98759
0.00068278 -98056
0.000704236 -97354
0.00072557 -96657
0.000746989 -95963
0.00076885 -95270
0.000790626 -94578
0.000812017 -93887
0.000833266 -93196
0.000866278 -92506
0.000888431 -91819
0.000909934 -91135
0.00093124 -90452
0.000952537 -89774
0.000974397 -89098
0.00099623 -88422
0.00101743 -87747
0.00103889 -87072
0.00106012 -86399
0.00108113 -85726
0.00110285 -85054
0.00112484 -84383
0.00114628 -83715
0.00117681 -83051
0.0012085 -82387
0.00124182 -81723
0.00126819 -81059
0.0012922 -80396
0.00131624 -79735
0.00134037 -79075
0.00136284 -78415
0.0013846 -77756
0.0014128 -77099
0.00144187 -76442
0.0014668 -75789
0.00149135 -75137
0.00151495 -74488
0.00153757 -73840
0.00156144 -73193
0.00158663 -72547
0.00160989 -71901
0.00163331 -71257
0.00165692 -70618
0.00167919 -69982
0.00170227 -69349
0.00172439 -68717
0.00174686 -68087
0.0017701 -67457
0.00179265 -66828
0.00181624 -66200
0.00183968 -65577
0.00186229 -64955
0.00188477 -64334
0.00190946 -63716
0.00193217 -63098
0.00195602 -62482
0.00197983 -61866
0.00200217 -61251
0.00202501 -60638
0.00204802 -60028
0.00207107 -59418
0.00209405 -58810
0.00211754 -58203
0.00214063 -57596
0.00216698 -56990
0.00219092 -56385
0.00221625 -55782
0.00223966 -55181
0.00226221 -54581
0.00228542 -53982
0.00230846 -53384
0.00233147 -52787
0.0023551 -52192
0.00237978 -51597
0.00240409 -51002
0.00242874 -50408
0.00245344 -49815
0.00247594 -49224
0.00249968 -48634
0.00252626 -48049
0.00255283 -47465
0.00257859 -46881
0.00260593 -46297
0.00263107 -45714
0.00265522 -45133
0.00267828 -44561
0.00270208 -43992
0.00272611 -43424
0.00275239 -42860
0.00277693 -42296
0.00280137 -41732
0.00283005 -41168
0.00285654 -40606
0.00287993 -40045
0.00290452 -39485
0.00292926 -38928
0.0029551 -38371
0.0029836 -37816
0.00301127 -37264
0.00303791 -36713
0.00307409 -36164
0.00310171 -35616
0.00313083 -35069
0.00315852 -34523
0.00318401 -33979
0.00320969 -33441
0.00323722 -32904
0.00326737 -32369
0.00329462 -31836
0.00332106 -31303
0.00334904 -30774
0.00337622 -30246
0.00340056 -29720
0.00343208 -29196
0.00346591 -28672
0.0034942 -28148
0.00352207 -27625
0.00355034 -27103
0.00357762 -26589
0.00360386 -26079
0.00363129 -25572
0.00366063 -25065
0.00369289 -24559
0.00372671 -24053
0.00375933 -23555
0.00379127 -23057
0.0038195 -22563
0.00385168 -22071
0.00388176 -21583
0.00391154 -21099
0.0039479 -20617
0.00398289 -20140
0.004015 -19671
0.00404842 -19207
0.0040832 -18744
0.00411361 -18283
0.00414541 -17824
0.00418287 -17366
0.00421948 -16908
0.00425665 -16453
0.00429031 -16010
0.00432238 -15567
0.00435551 -15127
0.00438755 -14693
0.0044187 -14269
0.00444951 -13849
0.00448459 -13431
0.0045218 -13015
0.00456047 -12604
0.00460588 -12194
0.00465346 -11785
0.00469425 -11383
0.00473475 -10983
0.00478359 -10587
0.00482981 -10198
0.00488096 -9810
0.00492009 -9428
0.00498199 -9047
0.00503837 -8687
0.00508552 -8341
0.00513497 -7997
0.00518609 -7654
0.00523806 -7312
0.00528784 -6970
0.00534237 -6644
0.00539947 -6326
0.00545052 -6014
0.00550483 -5705
0.00556648 -5406
0.00563537 -5109
0.00569488 -4815
0.00576316 -4529
0.00583629 -4250
0.00591216 -3979
0.00599004 -3713
0.0060807 -3452
0.00617178 -3196
0.00627235 -2945
0.00637697 -2704
0.00647975 -2465
0.00658601 -2231
0.00669347 -2021
0.00680655 -1825
0.00694271 -1639
0.00706883 -1465
0.00719017 -1295
0.00731121 -1129
0.00742907 -964
0.00754358 -814
0.00765397 -690
0.00776271 -574
0.00787013 -464
0.00797668 -365
0.00807467 -271
0.00816778 -196
0.00825629 -124
0.00834394 -69
0.00842578 -15
0.00850153 13
0.00857368 38
0.00864579 55
0.00871758 66
0.00877908 81
0.00883554 94
0.00890346 117
0.00895938 131
0.00901819 143
0.00908011 146
0.00914406 155
0.00920628 167
0.0092723 173
0.00933334 189
0.00939094 194
0.0094553 198
0.00952718 202
0.00973202 204
0.00980619 206
0.010545 213
0.0108228 218
0.0108935 222
0.0109596 228
0.0112314 229
0.0131668 233
0.0132341 237
0.013299 240
0.0206237 243
0.0206946 249
0.0504425 252
0.0505879 254
2 254
