0 -30269
5.6e-08 -29810
4.2643e-05 -29380
7.2077e-05 -28968
9.1859e-05 -28560
0.000108158 -28165
0.000143985 -27774
0.000181292 -27392
0.000218365 -27019
0.000278394 -26656
0.00032744 -26295
0.000420647 -25942
0.000505597 -25600
0.000583843 -25263
0.000658092 -24934
0.00072384 -24605
0.000780892 -24276
0.000834516 -23951
0.000884996 -23628
0.000932161 -23310
0.000980861 -22998
0.0010297 -22687
0.00107134 -22380
0.00114486 -22073
0.00124146 -21768
0.00133124 -21465
0.00141454 -21165
0.00149091 -20874
0.00155936 -20587
0.00161939 -20300
0.00167289 -20014
0.00172767 -19730
0.00177614 -19451
0.00181786 -19174
0.00186208 -18898
0.00189625 -18623
0.00193629 -18358
0.001974 -18093
0.00200632 -17828
0.00204104 -17567
0.00207493 -17308
0.0021162 -17049
0.00216042 -16792
0.00219941 -16539
0.0022365 -16287
0.00228236 -16038
0.00233106 -15795
0.00236978 -15553
0.0024055 -15312
0.00244336 -15075
0.00248637 -14843
0.00253479 -14616
0.00261047 -14390
0.00265507 -14164
0.00268731 -13939
0.00271685 -13714
0.0027512 -13495
0.00278378 -13277
0.00281057 -13059
0.00283908 -12844
0.00287353 -12630
0.00290353 -12417
0.00293513 -12204
0.00296147 -11992
0.00300688 -11781
0.00303808 -11573
0.003069 -11365
0.00309794 -11163
0.00312668 -10961
0.00315774 -10760
0.00318656 -10559
0.00321719 -10362
0.00324647 -10171
0.00327857 -9982
0.00331103 -9798
0.00334349 -9616
0.00338189 -9436
0.00341942 -9256
0.00346315 -9079
0.00350301 -8904
0.00353837 -8730
0.00357231 -8563
0.0035991 -8396
0.00362786 -8230
0.00366128 -8066
0.00370017 -7903
0.00373238 -7743
0.003766 -7585
0.00380273 -7429
0.00383345 -7274
0.00386592 -7119
0.00389718 -6965
0.00393013 -6811
0.00396457 -6658
0.00399575 -6511
0.004028 -6367
0.00405376 -6227
0.00407817 -6088
0.00410676 -5949
0.00413571 -5811
0.00416757 -5675
0.00419959 -5540
0.00422777 -5405
0.00425557 -5272
0.00428426 -5139
0.00430973 -5007
0.00433826 -4877
0.00436087 -4747
0.00438378 -4617
0.00441225 -4488
0.00444248 -4359
0.00447011 -4231
0.00449772 -4105
0.00452309 -3984
0.00457859 -3864
0.00464551 -3746
0.00470035 -3631
0.00474522 -3516
0.00478004 -3402
0.00481347 -3291
0.0048468 -3180
0.0048855 -3071
0.00491845 -2963
0.00494844 -2858
0.00498015 -2754
0.00500705 -2653
0.00503292 -2553
0.00506149 -2456
0.00508758 -2359
0.00512311 -2266
0.00515277 -2173
0.00517963 -2080
0.00521075 -1990
0.00524055 -1900
0.00527104 -1811
0.00530027 -1727
0.00532751 -1645
0.00535384 -1564
0.00538414 -1484
0.00541489 -1404
0.00544235 -1326
0.00547064 -1248
0.00549611 -1173
0.00552013 -1098
0.0055411 -1023
0.00556493 -952
0.00558971 -881
0.00561494 -810
0.00564055 -739
0.00568926 -671
0.00574368 -604
0.00578622 -544
0.00582152 -484
0.0058546 -427
0.00588227 -371
0.00591067 -316
0.00594164 -262
0.0059699 -209
0.0059954 -159
0.00602135 -110
0.00604859 -62
0.00607512 -15
0.00609999 32
0.00612672 73
0.0061541 112
0.00618202 150
0.00621055 186
0.00623816 222
0.00626632 258
0.00629356 293
0.0063194 327
0.00634655 361
0.00637596 394
0.00640042 426
0.00642542 457
0.00645435 485
0.00648353 513
0.00651052 539
0.00653598 564
0.00656505 589
0.0065906 613
0.00661567 637
0.00663939 660
0.00666231 691
0.00668842 713
0.00671808 734
0.00675937 757
0.00679045 778
0.006818 799
0.00684675 818
0.00687322 836
0.00690049 854
0.00692593 874
0.00695159 895
0.00698561 912
0.00701478 931
0.00704164 948
0.00706854 964
0.00709574 980
0.00712713 1000
0.00715357 1016
0.00717863 1036
0.00720613 1054
0.00723093 1075
0.00725821 1093
0.00728315 1110
0.00730956 1126
0.0073358 1141
0.0073609 1156
0.00738658 1170
0.00741016 1184
0.00743339 1204
0.00746009 1219
0.00748895 1232
0.00751435 1254
0.00754144 1267
0.00757391 1280
0.00759914 1294
0.00762639 1307
0.00764983 1325
0.0076765 1351
0.0077038 1365
0.00773031 1377
0.0077562 1388
0.00778346 1399
0.00781055 1409
0.00783718 1425
0.00786652 1439
0.00789758 1448
0.00792694 1457
0.00795243 1468
0.00797848 1476
0.00800041 1496
0.00802338 1514
0.00804863 1526
0.00807428 1537
0.00810002 1556
0.00812679 1566
0.00815041 1582
0.00817848 1597
0.00820681 1609
0.0082323 1619
0.00826187 1636
0.00828658 1645
0.00831389 1655
0.00836077 1663
0.0084105 1670
0.00843374 1677
0.00846088 1683
0.0084966 1699
0.00852951 1705
0.00854458 1709
0.00855657 1719
0.00857528 1728
0.00858177 1731
0.00858855 1735
0.00861201 1737
0.00862974 1748
0.00864581 1750
0.00864966 1766
0.00868436 1768
0.0087053 1771
0.00871901 1777
0.00872277 1778
0.00873381 1779
0.0087504 1783
0.00877015 1797
0.00879954 1806
0.0091476 1810
0.00924399 1812
0.00924701 1813
0.00927919 1816
0.00929464 1823
0.00954273 1825
0.00968397 1827
0.0101512 1837
0.0102552 1841
0.0102816 1848
0.0104611 1849
2 1849
