0 -70744
5.7e-08 -70098
1.2832e-05 -69495
2.3669e-05 -68902
4.2944e-05 -68319
6.1218e-05 -67755
8.4296e-05 -67200
0.000106307 -66645
0.000135829 -66107
0.000157933 -65573
0.000176759 -65039
0.000194826 -64513
0.00021294 -63988
0.000230764 -63464
0.000248363 -62940
0.000266524 -62419
0.000285706 -61898
0.000304579 -61378
0.000323021 -60864
0.000340452 -60351
0.000358303 -59838
0.000376427 -59328
0.00039397 -58820
0.000412356 -58314
0.000430367 -57810
0.000448678 -57313
0.000469152 -56817
0.000487997 -56322
0.000507666 -55833
0.000526052 -55347
0.00054544 -54864
0.000563779 -54386
0.000582689 -53909
0.000601309 -53433
0.000620603 -52958
0.000639457 -52485
0.000659417 -52018
0.000677671 -51551
0.000696919 -51086
0.000716681 -50622
0.000735507 -50158
0.000756038 -49695
0.000775698 -49236
0.000793428 -48777
0.000811551 -48319
0.000830368 -47862
0.000850852 -47410
0.000870586 -46960
0.000888654 -46511
0.000907686 -46066
0.000927439 -45625
0.000946808 -45185
0.000966018 -44746
0.00098594 -44308
0.00100487 -43870
0.00102368 -43434
0.00108275 -43000
0.00111754 -42567
0.0011409 -42135
0.00116331 -41703
0.00118327 -41271
0.00120439 -40841
0.00122345 -40413
0.00124193 -39985
0.00126065 -39558
0.00129919 -39139
0.00132524 -38725
0.00134553 -38313
0.00136422 -37903
0.00138451 -37493
0.00140638 -37084
0.00142583 -36676
0.00144662 -36268
0.00146673 -35860
0.0014879 -35453
0.00150792 -35047
0.00152863 -34645
0.00154828 -34244
0.00157022 -33843
0.00158837 -33445
0.00160688 -33048
0.00162642 -32652
0.00164431 -32257
0.00166271 -31865
0.00168225 -31473
0.00170312 -31082
0.00172235 -30693
0.00174167 -30304
0.00176794 -29915
0.00179231 -29527
0.00181503 -29141
0.00183663 -28761
0.00185965 -28384
0.00188002 -28007
0.00189888 -27631
0.0019226 -27259
0.00194432 -26891
0.00196546 -26524
0.00198647 -26157
0.00200796 -25790
0.002031 -25425
0.00205279 -25062
0.0020724 -24706
0.00209498 -24352
0.00211681 -24002
0.00213982 -23652
0.00216166 -23303
0.0021818 -22955
0.00220406 -22609
0.00222522 -22265
0.00225005 -21922
0.00227503 -21580
0.00229672 -21238
0.00232236 -20898
0.00234583 -20561
0.00237074 -20229
0.00239619 -19901
0.00241857 -19574
0.0024421 -19252
0.00246714 -18931
0.00249187 -18613
0.00251451 -18296
0.00253775 -17984
0.00256041 -17672
0.00258181 -17360
0.00260925 -17050
0.0026349 -16740
0.00266056 -16431
0.00268479 -16122
0.0027126 -15816
0.0027379 -15513
0.00276362 -15215
0.00278993 -14920
0.00281622 -14625
0.00284074 -14331
0.00287063 -14043
0.00289397 -13759
0.00292018 -13476
0.00296505 -13194
0.00299432 -12914
0.00302304 -12639
0.00306042 -12364
0.00309674 -12089
0.00312825 -11818
0.0031564 -11548
0.00318224 -11281
0.00321268 -11022
0.00324237 -10763
0.00327245 -10505
0.00330097 -10249
0.00333234 -9997
0.00336367 -9748
0.00339179 -9501
0.0034243 -9255
0.00345215 -9012
0.00348412 -8770
0.00351617 -8530
0.00354741 -8292
0.00357868 -8061
0.00360546 -7831
0.00363502 -7605
0.00367004 -7380
0.00370818 -7159
0.00375149 -6938
0.00379048 -6721
0.00383373 -6505
0.00387184 -6291
0.00391638 -6084
0.00395959 -5878
0.00400104 -5673
0.00404099 -5472
0.00408361 -5279
0.00412682 -5087
0.00417121 -4896
0.00421557 -4719
0.00426142 -4542
0.0043105 -4366
0.00436061 -4193
0.00440336 -4022
0.00444915 -3856
0.00449241 -3693
0.00453699 -3534
0.00457954 -3377
0.00462266 -3226
0.00467116 -3077
0.00472326 -2929
0.00477801 -2781
0.00484194 -2635
0.00490309 -2490
0.00496269 -2346
0.00502195 -2209
0.00508777 -2075
0.00515086 -1946
0.00521038 -1822
0.00526847 -1699
0.00533325 -1578
0.00539012 -1464
0.0054493 -1356
0.00550979 -1250
0.00556953 -1151
0.00562744 -1057
0.00568257 -967
0.00573731 -882
0.00578841 -802
0.00584121 -723
0.00589602 -645
0.00594875 -570
0.00600397 -495
0.00605331 -427
0.00610092 -370
0.00614856 -313
0.00619248 -257
0.00623449 -203
0.00627159 -150
0.00631102 -97
0.00635337 -53
0.00639322 -11
0.00643114 28
0.00646911 65
0.00650928 92
0.00654902 115
0.00658722 138
0.00662408 154
0.00665973 170
0.00671655 190
0.00676603 204
0.00681078 229
0.00684805 249
0.00688463 267
0.00691924 285
0.00695666 299
0.00699681 314
0.00703037 332
0.00706725 344
0.0071019 355
0.0071361 365
0.00717283 381
0.00723895 388
0.00729631 393
0.0073341 397
0.00737453 401
0.0074132 414
0.0074549 418
0.00749247 433
0.0075258 444
0.00756127 450
0.00759784 451
0.00766592 464
0.00769872 469
0.00773841 487
0.00777593 488
0.00781598 493
0.00797749 505
0.00802029 515
0.0080588 519
0.00809617 522
0.00812958 523
0.0082462 527
0.00828149 542
0.0083173 543
0.00835448 544
0.00839045 545
0.00842399 548
0.00853257 549
0.00883365 551
0.0112305 558
0.0112685 572
0.0113117 578
0.0118169 583
0.0118681 584
0.0119144 594
0.0120323 597
0.0120706 602
0.0136404 611
0.0138297 615
0.0138663 623
0.0139007 629
0.0159407 631
0.0159772 637
0.0160136 639
0.0160507 640
2 640
