0 -31993
4.6e-08 -31525
4.3757e-05 -31081
8.5043e-05 -30648
0.000136355 -30216
0.000208919 -29794
0.000287259 -29384
0.000376946 -28977
0.000470873 -28580
0.00055924 -28195
0.000640913 -27811
0.000762738 -27427
0.000885135 -27049
0.000998077 -26680
0.00109416 -26312
0.00118177 -25955
0.00126475 -25602
0.00134506 -25252
0.00141761 -24905
0.00148558 -24560
0.00154915 -24216
0.00160456 -23872
0.00166087 -23532
0.00171585 -23193
0.00176836 -22857
0.00182028 -22524
0.00186853 -22195
0.00191242 -21870
0.00195612 -21548
0.00199699 -21230
0.0020555 -20914
0.00210285 -20600
0.00214705 -20287
0.00219171 -19982
0.00223442 -19681
0.00227737 -19380
0.00232051 -19080
0.00237097 -18787
0.00242476 -18496
0.00248542 -18215
0.00254502 -17936
0.00259608 -17658
0.00264853 -17381
0.00270948 -17105
0.00276855 -16829
0.00282398 -16554
0.00287699 -16283
0.00292753 -16013
0.00297227 -15749
0.00301351 -15486
0.00305868 -15228
0.00310366 -14975
0.00314666 -14722
0.00318353 -14470
0.00322644 -14219
0.00327546 -13969
0.0033195 -13724
0.00336064 -13482
0.00340247 -13242
0.00344479 -13004
0.00348989 -12769
0.00353161 -12534
0.00357211 -12307
0.00361682 -12081
0.00366291 -11858
0.00370649 -11635
0.00374951 -11415
0.00379078 -11195
0.00383305 -10981
0.00387409 -10768
0.00391329 -10558
0.00395319 -10349
0.00399219 -10143
0.00403094 -9941
0.00407164 -9740
0.00410735 -9539
0.00414454 -9342
0.00418285 -9148
0.00422527 -8954
0.00426034 -8763
0.00429546 -8574
0.00432625 -8389
0.00436077 -8204
0.00439629 -8023
0.00443402 -7846
0.00446885 -7673
0.00450748 -7501
0.00454341 -7329
0.00458873 -7159
0.00462569 -6991
0.00466045 -6824
0.00469492 -6658
0.00472823 -6495
0.00475685 -6334
0.0047859 -6174
0.00481914 -6014
0.00484957 -5856
0.00488209 -5700
0.00492021 -5546
0.00499201 -5395
0.00503223 -5244
0.00506913 -5097
0.00510236 -4953
0.00513295 -4814
0.00516274 -4681
0.00519706 -4549
0.00523266 -4417
0.00526382 -4286
0.00529586 -4158
0.00532398 -4031
0.00535214 -3904
0.00537785 -3780
0.00540344 -3656
0.0054357 -3536
0.00546511 -3418
0.0054973 -3301
0.00553647 -3189
0.00557255 -3081
0.00560825 -2978
0.00563928 -2875
0.00567143 -2773
0.00570271 -2672
0.00573316 -2573
0.00576342 -2476
0.00579384 -2381
0.00581977 -2286
0.00584546 -2193
0.00587108 -2102
0.00589792 -2012
0.00593148 -1923
0.00596059 -1835
0.00598888 -1747
0.00602159 -1662
0.00605149 -1578
0.00607898 -1497
0.00610279 -1416
0.00613184 -1338
0.0061635 -1261
0.00619559 -1184
0.00625389 -1108
0.00631242 -1032
0.00635951 -962
0.00639828 -894
0.00643033 -829
0.00646017 -764
0.00648572 -699
0.00651033 -635
0.00653714 -571
0.00656319 -508
0.0065848 -447
0.00660929 -389
0.00664119 -333
0.00666974 -278
0.00669936 -223
0.00673218 -169
0.00676051 -117
0.00678871 -69
0.00682026 -22
0.00684798 24
0.00687299 69
0.00690261 114
0.00693415 155
0.00695976 193
0.00698846 228
0.00701842 263
0.00705001 297
0.00707911 330
0.00712073 361
0.00714935 391
0.00718189 421
0.00721392 450
0.00724489 479
0.00727597 507
0.00730452 529
0.00733046 554
0.00735282 583
0.00737923 605
0.00740786 626
0.00743606 647
0.00745958 668
0.00748655 688
0.00751028 708
0.00753702 729
0.00756788 748
0.00759596 767
0.00762582 793
0.00765452 812
0.00768206 831
0.00770871 847
0.00773385 863
0.00776123 881
0.00778713 899
0.00781651 915
0.00784648 930
0.00787893 945
0.0079105 959
0.00794077 976
0.00796957 991
0.00799691 1004
0.00802352 1029
0.00805054 1053
0.00807841 1080
0.00813398 1095
0.00818419 1107
0.00822666 1118
0.00826595 1132
0.00829784 1143
0.00832907 1163
0.00835667 1175
0.00838893 1186
0.00841364 1204
0.00844188 1217
0.00847042 1228
0.00849873 1239
0.00852627 1249
0.00855713 1266
0.00858896 1278
0.00862035 1288
0.00864956 1298
0.00867909 1307
0.00870858 1316
0.00873423 1324
0.00876259 1340
0.00878964 1348
0.00882041 1355
0.00885385 1371
0.00888339 1385
0.00891107 1392
0.00896751 1398
0.00901593 1404
0.00905671 1419
0.00909427 1431
0.00912572 1437
0.00915148 1443
0.00917966 1448
0.0092042 1456
0.00923299 1461
0.00925769 1466
0.00928328 1470
0.00931172 1477
0.00934193 1488
0.00937312 1497
0.00940167 1500
0.00942484 1510
0.00945548 1514
0.00948546 1524
0.00951372 1532
0.00954157 1536
0.00957043 1544
0.00960101 1567
0.00963114 1571
0.00966317 1577
0.00969522 1581
0.00972461 1591
0.00975645 1596
0.00979253 1602
0.00982372 1604
0.00986006 1608
0.00989065 1610
0.00991992 1614
0.00994655 1616
0.00999432 1623
0.0100457 1628
0.010089 1637
0.0101055 1639
0.0101326 1647
0.0101693 1656
0.0101812 1657
0.0101963 1660
0.0102347 1661
0.01028 1672
0.0102888 1673
0.0103156 1676
0.0103402 1678
0.0103567 1681
0.0103602 1682
0.0103991 1687
0.0104308 1690
0.0105428 1693
0.0105576 1696
0.0105722 1698
0.010585 1701
0.0106768 1707
0.0106881 1711
0.0106934 1714
0.0111203 1717
0.0111314 1720
0.0111479 1722
0.0111554 1738
0.0111716 1744
0.0117916 1750
0.0118249 1751
0.0122305 1753
0.0122402 1757
0.0122696 1758
0.0122859 1759
0.0125345 1761
0.0125681 1763
0.0125947 1766
0.0126162 1774
0.0130599 1781
0.0130773 1790
0.0131831 1794
0.0131947 1798
2 1798
