0 -15108
5.6e-08 -14780
2.1008e-05 -14456
3.9141e-05 -14148
6.4821e-05 -13841
8.7252e-05 -13545
0.000109964 -13251
0.000127583 -12959
0.000159076 -12679
0.00018118 -12412
0.000198471 -12150
0.000214854 -11894
0.000262909 -11639
0.000297332 -11386
0.000320756 -11134
0.000338028 -10890
0.000354795 -10652
0.000373744 -10418
0.000389519 -10191
0.000404629 -9966
0.000421021 -9742
0.000437816 -9524
0.000454293 -9307
0.000470293 -9093
0.00048662 -8884
0.000500691 -8676
0.000517963 -8471
0.000531969 -8266
0.000550898 -8064
0.000562994 -7864
0.000576372 -7666
0.000590396 -7473
0.000604795 -7282
0.000626008 -7093
0.000642186 -6906
0.000655395 -6727
0.000675233 -6548
0.000690549 -6381
0.000705444 -6216
0.000719739 -6052
0.000734278 -5894
0.000747816 -5737
0.00076081 -5587
0.00077563 -5439
0.000792987 -5292
0.000808499 -5148
0.00082712 -5005
0.00084385 -4862
0.000857462 -4723
0.000871158 -4584
0.000886062 -4448
0.000900395 -4316
0.000916816 -4185
0.00100345 -4056
0.0010195 -3928
0.00103282 -3806
0.00104725 -3686
0.00106545 -3567
0.00107986 -3450
0.00109369 -3334
0.00110546 -3222
0.00111923 -3110
0.00113062 -2999
0.00114458 -2890
0.00115873 -2785
0.00117203 -2684
0.00118691 -2583
0.00120434 -2484
0.00121888 -2385
0.00123157 -2289
0.0012454 -2196
0.00125747 -2105
0.00126995 -2017
0.00128283 -1929
0.00129412 -1843
0.00130774 -1761
0.00132084 -1679
0.00133297 -1598
0.00134575 -1519
0.00135856 -1443
0.00137089 -1370
0.00138195 -1297
0.00139546 -1225
0.00140773 -1153
0.00141875 -1082
0.00143095 -1013
0.00144484 -944
0.00145626 -878
0.00146757 -815
0.00147945 -755
0.00149352 -696
0.00150583 -638
0.00151651 -582
0.00152806 -526
0.00154059 -473
0.00155459 -421
0.00156712 -369
0.00157709 -318
0.00159035 -268
0.00160382 -221
0.0016159 -180
0.001628 -139
0.00163939 -99
0.00164864 -60
0.0016603 -22
0.00167011 15
0.00168212 48
0.00169337 81
0.00170287 113
0.00171518 145
0.00172677 176
0.0017368 204
0.00174819 232
0.00175795 258
0.00176727 284
0.00178064 310
0.00179147 336
0.00180166 360
0.00181294 384
0.00182406 411
0.0018352 434
0.00184614 456
0.00185793 480
0.00187136 501
0.00188505 522
0.00189583 552
0.00190584 574
0.00191942 594
0.00193393 611
0.00194812 634
0.00195973 654
0.0019706 670
0.00198055 688
0.00199196 709
0.00200397 724
0.00201324 742
0.00202448 757
0.00203699 772
0.00204904 793
0.00206144 813
0.00207323 828
0.00208403 841
0.00211541 854
0.0021381 868
0.00215102 881
0.00216167 900
0.00217399 920
0.00218453 932
0.0021953 944
0.00220559 956
0.00221723 967
0.0022292 978
0.00224125 998
0.00226278 1010
0.00228334 1037
0.00228874 1047
0.00229428 1056
0.00230373 1064
0.00230959 1069
0.0023186 1085
0.00232751 1087
0.00233354 1089
0.00233863 1106
0.00234546 1111
0.00234774 1113
0.00235396 1119
0.00236424 1121
0.0023717 1122
0.00240702 1141
0.00243421 1147
0.00244216 1148
0.00256046 1149
0.00257273 1151
0.00259198 1152
0.00260414 1153
0.00260566 1159
0.00261921 1166
0.00262078 1167
0.00268597 1169
0.00268867 1170
0.0027671 1182
2 1182
