0 -24873
4.7e-08 -24484
8.065e-06 -24108
1.2242e-05 -23750
2.3022e-05 -23402
3.7474e-05 -23054
4.9238e-05 -22708
6.1602e-05 -22363
7.0237e-05 -22020
7.8601e-05 -21680
8.7049e-05 -21341
9.5114e-05 -21011
0.000103066 -20689
0.00011142 -20370
0.000120346 -20058
0.000127849 -19752
0.000135716 -19451
0.000144192 -19151
0.000152763 -18852
0.00016078 -18555
0.000169032 -18259
0.000177761 -17963
0.000186031 -17669
0.000193936 -17376
0.000202338 -17083
0.00021161 -16796
0.00022063 -16510
0.000228816 -16226
0.000237114 -15943
0.000245066 -15665
0.000253224 -15388
0.000262056 -15116
0.000269512 -14844
0.000277632 -14577
0.000285584 -14311
0.000294023 -14046
0.000302603 -13782
0.000310957 -13518
0.000320248 -13254
0.000328921 -12992
0.000337988 -12739
0.000346633 -12487
0.000356739 -12238
0.000365506 -11991
0.000374366 -11746
0.000384173 -11502
0.000394204 -11260
0.000403598 -11020
0.000412618 -10781
0.000421899 -10544
0.000430647 -10310
0.000440126 -10084
0.000449736 -9865
0.000459495 -9647
0.000469011 -9431
0.000477488 -9216
0.000486554 -9001
0.000495489 -8787
0.000505109 -8576
0.000514428 -8367
0.000525236 -8161
0.000534406 -7956
0.000545692 -7759
0.000554646 -7566
0.000565923 -7373
0.000575992 -7181
0.000586978 -6990
0.000596635 -6801
0.00060793 -6613
0.000616913 -6426
0.00062685 -6239
0.000636928 -6059
0.000647231 -5882
0.000657403 -5707
0.000666806 -5532
0.000676388 -5359
0.000686232 -5191
0.000699045 -5024
0.000711286 -4858
0.00072231 -4696
0.000733315 -4534
0.000744424 -4378
0.00075349 -4222
0.000766172 -4068
0.000776877 -3916
0.000788782 -3765
0.000801923 -3617
0.000815297 -3477
0.000846637 -3338
0.000875981 -3200
0.000891838 -3063
0.000907442 -2930
0.000921725 -2798
0.000936346 -2674
0.000950742 -2551
0.000965671 -2430
0.000979767 -2311
0.000995371 -2195
0.00100913 -2082
0.00102841 -1971
0.00104167 -1860
0.00105617 -1754
0.00107064 -1652
0.00108488 -1556
0.00109966 -1462
0.00111632 -1370
0.00113035 -1278
0.00114565 -1189
0.00116023 -1101
0.0011761 -1014
0.00119281 -930
0.00120795 -847
0.00122424 -768
0.00123981 -691
0.00125524 -618
0.00127384 -545
0.00129341 -476
0.00131023 -414
0.00132563 -354
0.00134053 -294
0.00135687 -244
0.00137244 -194
0.00138897 -148
0.00140603 -104
0.0014242 -66
0.00143953 -30
0.00145841 6
0.00147326 39
0.00148944 72
0.00150474 99
0.0015181 125
0.0015306 151
0.00154665 171
0.00156271 191
0.001575 209
0.00158881 226
0.0016032 243
0.00161836 266
0.00163457 282
0.00164719 297
0.00166215 311
0.00167619 333
0.00169212 350
0.00170567 364
0.00171836 382
0.00173217 395
0.00174423 408
0.00175717 420
0.00177374 428
0.00178815 434
0.00180396 456
0.0018188 468
0.00183313 474
0.0018471 478
0.00186073 482
0.0018763 490
0.00189185 501
0.00190659 509
0.00191951 531
0.00193156 550
0.00194581 558
0.00196298 564
0.00197761 569
0.00199289 574
0.00200671 580
0.00201968 585
0.0020328 599
0.00204746 600
0.00206166 601
0.00207569 611
0.00209174 612
0.00210505 623
0.00211803 630
0.00213018 635
0.0021435 637
0.00217372 643
0.00219287 648
0.00220742 669
0.00222164 679
0.00226288 682
0.00227916 684
0.0022954 692
0.00231301 702
0.00232834 706
0.00234203 717
0.00235756 719
0.00237152 721
0.00238577 724
0.00240724 728
0.00253488 750
0.0025496 751
0.00260656 755
0.00261999 757
0.00263206 758
0.00267051 759
0.00282813 760
0.0028417 768
0.00285538 772
0.00292099 774
0.00293348 776
0.00307913 779
0.00310787 781
0.00312883 782
0.00314384 792
0.0031556 795
0.00322592 802
0.00398465 805
0.00401294 812
0.00480267 813
0.00481681 817
0.00483152 820
0.00486944 823
2 823
