0 -1597
9.9e-08 -1592
7.74e-06 -1547
0.000388304 -1478
0.000388556 -1420
0.000389168 -1399
0.000389276 -1371
0.000396711 -1363
0.000401922 -1357
0.000402084 -1301
0.000402588 -1207
0.000405054 -1205
0.000406521 -1203
0.000406845 -1186
0.000413532 -1178
0.00041364 -1127
0.000414558 -1078
0.000415107 -1059
0.000415377 -1029
0.000415665 -993
0.000428238 -932
0.00042984 -863
0.000429939 -783
0.000452341 -766
0.000456067 -720
0.000456256 -690
0.000456544 -634
0.000457093 -594
0.000458308 -563
0.000461926 -547
0.000462034 -476
0.000463105 -440
0.000463213 -412
0.000463438 -322
0.000463771 -310
0.000505127 -298
0.000505199 -242
0.000505856 -236
0.000506441 -224
0.00050654 -212
0.00050663 -196
0.000509402 -130
0.000509825 -96
0.000510059 -14
0.000510437 -1
0.000522776 17
0.000523352 58
0.000526664 79
0.000527393 104
0.000528572 105
0.00057612 110
0.000576228 157
0.000577354 168
0.000577516 210
0.000578335 247
0.000578866 258
0.000578992 263
0.000579091 282
0.000579667 313
0.000580099 318
0.000580279 339
0.00058036 347
0.000581089 376
0.000582187 382
0.000582358 480
0.000583546 505
0.000585157 512
0.000586372 540
0.000589378 593
0.000589729 652
0.000590368 676
0.000591187 689
0.000595786 713
0.000595975 742
0.00059692 747
0.000604669 750
0.00060502 763
0.000605155 797
0.000605263 799
0.00061609 803
0.000617809 806
0.000619474 857
0.000620032 860
0.000626072 865
0.000626333 867
0.00062672 888
0.000626801 891
0.000629042 919
0.000629726 930
0.000630122 961
0.000630986 962
0.000632363 965
0.000633299 976
0.000633686 981
0.000636638 997
0.000636719 1003
0.000638627 1005
0.000639014 1006
0.000645467 1020
0.000645944 1037
0.000646394 1054
0.000647033 1059
0.000651902 1076
0.00065237 1090
0.000652451 1096
0.000657095 1099
0.000658103 1101
0.000658526 1127
0.000658688 1139
0.000661433 1152
0.000661622 1168
0.000663458 1170
0.000664025 1183
0.000665096 1185
0.000665303 1200
0.000665402 1230
0.000666185 1235
0.00068127 1236
0.000681963 1238
0.000682395 1239
0.00068298 1245
0.000683358 1246
0.000694419 1259
0.000694977 1265
0.000699306 1272
0.00070071 1278
0.00070233 1284
0.000703284 1291
0.000703788 1293
0.000704337 1296
0.000704985 1297
0.000712347 1300
0.000715497 1302
0.000716451 1303
0.000734173 1305
0.000734263 1309
0.000738529 1319
0.00074059 1331
0.000741049 1334
0.000744559 1351
0.000745576 1357
0.000747943 1363
0.000749212 1371
0.000752236 1378
0.000753226 1383
0.000753721 1389
0.000763523 1403
0.000770678 1404
0.000770867 1409
0.000772586 1411
0.000775925 1418
0.000777275 1428
0.000777428 1433
0.000783278 1449
0.000794681 1453
0.000798362 1470
0.000800081 1473
0.000800252 1481
0.000805031 1483
0.000820629 1487
0.000830376 1492
0.000886861 1499
0.000892162 1501
0.000894376 1514
0.000917831 1523
0.00091973 1535
0.000920936 1537
0.000926984 1539
0.00092954 1544
0.001085 1546
2 1546
