0 395
7.939e-06 416
9.352e-06 417
9.496e-06 423
9.595e-06 432
9.766e-06 435
9.91e-06 438
1.5616e-05 440
0.000403263 477
0.00040383 496
0.000404118 502
0.000404217 514
0.000404262 529
0.000444943 544
0.000445267 553
0.000445474 556
0.000445645 584
0.000446095 586
0.000534828 613
0.000534972 615
0.000535026 627
0.000535188 635
0.000535404 636
0.000535494 641
0.000535809 644
0.000576346 645
0.000585013 664
0.00058864 678
0.000588703 682
0.000589252 684
0.000597325 693
0.000629519 694
0.000629843 705
0.000630059 706
0.000630113 709
0.000630869 713
0.000631445 724
0.000631751 752
0.000634073 758
0.000634577 759
0.000653261 775
0.000714193 778
0.000715183 780
0.00084537 783
0.00084744 784
0.000857548 788
2 788
