0 -56577
2.07e-07 -55864
4.5e-07 -55159
6.66e-07 -54448
9.018e-06 -54111
9.189e-06 -53477
0.000177268 -53406
0.000178816 -52647
0.000180841 -51869
0.000181336 -51126
0.000183019 -50239
0.000183577 -49571
0.000184351 -48710
0.000186232 -48060
0.000188158 -47260
0.000189166 -46526
0.000189733 -45697
0.000190903 -44915
0.000192847 -44819
0.000195772 -44287
0.000195997 -43596
0.000202018 -42989
0.000205177 -42196
0.00020578 -41309
0.000207616 -40733
0.000208948 -39993
0.000209947 -39311
0.000210731 -38665
0.000214538 -37815
0.000215051 -37099
0.000215267 -36407
0.000216509 -35896
0.000216896 -35194
0.000217292 -34584
0.000219038 -33678
0.0002192 -32927
0.00022199 -32399
0.000222431 -31770
0.000225806 -31020
0.000227039 -30157
0.000229649 -29430
0.000230774 -29116
0.000232835 -28462
0.000239441 -27940
0.000241232 -27307
0.000241358 -26668
0.000243806 -25897
0.000244382 -25235
0.000249341 -24567
0.000253445 -23846
0.000255308 -23312
0.000257 -22639
0.000260637 -22454
0.000264714 -21652
0.00027168 -21071
0.000274281 -20284
0.000278079 -19573
0.000283776 -19021
0.000286179 -18544
0.000291255 -17859
0.000291966 -17358
0.000292353 -16835
0.000300426 -16300
0.000303288 -15669
0.000305629 -15140
0.000316969 -14567
0.000319309 -14053
0.000325771 -13516
0.000327112 -12957
0.000335194 -12426
0.000338029 -11862
0.000351772 -11463
0.000360719 -10838
0.000361592 -10327
0.000367127 -9753
0.000367964 -9247
0.000372986 -8921
0.000376514 -8381
0.000385613 -7958
0.000390275 -7550
0.000393542 -7171
0.000409707 -6659
0.000413577 -6262
0.00042786 -5846
0.000435654 -5579
0.000440658 -5153
0.000464959 -4647
0.000475336 -4098
0.000484975 -3714
0.000489187 -3377
0.000492481 -3118
0.000502652 -2612
0.000514955 -2321
0.000551307 -2049
0.000564303 -1793
0.000567993 -1594
0.000585039 -1335
0.000604534 -1018
0.000633415 -799
0.000644792 -633
0.000655979 -444
0.000688047 -291
0.000698235 -269
0.000703968 -206
0.000730239 -201
0.000730761 -144
0.000804257 -20
0.000874225 27
0.000882658 34
0.000914302 38
0.000918532 39
0.000925769 45
0.00103762 76
0.00105407 89
0.00105802 99
0.00108819 115
2 115
