0 -1606
2.88e-07 -1597
0.000542217 -1520
0.000543576 -1514
0.000543684 -1493
0.000544503 -1468
0.000544917 -1433
0.000545826 -1409
0.000570261 -1361
0.000570648 -1255
0.000571602 -1189
0.000572241 -1186
0.000580026 -1158
0.000580566 -1134
0.000580854 -1090
0.000582187 -1074
0.000582385 -1029
0.000582655 -1024
0.000584392 -969
0.000587002 -944
0.000587821 -937
0.000590305 -930
0.000592879 -855
0.000593284 -790
0.00059422 -762
0.000596452 -736
0.000596857 -693
0.000597073 -675
0.000597172 -628
0.000598153 -580
0.000598459 -559
0.000598963 -483
0.000599395 -458
0.000602626 -377
0.000602824 -365
0.000602914 -328
0.000603148 -325
0.000606955 -314
0.000607954 -302
0.000609646 -286
0.000609826 -238
0.000613462 -225
0.000614596 -195
0.000616504 -161
0.000617359 -159
0.000618169 -103
0.000618268 -102
0.000622624 -64
0.000623263 -17
0.000624028 29
0.000624226 46
0.000624415 55
0.000624505 88
0.000625288 110
0.000633434 190
0.000634091 201
0.000634964 206
0.000637907 220
0.000638645 260
0.000640463 265
0.000640733 287
0.000641354 329
0.000642092 334
0.00064418 338
0.000645395 340
0.000645872 353
0.000646151 423
0.000646466 455
0.000646556 463
0.000646952 475
0.000648203 491
0.000648653 523
0.000650129 540
0.000651587 594
0.000651803 607
0.000652082 649
0.000653729 654
0.000655349 673
0.000661163 706
0.000661469 730
0.000661739 742
0.000662567 761
0.00066398 777
0.000664223 830
0.000664682 835
0.00066515 854
0.000665402 867
0.000665654 905
0.000667202 933
0.000667868 975
0.00066902 1024
0.000669236 1083
0.000669776 1101
0.000670676 1112
0.000679938 1117
0.000681162 1119
0.000684915 1137
0.000687534 1156
0.000688263 1167
0.000690882 1177
0.000691638 1194
0.000691998 1199
0.000692934 1215
0.000693294 1223
0.000693501 1234
0.000693762 1237
0.000696507 1267
0.000696696 1274
0.000698586 1302
0.000699441 1330
0.000704058 1332
0.00070422 1350
0.000705363 1367
0.000705507 1376
0.000705714 1377
0.000712023 1385
0.000712311 1396
0.000712698 1430
0.000712995 1434
0.00071394 1480
0.000716037 1484
0.000716667 1489
0.00071718 1490
0.00071727 1494
0.000717468 1513
0.000718431 1519
0.000719223 1529
0.000722535 1542
0.000724894 1596
0.000727387 1600
0.000728062 1619
0.000728998 1626
0.000729637 1630
0.000730177 1634
0.000730375 1656
0.000730744 1674
0.000731761 1687
0.000732328 1693
0.000732832 1726
0.000745468 1731
0.000749194 1732
0.000749617 1735
0.000750598 1736
0.000752686 1743
0.00075886 1747
0.000760129 1750
0.000760768 1752
0.000761371 1757
0.000761641 1761
0.000762091 1770
0.000762226 1794
0.00076327 1802
0.000772451 1814
0.000775151 1820
0.000777365 1823
0.00077876 1825
0.000779255 1838
0.000779678 1862
0.000780092 1869
0.000781496 1876
0.000782027 1885
0.000785249 1923
0.00078578 1934
0.000786941 1940
0.000790082 1950
0.000804986 1957
0.000805319 1958
0.000805571 1972
0.000805931 2011
0.000806732 2016
0.000811952 2017
0.000814634 2027
0.000818505 2034
0.000821259 2039
0.000822204 2043
0.000822339 2046
0.000822411 2049
0.000824148 2056
0.000824337 2072
0.000824643 2073
0.000832581 2077
0.000836199 2083
0.000841545 2084
0.000842175 2093
0.000842715 2094
0.000850347 2095
0.000866908 2096
0.000876916 2097
0.000877348 2099
0.000879175 2101
0.000884242 2103
0.000893674 2106
0.000893863 2114
0.000926651 2121
0.000932024 2122
0.000932762 2123
0.000952049 2129
0.000980544 2130
0.000995664 2140
0.00116938 2142
0.00117085 2154
0.00117892 2157
2 2157
