0 -31159
3.6e-07 -30638
0.00015546 -30462
0.000171949 -30285
0.000172165 -29823
0.000173209 -29641
0.000175558 -29341
0.000179248 -29142
0.000180994 -29026
0.000181246 -28437
0.000182344 -28373
0.000182659 -27784
0.000182857 -27315
0.000184459 -27298
0.000187591 -27261
0.000188482 -26846
0.00019354 -26526
0.000193918 -26069
0.000195052 -25516
0.000209641 -24990
0.000210064 -24373
0.000211819 -23917
0.000212674 -23391
0.000215672 -23228
0.000216851 -22715
0.000217031 -22186
0.000217508 -21695
0.000218471 -21089
0.000219623 -20632
0.000221972 -20071
0.00022208 -19620
0.000222458 -19184
0.000225806 -19119
0.000227219 -19062
0.000228452 -18630
0.000237794 -18412
0.000238991 -17907
0.000256982 -17805
0.000258728 -17332
0.00026052 -16963
0.000261663 -16529
0.000264714 -16059
0.000271428 -15650
0.000271689 -15179
0.000274128 -14766
0.000281004 -14314
0.000283191 -13850
0.000284622 -13424
0.00028608 -12948
0.00028707 -12523
0.000297186 -12005
0.000297717 -11705
0.00029787 -11282
0.000305538 -10872
0.000309661 -10342
0.000311047 -9944
0.000314944 -9527
0.000315295 -9112
0.000316987 -8670
0.000317104 -8276
0.000319102 -7911
0.000323566 -7540
0.000323935 -7203
0.000326464 -6783
0.000334996 -6256
0.000335275 -5949
0.000348631 -5841
0.000349036 -5456
0.000356714 -5042
0.000360512 -4736
0.000367442 -4673
0.000368171 -4376
0.000370187 -4181
0.00037322 -3851
0.000400634 -3652
0.000401561 -3354
0.000402444 -2994
0.000413721 -2639
0.000417402 -2385
0.000426636 -2143
0.00042939 -1996
0.000433557 -1816
0.000434277 -1558
0.000444798 -1540
0.000449451 -1327
0.000453502 -1220
0.00045793 -967
0.000464536 -792
0.000469432 -695
0.000504344 -635
0.000510059 -456
0.000512264 -335
0.000514235 -241
0.00052202 -123
0.000522677 -60
0.000595957 -48
0.000619429 1
0.000636385 18
0.000641255 62
0.000650336 83
0.000655646 99
0.00067946 109
0.000693312 111
0.000701538 113
0.000725937 140
0.00078037 152
0.000826514 159
0.000848322 167
0.000853353 172
0.000874512 193
0.000882478 195
0.000913168 229
2 229
