0 365
6.768e-06 383
0.000349747 406
0.00034999 438
0.000350197 449
0.000350593 483
0.000350755 492
0.000351367 501
0.000351727 539
0.000354985 557
0.000355057 568
0.000405287 573
0.000407105 599
0.000440856 605
0.000443682 618
0.000444006 623
0.000444312 624
0.000444555 631
0.000445428 634
0.000446049 650
0.000446607 654
0.000447795 667
0.000448164 677
0.00044865 680
0.000449397 681
0.000449667 692
0.000449946 708
0.000494038 711
0.000494794 728
0.000498988 736
0.000499906 738
0.0005005 740
0.000506287 753
0.000544871 756
0.000545015 761
0.000549353 769
0.000549812 777
0.000550334 780
0.000570936 782
0.000573375 785
0.000574887 786
0.000576273 789
0.00057972 794
0.000585075 795
0.000587361 796
0.000587631 811
0.000618907 815
0.000619006 821
0.00062095 827
2 827
