0 -410
5.7e-08 -385
7.009e-06 -378
7.95e-06 -367
8.317e-06 -364
0.000397367 -340
0.000397555 -333
0.000397856 -330
0.000398082 -274
0.000399155 -267
0.000400048 -248
0.000400124 -246
0.000401046 -220
0.000401431 -217
0.000401601 -182
0.000404273 -176
0.000404611 -94
0.00040496 -67
0.000406183 -56
0.000406926 -43
0.000406992 -5
0.000410087 0
0.000418423 25
0.000418498 29
0.000418573 36
0.000418714 38
0.000418771 67
0.000419589 71
0.000425197 91
0.000430108 113
0.000430446 153
0.000446883 154
0.000446949 176
0.00044741 193
0.000447541 229
0.000447908 237
0.000472285 275
0.00047253 289
0.000472991 290
0.000485457 310
0.00048556 315
0.00048668 331
0.000486943 352
0.000487282 366
0.000490659 375
0.000490951 377
0.00049287 381
0.000493397 382
0.000495448 388
0.000496558 398
0.000502824 436
0.00051291 443
0.000513352 444
0.000513964 459
0.000528631 460
0.000533514 468
0.000534276 473
0.000535584 475
0.000535847 481
0.000536901 495
0.000540006 502
0.000540231 512
0.000541417 535
0.000556771 538
0.000557204 550
0.000557985 551
0.000566066 559
0.000582917 560
0.000583246 584
0.00058461 585
0.000586181 593
0.000586407 596
0.000588769 598
0.000592466 604
0.000593416 619
0.000593661 622
0.000602542 624
0.000603916 627
0.00060783 632
0.000610784 637
0.000624351 638
0.000624953 654
0.000626881 670
0.000634916 675
0.000635612 685
2 685
