0 -1009
2.43e-07 -985
0.000364238 -972
0.000370943 -951
0.000371222 -846
0.000371528 -822
0.000371663 -803
0.000372077 -793
0.000375974 -777
0.000376514 -758
0.000381509 -597
0.000381644 -594
0.000384128 -586
0.000391959 -559
0.000409968 -541
0.000414792 -479
0.000419301 -465
0.000430155 -431
0.000430308 -383
0.000432262 -347
0.000434548 -335
0.000434836 -303
0.00044326 -298
0.000443638 -295
0.000444106 -280
0.000445897 -275
0.000446113 -272
0.000446644 -197
0.000456328 -164
0.000456427 -134
0.000460153 -115
0.000466561 -42
0.000469306 -34
0.000469747 -13
0.000470188 -7
0.000470539 27
0.000470629 79
0.000471898 93
0.00047224 104
0.000472591 107
0.000472987 119
0.000473275 153
0.000474688 162
0.000477172 189
0.000484544 204
0.000487307 221
0.000487406 302
0.000488135 319
0.000488216 325
0.000488306 350
0.000492419 369
0.000497351 385
0.000497747 392
0.000498008 397
0.000498089 400
0.000498143 423
0.000498539 428
0.000509438 433
0.000509528 461
0.000509681 499
0.000510545 513
0.000516332 515
0.000516881 519
0.000518276 526
0.000518357 543
0.00051959 557
0.000519968 594
0.000545169 622
0.000553863 627
0.000554016 629
0.000559965 638
0.000584545 643
0.000584824 649
0.000585256 658
0.000585805 665
0.000589684 698
0.000590737 708
0.000592375 740
0.000592519 752
0.000610834 764
0.000610987 767
0.000611905 773
0.000613219 782
0.000613363 789
0.000614083 794
0.000615397 797
0.000615847 826
0.000616234 845
0.000624002 868
0.000624695 870
0.00062663 872
0.000628412 882
0.000629915 885
0.000630275 889
0.000631661 892
0.000632768 893
0.000632903 912
0.000650543 917
0.000650768 929
0.00065156 939
0.000652577 943
0.000652649 949
0.000659156 951
0.000660209 952
0.000661487 956
0.000661559 962
0.000675402 975
0.000676725 977
0.000678012 988
0.000678354 989
0.00067947 996
0.000681126 1012
0.000681306 1017
0.000682755 1025
0.000688299 1027
0.00068946 1037
0.000692997 1043
0.000693987 1047
0.000719989 1049
0.000722455 1054
0.000728386 1055
0.000732526 1057
0.00073312 1059
0.00074482 1062
0.000745576 1065
0.000748519 1067
0.000750058 1072
0.000751201 1074
0.000756727 1083
0.000762505 1092
0.00082413 1103
0.000839178 1109
2 1109
