0 102
1.53e-07 115
3.69e-07 133
5.76e-07 149
1.098e-06 166
1.1979e-05 181
1.2087e-05 187
0.000321225 201
0.000329874 220
0.000330405 247
0.000330495 249
0.000332278 277
0.000332404 286
0.000332512 332
0.00033262 338
0.00033307 348
0.000333313 375
0.000333547 394
0.000370114 396
0.000370222 410
0.000428994 413
0.000446292 419
0.000487837 423
0.000488404 441
0.000488503 463
0.000488674 484
0.000488926 499
0.000489385 508
0.000490942 517
0.000491023 519
0.000491122 521
0.000491446 525
0.000537914 526
0.000538508 534
0.000538715 540
0.00057387 543
0.000574005 558
0.000574392 572
0.000575193 623
0.000583932 632
0.000586245 639
0.000587559 640
0.000587613 644
0.000587775 645
0.000592122 647
0.000593976 650
0.000599052 653
0.000600978 656
0.000601437 661
0.000617863 662
0.000618682 673
0.000619492 684
0.000619789 688
0.000620077 691
0.000624091 703
0.000624343 710
0.000625459 719
0.000625639 720
0.000625819 723
0.000626197 734
0.000630454 743
0.000632434 745
0.000655015 746
0.000663629 747
0.000664943 752
0.000665582 754
0.000666851 757
0.000719061 758
0.000720843 760
0.000757896 764
0.000760021 766
0.000762883 779
0.000763522 785
0.000766015 789
0.000782611 792
2 792
