0 -31787
4.7e-08 -31527
1.0626e-05 -31278
2.0618e-05 -31032
3.1358e-05 -30797
5.4203e-05 -30567
7.9722e-05 -30339
0.000108218 -30114
0.000138097 -29890
0.000166791 -29671
0.000196054 -29454
0.00022546 -29238
0.000254789 -29022
0.000284261 -28808
0.000318947 -28595
0.000358391 -28382
0.000398015 -28169
0.000430643 -27957
0.00046021 -27745
0.000489625 -27535
0.000558266 -27327
0.000589918 -27120
0.000629769 -26914
0.000664379 -26709
0.00069423 -26506
0.000723967 -26303
0.0007536 -26101
0.000783574 -25900
0.000813406 -25701
0.000843039 -25503
0.000872927 -25305
0.000903025 -25108
0.000933037 -24911
0.000963058 -24716
0.000993061 -24521
0.00102286 -24328
0.00105264 -24135
0.00108252 -23944
0.00111272 -23754
0.00114616 -23564
0.00117998 -23375
0.00121473 -23186
0.00125602 -22997
0.00129784 -22811
0.00134148 -22625
0.00138328 -22439
0.00141716 -22254
0.00144775 -22070
0.00147831 -21886
0.00150893 -21702
0.0015395 -21518
0.00157031 -21335
0.00160111 -21153
0.00163169 -20971
0.00166262 -20789
0.00169351 -20609
0.00172425 -20430
0.00175507 -20252
0.00178612 -20075
0.00181536 -19898
0.00185939 -19721
0.00190519 -19544
0.00194689 -19367
0.00197851 -19190
0.00200993 -19015
0.00204211 -18841
0.0020821 -18667
0.00211253 -18493
0.00214408 -18319
0.00217566 -18146
0.00220696 -17973
0.00223826 -17800
0.00226964 -17627
0.00230125 -17454
0.0023314 -17282
0.0023625 -17110
0.00239361 -16939
0.00242511 -16769
0.00245687 -16599
0.00248559 -16429
0.00252826 -16259
0.0025602 -16090
0.00259158 -15922
0.0026233 -15754
0.00265417 -15586
0.00268596 -15419
0.00271745 -15253
0.00274934 -15088
0.00278068 -14923
0.0028126 -14760
0.00284468 -14598
0.00287704 -14436
0.00290959 -14274
0.00294178 -14113
0.00297431 -13952
0.00301192 -13791
0.0030805 -13631
0.00311443 -13472
0.00314958 -13313
0.00318461 -13154
0.00321524 -12996
0.00324826 -12838
0.00328143 -12681
0.00331458 -12524
0.00334769 -12368
0.00338032 -12213
0.00341123 -12059
0.00344361 -11906
0.00347619 -11753
0.00351046 -11601
0.00354607 -11449
0.00359038 -11297
0.00363466 -11146
0.00366948 -10995
0.0037068 -10844
0.00375239 -10693
0.00378898 -10543
0.00382373 -10393
0.00386046 -10243
0.00390601 -10095
0.00395158 -9948
0.00399736 -9802
0.004046 -9656
0.00409276 -9510
0.00414035 -9365
0.0041851 -9221
0.00423118 -9078
0.00427851 -8935
0.004327 -8793
0.00437872 -8651
0.00442621 -8509
0.00446315 -8368
0.00453058 -8228
0.00456996 -8088
0.00461698 -7948
0.00465374 -7809
0.00468927 -7671
0.00472213 -7533
0.00476888 -7396
0.00481483 -7260
0.00485282 -7124
0.00489107 -6989
0.00492934 -6855
0.00496543 -6722
0.00500237 -6590
0.00504152 -6458
0.00508561 -6327
0.00513421 -6197
0.00518382 -6068
0.00523151 -5940
0.00526868 -5813
0.00530618 -5688
0.00535432 -5564
0.00539431 -5441
0.00543506 -5318
0.00547658 -5196
0.00551577 -5074
0.00555612 -4953
0.00559935 -4833
0.00564617 -4714
0.00569461 -4598
0.00573679 -4482
0.00577973 -4366
0.00582259 -4250
0.00586281 -4134
0.00590564 -4019
0.00594818 -3906
0.00599072 -3794
0.0060467 -3683
0.00609497 -3574
0.00613801 -3465
0.00618637 -3357
0.00623224 -3249
0.00627483 -3142
0.00633769 -3036
0.0063916 -2933
0.00643417 -2831
0.00648362 -2730
0.00653111 -2629
0.0065735 -2529
0.00661386 -2431
0.00666092 -2336
0.00670795 -2242
0.00675156 -2149
0.00680108 -2058
0.00685602 -1968
0.00691768 -1879
0.00698382 -1792
0.00704607 -1706
0.00709746 -1624
0.0071669 -1544
0.00724541 -1464
0.00731819 -1384
0.0074005 -1307
0.00748184 -1230
0.00755032 -1155
0.00761817 -1083
0.00768823 -1011
0.00776438 -939
0.00785664 -872
0.00794512 -806
0.00802743 -743
0.00811199 -681
0.00821598 -623
0.00833226 -566
0.00843764 -511
0.0085796 -457
0.00870205 -406
0.00882008 -356
0.00894381 -310
0.00906005 -267
0.00918391 -225
0.00930471 -184
0.0094316 -144
0.00958677 -109
0.00972369 -74
0.00986738 -43
0.0100116 -14
0.0101755 10
0.0103187 29
0.0104502 46
0.0105758 62
0.0107009 74
0.0108196 87
0.0109253 99
0.0110474 110
0.0111628 126
0.0112822 135
0.0113997 148
0.0115095 160
0.0116173 171
0.0117184 181
0.0118228 197
0.0119197 208
0.0120337 220
0.0121583 228
0.0122719 235
0.0123983 245
0.0125533 250
0.0126778 259
0.012807 263
0.012926 267
0.0130342 274
0.0131459 282
0.0132603 283
0.013378 286
0.0135606 287
0.0136892 293
0.0138437 296
0.0139655 298
0.0140836 300
0.0141975 306
0.0143039 310
0.0144131 312
0.0145221 314
0.0146299 316
0.0147438 317
0.0148654 319
0.0149768 321
0.0150929 325
0.0152169 331
0.0153331 339
0.0154586 342
0.0155739 351
0.0156808 358
0.0157862 360
0.0159007 364
0.0160067 366
0.01612 368
0.0162298 369
0.0163505 373
0.0164715 376
0.0166216 383
0.016738 386
0.017102 388
0.0172242 393
0.018541 394
0.0196355 401
0.0203571 402
0.022033 404
0.022395 405
0.0226349 406
0.0743125 409
0.0744426 414
0.0745804 415
2 415
