0 -18156
4.8e-08 -17870
5.868e-06 -17599
1.112e-05 -17349
1.4997e-05 -17106
1.822e-05 -16879
2.1917e-05 -16655
3.2762e-05 -16432
4.6952e-05 -16217
5.8252e-05 -16002
6.8803e-05 -15788
7.8235e-05 -15574
8.8084e-05 -15360
9.7307e-05 -15148
0.000107071 -14937
0.000116797 -14726
0.000125803 -14516
0.000135254 -14308
0.000144364 -14107
0.000154203 -13906
0.000163247 -13706
0.00017211 -13507
0.000182518 -13309
0.000191846 -13113
0.000201695 -12919
0.000212398 -12729
0.000222437 -12539
0.000232513 -12349
0.000243765 -12161
0.00025497 -11974
0.000264402 -11788
0.000273891 -11604
0.000283276 -11420
0.000293627 -11237
0.000303581 -11055
0.000312785 -10874
0.000322274 -10696
0.000331669 -10518
0.000342096 -10341
0.000351936 -10165
0.000361813 -9989
0.000371966 -9815
0.000382801 -9642
0.000392622 -9470
0.000402167 -9298
0.000412216 -9130
0.000422567 -8963
0.000433346 -8796
0.000443289 -8631
0.000454722 -8466
0.000464997 -8302
0.000475785 -8139
0.000486004 -7976
0.000495976 -7815
0.000505475 -7656
0.000516973 -7500
0.000527581 -7344
0.000537781 -7189
0.000549024 -7035
0.000559963 -6882
0.000569822 -6730
0.000580154 -6579
0.000590515 -6429
0.000600772 -6280
0.000611389 -6133
0.000621817 -5987
0.000633135 -5844
0.000643847 -5702
0.0006538 -5562
0.000665716 -5423
0.000680163 -5284
0.00069078 -5146
0.000703416 -5009
0.000714829 -4877
0.000725181 -4745
0.000736547 -4614
0.000748481 -4485
0.000762094 -4357
0.000772284 -4229
0.000783584 -4101
0.000795632 -3974
0.000808022 -3850
0.00082117 -3727
0.00083501 -3605
0.000848139 -3485
0.000861458 -3366
0.000876094 -3248
0.000890949 -3131
0.000903537 -3016
0.000913396 -2902
0.000926079 -2790
0.000937521 -2680
0.000952328 -2571
0.000966822 -2462
0.000982122 -2356
0.000998313 -2253
0.00101398 -2151
0.00103217 -2050
0.00104498 -1952
0.00105927 -1854
0.00107844 -1757
0.00109297 -1662
0.00111033 -1569
0.0011282 -1478
0.00114424 -1391
0.00116465 -1306
0.0011818 -1223
0.00120169 -1143
0.00122007 -1064
0.00124048 -987
0.00125817 -912
0.00128294 -837
0.0013093 -763
0.00133179 -690
0.0013601 -619
0.00138904 -554
0.00141129 -489
0.00145339 -430
0.00149483 -377
0.00152413 -329
0.00156059 -282
0.00159266 -241
0.00163129 -202
0.00166192 -164
0.00169627 -130
0.00173349 -98
0.00177168 -66
0.00180879 -39
0.00184435 -13
0.00189411 10
0.00193142 28
0.0019695 49
0.00200667 68
0.00204549 85
0.00210636 101
0.00214316 113
0.00217754 126
0.00221042 139
0.00223968 151
0.00227066 166
0.00230125 184
0.00232724 195
0.00235742 211
0.0023925 222
0.00242401 234
0.00245905 245
0.0024915 263
0.00252296 274
0.00255865 285
0.00259039 295
0.00263581 305
0.00267599 313
0.00270977 325
0.00274154 335
0.00277427 344
0.00280634 351
0.00283874 358
0.0028691 367
0.00290253 370
0.00293411 379
0.00296313 383
0.00299682 386
0.00302803 391
0.0030642 392
0.00309785 404
0.00312956 412
0.00316292 417
0.00319522 425
0.00322695 433
0.00325862 435
0.00329268 440
0.0033395 441
0.0033906 447
0.00343579 451
0.00354399 453
0.0035755 457
0.00360994 462
0.00461091 463
0.00464732 468
0.00471986 470
0.00476141 471
0.0217501 472
2 472
