0 -41428
4.8e-08 -41071
1.65e-05 -40714
2.677e-05 -40360
3.4062e-05 -40006
5.2942e-05 -39659
7.8735e-05 -39315
0.00011311 -38972
0.000146831 -38637
0.000175383 -38305
0.000200683 -37976
0.000224911 -37648
0.000250173 -37325
0.000275624 -37003
0.000301892 -36686
0.000327428 -36370
0.000354359 -36055
0.000379925 -35742
0.000404893 -35429
0.000429377 -35118
0.000459579 -34807
0.000484054 -34497
0.000509582 -34187
0.000535156 -33884
0.000560124 -33583
0.000589284 -33284
0.000614868 -32986
0.000640376 -32689
0.000666416 -32392
0.000693309 -32095
0.000719908 -31799
0.000746127 -31503
0.000804209 -31209
0.000848863 -30917
0.000883351 -30626
0.000918238 -30337
0.000956482 -30051
0.000990231 -29766
0.00107409 -29484
0.00114441 -29202
0.00118283 -28925
0.00121279 -28650
0.00124018 -28376
0.00126607 -28102
0.00129129 -27828
0.00131659 -27555
0.00134103 -27282
0.00136547 -27011
0.00139732 -26742
0.00143267 -26474
0.00145808 -26207
0.00148346 -25941
0.00151221 -25675
0.00153913 -25410
0.00156279 -25146
0.00159439 -24882
0.00162605 -24621
0.00165992 -24361
0.00169274 -24103
0.00172582 -23848
0.00175934 -23593
0.00179351 -23339
0.00182916 -23088
0.00186672 -22837
0.00190125 -22586
0.00193907 -22337
0.00197319 -22088
0.00200851 -21839
0.00204408 -21591
0.00207845 -21344
0.00211527 -21101
0.00215007 -20858
0.00218407 -20616
0.00221986 -20375
0.00225449 -20134
0.00228722 -19893
0.00232128 -19653
0.00235371 -19413
0.00239036 -19175
0.00242678 -18938
0.00245947 -18702
0.00249369 -18468
0.0025266 -18238
0.00256102 -18008
0.00259588 -17779
0.00263075 -17552
0.00266482 -17326
0.00270035 -17100
0.00273407 -16874
0.00278344 -16648
0.00281765 -16424
0.00285094 -16202
0.00288829 -15980
0.00292281 -15758
0.00295976 -15538
0.00299548 -15319
0.00303209 -15100
0.00306756 -14883
0.00310128 -14667
0.00313415 -14451
0.00317001 -14235
0.00320088 -14023
0.00323473 -13811
0.00326978 -13599
0.00330179 -13388
0.00333628 -13178
0.00336999 -12969
0.00340276 -12761
0.00343843 -12554
0.00347449 -12350
0.00351092 -12147
0.00354374 -11946
0.00357759 -11749
0.00361088 -11553
0.00364635 -11359
0.00368319 -11165
0.00371986 -10971
0.00375692 -10778
0.00379476 -10588
0.00383366 -10399
0.00387006 -10212
0.00390923 -10027
0.00394206 -9843
0.00397759 -9660
0.00401205 -9478
0.00404822 -9296
0.00408394 -9115
0.00412223 -8936
0.00415841 -8757
0.00420371 -8580
0.00424163 -8404
0.0042787 -8231
0.00431429 -8061
0.00435236 -7892
0.00438753 -7723
0.00441682 -7557
0.0044445 -7391
0.0044742 -7226
0.0045049 -7061
0.0045357 -6896
0.00456546 -6734
0.00460332 -6573
0.00463151 -6414
0.00467474 -6256
0.00470958 -6099
0.00478526 -5944
0.00484231 -5790
0.00488146 -5637
0.0049173 -5492
0.00495031 -5347
0.00498943 -5203
0.00502696 -5060
0.00506116 -4923
0.00509875 -4787
0.00513896 -4652
0.00517756 -4517
0.00521647 -4385
0.00525445 -4254
0.00529388 -4124
0.00533568 -3995
0.00537212 -3866
0.00541021 -3739
0.00544806 -3615
0.00549084 -3496
0.00553204 -3380
0.00557744 -3266
0.00562207 -3153
0.00566399 -3043
0.00570649 -2934
0.00575377 -2825
0.00579814 -2719
0.00584588 -2613
0.00589338 -2508
0.00594195 -2405
0.00598873 -2304
0.00603783 -2204
0.00609026 -2106
0.00614098 -2012
0.00619526 -1918
0.00625354 -1825
0.00631346 -1733
0.00637262 -1644
0.0064309 -1556
0.00649078 -1473
0.00655785 -1392
0.00661946 -1314
0.00670811 -1236
0.00680275 -1160
0.00689418 -1085
0.00698208 -1014
0.00706219 -944
0.00714476 -875
0.00721632 -806
0.00728747 -739
0.00735663 -674
0.00742506 -614
0.00749453 -555
0.00756668 -497
0.00763749 -440
0.00770829 -387
0.00777178 -334
0.00784826 -286
0.00792365 -239
0.00799011 -192
0.00804851 -150
0.00810422 -109
0.00815399 -75
0.00820526 -42
0.0082566 -12
0.0083036 17
0.00834793 44
0.00839401 70
0.00843812 95
0.00850091 120
0.00854829 144
0.00859896 161
0.00864296 178
0.00868583 201
0.00872715 220
0.00879118 233
0.00883723 245
0.00888033 256
0.00892394 267
0.00896746 277
0.00901081 284
0.009053 295
0.00909371 305
0.00913136 320
0.00917186 327
0.0092094 337
0.00924882 348
0.00928702 356
0.00932559 368
0.0093632 373
0.00940499 382
0.00944265 396
0.00948175 404
0.00953117 416
0.00957686 427
0.00962197 434
0.00967016 442
0.00971853 452
0.00976632 463
0.00981184 470
0.00985512 476
0.00990059 487
0.00994508 495
0.00998916 501
0.0100391 508
0.0100866 515
0.0101318 519
0.0101743 527
0.0102175 531
0.0102608 543
0.0103087 551
0.0103647 559
0.0104158 567
0.0104868 573
0.0105337 580
0.0105797 583
0.0106227 587
0.0106663 590
0.0107145 597
0.0107587 599
0.010807 605
0.0108533 611
0.0109008 614
0.0109473 616
0.0110396 620
0.0110895 622
0.0111399 626
0.0112414 633
0.0112876 636
0.0113354 637
0.0116964 640
0.0117558 642
0.0118077 649
0.011858 653
0.011909 658
0.0119597 660
0.0120119 666
0.0120608 675
0.012105 676
0.0121482 677
0.0126464 678
0.0126876 683
0.0127693 687
0.0128257 689
0.012869 690
0.0129106 691
0.0130544 692
0.0131477 693
0.0131963 703
0.013236 704
0.0132834 707
0.0133755 708
0.0135461 709
0.0135882 710
0.0144258 712
0.0144684 715
0.0145117 722
0.0145561 724
0.0146 725
0.0146838 731
0.014866 732
0.0149107 733
0.0152162 739
0.0152624 740
0.0153831 746
0.0178042 748
0.017855 751
0.0179061 753
0.0179585 754
0.018055 762
0.0204837 763
0.0205296 768
2 768
