0 -22527
6.5e-08 -22172
6.6074e-05 -21821
0.000116402 -21490
0.000210673 -21178
0.00030056 -20873
0.000396506 -20576
0.000496116 -20283
0.000699962 -19995
0.000877098 -19710
0.00104988 -19429
0.00122972 -19150
0.00141824 -18882
0.00160934 -18623
0.00179128 -18365
0.00196931 -18108
0.00214576 -17853
0.00232782 -17600
0.0025275 -17361
0.00270883 -17122
0.00288342 -16885
0.00305488 -16648
0.00322239 -16412
0.0033993 -16177
0.00356274 -15943
0.00372333 -15712
0.00388329 -15483
0.00404143 -15256
0.00419851 -15033
0.00435968 -14816
0.00452343 -14599
0.00471312 -14382
0.00488963 -14167
0.0050618 -13955
0.00525023 -13743
0.00540604 -13533
0.00556229 -13327
0.00573758 -13122
0.00589805 -12919
0.0060449 -12717
0.00619045 -12515
0.00633443 -12322
0.00647802 -12130
0.00661994 -11938
0.00676055 -11746
0.00689929 -11556
0.00703702 -11369
0.00718819 -11190
0.0073401 -11017
0.00747865 -10844
0.00761236 -10671
0.00774294 -10503
0.00787299 -10335
0.00800219 -10173
0.00812773 -10012
0.00825484 -9853
0.00838641 -9697
0.00851138 -9542
0.00864814 -9390
0.00877283 -9239
0.00889633 -9088
0.00903023 -8940
0.00915116 -8792
0.00927274 -8647
0.00939506 -8505
0.00951376 -8363
0.00963112 -8221
0.00974705 -8080
0.00985976 -7940
0.00998088 -7800
0.0100972 -7662
0.0102154 -7525
0.0103523 -7389
0.0105223 -7254
0.0106388 -7120
0.0107483 -6986
0.0108681 -6854
0.0109736 -6729
0.0110779 -6604
0.011338 -6482
0.0115258 -6361
0.0116877 -6240
0.0118538 -6120
0.0120192 -6000
0.0121722 -5880
0.0123466 -5760
0.012485 -5644
0.0126274 -5529
0.0127504 -5417
0.0129045 -5306
0.0130443 -5197
0.0131649 -5088
0.0133209 -4980
0.0134637 -4874
0.0135874 -4769
0.0137294 -4664
0.0138645 -4561
0.0139919 -4459
0.0141121 -4357
0.0142416 -4256
0.0143508 -4156
0.0144538 -4059
0.0145561 -3963
0.014668 -3867
0.0147643 -3772
0.0148586 -3679
0.0149511 -3586
0.0150407 -3494
0.0151295 -3404
0.0152159 -3315
0.0153018 -3226
0.0153806 -3141
0.0154605 -3057
0.0155736 -2974
0.0157148 -2892
0.0158569 -2810
0.0160493 -2728
0.0162229 -2647
0.0164131 -2567
0.0165675 -2487
0.016695 -2408
0.0168339 -2330
0.0169731 -2252
0.0171025 -2175
0.0172249 -2101
0.0173649 -2029
0.01748 -1957
0.0176004 -1886
0.017706 -1815
0.0178224 -1746
0.0179296 -1679
0.0180305 -1612
0.0181236 -1545
0.0182202 -1479
0.018307 -1413
0.018384 -1349
0.018456 -1286
0.0185324 -1224
0.0186063 -1163
0.0186844 -1103
0.018765 -1043
0.0188491 -983
0.0189395 -923
0.0190352 -867
0.0191227 -811
0.0192091 -759
0.0192928 -708
0.0193792 -657
0.019479 -606
0.0195662 -557
0.0196463 -509
0.0197228 -462
0.0198002 -417
0.0198983 -372
0.0199949 -329
0.0200972 -287
0.0201958 -246
0.0202973 -206
0.0203865 -166
0.0204726 -126
0.0205852 -90
0.0206693 -55
0.0207506 -20
0.0208303 15
0.0209069 50
0.020978 84
0.0210525 117
0.0211297 150
0.0212164 182
0.0213402 214
0.0214739 246
0.0215829 274
0.0216745 301
0.0217466 328
0.0218121 354
0.0218736 380
0.0219322 405
0.0219873 429
0.0220431 453
0.0220913 478
0.0221655 502
0.0222356 525
0.0223016 548
0.0223542 570
0.0224075 592
0.0224605 613
0.0225162 634
0.0225703 654
0.0226254 673
0.0226813 691
0.0227352 709
0.0227915 732
0.0228434 749
0.0228947 770
0.0229491 793
0.0230063 810
0.0230596 827
0.023125 849
0.0232226 869
0.0233126 887
0.0233937 905
0.0234689 922
0.0235407 939
0.0236061 955
0.0236672 973
0.0237247 989
0.0237814 1005
0.0238425 1021
0.0238976 1036
0.0239511 1051
0.0240038 1066
0.0240554 1081
0.0241039 1098
0.0241543 1112
0.0242011 1127
0.0242599 1144
0.0243136 1160
0.0243656 1174
0.0244191 1193
0.02447 1210
0.0245245 1229
0.0246034 1243
0.0246559 1257
0.0247126 1277
0.0247677 1296
0.0248226 1310
0.0248783 1328
0.0249369 1341
0.0250253 1355
0.0251173 1368
0.0252022 1385
0.0252803 1400
0.0253518 1417
0.0254169 1433
0.0254799 1448
0.0255427 1460
0.0256055 1472
0.0256708 1488
0.0257291 1508
0.0257868 1520
0.025839 1532
0.0258953 1545
0.0259534 1562
0.0260081 1575
0.0260668 1586
0.0261247 1601
0.0261841 1613
0.0262435 1624
0.0262982 1637
0.0263534 1648
0.026407 1662
0.026458 1675
0.0265101 1691
0.0265615 1703
0.0266102 1714
0.0267025 1724
0.0267689 1734
0.0268498 1743
0.0268858 1752
0.026945 1760
0.0270026 1772
0.0270869 1779
0.0271001 1786
0.0271274 1793
0.0272285 1800
0.0272528 1806
0.0273278 1812
0.0273937 1819
0.027445 1826
0.0274586 1832
0.0274825 1838
0.0275185 1844
0.0275554 1853
0.0276109 1861
0.0276188 1867
0.0276339 1872
0.0276589 1876
0.0276918 1883
0.0277035 1887
0.0277244 1899
0.027767 1906
0.0277737 1912
0.0277981 1916
0.0278043 1920
0.0278248 1932
0.0278704 1943
0.0278835 1950
0.0279129 1954
0.0279213 1958
0.0279318 1962
0.0279623 1975
0.0280171 1978
0.0280255 1981
0.0280407 1985
0.0280663 1990
0.028074 1994
0.0280884 1997
0.0281109 2000
0.0281206 2002
0.0281426 2008
0.0281682 2010
0.028174 2011
0.0281903 2020
0.0282186 2021
0.0282635 2034
0.0283166 2038
0.0283477 2043
0.028399 2046
0.0284577 2050
0.0284935 2051
0.0285111 2052
0.0286103 2058
0.0288634 2059
0.0289038 2062
0.0290913 2063
0.0290979 2065
0.0291619 2067
0.0297314 2068
0.0299226 2070
0.029929 2072
0.0299472 2074
0.0299534 2075
0.0301557 2077
0.0301685 2078
0.0305054 2080
0.0305976 2088
0.0306695 2090
0.0310462 2092
0.0316325 2096
0.0316804 2100
0.0316888 2103
0.0317266 2105
0.0319141 2107
0.0321179 2108
0.034455 2109
0.0355214 2112
0.0355314 2114
0.0367767 2119
0.0375898 2122
0.0421302 2124
2 2124
