0 -16290
4.7e-08 -15977
5.869e-05 -15696
8.317e-05 -15419
0.000124459 -15146
0.000155824 -14891
0.000219387 -14637
0.000282728 -14388
0.00034203 -14139
0.000385144 -13891
0.000418658 -13646
0.000448661 -13411
0.000495685 -13177
0.000566606 -12944
0.000622293 -12712
0.000673496 -12486
0.000713914 -12263
0.000746224 -12041
0.000784325 -11819
0.000817385 -11602
0.000847314 -11392
0.000922043 -11185
0.000974784 -10983
0.00101641 -10782
0.00105676 -10587
0.00109407 -10396
0.00113154 -10207
0.00118825 -10023
0.00122364 -9841
0.00125934 -9661
0.00129038 -9482
0.00131898 -9307
0.00134663 -9132
0.00137563 -8958
0.00140188 -8786
0.00143015 -8615
0.00145771 -8447
0.00148156 -8281
0.00150638 -8116
0.00153144 -7956
0.00156111 -7798
0.00158765 -7645
0.00161453 -7493
0.00164251 -7341
0.00167078 -7189
0.00169659 -7037
0.00172423 -6887
0.00175055 -6739
0.0017821 -6596
0.00181014 -6454
0.00183815 -6312
0.00186394 -6172
0.00188883 -6032
0.00191483 -5893
0.00194026 -5756
0.00196566 -5623
0.00199194 -5494
0.00201781 -5366
0.00204365 -5238
0.00206988 -5111
0.00209643 -4985
0.00212141 -4862
0.00214285 -4740
0.00216961 -4618
0.00219277 -4499
0.00221823 -4382
0.00224505 -4265
0.00227054 -4151
0.00229542 -4038
0.00232074 -3926
0.00236928 -3815
0.00242366 -3709
0.00246493 -3606
0.00250148 -3508
0.00253723 -3410
0.00257076 -3316
0.00260095 -3224
0.00263235 -3134
0.00266284 -3044
0.00268769 -2955
0.00271173 -2866
0.00273566 -2777
0.00275933 -2689
0.00278259 -2601
0.00280653 -2515
0.00282885 -2431
0.00285204 -2349
0.0028784 -2267
0.00290291 -2187
0.0029271 -2108
0.00294719 -2033
0.00296951 -1960
0.00299342 -1887
0.00302019 -1816
0.00304206 -1746
0.00306339 -1681
0.0030853 -1617
0.0031067 -1554
0.00313068 -1491
0.00315332 -1429
0.00317668 -1369
0.00320108 -1310
0.00322576 -1251
0.00325003 -1193
0.00327295 -1137
0.00329751 -1082
0.00332312 -1027
0.00334822 -974
0.00336975 -922
0.00339301 -870
0.00341457 -819
0.00343707 -768
0.00346001 -717
0.00348122 -667
0.00350328 -618
0.00352578 -569
0.00354991 -523
0.00357019 -477
0.00359353 -435
0.00361623 -394
0.00364001 -355
0.00366268 -316
0.00368466 -277
0.0037079 -239
0.00373053 -201
0.00375144 -164
0.00377594 -128
0.00379976 -93
0.00382533 -58
0.00385432 -23
0.00388034 11
0.00390382 45
0.00392942 78
0.00395197 111
0.0039766 143
0.00400081 175
0.00402462 206
0.00404895 234
0.00407482 262
0.00409714 289
0.00412027 316
0.00414239 343
0.00416515 369
0.00418739 395
0.00424141 421
0.00427864 446
0.00430936 470
0.00433677 494
0.00436025 518
0.00438562 542
0.0044107 566
0.00443538 589
0.00445851 608
0.00447987 639
0.00450337 670
0.00452705 692
0.00454903 711
0.00457018 730
0.00459403 754
0.00461934 775
0.0046431 795
0.0046662 814
0.00468949 831
0.00471282 849
0.00473749 874
0.00476095 892
0.00478335 916
0.00480473 944
0.0048278 961
0.00484957 981
0.00488329 1000
0.00490405 1022
0.00492753 1039
0.00495134 1056
0.00497319 1072
0.00499779 1088
0.00502113 1107
0.0050436 1122
0.00506338 1143
0.00508496 1158
0.00510936 1175
0.00513443 1191
0.00519235 1206
0.0052395 1220
0.00527429 1233
0.0053166 1246
0.00534742 1259
0.00537429 1276
0.00540011 1297
0.00542256 1309
0.00544547 1325
0.00546748 1337
0.0054906 1351
0.00551234 1363
0.00553466 1374
0.00555713 1390
0.00557942 1404
0.0056011 1415
0.00562414 1426
0.00564447 1438
0.00566679 1449
0.00568833 1463
0.00571106 1473
0.00573303 1481
0.00575342 1490
0.00577584 1501
0.00579851 1515
0.00582103 1523
0.00584488 1531
0.00586795 1539
0.00589155 1546
0.00591511 1553
0.0059459 1569
0.00597812 1578
0.00601164 1586
0.00604356 1601
0.00611019 1608
0.00615835 1615
0.00619739 1622
0.00623084 1631
0.00626176 1641
0.00629578 1648
0.00631483 1653
0.00634467 1662
0.00635537 1667
0.00637085 1671
0.0064774 1680
0.00652103 1694
0.00653103 1698
0.00654341 1704
0.00656441 1709
0.00657014 1712
0.00657531 1715
0.00658408 1718
0.006597 1727
0.00661122 1730
0.00661623 1733
0.00662341 1735
0.00663473 1753
0.00664734 1755
0.0066517 1756
0.00666284 1757
0.00667968 1761
0.00668755 1766
0.00671381 1773
0.00672627 1776
0.00673571 1779
0.00675663 1783
0.00676707 1785
0.00677122 1787
0.00683096 1790
0.00684174 1791
0.00684748 1792
0.00758351 1793
0.00758624 1795
0.00759242 1796
0.00789362 1807
0.0082198 1812
0.00823293 1814
0.00825084 1815
0.00826114 1816
0.00834032 1817
0.00836498 1818
0.0089095 1821
0.00893369 1824
0.0111514 1826
0.0111622 1831
0.0115465 1832
0.0115532 1833
0.0115638 1837
2 1837
