0 -38331
5.5e-08 -38105
1.7957e-05 -37887
3.4608e-05 -37671
6.6065e-05 -37457
9.3186e-05 -37243
0.000133381 -37030
0.000178265 -36818
0.000221564 -36608
0.000263687 -36399
0.000306977 -36191
0.000352944 -35990
0.00039679 -35789
0.000444417 -35588
0.000488466 -35387
0.000532285 -35187
0.000576455 -34987
0.000620838 -34788
0.000665435 -34590
0.00070992 -34393
0.000754702 -34197
0.000803097 -34001
0.00084811 -33806
0.00089241 -33611
0.000936228 -33416
0.000980806 -33222
0.00102553 -33029
0.00107035 -32838
0.00111483 -32647
0.00115992 -32457
0.00120457 -32267
0.00125397 -32077
0.00134934 -31887
0.00139851 -31698
0.00144367 -31510
0.00148914 -31323
0.00153502 -31137
0.00158119 -30951
0.00163692 -30765
0.00168382 -30580
0.0017349 -30396
0.00178111 -30212
0.00182733 -30028
0.00187324 -29844
0.00191838 -29660
0.00196471 -29477
0.0020102 -29295
0.00205696 -29113
0.00210305 -28932
0.00214937 -28753
0.00220662 -28574
0.0022535 -28396
0.00231164 -28218
0.00235815 -28041
0.0024101 -27864
0.00245994 -27687
0.00253349 -27511
0.00260017 -27335
0.00266929 -27159
0.00273329 -26983
0.00279461 -26807
0.00288651 -26631
0.00293303 -26456
0.00297923 -26281
0.00302513 -26107
0.00307711 -25933
0.00313547 -25759
0.00319994 -25585
0.0032576 -25411
0.00330821 -25237
0.00337455 -25064
0.0034391 -24893
0.00349824 -24722
0.0035437 -24551
0.00359223 -24381
0.00363781 -24211
0.00368349 -24042
0.00372937 -23874
0.00377527 -23706
0.00382057 -23539
0.0038659 -23372
0.0039117 -23206
0.0039573 -23040
0.00400309 -22874
0.00405145 -22708
0.00409751 -22542
0.00414794 -22377
0.00419475 -22212
0.00424146 -22048
0.00428841 -21884
0.00433581 -21721
0.00438304 -21558
0.00443042 -21396
0.00447784 -21234
0.00453085 -21072
0.00457792 -20911
0.00462553 -20750
0.00467303 -20589
0.00472042 -20428
0.00476766 -20268
0.00481485 -20108
0.00486241 -19948
0.00490969 -19789
0.00495776 -19630
0.00500597 -19472
0.0050538 -19314
0.00510183 -19156
0.00514999 -18998
0.00519872 -18841
0.00524752 -18684
0.00529593 -18527
0.00535388 -18371
0.00540281 -18216
0.00546183 -18061
0.00551077 -17906
0.00555937 -17751
0.00560759 -17596
0.00565649 -17442
0.00570513 -17288
0.00575288 -17134
0.005802 -16981
0.00585074 -16828
0.00590258 -16675
0.00595182 -16522
0.00600062 -16370
0.00605293 -16218
0.00610173 -16067
0.00614975 -15916
0.00619907 -15765
0.00625899 -15614
0.00630809 -15464
0.00636073 -15314
0.00641048 -15165
0.00645995 -15017
0.00650947 -14869
0.00656764 -14721
0.00661726 -14574
0.00666663 -14427
0.00671641 -14280
0.00676645 -14133
0.00683994 -13986
0.00689185 -13840
0.0069419 -13694
0.00699157 -13548
0.00704216 -13402
0.00709279 -13257
0.00714382 -13112
0.00720528 -12967
0.00725782 -12822
0.0073138 -12678
0.00736516 -12534
0.00741706 -12391
0.00746917 -12248
0.0075209 -12106
0.00757169 -11964
0.00762322 -11823
0.00767502 -11682
0.00772634 -11542
0.00777694 -11402
0.0078304 -11264
0.0078868 -11126
0.0079453 -10989
0.00799994 -10853
0.00805943 -10717
0.00813087 -10582
0.0081921 -10447
0.00825512 -10312
0.008309 -10178
0.00836253 -10044
0.00841601 -9910
0.00846972 -9776
0.00852429 -9642
0.00860652 -9509
0.0086621 -9376
0.00872685 -9244
0.00878567 -9112
0.0088567 -8981
0.00891065 -8851
0.00896608 -8722
0.00902201 -8593
0.00909085 -8464
0.00915201 -8335
0.00922022 -8207
0.00927762 -8081
0.00933454 -7955
0.00939144 -7829
0.00944825 -7704
0.00950512 -7580
0.00956372 -7456
0.00963365 -7333
0.0096969 -7211
0.00975756 -7089
0.00981775 -6967
0.00987789 -6846
0.00993764 -6725
0.00999622 -6605
0.0100571 -6485
0.0101198 -6365
0.0101816 -6246
0.0102437 -6128
0.0103062 -6010
0.0103688 -5893
0.0104306 -5776
0.0104929 -5659
0.0105769 -5544
0.0106443 -5429
0.0107102 -5314
0.0107761 -5200
0.0108821 -5088
0.0109605 -4977
0.0110336 -4868
0.0111032 -4759
0.0111717 -4651
0.0112393 -4543
0.0113081 -4435
0.0113796 -4329
0.0114539 -4225
0.0115282 -4121
0.0116007 -4017
0.0116722 -3914
0.0117439 -3811
0.0118176 -3708
0.0118924 -3606
0.011969 -3506
0.0120452 -3408
0.0121226 -3312
0.0121999 -3216
0.0122761 -3122
0.0123517 -3028
0.0124295 -2934
0.0125075 -2842
0.0125875 -2750
0.0126678 -2658
0.0127573 -2567
0.0128489 -2478
0.0129356 -2390
0.0130228 -2303
0.0131107 -2217
0.0131996 -2131
0.0132941 -2047
0.0134057 -1964
0.0135154 -1881
0.0136336 -1800
0.0137985 -1720
0.0139359 -1640
0.0140622 -1563
0.0141807 -1488
0.0142974 -1414
0.0145365 -1343
0.0146927 -1273
0.0148537 -1204
0.0149915 -1135
0.015127 -1068
0.0152812 -1002
0.0154254 -938
0.0155756 -877
0.015727 -817
0.0158943 -757
0.0160603 -698
0.0162238 -641
0.0163912 -585
0.0165601 -534
0.0167327 -485
0.016911 -437
0.0170917 -391
0.0172789 -346
0.0174688 -305
0.0176631 -265
0.0178729 -228
0.0180773 -193
0.0182834 -159
0.0184919 -127
0.0187293 -95
0.0190281 -65
0.0192628 -40
0.0194792 -18
0.0196991 2
0.0199252 21
0.0201688 39
0.0204123 55
0.0206448 70
0.0208704 84
0.0210857 99
0.0213071 111
0.0215343 125
0.0217576 138
0.021971 149
0.0221841 161
0.0223722 173
0.022562 181
0.0227496 194
0.0229386 205
0.023112 219
0.0232756 229
0.0234561 243
0.0236395 253
0.0238121 264
0.0239758 274
0.0241593 281
0.0243448 290
0.0245396 297
0.0247333 302
0.0249232 306
0.0251046 315
0.0253065 320
0.0255093 329
0.0256893 334
0.0258774 346
0.026058 350
0.026246 353
0.0264444 359
0.0266383 362
0.0268895 365
0.0273152 370
0.0275144 371
0.0277138 375
0.0279142 377
0.0281089 381
0.0283151 383
0.0285105 384
0.0289085 385
0.0299608 387
0.0306001 388
0.0308392 391
0.0310805 392
0.0312873 394
0.0316842 400
0.03189 403
0.0320951 407
0.0322985 412
0.0324985 414
0.0327147 418
0.0333375 420
0.0335412 421
0.0339511 425
0.0392922 426
0.0399237 430
0.0401355 433
0.0405515 439
0.0422742 440
0.0432036 442
2 442
