0 -17060
4.6e-08 -16735
4.399e-05 -16430
7.0801e-05 -16126
0.000105031 -15827
0.000177081 -15542
0.000247743 -15258
0.0003291 -14980
0.000434039 -14706
0.000528477 -14432
0.000625876 -14166
0.000712358 -13909
0.000857022 -13656
0.000971943 -13412
0.00107612 -13171
0.00117281 -12935
0.00126304 -12699
0.00135385 -12467
0.00144869 -12241
0.00151769 -12017
0.00158029 -11794
0.00163722 -11572
0.00169424 -11351
0.00174789 -11133
0.00180955 -10924
0.00186364 -10719
0.00191461 -10514
0.00196578 -10309
0.00201816 -10106
0.00206461 -9906
0.00211695 -9711
0.00216613 -9519
0.00221692 -9329
0.00226746 -9144
0.00231642 -8961
0.00236575 -8778
0.00243045 -8596
0.00248285 -8414
0.00253378 -8233
0.00260053 -8053
0.00269569 -7879
0.00278767 -7705
0.0028712 -7532
0.00294912 -7360
0.00301868 -7191
0.00307965 -7023
0.00313224 -6859
0.0031791 -6695
0.00322409 -6531
0.00326428 -6368
0.00329742 -6212
0.00333629 -6061
0.00337946 -5911
0.00342233 -5765
0.00346753 -5619
0.00350743 -5474
0.00354792 -5332
0.00358788 -5190
0.00362658 -5057
0.0036696 -4925
0.00371012 -4794
0.00375107 -4665
0.00378965 -4537
0.00382787 -4414
0.00386592 -4291
0.00390467 -4169
0.00394089 -4048
0.00398071 -3927
0.00402029 -3808
0.00405749 -3694
0.00409025 -3582
0.00413143 -3471
0.00417008 -3360
0.00420927 -3252
0.00424243 -3147
0.00427617 -3043
0.00431846 -2942
0.00435544 -2845
0.00439276 -2748
0.00443497 -2653
0.00447321 -2559
0.00451616 -2465
0.00455158 -2377
0.00458835 -2293
0.00462087 -2209
0.00466392 -2126
0.00470003 -2043
0.00474077 -1965
0.00478261 -1887
0.00481848 -1809
0.00485791 -1734
0.00489907 -1660
0.00494839 -1588
0.00499148 -1517
0.00503198 -1448
0.00506954 -1382
0.00512454 -1318
0.00516261 -1255
0.00519749 -1193
0.00523246 -1133
0.00526343 -1073
0.00530104 -1014
0.00533168 -956
0.0053657 -899
0.00539697 -842
0.00542906 -785
0.00545781 -730
0.00549111 -675
0.00551922 -620
0.00554626 -568
0.00557818 -518
0.00560657 -469
0.00563235 -420
0.00566487 -373
0.00569544 -327
0.00573107 -281
0.00576553 -237
0.00580107 -194
0.00583586 -151
0.00586746 -109
0.00589392 -68
0.00592454 -27
0.00595933 13
0.00599393 52
0.00602773 87
0.00605872 122
0.00608761 157
0.00611666 191
0.0061425 225
0.00617816 258
0.00620842 290
0.00624387 320
0.006276 350
0.0063286 379
0.00638175 405
0.00653889 430
0.00661104 456
0.00666387 480
0.0067072 504
0.00674812 526
0.00678702 548
0.00682507 570
0.00686077 591
0.00689683 619
0.00694289 640
0.00698108 661
0.00702518 681
0.00706297 700
0.00710066 721
0.00725222 740
0.00731225 759
0.007356 777
0.00739184 795
0.00742589 812
0.00745455 828
0.00748401 844
0.00751879 860
0.00754825 879
0.00757807 895
0.0076106 911
0.00763949 926
0.00766546 943
0.00769494 958
0.00772495 973
0.00775594 987
0.0077849 1003
0.0078113 1021
0.00783853 1035
0.00786334 1051
0.00789355 1069
0.00792616 1086
0.00795429 1101
0.00798347 1120
0.00801364 1134
0.00804151 1149
0.00806743 1169
0.0080981 1184
0.00813036 1198
0.00816526 1219
0.00819688 1232
0.00822613 1249
0.00826024 1263
0.00829133 1275
0.00832364 1287
0.00835531 1299
0.00838609 1314
0.00841864 1327
0.0084501 1338
0.00848576 1351
0.00851883 1367
0.00855109 1381
0.00857822 1398
0.00860806 1410
0.00863412 1421
0.00866323 1438
0.00869229 1451
0.00875689 1463
0.00881312 1474
0.00885766 1485
0.00887129 1495
0.00889257 1505
0.00892447 1515
0.00893527 1524
0.00894813 1533
0.00896077 1545
0.00899297 1554
0.00899846 1562
0.00901044 1570
0.00902013 1578
0.00903877 1586
0.00905498 1593
0.00906001 1600
0.0090689 1606
0.00907891 1612
0.00909825 1621
0.00910394 1626
0.00910915 1631
0.00911591 1638
0.00913306 1642
0.00913733 1646
0.00914446 1650
0.00915704 1663
0.00918629 1667
0.00919214 1671
0.00920317 1677
0.00921569 1682
0.00921974 1685
0.00922911 1692
0.00925247 1697
0.00926105 1703
0.00927575 1706
0.00927984 1711
0.00929191 1714
0.00929549 1715
0.0093075 1724
0.00932981 1727
0.0093339 1728
0.00934185 1732
0.0093561 1735
0.00936871 1745
0.00940356 1753
0.00942982 1754
0.00943864 1758
0.00944967 1769
0.00960547 1772
0.00963372 1774
0.0102229 1775
2 1775
