0 -59129
5.7e-08 -58738
1.724e-05 -58361
4.6077e-05 -57987
7.1784e-05 -57613
0.000106112 -57248
0.000136902 -56883
0.000179821 -56523
0.000223375 -56172
0.000263468 -55824
0.000294694 -55476
0.000324612 -55129
0.00035452 -54785
0.00038349 -54445
0.000411502 -54106
0.000440045 -53770
0.000468559 -53435
0.000496846 -53100
0.000537243 -52765
0.000567767 -52432
0.00059705 -52102
0.000626588 -51772
0.000656573 -51442
0.000685836 -51112
0.000731363 -50783
0.000761802 -50456
0.00079135 -50131
0.000820168 -49807
0.000849185 -49483
0.0008799 -49161
0.000910197 -48841
0.000941186 -48521
0.000971664 -48205
0.00100169 -47890
0.00103237 -47577
0.00106392 -47265
0.00109438 -46956
0.0011244 -46648
0.00115422 -46341
0.00118749 -46035
0.00121693 -45730
0.00124856 -45426
0.00127991 -45123
0.00131122 -44820
0.00134297 -44518
0.0013927 -44216
0.00144414 -43914
0.00148721 -43612
0.00152525 -43311
0.00155824 -43012
0.00158984 -42716
0.00161991 -42421
0.00164966 -42126
0.00167963 -41833
0.00171103 -41540
0.00174252 -41248
0.00177397 -40956
0.00180615 -40664
0.0018371 -40375
0.00186814 -40086
0.00189873 -39799
0.00192788 -39512
0.00195913 -39226
0.00199175 -38940
0.00202158 -38655
0.00205122 -38370
0.002082 -38086
0.00211157 -37803
0.00214662 -37521
0.00218006 -37239
0.00221113 -36958
0.0022422 -36678
0.00227372 -36399
0.00230503 -36121
0.00233864 -35844
0.00236922 -35567
0.00239986 -35292
0.00243197 -35017
0.00246321 -34742
0.00249646 -34468
0.00252858 -34196
0.00256167 -33924
0.00259425 -33653
0.00262612 -33382
0.00265823 -33112
0.00269245 -32843
0.00272431 -32574
0.00275771 -32306
0.00278897 -32039
0.00282079 -31772
0.00286312 -31507
0.00289862 -31242
0.00294073 -30978
0.00298109 -30714
0.00301403 -30451
0.0030578 -30190
0.0031106 -29929
0.00314833 -29668
0.00318038 -29408
0.00321286 -29149
0.00324456 -28890
0.00329873 -28632
0.00334 -28374
0.00337477 -28118
0.00341019 -27864
0.00344723 -27610
0.00348146 -27356
0.00351137 -27103
0.00354272 -26852
0.00357683 -26601
0.00361059 -26351
0.00364298 -26102
0.0036833 -25853
0.00373479 -25605
0.00378289 -25358
0.00383239 -25111
0.00388328 -24865
0.00393295 -24620
0.00398827 -24377
0.00404355 -24135
0.00409636 -23894
0.00414991 -23653
0.00420108 -23412
0.00425716 -23173
0.00430774 -22935
0.00436025 -22698
0.0044098 -22461
0.00446159 -22225
0.0045204 -21989
0.00458693 -21754
0.00464323 -21520
0.00469946 -21287
0.00479034 -21054
0.00484289 -20821
0.00489068 -20589
0.00494141 -20361
0.00499305 -20135
0.00504452 -19909
0.00509501 -19683
0.00514515 -19460
0.00521507 -19237
0.00526659 -19015
0.00531792 -18793
0.00537199 -18572
0.00542758 -18353
0.00548213 -18134
0.00553683 -17916
0.00558607 -17699
0.0056347 -17483
0.00568578 -17270
0.00573786 -17058
0.00579228 -16847
0.00584612 -16636
0.00589186 -16425
0.00594288 -16215
0.00599393 -16005
0.00604253 -15795
0.00609438 -15585
0.00614809 -15378
0.00620523 -15174
0.00626314 -14970
0.00632973 -14768
0.0064028 -14566
0.0064679 -14365
0.00653359 -14165
0.00659299 -13967
0.00665173 -13772
0.00670844 -13578
0.00676479 -13384
0.00682001 -13190
0.00686365 -12997
0.00689785 -12805
0.00693603 -12613
0.00697686 -12424
0.00701197 -12235
0.0070469 -12047
0.00710221 -11859
0.00714567 -11672
0.00718412 -11485
0.00722615 -11299
0.00726657 -11116
0.0073066 -10934
0.00734421 -10754
0.007383 -10574
0.00742294 -10395
0.00745922 -10217
0.00750191 -10041
0.00754009 -9865
0.00757952 -9690
0.00761796 -9519
0.00766537 -9348
0.00771028 -9178
0.00775641 -9008
0.00780475 -8839
0.00785595 -8671
0.0079008 -8504
0.00795255 -8340
0.00800162 -8177
0.00805084 -8014
0.00809901 -7852
0.00814604 -7695
0.00819343 -7539
0.00824056 -7385
0.00828618 -7231
0.00833139 -7077
0.00837916 -6923
0.00843014 -6771
0.00848336 -6619
0.00853834 -6469
0.00859225 -6320
0.00864892 -6171
0.0087659 -6023
0.00884554 -5878
0.00891592 -5733
0.00900057 -5591
0.00906041 -5451
0.00912031 -5316
0.00917575 -5182
0.00923213 -5049
0.00928724 -4918
0.00934741 -4791
0.00941601 -4664
0.00948685 -4539
0.00956896 -4414
0.0096586 -4290
0.0097554 -4169
0.00983901 -4049
0.00991789 -3929
0.0100041 -3809
0.0100881 -3693
0.0101721 -3578
0.0102566 -3463
0.0103457 -3349
0.0104377 -3236
0.0105319 -3123
0.0106298 -3013
0.0107269 -2906
0.010825 -2801
0.0109573 -2696
0.0110918 -2592
0.0112086 -2489
0.0113226 -2386
0.0114348 -2289
0.0115473 -2193
0.0116563 -2097
0.0117679 -2004
0.0118815 -1912
0.0119971 -1823
0.0121159 -1736
0.0122401 -1654
0.0123674 -1574
0.0124959 -1494
0.0126296 -1414
0.0127713 -1334
0.0129149 -1259
0.0130455 -1185
0.0131765 -1115
0.013316 -1047
0.0134463 -981
0.0135732 -916
0.0137039 -851
0.0138352 -790
0.0139642 -729
0.0140924 -668
0.0142178 -612
0.0143453 -556
0.014485 -505
0.0146118 -455
0.0147427 -405
0.0148654 -359
0.0149783 -314
0.0150868 -271
0.0151926 -230
0.0152929 -189
0.0153971 -150
0.0156116 -111
0.0157721 -74
0.0159204 -44
0.0160561 -16
0.0161846 12
0.0163068 40
0.0164244 64
0.0165477 84
0.0166553 104
0.0167655 119
0.0168631 134
0.0169599 148
0.0170512 165
0.0171606 183
0.0172539 197
0.0173493 209
0.0174502 222
0.0175495 232
0.0176483 254
0.0177393 267
0.0178285 276
0.0179229 290
0.0180165 298
0.0181209 308
0.0182221 323
0.0183317 332
0.0184443 343
0.0185521 350
0.0186546 361
0.0187567 369
0.0188583 377
0.0189583 390
0.0190839 402
0.0192068 413
0.0193197 421
0.0194274 429
0.0195324 440
0.0196404 445
0.0197469 452
0.0198491 458
0.0199521 465
0.0200598 470
0.0201679 482
0.0202913 485
0.0204114 488
0.0205309 492
0.0206585 496
0.0207882 505
0.0209093 515
0.021032 520
0.0211494 527
0.0212398 537
0.0213152 541
0.0213904 544
0.0214708 547
0.02155 551
0.0216254 557
0.0216963 572
0.0217646 575
0.0218361 581
0.0219154 591
0.021998 594
0.0220796 599
0.0221606 601
0.0222465 605
0.0223325 609
0.0224962 612
0.0225693 615
0.023317 616
0.0234769 617
0.0237084 618
0.0237873 622
0.0243879 629
0.0256383 630
0.0257288 631
0.0258142 635
0.0259168 638
0.0260243 641
0.026129 644
0.0262309 645
0.0268375 647
0.0270719 648
0.0332406 654
0.0333349 657
0.0335095 659
0.0338521 660
0.0339391 665
0.0341039 668
0.034275 670
0.0343632 672
0.037856 677
0.0380193 683
0.0381048 684
0.0381964 685
0.0383982 686
0.0423611 687
0.0424448 688
2 688
