469 0.119272
458 0.13353
482 0.14839
481 0.176107
451 0.0603714
479 0.0726493
503 0.176141
459 0.0841044
532 0.12851
460 0.0917201
190 0.109561
181 0.10971
176 0.143091
163 0.101695
173 0.0958807
172 0.146929
190 0.163176
169 0.157342
177 0.151868
185 0.117878
1481 0.00451872
1613 0.0207489
1611 0.0143548
1525 0.00702347
1644 0.0058906
1431 0.00625139
1620 0.00601131
1478 0.00593799
1601 0.00741925
1640 0.012204
1330 0.0743705
1357 0.125501
1472 0.120708
1388 0.0363047
1240 0.0615982
1475 0.00547791
1348 0.0221037
1400 0.0127186
1304 0.0282686
1425 0.0447768
