0 -8213
4.8e-08 -7981
1.4406e-05 -7753
3.4281e-05 -7540
5.6861e-05 -7335
8.5098e-05 -7145
0.000104868 -6959
0.000118944 -6775
0.00013105 -6593
0.000143306 -6413
0.000154318 -6242
0.000165113 -6072
0.000176568 -5906
0.000187174 -5740
0.000197338 -5585
0.000207284 -5430
0.000218381 -5275
0.000228855 -5129
0.00023949 -4984
0.000263994 -4843
0.000295106 -4703
0.000312397 -4563
0.000324154 -4423
0.000334788 -4285
0.000345348 -4148
0.000356548 -4011
0.000367701 -3874
0.000377601 -3747
0.000387472 -3621
0.000398842 -3499
0.000409854 -3378
0.000420102 -3260
0.000430171 -3142
0.000440203 -3026
0.00045211 -2910
0.000462377 -2795
0.000472418 -2691
0.000482798 -2588
0.000492971 -2487
0.000502569 -2389
0.000518116 -2292
0.000529241 -2195
0.000539008 -2099
0.000549992 -2006
0.000560259 -1913
0.000571421 -1824
0.000582179 -1735
0.000593134 -1647
0.000602364 -1559
0.000611264 -1473
0.000621937 -1393
0.000632204 -1313
0.000642622 -1234
0.000653238 -1158
0.00066177 -1083
0.00067166 -1010
0.000681484 -937
0.000691242 -866
0.000700566 -795
0.00071006 -729
0.00071995 -663
0.000730123 -597
0.000739598 -536
0.000749092 -477
0.000758774 -418
0.000769815 -360
0.000781091 -304
0.000791169 -255
0.000802417 -207
0.000812363 -160
0.000822611 -113
0.000831134 -68
0.000840525 -23
0.000849585 22
0.000859324 66
0.000869996 110
0.000879519 153
0.000888928 190
0.000897177 227
0.0009062 263
0.000914695 298
0.000923679 327
0.000932947 355
0.000941894 382
0.000949399 408
0.000958836 437
0.000968773 463
0.00097756 489
0.000985546 525
0.000994323 550
0.00100217 586
0.00101088 611
0.00101907 635
0.0010273 659
0.00103582 682
0.00104529 704
0.00105437 730
0.0010641 751
0.00107297 771
0.00108263 791
0.00109068 811
0.0010998 830
0.00110724 857
0.00111615 881
0.00112427 900
0.00113277 919
0.00114203 936
0.00115044 951
0.00115847 973
0.00116698 988
0.00117715 1003
0.00118559 1017
0.00119319 1034
0.00120279 1048
0.00121137 1061
0.0012188 1073
0.00122687 1085
0.00123632 1096
0.00125942 1107
0.0012629 1118
0.00126761 1128
0.00127258 1137
0.00127874 1150
0.00128877 1167
0.00129246 1186
0.00129841 1194
0.00130102 1201
0.00130404 1214
0.00131105 1220
0.00131393 1226
0.00131845 1233
0.0013233 1237
0.00132543 1239
0.00132903 1241
0.00133182 1247
0.00134091 1251
0.00134388 1254
0.00134884 1258
0.00135122 1260
0.00136144 1271
0.00137488 1284
0.00139131 1292
0.00143991 1296
0.00144937 1300
0.00145679 1303
0.00146179 1306
0.00146802 1308
0.00154242 1311
0.00155326 1312
0.00162962 1316
0.00163254 1318
2 1318
