0 -122932
4.5e-08 -122130
1.5783e-05 -121329
2.6867e-05 -120537
4.8504e-05 -119750
7.7157e-05 -118986
0.00011942 -118229
0.000161547 -117479
0.000196676 -116730
0.000227873 -116010
0.000256887 -115309
0.000287912 -114612
0.000321985 -113915
0.000350891 -113221
0.000379409 -112527
0.000407106 -111837
0.000434912 -111153
0.000462699 -110470
0.000491424 -109792
0.000520727 -109114
0.000548983 -108437
0.000576789 -107766
0.00060518 -107095
0.000633752 -106430
0.000663046 -105768
0.000691798 -105108
0.000728893 -104451
0.000777488 -103796
0.000819886 -103143
0.00085643 -102494
0.000901246 -101845
0.000934363 -101199
0.000964333 -100559
0.000995007 -99920
0.00102414 -99282
0.0010568 -98646
0.00108575 -98012
0.00111346 -97385
0.00114179 -96766
0.00116946 -96148
0.00120232 -95534
0.00123223 -94924
0.00126237 -94315
0.00129307 -93706
0.00132406 -93099
0.0013542 -92493
0.00138347 -91892
0.00141323 -91294
0.00144265 -90697
0.00147231 -90101
0.00150093 -89505
0.00152966 -88909
0.00155894 -88314
0.00158809 -87720
0.00161765 -87127
0.00164805 -86534
0.00168025 -85942
0.00171206 -85352
0.00174088 -84763
0.00176983 -84176
0.0017998 -83590
0.00183081 -83004
0.00185917 -82419
0.00188674 -81838
0.00191623 -81258
0.00194555 -80680
0.00197538 -80103
0.00200802 -79527
0.00203937 -78951
0.00206924 -78377
0.00210248 -77803
0.00213185 -77234
0.00216219 -76665
0.00219219 -76099
0.00222281 -75534
0.00225289 -74969
0.00228069 -74405
0.00230963 -73841
0.00234131 -73277
0.00237114 -72714
0.00240203 -72153
0.00243141 -71592
0.00245924 -71032
0.00248847 -70474
0.00251989 -69916
0.00256209 -69359
0.00259453 -68803
0.00262372 -68249
0.00265266 -67695
0.00268503 -67146
0.00271568 -66597
0.00274486 -66048
0.00277393 -65501
0.00280531 -64955
0.00283738 -64412
0.00286809 -63870
0.00290077 -63332
0.00293073 -62795
0.00295885 -62266
0.00298764 -61737
0.00302056 -61209
0.00304939 -60681
0.00307915 -60154
0.00311124 -59633
0.00314169 -59112
0.003172 -58591
0.00320527 -58077
0.00323526 -57563
0.00326741 -57050
0.00329954 -56542
0.00333071 -56037
0.00336067 -55533
0.00339379 -55031
0.0034253 -54530
0.00345632 -54031
0.00348637 -53534
0.00351795 -53037
0.00355023 -52542
0.00359079 -52047
0.00362324 -51552
0.00365332 -51060
0.0036833 -50568
0.00371424 -50077
0.00374527 -49587
0.00377943 -49098
0.00381458 -48610
0.00384949 -48123
0.00388269 -47638
0.00391806 -47155
0.003962 -46673
0.00399515 -46195
0.00402998 -45717
0.00406572 -45241
0.00409768 -44766
0.00413149 -44293
0.00416994 -43820
0.00420294 -43347
0.00423409 -42874
0.00426599 -42403
0.00430095 -41933
0.00434558 -41464
0.00438309 -40995
0.00441685 -40527
0.00445271 -40062
0.00448392 -39603
0.00451703 -39147
0.00455011 -38691
0.00458217 -38239
0.00461844 -37789
0.00465149 -37340
0.0046841 -36892
0.0047304 -36445
0.00476588 -36001
0.00480571 -35559
0.00484074 -35121
0.00487705 -34683
0.00490917 -34247
0.00494333 -33811
0.00497673 -33377
0.005011 -32945
0.00504656 -32514
0.00508101 -32083
0.00511474 -31653
0.00514583 -31224
0.0051803 -30797
0.00521517 -30372
0.0052441 -29953
0.00527963 -29538
0.00531644 -29125
0.00535637 -28713
0.00539538 -28302
0.00543496 -27891
0.00547632 -27484
0.00551708 -27084
0.00555496 -26686
0.00559207 -26292
0.00562901 -25899
0.00566633 -25507
0.00570143 -25115
0.00573888 -24724
0.0057774 -24337
0.00581291 -23951
0.00584903 -23568
0.00589035 -23186
0.00593005 -22805
0.00597405 -22425
0.00601496 -22052
0.00604975 -21679
0.00608766 -21306
0.00612931 -20938
0.00619836 -20573
0.00625802 -20209
0.00630966 -19846
0.00635643 -19489
0.00640757 -19136
0.00645998 -18784
0.00651268 -18434
0.00656117 -18085
0.00660963 -17736
0.00665804 -17388
0.00672264 -17040
0.00679911 -16695
0.00686871 -16362
0.00692927 -16031
0.00698918 -15701
0.0070481 -15373
0.00710633 -15046
0.00716193 -14725
0.00722355 -14404
0.00728459 -14090
0.00734912 -13780
0.00741254 -13470
0.00747631 -13161
0.00754123 -12853
0.00761185 -12547
0.0076751 -12244
0.00774167 -11943
0.00780836 -11644
0.00787083 -11352
0.00793666 -11061
0.00804117 -10773
0.0081428 -10486
0.00824342 -10200
0.00834239 -9918
0.00843627 -9638
0.00853229 -9364
0.00862315 -9096
0.00871535 -8828
0.00880883 -8561
0.00890022 -8299
0.00899256 -8042
0.00908719 -7785
0.0091837 -7530
0.00932757 -7276
0.00945166 -7024
0.00957182 -6781
0.0096925 -6542
0.00982031 -6306
0.0099376 -6074
0.0100539 -5844
0.0101696 -5620
0.0102835 -5397
0.010399 -5174
0.0105152 -4965
0.0106338 -4761
0.0107509 -4559
0.0108708 -4360
0.0110065 -4162
0.0111297 -3967
0.011252 -3774
0.0113819 -3588
0.0115046 -3409
0.0116474 -3230
0.0117693 -3057
0.0118896 -2887
0.0120101 -2723
0.0121334 -2562
0.01226 -2404
0.0123773 -2249
0.0124947 -2099
0.0126109 -1955
0.0127269 -1820
0.012843 -1689
0.0129573 -1562
0.0130689 -1436
0.013187 -1319
0.0132955 -1204
0.0133983 -1090
0.0134992 -980
0.0135964 -871
0.0136889 -782
0.0137822 -693
0.0138748 -613
0.0139636 -535
0.014048 -457
0.0141298 -384
0.0142092 -315
0.0142837 -251
0.0143557 -190
0.014428 -132
0.0144969 -74
0.0145653 -26
0.0146335 10
0.0147058 39
0.0147747 68
0.0148399 92
0.0149023 113
0.0149727 140
0.0150434 161
0.0151112 178
0.0151727 193
0.015241 207
0.0153049 220
0.0153647 235
0.0154245 246
0.0154878 255
0.0155523 265
0.0156366 274
0.0157011 286
0.0157642 293
0.0158227 303
0.015882 310
0.0159383 324
0.0159976 336
0.016059 342
0.0161232 345
0.0161909 357
0.0162556 365
0.0163797 379
0.0165065 391
0.016582 406
0.0166445 414
0.0167096 427
0.0167763 430
0.0168371 435
0.0169023 444
0.0170295 460
0.0170932 466
0.0174071 473
0.0174696 476
0.0175329 478
0.01765 483
0.0177732 489
0.0178312 493
0.0178932 495
0.0179584 509
0.0180234 510
0.019508 516
0.0195726 520
0.0196669 523
0.0198105 528
0.0202889 532
0.0203564 534
0.0225228 537
0.0227682 539
0.0228379 545
0.0232272 555
0.0233024 556
0.023372 557
0.0234399 562
0.0236036 575
0.0236949 579
0.0237755 586
0.023851 591
0.0239909 594
2 594
