0 -2838
6.9e-08 -2661
6.621e-06 -2500
1.1273e-05 -2347
2.2546e-05 -2206
3.0764e-05 -2071
3.6953e-05 -1936
4.4877e-05 -1806
5.3133e-05 -1678
6.1468e-05 -1552
6.7873e-05 -1431
7.3652e-05 -1321
7.9891e-05 -1221
8.5747e-05 -1122
9.23e-05 -1026
0.000100194 -930
0.000105962 -837
0.000111104 -749
0.000115952 -671
0.000122544 -593
0.00012936 -517
0.000136794 -447
0.000144639 -380
0.000149928 -317
0.000154512 -255
0.000159898 -194
0.000165148 -134
0.000170564 -76
0.000175226 -24
0.000181886 28
0.000190328 76
0.000194824 122
0.000200171 165
0.000204657 201
0.000209339 235
0.000214285 269
0.000220347 302
0.000227947 328
0.000233119 354
0.000238574 379
0.000243628 404
0.000248965 428
0.000254058 455
0.000259406 479
0.000287339 502
0.000298759 525
0.000304419 545
0.000308229 564
0.000312411 582
0.000316819 600
0.000321735 625
0.000328337 649
0.000334164 669
0.00033866 686
0.000343067 700
0.000346671 708
0.000351509 725
0.000357249 731
0.000358933 737
0.000361117 742
0.000364075 756
0.000368571 761
0.000370089 766
0.000371705 769
0.000373517 781
0.000377806 783
0.00037906 793
0.000381244 795
0.000382175 797
0.000384065 810
0.000388031 811
0.000392008 819
0.000429823 823
0.000441135 841
0.000452662 846
0.000454964 851
0.000456864 855
0.000458333 856
0.000461957 857
0.000464494 859
0.000466237 861
0.00089317 863
0.000918576 867
2 867
