0 -2290
5.7e-08 -2128
5.883e-06 -1982
1.0446e-05 -1851
1.5274e-05 -1736
1.863e-05 -1624
2.7803e-05 -1517
3.7373e-05 -1416
4.4123e-05 -1317
4.9337e-05 -1221
5.3193e-05 -1134
5.7841e-05 -1052
6.2027e-05 -971
6.6411e-05 -894
7.0984e-05 -818
7.5773e-05 -745
7.9893e-05 -674
8.3975e-05 -603
8.8567e-05 -532
9.2904e-05 -469
9.6892e-05 -407
0.0001012 -346
0.000105716 -286
0.000111571 -226
0.000121791 -167
0.000134981 -115
0.000141477 -64
0.000147539 -19
0.00015263 25
0.000157674 67
0.0001635 108
0.000168601 148
0.000173607 188
0.000178962 224
0.00018477 260
0.000190191 294
0.000195395 327
0.000201938 360
0.000207397 392
0.000212837 423
0.000218607 454
0.000223858 483
0.000229374 511
0.000234456 536
0.00023965 560
0.00024509 582
0.000255216 602
0.000257705 622
0.000260345 639
0.000263739 656
0.000267039 681
0.000272422 697
0.000274298 713
0.00027609 726
0.000279446 737
0.00028316 750
0.000288025 771
0.000289807 782
0.000292004 792
0.000295492 801
0.000296897 805
0.000299075 808
0.000301724 829
0.00030658 832
0.000308437 834
0.000310341 836
0.000311944 845
0.000319883 867
0.000327095 882
0.00033855 884
0.000342755 886
0.000344584 888
0.000418103 890
0.000503691 893
0.0006499 894
0.000849264 901
0.00115043 905
2 905
