0 -5055
6.6e-08 -4963
0.000347091 -4958
0.000356239 -4910
0.000357867 -4840
0.000357999 -4683
0.0003583 -4642
0.000360211 -4517
0.000362253 -4484
0.000362413 -4382
0.000362526 -4300
0.000363862 -4172
0.000364229 -4059
0.000365086 -4004
0.000365368 -4002
0.000366723 -3880
0.000367655 -3740
0.000367862 -3617
0.000371401 -3596
0.00037173 -3476
0.000385876 -3368
0.000410195 -3323
0.000413649 -3193
0.0004141 -3079
0.000414891 -3077
0.000415456 -2961
0.000422542 -2933
0.000423192 -2841
0.000425733 -2710
0.000428114 -2704
0.000428707 -2654
0.00042882 -2541
0.00043009 -2447
0.000442871 -2412
0.000445327 -2351
0.000445845 -2237
0.000448151 -2171
0.000479472 -2135
0.000480752 -2041
0.000481486 -2036
0.00048493 -1964
0.000485721 -1891
0.000489947 -1819
0.000490088 -1742
0.000490342 -1645
0.000494182 -1567
0.000505965 -1560
0.000507762 -1470
0.000509654 -1394
0.000510783 -1276
0.000512421 -1185
0.000518745 -1165
0.000519414 -1107
0.000520665 -1039
0.000522679 -1007
0.000525023 -976
0.000525456 -914
0.000525973 -852
0.000530604 -831
0.000533371 -757
0.000536345 -739
0.000540156 -681
0.000542923 -635
0.000550179 -572
0.000562988 -568
0.000563233 -511
0.000564635 -462
0.000567327 -431
0.000578263 -395
0.000579402 -386
0.000581218 -327
0.000587448 -306
0.000589237 -291
0.000589566 -261
0.000593726 -215
0.000599448 -198
0.000602394 -170
0.000602902 -131
0.000609386 -89
0.000612247 -35
0.000619692 -14
0.000680386 4
0.000681826 6
0.000689157 30
0.000691369 58
0.000699717 59
0.000720817 70
0.000729598 107
0.000787054 138
0.000801115 154
0.00082565 155
0.000828126 188
0.000833198 241
0.000836615 265
0.00083924 275
0.000845245 276
0.000848981 284
0.000896349 286
0.000901045 293
0.000909524 312
0.000951669 314
0.000963696 319
0.000989455 323
0.00101108 326
0.00107836 331
0.00110295 336
0.00117814 347
0.00118306 351
0.00118896 364
0.00119828 366
0.00124656 369
0.00125699 370
0.00134055 379
0.0013514 381
0.00139353 382
0.00141832 388
0.00219566 392
0.00229451 393
0.00238151 394
0.00244945 395
0.00251796 403
0.00273687 404
0.0027412 406
0.00278755 409
0.00289498 410
0.00291174 414
0.00292873 416
0.00295998 417
0.003174 419
0.00317707 421
0.00328767 422
0.00328833 425
2 425
