0 -6131
2.45e-07 -5967
0.000356531 -5941
0.00035736 -5782
0.000359129 -5754
0.000364409 -5725
0.000365011 -5710
0.000367025 -5562
0.000367232 -5390
0.000367966 -5359
0.00036807 -5255
0.000372408 -5234
0.000382441 -5175
0.00038278 -5114
0.000383759 -4997
0.000384446 -4877
0.000385387 -4850
0.000389678 -4777
0.000389961 -4662
0.000390139 -4569
0.000391203 -4469
0.000402252 -4322
0.000403607 -4240
0.000404012 -4121
0.000404689 -4110
0.000406873 -4070
0.000408972 -4064
0.000409621 -3930
0.000409743 -3810
0.000422524 -3735
0.000426006 -3700
0.000426119 -3625
0.000426354 -3556
0.000427183 -3511
0.000427644 -3441
0.000428011 -3436
0.000429404 -3343
0.000430166 -3242
0.000430721 -3129
0.000431728 -3037
0.000432735 -3024
0.000436895 -2916
0.000439154 -2816
0.000442796 -2732
0.000447106 -2727
0.000447426 -2575
0.00044945 -2505
0.000451135 -2443
0.000452198 -2365
0.000454419 -2272
0.000455614 -2209
0.000456094 -2119
0.000456847 -2029
0.000457478 -1933
0.000458014 -1857
0.000460141 -1818
0.0004608 -1741
0.000461911 -1653
0.000462767 -1567
0.000463209 -1511
0.000490719 -1500
0.000512224 -1464
0.00051516 -1377
0.000516948 -1322
0.000518445 -1243
0.000520572 -1150
0.000520732 -1084
0.00052171 -1040
0.000522134 -1017
0.000522482 -1002
0.000523084 -968
0.000526896 -939
0.000529023 -916
0.000529635 -862
0.000530774 -788
0.000531366 -730
0.000532646 -672
0.000540298 -656
0.000541079 -580
0.0005489 -555
0.000554697 -546
0.000559055 -497
0.000561417 -494
0.000564937 -460
0.000566687 -435
0.000568824 -395
0.000569144 -336
0.00056937 -312
0.000570678 -274
0.000584748 -267
0.000591402 -265
0.00059607 -204
0.000600691 -164
0.000601133 -145
0.000619984 -121
0.000622845 -112
0.000627099 -81
0.000627805 -74
0.000630026 -50
0.000643512 -44
0.00064723 -13
0.000652557 13
0.000681657 49
0.000681836 72
0.000692743 75
0.000792146 90
0.000794603 100
0.000795675 103
0.000796692 148
0.000802226 167
0.000828502 168
0.000829227 175
0.00085365 182
0.000857358 186
0.000859673 189
0.00086083 195
0.00086147 226
0.000865498 230
0.000886382 238
0.0008909 241
0.000894015 242
0.000913158 251
0.000933364 256
0.000942022 261
0.000953419 264
0.00100686 291
0.00100751 298
0.00101953 312
0.00103808 328
0.00104918 343
0.00104952 344
0.00105066 345
0.00106528 351
0.00110567 357
0.00115438 368
0.00120256 381
0.00120993 382
0.00127557 385
0.00130851 388
0.00132234 397
0.00132516 403
0.00132906 406
0.00157771 412
0.00167763 415
0.00172046 417
0.00172402 418
2 418
