0 -55
2.07e-07 -51
0.00073467 -49
0.000739027 -33
0.000740006 -32
0.000740438 -3
0.00074106 15
0.000741342 94
0.000741587 132
0.00074281 136
0.000743177 150
0.000743676 197
0.000746367 204
0.000746913 219
0.000747111 223
0.000748965 241
0.000749605 250
0.000750451 265
0.000751505 280
0.000752145 283
0.00075511 295
0.00075559 334
0.000755722 356
0.00075606 357
0.000759382 383
0.000759571 387
0.000760032 415
0.000763212 421
0.000763598 464
0.000874975 467
0.00087568 482
0.000875812 501
0.000877026 503
0.000877421 559
0.00087776 583
0.000877995 621
0.000878598 630
0.000882475 631
0.000882917 635
0.000885806 665
0.000886333 692
0.000887434 718
0.000887849 752
0.000888056 757
0.00088862 767
0.000888743 779
0.000889985 797
0.000895227 810
0.000895443 824
0.000899527 828
0.000899828 865
0.000901532 880
0.000901701 929
0.00091418 935
0.000914509 954
0.000914792 968
0.000916617 1010
0.000917935 1020
0.000923628 1025
0.000924343 1030
0.000926404 1046
0.000926941 1069
0.000928221 1080
0.000937406 1082
0.000941528 1084
0.000944567 1087
0.000945292 1090
0.000946769 1097
0.000947202 1098
0.000948181 1118
0.000949113 1144
0.000951729 1165
0.00095921 1166
0.00095954 1176
0.000960782 1177
0.000963426 1181
0.000964414 1195
0.000965628 1196
0.000979453 1204
0.000980027 1215
0.000980262 1244
0.000981232 1252
0.000981523 1255
0.000981824 1259
0.000981956 1262
0.00098206 1267
0.000982662 1268
0.000992157 1272
0.000993296 1273
0.000993738 1283
0.000994717 1284
0.000994999 1290
0.000995432 1299
0.000996383 1306
0.000997362 1311
0.00100498 1318
0.0010051 1322
0.00100731 1347
0.00100919 1348
0.00100934 1356
0.00100949 1357
0.00100993 1367
0.00101146 1370
0.00101173 1380
0.0010119 1382
0.00101487 1400
0.00101569 1409
0.00101681 1420
0.00101823 1426
0.00102069 1432
0.00102775 1435
0.00102955 1440
0.00103118 1451
0.00103131 1454
0.00103203 1459
0.00103813 1465
0.00103828 1471
0.00103912 1486
0.00104008 1494
0.00104021 1495
0.00104945 1497
0.00104975 1498
0.00105111 1499
0.00105378 1507
0.00105394 1511
0.00105417 1530
0.00105588 1538
0.0010576 1541
0.00105816 1554
0.00105902 1555
0.00105916 1557
0.00105974 1572
0.00106028 1578
0.00106351 1579
0.00106367 1581
0.00106403 1586
0.00106901 1590
0.00107012 1602
0.00107056 1606
0.00107109 1622
0.00107156 1644
0.00107332 1646
0.00107372 1647
0.00107974 1650
0.00108082 1658
0.00108354 1666
0.0010838 1671
0.00108572 1672
0.00109009 1677
0.00109282 1678
0.00109622 1680
0.00109652 1685
0.00109934 1698
0.00110256 1701
0.00112028 1706
0.00112601 1708
0.00112679 1713
0.00112789 1714
0.00112844 1723
0.00113532 1725
0.00113689 1734
0.00114396 1742
0.00114854 1743
0.00117256 1745
0.00117471 1757
0.00118225 1763
0.00118368 1765
0.00118647 1770
0.00118756 1771
0.00119146 1772
0.00119306 1773
0.00119528 1774
0.00119765 1778
0.00122744 1786
0.00123145 1792
0.00125001 1795
0.00125674 1802
0.00125689 1805
0.00125994 1807
0.00130248 1821
0.0013042 1822
0.00140122 1823
0.00142074 1824
0.00144519 1827
0.00144673 1828
0.00146435 1831
0.00146583 1834
0.00152983 1835
0.00158755 1836
0.00159211 1837
0.00181808 1840
2 1840
