0 799
1.32e-07 814
3.96e-07 816
0.00080016 817
0.000800357 818
0.000801035 825
0.000801628 831
0.000801863 834
0.000802333 873
0.000802917 888
0.000803839 907
0.000804206 933
0.000807415 936
0.000807763 937
0.00080813 947
0.000808968 958
0.000809241 969
0.000811123 1000
0.000850347 1002
0.000850451 1010
0.000854949 1029
0.000855947 1035
0.000856709 1081
0.000857358 1091
0.000859824 1093
0.00088368 1094
0.00088416 1096
0.000884555 1104
0.000885252 1105
0.000885826 1114
0.00088639 1125
0.000887228 1162
0.000887585 1168
0.000888611 1182
0.000888894 1183
0.000889129 1196
0.000890004 1210
0.000890456 1213
0.000890578 1216
0.000904158 1229
0.000904657 1230
0.000905024 1241
0.000919159 1266
0.000919667 1272
0.00092009 1278
0.000920956 1297
0.000921201 1304
0.000945989 1311
0.000947344 1332
0.000947965 1351
0.000948586 1355
0.000984112 1362
0.000984375 1364
0.000984808 1373
0.000988554 1376
0.00100293 1384
0.00100448 1393
0.00101034 1395
0.00101066 1410
0.0010109 1413
0.0010112 1414
0.00101265 1427
0.00101339 1429
0.00101374 1430
0.00102087 1431
0.00102486 1438
0.001033 1443
0.00103331 1449
0.00103364 1460
0.00103715 1474
0.00103862 1475
0.00104472 1476
0.00105403 1478
0.00105491 1485
0.00105803 1486
0.00105963 1487
0.00106584 1490
0.00107223 1493
0.00107235 1495
0.00109409 1499
0.00109431 1502
0.00109498 1507
0.00112651 1522
0.00112834 1524
0.00112847 1528
0.00113037 1529
0.00113303 1535
0.00113433 1543
0.00113479 1553
0.00113962 1554
0.00115448 1561
0.00115573 1562
0.00116113 1566
0.00116609 1572
0.00116823 1579
0.00116955 1582
0.00117575 1585
0.00117661 1587
0.00120106 1591
0.00125779 1592
0.00128205 1605
0.0012959 1614
0.00137764 1615
0.00137857 1622
2 1622
