0 -9412
2.83e-07 -9190
0.000470719 -9107
0.000471021 -8980
0.000471952 -8813
0.00047247 -8636
0.000474409 -8498
0.000476291 -8334
0.00047807 -8177
0.000480197 -8117
0.000491829 -8031
0.000493213 -7877
0.000499791 -7761
0.000503876 -7574
0.000504864 -7406
0.000505946 -7165
0.000509908 -7128
0.000512864 -6941
0.000516675 -6854
0.000518077 -6729
0.000518727 -6572
0.000521306 -6554
0.000523075 -6443
0.000523941 -6229
0.000525917 -6094
0.000528675 -5966
0.000528863 -5794
0.000529211 -5659
0.000531865 -5528
0.000536232 -5338
0.000536834 -5252
0.000543498 -5162
0.000544533 -5157
0.000548156 -5076
0.000555412 -4973
0.000560419 -4888
0.000565247 -4878
0.000567365 -4755
0.000567826 -4617
0.000568174 -4462
0.000574179 -4295
0.000583289 -4233
0.000583581 -4132
0.000583741 -3965
0.000586423 -3954
0.000586846 -3824
0.000599156 -3773
0.000615419 -3678
0.000617603 -3560
0.000618374 -3397
0.000621132 -3297
0.000621555 -3182
0.000623184 -3104
0.000624558 -2972
0.000628708 -2854
0.000629085 -2767
0.000633263 -2689
0.000634298 -2612
0.000638684 -2493
0.000643362 -2344
0.000651502 -2221
0.000653629 -2134
0.000657055 -2102
0.000662109 -2057
0.000664923 -1891
0.000665836 -1789
0.000666608 -1683
0.000671793 -1618
0.0006736 -1523
0.000674683 -1466
0.000675511 -1433
0.000685798 -1333
0.000687473 -1247
0.000694174 -1218
0.000696348 -1199
0.000713985 -1135
0.000716799 -1033
0.000721523 -941
0.00072173 -818
0.000725137 -775
0.000729033 -765
0.000754811 -724
0.00075499 -637
0.000763046 -599
0.000763658 -575
0.000768919 -526
0.000773766 -479
0.000776269 -427
0.000777445 -399
0.000779723 -336
0.00078553 -334
0.000796212 -322
0.000805341 -319
0.000805491 -278
0.000831843 -275
0.000835372 -272
0.0008458 -213
0.000852878 -161
0.000861188 -158
0.000869479 -104
0.000875267 -101
0.000891474 -80
0.00090529 -21
0.000908546 9
0.000910899 41
0.00091456 75
0.000914908 92
0.000916047 117
0.000935848 134
0.000943123 147
0.000953523 153
0.000961993 172
0.000979828 195
0.000981164 216
0.000989088 225
0.000993192 258
0.00100007 294
0.00100872 297
0.00103149 362
0.00104665 386
0.00105 387
0.00105484 394
0.00107416 396
0.0010876 405
0.00111492 423
0.00112961 433
0.00113133 448
0.00113372 451
0.00113955 452
0.00114365 454
0.00114459 456
0.0011528 463
0.00115734 476
0.00116752 480
0.00117456 482
0.00117763 484
0.00122279 501
0.00122344 502
0.00123914 506
0.0013297 512
0.00148465 515
0.00150912 517
0.0015418 527
0.00161437 531
0.00165025 534
0.00165846 535
0.00166918 537
0.00171339 543
0.00198089 545
0.00220385 548
0.00222916 549
0.00227295 558
0.00245192 562
0.00245531 566
0.00245649 571
0.00270702 572
0.00272262 577
0.00277512 578
0.00283295 579
0.00284702 584
0.00286746 595
0.00293032 602
0.00295558 610
0.00311101 613
0.00311255 615
0.00331593 619
0.00372212 622
2 622
