0 -6067
2.92e-07 -5964
0.000409094 -5891
0.000409518 -5754
0.000410694 -5688
0.000413649 -5663
0.000413781 -5494
0.000414506 -5444
0.000415513 -5322
0.000416068 -5186
0.000416783 -5145
0.000417301 -4993
0.000417404 -4864
0.00041827 -4713
0.000418929 -4664
0.000422063 -4547
0.000422797 -4391
0.000423258 -4301
0.000423352 -4235
0.000428905 -4147
0.000430797 -4052
0.000434702 -3947
0.000437291 -3905
0.000439766 -3821
0.000445271 -3771
0.000448885 -3692
0.000449676 -3590
0.000450786 -3479
0.000452085 -3369
0.000452339 -3252
0.00045281 -3122
0.000455407 -3046
0.000459991 -2980
0.000461177 -2852
0.000463689 -2755
0.000464094 -2665
0.000466588 -2593
0.000469082 -2524
0.000471237 -2457
0.00047296 -2447
0.000477515 -2377
0.000479886 -2359
0.000480602 -2232
0.000481769 -2141
0.00048414 -2080
0.000484451 -2000
0.000485891 -1947
0.000487576 -1830
0.000490333 -1727
0.000490851 -1644
0.000493561 -1587
0.000494549 -1514
0.000495331 -1442
0.000496328 -1348
0.000503942 -1290
0.000504977 -1189
0.000516751 -1113
0.000521137 -1034
0.000527772 -993
0.000529174 -953
0.000529381 -866
0.000532769 -802
0.000533465 -754
0.000542434 -716
0.000557257 -706
0.000565878 -603
0.000575468 -575
0.000595665 -501
0.000598846 -453
0.00060822 -404
0.000609952 -395
0.000636266 -361
0.000645263 -324
0.000673921 -300
0.000675954 -241
0.000681751 -175
0.000688565 -137
0.000710089 -102
0.000722013 -64
0.000724093 -32
0.000752732 -22
0.000758096 -18
0.00079768 -9
0.000813171 19
0.000819477 22
0.000823599 34
0.000836436 37
0.000862835 51
0.000867155 72
0.000884077 84
0.000886119 88
0.000942757 90
0.000944441 91
0.000947058 93
0.000949721 140
0.000970596 176
0.000974445 178
0.000982369 182
0.000998773 215
0.00103058 219
0.00103329 220
0.00105468 221
0.00105524 234
0.00106132 247
0.00107539 253
0.00108091 274
0.00108849 278
0.00110542 280
0.00110885 282
0.00112227 285
0.0011702 299
0.0011772 306
0.00117777 312
0.00119681 320
0.00120284 321
0.00120864 326
0.00121842 333
0.00122806 336
0.00128399 338
0.00132318 339
0.00132795 342
0.00135099 344
0.00138413 345
0.00142465 350
0.00142842 351
0.0014324 353
0.00143519 354
0.00155392 356
0.00156012 359
0.00160957 362
0.0016168 363
0.00168392 365
0.00173938 367
0.00182151 373
0.00208613 374
2 374
