0 188
1.1006e-05 217
0.000341913 270
0.000418567 288
0.000420354 299
0.000421677 302
0.000421952 304
0.000422075 305
0.000422377 307
0.000425176 333
0.000439302 342
0.000442923 414
0.000443236 416
0.000443481 446
0.000444058 456
0.000501631 466
0.000507484 467
0.000511011 470
0.000511162 489
0.000512713 514
0.000519114 517
0.000519379 519
0.000521705 528
0.000521752 529
0.000522244 538
0.000527303 568
0.000527425 593
0.00052925 608
0.000529638 651
0.000568102 654
0.000568244 659
0.000569246 660
0.000569435 689
0.000569653 690
0.000577737 691
0.000596884 698
0.000598293 699
0.000598387 712
0.000610812 719
0.00061293 733
0.000617629 739
0.000618537 744
0.00062126 750
0.000623586 755
0.000634885 757
0.000635282 765
0.000639291 771
0.000642109 794
0.000683079 801
0.000688998 802
0.000699294 805
0.000730034 806
2 806
