0 -808
4.08e-07 -736
1.2016e-05 -719
1.232e-05 -698
1.2453e-05 -673
1.3875e-05 -663
1.4017e-05 -604
1.5042e-05 -598
0.00020733 -558
0.000207795 -546
0.000207956 -527
0.000214311 -524
0.000214605 -520
0.000216426 -516
0.000217327 -498
0.000343654 -479
0.000381827 -440
0.000383212 -439
0.000387015 -365
0.000404921 -361
0.000435545 -349
0.00045034 -335
0.000454361 -332
0.000455347 -318
0.000455433 -315
0.000456647 -293
0.000456798 -281
0.000457263 -221
0.000458942 -219
0.000459862 -208
0.000477123 -202
0.000477711 -126
0.000502872 -79
0.000503308 -63
0.000510118 -31
0.000513247 -26
0.000513541 -2
0.000513835 51
0.000514547 58
0.00051521 76
0.000515334 118
0.0005154 158
0.000515675 193
0.000544592 217
0.000545085 218
0.000545237 229
0.000550681 242
0.00055088 271
0.000551212 296
0.000600225 303
0.000600377 306
0.000605223 317
0.00061447 347
0.000618985 352
0.000621915 362
0.000622342 380
0.000622408 385
0.000623139 394
0.000624761 426
0.000628602 431
0.000630176 434
0.000630422 436
0.000630944 440
0.000633021 464
0.000633818 467
0.000637782 487
0.000638285 492
0.000651762 500
0.000652406 503
0.00065289 518
0.000655821 520
0.000656854 523
0.00065693 531
0.000658581 542
0.000659529 564
0.000660269 568
0.000663579 570
0.000663844 573
0.000665921 600
0.000667183 602
0.000668472 606
0.000685373 609
0.000685809 617
0.000686985 634
0.000688873 636
0.000931977 648
2 648
