0 611
1.98e-07 624
0.000899936 625
0.000900503 649
0.000926846 679
0.000929928 694
0.000931063 697
0.000931375 711
0.00093199 729
0.000932992 741
0.000935034 747
0.000935166 792
0.000935554 797
0.000935781 823
0.000935942 824
0.000936225 834
0.000937464 857
0.000938202 860
0.000940216 862
0.000946806 881
0.000947005 884
0.000949274 888
0.000976288 893
0.00097642 940
0.000981204 944
0.000983653 945
0.000983767 958
0.000988182 961
0.000988646 963
0.000988806 978
0.000989724 993
0.000990546 1012
0.000992371 1021
0.000993109 1033
0.000993458 1055
0.000994981 1063
0.00100285 1091
0.00100301 1122
0.00100527 1126
0.00101188 1136
0.00101286 1159
0.001013 1181
0.00101384 1188
0.00101408 1192
0.00101437 1214
0.00101619 1219
0.00101635 1224
0.00101688 1230
0.0010182 1241
0.00101877 1242
0.00102059 1249
0.001021 1251
0.00102141 1262
0.00102278 1268
0.00104569 1271
0.00104604 1294
0.00104619 1297
0.00105377 1309
0.00105511 1331
0.00105541 1334
0.00105599 1350
0.00105621 1361
0.00106039 1363
0.00106103 1367
0.00106154 1378
0.0010619 1387
0.00106231 1399
0.00106377 1400
0.00106504 1405
0.00106524 1420
0.00106694 1432
0.00106816 1442
0.00106882 1455
0.00107342 1456
0.00107562 1473
0.00107614 1475
0.00109053 1481
0.00109069 1496
0.00109171 1503
0.00109521 1507
0.00111878 1511
0.00111977 1518
0.0011199 1521
0.00112064 1527
0.00112428 1530
0.00112443 1532
0.00112499 1543
0.00112769 1547
0.00113627 1549
0.00113724 1565
0.00113741 1567
0.00117529 1568
0.00117625 1572
0.00117733 1583
0.00118391 1598
0.00118541 1604
0.00120146 1611
0.00120205 1613
0.00120446 1616
0.00120674 1638
0.00120738 1642
0.0012075 1643
0.00120798 1657
0.00120916 1658
0.00121655 1672
0.00121988 1677
0.00122121 1687
0.00122166 1689
0.00122195 1691
0.00122254 1695
0.00122308 1700
0.00122323 1705
0.00122498 1718
0.00122529 1720
0.00122548 1721
0.00122698 1722
0.00122727 1724
0.00122781 1725
0.00122849 1726
0.00123124 1727
0.00123387 1738
0.00123417 1741
0.00123974 1758
0.00124032 1775
0.00124495 1782
0.00124642 1785
0.0012515 1788
0.00125597 1793
0.00125658 1794
0.00125705 1804
0.00126473 1812
0.00127039 1813
0.00127367 1816
0.00127478 1819
0.00128414 1823
0.00128675 1830
0.00129255 1831
0.00129334 1842
0.00129765 1846
0.00131416 1848
0.00134402 1857
0.00134449 1859
0.00134671 1867
0.00135057 1874
0.00135475 1885
0.00135541 1889
0.00136414 1905
0.00137365 1911
0.00138206 1918
0.00138231 1923
0.00139104 1925
0.00139241 1926
0.00145635 1927
0.00145655 1930
0.00151576 1934
0.00152011 1938
0.00152995 1939
0.00153009 1946
0.00154784 1948
0.00156052 1949
0.00156322 1959
2 1959
