0 -8471
8.5e-08 -8346
1.0685e-05 -8222
1.0902e-05 -8061
0.00044248 -7953
0.000442858 -7849
0.000443851 -7706
0.000444324 -7569
0.000450649 -7566
0.000450819 -7474
0.000452342 -7380
0.000452956 -7313
0.000453353 -7183
0.000453514 -7119
0.000455566 -7026
0.000458327 -6897
0.000459074 -6768
0.000459982 -6655
0.000460681 -6609
0.000461693 -6505
0.000461806 -6379
0.000462478 -6275
0.000463338 -6172
0.000463612 -6042
0.000464085 -5961
0.000467952 -5869
0.000471432 -5862
0.000472151 -5731
0.000476405 -5650
0.000480462 -5532
0.000480783 -5363
0.00048361 -5278
0.00048535 -5133
0.000485851 -5022
0.000487203 -4932
0.000489681 -4905
0.000491534 -4762
0.000498039 -4610
0.000507258 -4568
0.000509007 -4476
0.000509631 -4367
0.000512903 -4291
0.000515002 -4151
0.000515191 -4047
0.000515579 -3920
0.00051851 -3836
0.00051938 -3760
0.00052146 -3688
0.000524164 -3583
0.000524486 -3493
0.000525838 -3404
0.00053274 -3348
0.000534404 -3338
0.000536418 -3261
0.000541174 -3205
0.000542838 -3188
0.00054506 -3072
0.000545921 -3046
0.000547783 -2949
0.000554364 -2928
0.000556303 -2846
0.000561286 -2738
0.000562127 -2658
0.000564094 -2559
0.000570457 -2493
0.00057231 -2419
0.000574977 -2368
0.000600279 -2303
0.00060252 -2211
0.000606898 -2151
0.000608099 -2036
0.00061797 -1916
0.000620003 -1841
0.000624995 -1761
0.000629052 -1708
0.000633136 -1636
0.000635009 -1569
0.000637495 -1509
0.00064678 -1452
0.000654628 -1364
0.000655394 -1322
0.000682956 -1297
0.000719151 -1198
0.000719633 -1122
0.000726129 -1041
0.000726772 -934
0.000731311 -902
0.000732058 -854
0.000738128 -800
0.000743253 -752
0.000765 -715
0.000766163 -631
0.000780431 -602
0.00079955 -546
0.000806045 -499
0.000816815 -495
0.000822866 -457
0.000830884 -409
0.00085058 -375
0.000851128 -338
0.000865585 -304
0.0008827 -298
0.000922743 -277
0.000927669 -254
0.000930231 -229
0.000968071 -186
0.000994839 -173
0.00099691 -146
0.00100118 -115
0.00100559 -93
0.00100866 -37
0.00101277 10
0.00102036 40
0.00102407 71
0.00102617 76
0.00103421 81
0.00103966 83
0.00106173 92
0.00106198 126
0.00106809 164
0.00108518 174
0.00109843 176
0.00114899 179
0.00114924 196
0.00115755 203
0.00117603 207
0.00124892 209
0.00131394 214
0.00136665 221
0.00137301 222
0.00137552 231
0.00138374 256
0.00138534 258
0.00139019 259
0.00140129 260
0.00141322 265
0.00143211 268
0.00145875 273
0.00146876 304
0.00149667 312
0.00150042 313
0.00151951 319
0.00152193 321
0.00152403 326
0.00154331 337
0.00155818 341
0.00163448 355
0.00164859 360
0.00165057 362
0.00165785 363
0.00187103 367
0.00192887 372
0.00196524 373
0.00204822 377
0.00212568 378
0.00230474 380
0.00234734 382
0.00252894 384
0.00262212 385
0.00268479 388
0.00270866 390
0.00273962 391
0.00275829 392
0.00311503 393
0.0033022 396
2 396
