0 265
3.03e-07 302
6.53e-07 311
1.736e-05 318
1.7616e-05 323
1.9592e-05 346
2.0376e-05 353
2.0698e-05 357
0.000554497 374
0.00055635 404
0.000556482 415
0.000556605 432
0.000556681 443
0.000556785 468
0.000557182 478
0.000557333 522
0.000558128 559
0.00055861 564
0.000559064 569
0.000559187 574
0.000559517 590
0.000559659 595
0.000636361 598
0.000636512 619
0.000641022 635
0.000645078 640
0.000646137 643
0.000647007 645
0.000647348 665
0.000647575 699
0.000647698 704
0.000647906 710
0.000648132 728
0.00064869 730
0.000649428 731
0.000649844 743
0.000652104 747
0.000653409 750
0.000653664 798
0.00065442 800
0.000654884 817
0.000719246 820
0.000720418 827
0.000721562 851
0.000721733 857
0.000725193 861
0.00072559 872
0.000726678 890
0.000729694 893
0.000731831 911
0.000756982 943
0.000773623 953
0.000775354 967
0.000779155 978
0.000779646 986
0.000797101 988
0.000797205 995
0.000809005 997
0.000809752 998
0.000810281 1009
0.000810612 1013
0.00081117 1020
0.000813288 1024
0.000824493 1029
0.000827395 1034
0.000830024 1037
0.000831064 1041
0.000831452 1048
0.000831707 1058
0.000832029 1062
0.000832265 1068
0.000833787 1069
0.00083426 1072
0.000834771 1073
0.000837068 1078
0.000842628 1083
0.00084988 1084
0.000850013 1089
0.000850325 1091
0.00088026 1096
0.000886444 1098
0.000913826 1100
0.000915235 1106
0.000916067 1118
0.000921135 1119
0.000925749 1125
0.00100587 1126
0.0010275 1128
0.00102774 1131
0.00103527 1142
0.00104775 1145
0.00106452 1151
0.00106757 1152
0.00107325 1154
0.00107371 1159
0.00107676 1162
0.00109038 1165
2 1165
