0 536
4.35e-07 540
8.851e-06 544
0.000606784 570
0.000606898 574
0.000607531 598
0.000607824 611
0.000608902 645
0.000631047 647
0.000631311 650
0.000631671 661
0.000632021 672
0.000632115 675
0.00063221 691
0.000637183 706
0.000661029 709
0.000664424 713
0.000664575 725
0.00066467 730
0.000666967 737
0.000669038 751
0.000669908 766
0.000670144 770
0.0006704 784
0.000693036 786
0.000697763 817
0.000697848 827
0.000700543 834
0.000700798 859
0.00070633 860
0.000706935 867
0.000708353 874
0.000708703 885
0.000709365 887
0.000711785 890
0.00071361 901
0.000714291 904
0.000719596 913
0.000723728 916
0.000724115 919
0.000743754 923
0.000744397 935
0.000744888 949
0.000746477 959
0.000750297 960
0.000798065 968
0.000799947 972
0.000800835 973
0.000800977 976
0.000801772 988
0.000801885 997
0.000802812 998
0.00080458 1009
0.000805506 1020
0.000809865 1029
0.000810433 1035
0.000814432 1042
0.000814981 1046
0.000815416 1048
0.000837872 1057
0.000863817 1059
0.000865188 1061
0.00086776 1063
0.000869935 1065
0.000914866 1067
0.00091533 1068
0.000915613 1071
0.000996295 1074
0.000996683 1075
0.00100025 1077
0.00101073 1081
0.00101852 1083
0.00102473 1094
0.00103416 1096
0.00103545 1098
0.00104194 1105
0.00105224 1113
0.00107353 1121
2 1121
