0 -6176
1.99e-07 -6003
9.446e-06 -5958
0.000467012 -5813
0.000467809 -5669
0.000469696 -5551
0.000469858 -5328
0.000473082 -5315
0.000473585 -5173
0.000474638 -5031
0.000475245 -4903
0.000478185 -4875
0.000478507 -4713
0.000479825 -4683
0.000487887 -4677
0.000489717 -4570
0.000490751 -4516
0.000490988 -4391
0.000491481 -4281
0.000506248 -4237
0.000510876 -4165
0.00051191 -4104
0.000513171 -3888
0.000514499 -3793
0.000516604 -3655
0.000520721 -3600
0.000521261 -3523
0.000521603 -3402
0.000525614 -3246
0.000527265 -3207
0.000528744 -3204
0.000529256 -3115
0.000534776 -3086
0.000535876 -2999
0.000539888 -2952
0.000545332 -2826
0.000547911 -2741
0.000550889 -2711
0.000552976 -2671
0.000553137 -2617
0.00055363 -2514
0.000567031 -2455
0.000567154 -2365
0.000579721 -2335
0.000579891 -2251
0.000587867 -2216
0.00059077 -2121
0.000604417 -2101
0.000604806 -1939
0.000607215 -1891
0.000608467 -1787
0.000610762 -1658
0.00061373 -1637
0.000615826 -1571
0.000616936 -1516
0.000619611 -1469
0.000629531 -1447
0.000630621 -1341
0.00063984 -1244
0.000640058 -1188
0.000641244 -1127
0.000657755 -1107
0.000658248 -1041
0.000658808 -930
0.000660876 -882
0.000662118 -777
0.000673138 -766
0.000680726 -741
0.000687886 -730
0.000695578 -701
0.000697361 -671
0.000712099 -615
0.000713446 -573
0.000715532 -523
0.000716158 -492
0.000733571 -464
0.000734585 -413
0.000736264 -365
0.000737801 -322
0.00073855 -321
0.000746772 -295
0.000748584 -260
0.000750367 -229
0.000750642 -167
0.000772493 -153
0.000774314 -139
0.000790921 -115
0.000796933 -98
0.00079792 -78
0.00080049 -58
0.000805848 -14
0.000806996 26
0.000813644 48
0.000817239 71
0.000817922 119
0.000829198 121
0.000833485 122
0.000834424 142
0.000837497 146
0.000843747 157
0.000845549 159
0.000847123 161
0.00085545 211
0.000856493 221
0.000856825 226
0.000861529 228
0.000862089 232
0.000862847 258
0.000890418 296
0.000896952 325
0.000898915 353
0.000899522 361
0.000904103 365
0.000911576 367
0.000915607 372
0.000917807 378
0.000925205 379
0.000930269 386
0.000931189 390
0.000936311 405
0.000938549 414
0.00094459 419
0.000947341 425
0.000949996 438
0.000964298 442
0.000971847 452
0.00097327 456
0.000979008 470
0.000980402 475
0.00098136 483
0.000983143 485
0.000988862 489
0.00100733 490
0.00101993 496
0.00103782 498
0.00104052 499
0.00104583 504
0.00105198 508
0.00105998 531
0.00112438 538
0.00113238 545
0.00114665 547
0.00116017 556
0.00116641 562
0.00120085 563
0.00120358 564
0.00120437 571
0.00125099 573
0.00125988 576
0.00127112 586
0.00138412 589
0.00138705 592
0.00142846 602
0.00143772 605
0.00144662 606
0.00144892 609
0.00153191 611
0.00157551 612
0.001581 615
0.00158754 624
0.00159964 637
0.00173573 645
0.00175488 655
0.00177495 658
0.00179225 664
0.00184555 667
0.00185861 678
2 678
