0 -1185
7.6e-08 -1123
0.000515674 -1031
0.000517886 -984
0.000520983 -980
0.000521105 -976
0.000522159 -968
0.000543282 -918
0.000543593 -832
0.000544007 -810
0.000545033 -796
0.000545664 -786
0.000546803 -738
0.000562494 -711
0.000571371 -663
0.000571916 -604
0.000578026 -590
0.000578251 -545
0.00058212 -487
0.000592409 -472
0.000593115 -466
0.000593237 -366
0.000593359 -332
0.000594489 -295
0.000594997 -274
0.000595176 -229
0.000596607 -218
0.000596814 -185
0.000600589 -166
0.000601417 -127
0.000605267 -105
0.000605474 -75
0.000606274 -64
0.000606679 -42
0.000611178 -38
0.000611489 27
0.000611611 63
0.000611922 94
0.00061339 113
0.000614783 155
0.000615198 168
0.000615979 173
0.000616261 216
0.000616384 217
0.000616572 228
0.000617513 275
0.000617607 296
0.000617711 350
0.00061884 370
0.000619226 412
0.000620996 427
0.000622078 475
0.000622201 496
0.00063489 507
0.000635068 562
0.000635247 594
0.00063664 616
0.000636989 618
0.000638015 633
0.000640076 646
0.000675243 664
0.000675827 697
0.000676166 700
0.000676843 704
0.000677003 707
0.000678538 708
0.000678641 746
0.000678961 749
0.000679705 779
0.000680242 790
0.000681936 813
0.000684364 824
0.000684468 825
0.000689127 855
0.000689871 866
0.000690718 942
0.000690935 992
0.000691415 1002
0.00069325 1004
0.000693533 1008
0.000694898 1028
0.000724596 1041
0.000724746 1043
0.000725302 1087
0.000728634 1101
0.000730601 1102
0.000730705 1110
0.000731335 1111
0.000731947 1124
0.000732192 1140
0.00073238 1154
0.000732663 1163
0.000732992 1171
0.000733274 1176
0.000735204 1193
0.000735835 1217
0.00073671 1256
0.00073976 1277
0.000739995 1282
0.000740513 1292
0.000740767 1294
0.000741784 1295
0.000741869 1299
0.000742876 1307
0.000744655 1351
0.000761269 1375
0.000761626 1381
0.00076334 1384
0.000781102 1393
0.000781347 1422
0.000781535 1451
0.000782137 1456
0.00079076 1461
0.000792595 1462
0.000793094 1477
0.000793687 1479
0.000794261 1483
0.00079444 1489
0.000796841 1499
0.000804973 1500
0.000810047 1505
0.000839444 1510
0.000844179 1515
0.000844282 1524
0.000849469 1531
0.000861894 1537
0.000879176 1538
0.000883817 1544
0.00089274 1548
0.000900779 1566
0.000901485 1571
0.000911359 1578
0.000912056 1584
0.000966181 1586
0.000966821 1590
0.000969701 1593
0.000993403 1604
0.000998524 1605
0.00100176 1618
0.00102044 1624
2 1624
