0 -2365
3.39e-07 -2305
0.000381415 -2164
0.000384267 -2148
0.000386574 -2086
0.000387261 -2013
0.000391563 -1928
0.000409843 -1869
0.000411132 -1837
0.000412601 -1764
0.000470839 -1755
0.000472129 -1743
0.000477485 -1622
0.000480629 -1544
0.000481099 -1455
0.000483933 -1357
0.000484158 -1261
0.000488526 -1137
0.000489016 -1020
0.000489364 -993
0.000489486 -973
0.000489712 -879
0.000491256 -805
0.000493073 -770
0.000503154 -765
0.000513734 -755
0.000514581 -705
0.000514873 -658
0.000515683 -543
0.000515824 -424
0.000530188 -342
0.000531619 -335
0.000537464 -327
0.000538858 -223
0.00053978 -142
0.000540279 -131
0.000540693 -76
0.000541681 3
0.000541907 17
0.000542613 23
0.000574128 34
0.000580689 49
0.000583889 115
0.000590526 141
0.000598602 156
0.000599299 165
0.000608589 192
0.000609672 202
0.000610048 206
0.000610632 215
0.000617061 247
0.00061772 248
0.000618925 266
0.000620017 288
0.00062125 300
0.000621617 305
0.000623321 362
0.000625457 372
0.000625542 380
0.000625853 383
0.000625919 406
0.00064802 426
0.00065284 429
0.000659354 432
0.000663204 439
0.000676335 454
0.000678104 460
0.000678848 466
0.000679243 471
0.000679507 480
0.000680203 494
0.00068362 497
0.000684091 505
0.000686727 506
0.000687273 527
0.000692393 532
0.000692572 538
0.00069357 540
0.000706522 547
0.000707416 575
0.000708668 576
0.000719267 588
0.00072019 599
0.000723541 607
0.000737284 619
0.000740739 620
0.000745737 625
0.000753578 631
0.000757899 642
0.000762332 645
0.000767161 651
0.000782617 657
0.000790665 666
0.000794628 672
0.000808814 680
0.00082218 694
0.000824693 697
0.000827658 707
0.000834022 715
0.000874874 717
0.000897117 733
0.0009131 739
0.000979227 745
0.000995446 748
0.00102002 754
0.00106144 761
0.00109219 764
2 764
