0 38
3.2e-07 44
8.1818e-05 50
8.3183e-05 96
8.339e-05 111
8.3663e-05 128
0.000311778 152
0.000312193 166
0.000312315 167
0.00031287 186
0.000312964 188
0.000347538 212
0.000347793 241
0.000385388 260
0.000385539 280
0.000385708 354
0.000386508 356
0.000386715 395
0.000386922 431
0.000386988 453
0.000418767 454
0.000418908 472
0.000419124 485
0.000419237 487
0.000419774 497
0.00046522 500
0.000465662 506
0.000466557 508
0.000467865 519
0.000479754 520
0.000479895 534
0.000479951 547
0.000480243 571
0.000482803 572
0.000527892 580
0.000528466 589
0.000529614 601
0.000529765 610
0.000546134 612
0.000546294 621
0.000546831 640
0.000553222 643
0.000553524 653
0.000554201 663
0.000577291 675
0.000577508 676
0.000582261 684
0.000583043 685
0.000583824 692
0.000585415 705
0.000586149 709
0.000586394 717
0.000586883 719
0.000587533 720
0.000588258 733
0.000588606 736
0.000639888 740
0.000665698 747
0.000677512 748
0.00068716 751
0.000688996 761
0.000743732 762
0.000786458 763
2 763
