0 -4726
4.9e-08 -4511
1.1096e-05 -4316
1.9597e-05 -4126
2.6914e-05 -3942
3.2555e-05 -3769
4.1879e-05 -3605
5.3935e-05 -3449
6.6756e-05 -3295
8.1633e-05 -3148
9.3024e-05 -3003
0.000132729 -2859
0.000154031 -2716
0.000165823 -2577
0.000176449 -2444
0.000186851 -2313
0.000196361 -2184
0.000207438 -2056
0.000216703 -1929
0.000226752 -1802
0.000235566 -1686
0.000246154 -1578
0.000256193 -1476
0.000266173 -1376
0.00027582 -1279
0.0002858 -1187
0.000295065 -1099
0.000304037 -1016
0.000314154 -935
0.000324389 -854
0.000333243 -774
0.000343027 -695
0.000352508 -617
0.000362811 -539
0.000372625 -462
0.000381488 -389
0.000389872 -318
0.000398706 -250
0.000407482 -183
0.000421321 -116
0.000429979 -50
0.00043845 14
0.000447755 76
0.000456795 137
0.000466334 196
0.000475874 255
0.000485266 313
0.000493993 370
0.000502641 425
0.000510868 475
0.000519624 523
0.000527665 560
0.000535402 595
0.000544471 628
0.000553736 661
0.000562864 694
0.000571317 723
0.000580543 752
0.000589338 780
0.000597868 806
0.000606086 830
0.000614528 853
0.000623999 875
0.00063443 895
0.00064298 915
0.000651785 934
0.000660482 952
0.000668415 980
0.000677416 998
0.000685359 1016
0.000693919 1033
0.000703262 1049
0.000711969 1065
0.000721567 1079
0.000730245 1093
0.000738276 1107
0.000746102 1120
0.000755396 1132
0.000763584 1144
0.000771439 1155
0.000780156 1166
0.000788471 1176
0.000797423 1186
0.000805483 1196
0.000813064 1206
0.000820928 1216
0.000854287 1225
0.000874913 1234
0.00088695 1243
0.000894717 1252
0.000903835 1259
0.000922708 1266
0.000928869 1272
0.000936743 1278
0.000943521 1287
0.000955107 1294
0.000958466 1300
0.000963687 1306
0.00096922 1309
0.000975469 1312
0.000990228 1318
0.00099966 1330
0.00100764 1336
0.00113994 1339
0.00115214 1343
0.00118108 1346
0.00138924 1347
0.00141837 1349
0.001428 1353
0.00151566 1354
0.00152148 1357
0.00153479 1367
0.00155719 1370
0.00160083 1375
0.0016057 1379
0.00196271 1383
0.00197864 1385
0.00198442 1388
2 1388
