0 -8575
4.9e-08 -8258
1.5719e-05 -7956
2.8226e-05 -7692
4.1958e-05 -7467
6.6374e-05 -7244
7.7961e-05 -7022
9.4101e-05 -6807
0.000122445 -6601
0.000145922 -6395
0.000170211 -6200
0.000185402 -6006
0.000199015 -5819
0.000213736 -5633
0.000227369 -5449
0.000238965 -5267
0.000252961 -5088
0.000267907 -4909
0.000279601 -4735
0.000291941 -4563
0.000305673 -4392
0.000318542 -4229
0.000334261 -4068
0.000352429 -3922
0.000365201 -3779
0.000376415 -3639
0.000391018 -3504
0.000405317 -3370
0.00042185 -3238
0.000437824 -3106
0.000449273 -2975
0.000461956 -2850
0.000473993 -2728
0.000486069 -2608
0.00049795 -2490
0.000511054 -2380
0.000522327 -2271
0.000536685 -2164
0.000550416 -2058
0.000563795 -1954
0.000575166 -1853
0.000586517 -1756
0.000598025 -1661
0.000612834 -1566
0.000623872 -1473
0.000635262 -1387
0.000649229 -1301
0.000662196 -1217
0.000705633 -1136
0.000727522 -1057
0.000741881 -982
0.000755005 -908
0.000768569 -835
0.000779274 -762
0.000791899 -691
0.000806071 -621
0.000818323 -552
0.000828705 -483
0.000839968 -420
0.00084984 -357
0.0008627 -295
0.000873425 -235
0.000885765 -178
0.000899065 -122
0.000910152 -67
0.000929995 -13
0.000943442 41
0.000954333 95
0.000967839 147
0.00098015 197
0.000991267 246
0.00100079 292
0.00101246 336
0.00102367 379
0.00103426 419
0.00104639 456
0.00105944 492
0.00107337 525
0.00108507 557
0.00109696 588
0.00110742 618
0.00111811 646
0.00112753 670
0.00114059 693
0.00115339 713
0.0011648 732
0.00117522 749
0.0011871 766
0.00119809 783
0.00121139 799
0.00122259 813
0.00123297 827
0.00124374 847
0.00125585 859
0.00126811 883
0.00127948 894
0.00129057 908
0.00130382 928
0.00131377 938
0.00132456 947
0.00133427 956
0.00134539 960
0.00135744 965
0.00136678 967
0.00137731 969
0.0013895 973
0.00140127 977
0.00141292 992
0.00142464 1001
0.00143578 1009
0.00144784 1011
0.00145889 1020
0.0014722 1021
0.00148286 1036
0.00149323 1047
0.00150376 1049
0.00151331 1050
0.0015245 1052
0.00153523 1054
0.00154775 1056
0.00156144 1057
0.0015711 1058
0.00158308 1059
0.00161802 1060
0.0016394 1073
0.00165099 1075
0.00166282 1079
0.00167205 1094
0.00168325 1096
0.00174111 1097
0.00175125 1108
0.00176287 1113
0.00177253 1120
0.00179465 1123
0.00181496 1125
0.00182686 1127
0.00184671 1129
0.00190256 1134
0.00192509 1139
0.00194785 1143
0.00247412 1145
0.00249645 1148
0.00263008 1152
0.00263736 1155
0.005335 1160
0.00534006 1162
2 1162
