0 -22272
4.9e-08 -21841
3.5973e-05 -21455
6.5541e-05 -21077
0.000134472 -20717
0.000187478 -20370
0.000253862 -20026
0.000309991 -19690
0.000363007 -19361
0.000433142 -19043
0.00049555 -18726
0.000544266 -18423
0.000584784 -18124
0.00062393 -17825
0.000662333 -17529
0.000701245 -17239
0.000742086 -16954
0.000784857 -16676
0.000864277 -16399
0.000958584 -16124
0.00104502 -15849
0.00112136 -15577
0.00118964 -15305
0.00124631 -15033
0.00128875 -14770
0.00132691 -14507
0.00136029 -14245
0.00139638 -13985
0.00142893 -13731
0.00146066 -13479
0.00149257 -13228
0.00152142 -12980
0.00155166 -12736
0.00158469 -12497
0.00161521 -12259
0.00165236 -12023
0.00168441 -11789
0.00172411 -11555
0.0017581 -11323
0.00179224 -11091
0.00183026 -10860
0.00186451 -10633
0.0018937 -10411
0.0019285 -10193
0.00196442 -9975
0.00199782 -9759
0.00203674 -9548
0.00206737 -9339
0.00209594 -9134
0.00212678 -8932
0.00215643 -8733
0.00218683 -8538
0.00221759 -8349
0.00225276 -8160
0.00229007 -7972
0.00232268 -7790
0.00235424 -7617
0.0023905 -7444
0.00242595 -7272
0.00246987 -7101
0.00250868 -6935
0.0025456 -6772
0.00258281 -6610
0.00261544 -6451
0.00265046 -6292
0.00268197 -6135
0.00270679 -5978
0.00273169 -5825
0.00276155 -5673
0.00284206 -5524
0.0029105 -5377
0.00296447 -5232
0.00301304 -5096
0.00305349 -4961
0.00308972 -4826
0.00312635 -4692
0.00316009 -4558
0.00319054 -4425
0.00322075 -4293
0.00324776 -4169
0.00327253 -4047
0.00330378 -3927
0.00333088 -3812
0.00336446 -3697
0.00339472 -3583
0.00342472 -3469
0.00346054 -3355
0.00349099 -3242
0.00351779 -3130
0.00354441 -3019
0.00357286 -2911
0.00360709 -2805
0.00363839 -2706
0.00366972 -2607
0.00370252 -2510
0.00373404 -2415
0.00376031 -2327
0.0037913 -2240
0.00382426 -2153
0.00385495 -2068
0.00388496 -1984
0.00391782 -1900
0.00395586 -1817
0.00398925 -1737
0.00401859 -1658
0.00404394 -1581
0.00407018 -1505
0.0041221 -1430
0.00418434 -1356
0.00423315 -1283
0.00427419 -1211
0.00430843 -1139
0.0043406 -1069
0.00436915 -1000
0.00439889 -932
0.00442668 -864
0.00445621 -797
0.00448782 -730
0.00451596 -668
0.00454547 -608
0.00457269 -549
0.00460047 -493
0.00462845 -438
0.00465529 -384
0.00468728 -331
0.00471666 -279
0.00476083 -227
0.00479059 -175
0.0048207 -124
0.00485612 -73
0.00488312 -23
0.00491361 25
0.00494128 72
0.00496867 119
0.00499553 164
0.00502 209
0.00504558 250
0.00506715 291
0.00509052 332
0.00512014 368
0.00514929 403
0.00517792 437
0.00520746 471
0.00524058 501
0.00527166 529
0.00530303 556
0.00532723 582
0.00535514 607
0.00538005 632
0.00540672 655
0.00543328 677
0.00546308 698
0.00549344 717
0.00552273 733
0.00554937 753
0.00558234 768
0.00561164 783
0.00564542 798
0.00567344 824
0.00569873 840
0.00572956 854
0.00575794 872
0.00578509 886
0.00581502 899
0.0058451 912
0.00587414 928
0.00590408 940
0.00593369 952
0.00596111 970
0.00598926 981
0.0060118 991
0.00603856 1008
0.00606865 1018
0.00609901 1027
0.00612763 1036
0.00615422 1043
0.00617948 1051
0.00620267 1062
0.00623177 1070
0.00625759 1083
0.00628866 1091
0.00631882 1106
0.00634998 1112
0.00637871 1118
0.00640492 1125
0.0064314 1129
0.00646209 1138
0.00648739 1142
0.00651537 1147
0.00659807 1152
0.00666261 1158
0.00672102 1168
0.00676676 1179
0.0067998 1190
0.00683209 1194
0.00686673 1199
0.00689945 1202
0.00693144 1210
0.00695656 1213
0.00698204 1218
0.00703865 1219
0.0070684 1220
0.00710235 1222
0.00713548 1230
0.00716744 1233
0.00728762 1237
0.0073174 1238
0.00734753 1239
0.00740506 1243
0.0075386 1247
0.00756663 1251
0.00759519 1254
0.00762186 1255
0.00767231 1260
0.00792622 1262
0.00804308 1264
0.00869215 1265
0.00876113 1271
0.00879789 1277
2 1277
