0 -16523
3.9e-08 -16183
3.0361e-05 -15863
5.5091e-05 -15565
9.4464e-05 -15272
0.000120996 -14986
0.00014931 -14710
0.00020071 -14440
0.000254136 -14175
0.000294928 -13912
0.000335642 -13650
0.000368736 -13389
0.000393907 -13139
0.000420831 -12898
0.000444582 -12658
0.000471731 -12420
0.000495609 -12184
0.000521925 -11950
0.00054833 -11724
0.000571003 -11500
0.000593696 -11277
0.000621737 -11062
0.000646525 -10853
0.000672313 -10644
0.000698013 -10439
0.000721852 -10238
0.000749667 -10039
0.000775631 -9840
0.000801174 -9645
0.000822877 -9454
0.000845247 -9265
0.000870555 -9078
0.000893228 -8892
0.000918996 -8711
0.00094401 -8532
0.000968221 -8354
0.000994871 -8177
0.00101889 -8001
0.00104316 -7826
0.00106641 -7652
0.00108766 -7480
0.00111261 -7309
0.00113513 -7140
0.00115809 -6973
0.00118177 -6808
0.00120699 -6652
0.00123135 -6497
0.0012545 -6344
0.00127534 -6191
0.00129886 -6041
0.00132109 -5892
0.00134641 -5748
0.00141081 -5605
0.00145973 -5463
0.00149307 -5322
0.00151715 -5182
0.00154028 -5044
0.00156213 -4906
0.00158723 -4769
0.00161071 -4638
0.00163305 -4509
0.00165715 -4381
0.00168021 -4254
0.00170125 -4127
0.00172749 -4000
0.0017484 -3877
0.00176867 -3758
0.001792 -3639
0.00181317 -3524
0.00183553 -3412
0.00185578 -3302
0.00187694 -3192
0.00189742 -3082
0.00192082 -2974
0.00194477 -2866
0.00196542 -2761
0.00198641 -2657
0.00200769 -2553
0.00202667 -2450
0.00204694 -2349
0.00207148 -2254
0.00209399 -2159
0.00211824 -2065
0.00214118 -1974
0.00216709 -1883
0.00218752 -1792
0.00220855 -1702
0.00223002 -1612
0.00225481 -1524
0.00227736 -1437
0.0022982 -1353
0.00231987 -1269
0.00234181 -1186
0.00236421 -1105
0.00238683 -1025
0.00241056 -946
0.00243364 -870
0.00245193 -797
0.00247383 -726
0.00249458 -655
0.00251432 -585
0.00253679 -516
0.00255982 -447
0.00258531 -378
0.00260637 -309
0.00262484 -242
0.00264799 -178
0.00272557 -115
0.00276532 -56
0.00279009 0
0.00281161 55
0.00283269 108
0.0028571 161
0.00287935 208
0.00289877 255
0.00291814 301
0.00293757 347
0.00295889 393
0.00297928 438
0.00300129 481
0.00302175 521
0.00304267 560
0.00306328 599
0.00308395 636
0.00310581 672
0.00312654 706
0.00314659 738
0.00316888 770
0.00318834 801
0.00321276 831
0.00323355 861
0.00325341 889
0.00327109 917
0.00329061 944
0.0033091 969
0.00335829 992
0.00339401 1014
0.00341768 1036
0.00344139 1058
0.0034621 1079
0.00348208 1098
0.00350259 1117
0.00352193 1136
0.00354011 1154
0.00356017 1172
0.00358171 1188
0.00360205 1204
0.00362158 1220
0.00364119 1236
0.00366361 1251
0.00368757 1266
0.00370557 1284
0.00372507 1298
0.00374562 1310
0.00376625 1322
0.00378875 1333
0.00380691 1351
0.00382844 1361
0.00384822 1371
0.00386683 1386
0.00388496 1395
0.00390531 1404
0.00392541 1413
0.00394532 1421
0.00396656 1434
0.003989 1442
0.00400903 1450
0.00402826 1462
0.00404965 1469
0.00406961 1476
0.00408765 1483
0.00410721 1496
0.00412656 1502
0.00414429 1508
0.00416357 1514
0.00421095 1526
0.00425233 1536
0.00428836 1540
0.00431322 1552
0.00433574 1555
0.00435553 1558
0.00437464 1561
0.00439451 1566
0.00441369 1571
0.00443393 1578
0.00445392 1582
0.00447144 1592
0.00449087 1595
0.00451136 1614
0.00453077 1616
0.00455208 1618
0.00457295 1621
0.00459314 1626
0.00461289 1628
0.00463217 1629
0.0046542 1638
0.00467611 1644
0.00469898 1648
0.00471843 1651
0.00475867 1665
0.00477893 1668
0.00481797 1669
0.0048607 1671
0.00488042 1677
0.00489841 1678
0.00491624 1681
0.00497463 1686
0.00501397 1689
0.00503429 1691
0.00505377 1698
0.00511429 1709
0.00513567 1710
0.00519202 1716
0.0052109 1721
0.00523086 1728
0.00525147 1729
0.00532811 1734
0.0053507 1738
0.00543462 1740
0.00556425 1741
0.005621 1755
0.0056713 1757
0.00570519 1758
0.00577128 1759
0.0057928 1761
0.00609409 1763
0.00611284 1766
0.00613305 1768
0.00615229 1770
0.00617046 1771
0.00620977 1779
0.0062317 1783
0.00782646 1785
0.0078474 1787
0.00786511 1788
0.00788308 1791
2 1791
