0 -6051
6.8e-08 -5835
1.28e-05 -5622
3.4808e-05 -5414
4.6854e-05 -5234
6.9586e-05 -5057
8.4757e-05 -4883
9.65e-05 -4714
0.000119634 -4554
0.000133679 -4395
0.000146019 -4243
0.000161749 -4092
0.000171895 -3944
0.000182492 -3796
0.000193354 -3649
0.000203403 -3502
0.000214049 -3361
0.000224431 -3228
0.000234665 -3097
0.000244881 -2966
0.000254724 -2837
0.000264224 -2709
0.000275301 -2583
0.000285976 -2461
0.00029911 -2339
0.000310334 -2218
0.000321921 -2099
0.000332459 -1989
0.000343027 -1879
0.000352831 -1772
0.000363555 -1667
0.000372752 -1563
0.000382938 -1463
0.000392977 -1365
0.000403231 -1268
0.000412124 -1178
0.000422702 -1089
0.000432642 -1001
0.000443876 -917
0.000453905 -834
0.000463259 -754
0.000473347 -675
0.000485109 -601
0.000494786 -533
0.000503728 -466
0.000512503 -401
0.000521455 -338
0.000530926 -275
0.000539574 -213
0.000548976 -153
0.000559858 -93
0.000569162 -34
0.000579485 24
0.000589132 81
0.000597183 136
0.000605478 188
0.000614881 238
0.000623676 286
0.000632735 333
0.000641158 378
0.00064964 418
0.000659228 457
0.000668111 494
0.000677807 530
0.000686465 564
0.000695848 598
0.000705094 628
0.000713331 658
0.000721842 687
0.000729706 715
0.000739422 741
0.000748619 767
0.000758932 790
0.000767413 812
0.000775944 833
0.000785376 853
0.000794611 873
0.000803309 891
0.000813132 908
0.000821859 925
0.000829929 938
0.000838851 951
0.000848459 969
0.000856765 980
0.000866529 990
0.000873845 1000
0.000882386 1009
0.0008912 1019
0.000900808 1027
0.000909819 1035
0.000918594 1042
0.000926773 1048
0.000933609 1053
0.000941787 1061
0.000950268 1069
0.00095923 1074
0.000967996 1088
0.000976634 1092
0.000984695 1097
0.000993166 1101
0.00100294 1113
0.00101188 1116
0.00102007 1118
0.00102766 1119
0.00103699 1128
0.00104529 1136
0.001055 1143
0.00106293 1145
0.00107152 1146
0.00108014 1154
0.00108858 1160
0.0010971 1166
0.00110528 1171
0.00111416 1174
0.00112346 1183
0.00113134 1185
0.00113969 1198
0.00114756 1201
0.00115588 1203
0.00116363 1204
0.00117192 1212
0.00118186 1224
0.00119144 1228
0.00120062 1229
0.001244 1232
0.00124959 1234
0.00125274 1236
0.00128028 1237
0.00129427 1238
0.00129862 1243
0.00131488 1246
0.00133012 1251
0.00133718 1256
0.00134619 1258
0.00135478 1260
0.0013609 1262
0.00136699 1279
0.00138453 1281
0.00138838 1284
0.00144168 1287
0.0014438 1290
0.00144861 1292
0.0014512 1293
0.00148487 1294
0.00161498 1297
0.00162857 1304
0.00163101 1306
0.00185593 1308
0.00185806 1310
0.00211087 1315
2 1315
