0 -55446
7.5e-08 -54846
7.757e-05 -54277
0.000235444 -53719
0.000425599 -53173
0.000627654 -52653
0.000836509 -52139
0.0010422 -51626
0.0012701 -51117
0.00151437 -50612
0.00172132 -50115
0.0019173 -49621
0.0021153 -49129
0.00230572 -48638
0.00249519 -48156
0.00268937 -47675
0.00290984 -47198
0.0031064 -46722
0.00330879 -46248
0.00349424 -45777
0.00367636 -45315
0.00385712 -44855
0.0040365 -44401
0.00421408 -43947
0.00439116 -43496
0.00456641 -43050
0.00475001 -42604
0.00492662 -42170
0.00511816 -41738
0.00533682 -41307
0.00552922 -40884
0.00572007 -40463
0.00590395 -40046
0.00608784 -39629
0.00626755 -39214
0.00644507 -38804
0.00662816 -38394
0.00686556 -37992
0.007053 -37596
0.00724524 -37202
0.00742443 -36811
0.0076077 -36427
0.00778375 -36043
0.00796423 -35662
0.0081517 -35284
0.00835396 -34909
0.00854568 -34536
0.00870942 -34165
0.00913426 -33796
0.0094544 -33428
0.0096656 -33066
0.00989346 -32704
0.0101654 -32344
0.0103937 -31984
0.0106445 -31625
0.0109421 -31267
0.0112382 -30917
0.0114889 -30568
0.0116845 -30220
0.0118608 -29875
0.0120338 -29532
0.0122005 -29189
0.012364 -28847
0.0125221 -28511
0.0127054 -28177
0.0128854 -27850
0.0130752 -27528
0.0132685 -27207
0.0134611 -26888
0.0136527 -26570
0.0138839 -26253
0.0140966 -25936
0.0143043 -25622
0.0144787 -25310
0.014663 -24998
0.0148699 -24688
0.0150317 -24381
0.0151872 -24078
0.0153323 -23777
0.0154919 -23481
0.0156384 -23186
0.0157841 -22893
0.0159329 -22600
0.0160704 -22308
0.0162056 -22018
0.0163357 -21729
0.0164813 -21444
0.016643 -21159
0.0167939 -20877
0.016943 -20596
0.0170858 -20316
0.0172186 -20038
0.0173709 -19760
0.0175102 -19484
0.0176469 -19215
0.0177799 -18947
0.0179198 -18679
0.0180504 -18415
0.018191 -18152
0.018308 -17894
0.0184257 -17638
0.0185686 -17383
0.018679 -17129
0.0188285 -16876
0.018936 -16626
0.0190499 -16383
0.0191817 -16141
0.0193284 -15901
0.0194484 -15663
0.0195564 -15429
0.0196792 -15198
0.0198052 -14969
0.0199172 -14742
0.0200344 -14515
0.0201348 -14290
0.0202394 -14065
0.0203742 -13841
0.0205001 -13619
0.0205963 -13397
0.0206868 -13176
0.0207812 -12957
0.0208683 -12742
0.0209521 -12532
0.0210343 -12323
0.0211359 -12114
0.0212216 -11908
0.0213029 -11705
0.0213841 -11504
0.0214661 -11303
0.0215641 -11108
0.0216494 -10916
0.0217289 -10725
0.0218065 -10535
0.0218838 -10346
0.0219746 -10160
0.0221038 -9975
0.0222228 -9791
0.022334 -9610
0.0224394 -9431
0.0225436 -9252
0.0226365 -9074
0.0227246 -8898
0.0228334 -8726
0.0229162 -8558
0.0230363 -8390
0.0231776 -8222
0.0233058 -8057
0.0234059 -7897
0.0234996 -7738
0.0235885 -7581
0.0236664 -7425
0.0237442 -7270
0.0238245 -7116
0.0239072 -6963
0.0239785 -6812
0.0240692 -6662
0.0241426 -6513
0.0242142 -6369
0.0242845 -6227
0.0243542 -6087
0.024425 -5948
0.0244948 -5810
0.0245644 -5672
0.0246363 -5536
0.0247192 -5401
0.0248018 -5268
0.0248953 -5136
0.0249678 -5007
0.0250386 -4880
0.0251103 -4753
0.0251779 -4627
0.025246 -4502
0.0253165 -4378
0.0254095 -4260
0.0254814 -4143
0.02555 -4031
0.0256235 -3919
0.0257069 -3808
0.025783 -3698
0.0258677 -3589
0.02596 -3484
0.026042 -3380
0.0261127 -3278
0.0261958 -3177
0.0262833 -3076
0.0263577 -2976
0.0264257 -2877
0.0264921 -2779
0.0265679 -2682
0.0266333 -2588
0.0267089 -2497
0.0268628 -2407
0.0269524 -2317
0.027022 -2227
0.0270897 -2139
0.0271576 -2054
0.0272346 -1970
0.027328 -1887
0.027418 -1804
0.0274908 -1727
0.0275632 -1652
0.0276463 -1579
0.0277313 -1507
0.0278164 -1440
0.0278836 -1373
0.0279639 -1308
0.0280308 -1243
0.0280959 -1179
0.0281844 -1115
0.0283028 -1052
0.0284113 -990
0.0284999 -928
0.0285882 -867
0.0286641 -807
0.0287435 -747
0.028821 -691
0.0289006 -635
0.028989 -579
0.0291507 -525
0.0292385 -475
0.0293126 -426
0.0295495 -379
0.0296355 -334
0.029708 -289
0.0297752 -246
0.0298371 -203
0.0298964 -161
0.0299531 -120
0.0300069 -81
0.0300563 -42
0.0301053 -8
0.0301591 24
0.0302128 56
0.0302658 88
0.0303172 117
0.0303673 147
0.0304184 176
0.0304698 211
0.030528 240
0.0305801 268
0.0306297 295
0.0306756 321
0.0307501 347
0.0308187 374
0.0308744 399
0.0309261 424
0.0309784 449
0.0310321 473
0.031083 499
0.03113 526
0.0311782 550
0.031229 573
0.0312809 596
0.0313344 618
0.0313857 639
0.0314368 660
0.0314872 679
0.0315473 698
0.0315965 720
0.0316448 738
0.0316967 755
0.0317459 777
0.0317956 794
0.0318439 810
0.0318943 825
0.031945 840
0.0320004 863
0.032053 879
0.0321034 892
0.032156 908
0.0322086 926
0.0322625 946
0.0323107 968
0.0323644 985
0.0324223 1001
0.0324737 1014
0.0325271 1027
0.0325989 1042
0.0326788 1057
0.0327482 1075
0.0328115 1088
0.0328723 1107
0.0329349 1130
0.0329918 1147
0.0330462 1159
0.0330989 1176
0.0331504 1188
0.0331994 1201
0.0332509 1223
0.0333026 1237
0.0333531 1253
0.0334029 1264
0.0334947 1275
0.0335758 1286
0.0336466 1297
0.0337121 1306
0.0337707 1318
0.0338268 1327
0.0338834 1339
0.0339378 1354
0.0339893 1365
0.0340415 1379
0.034095 1388
0.0341468 1397
0.0341961 1412
0.0342549 1428
0.0343332 1439
0.0343952 1449
0.0344635 1459
0.0345282 1467
0.0345823 1475
0.0346459 1486
0.0347055 1497
0.0347882 1506
0.0348472 1514
0.034922 1522
0.0349899 1534
0.0350607 1551
0.0351407 1561
0.0352429 1569
0.035323 1576
0.0353952 1592
0.0354602 1598
0.0356822 1619
0.0357972 1632
0.035901 1651
0.0359948 1662
0.0360846 1676
0.03617 1696
0.0362538 1704
0.036373 1714
0.0365087 1733
0.0366621 1741
0.0367923 1747
0.0369068 1765
0.0370126 1775
0.0371037 1779
0.0371864 1794
0.0372525 1797
0.0373167 1803
0.0373808 1809
0.0374493 1814
0.0375156 1819
0.0375922 1830
0.037681 1833
0.0377677 1836
0.0378315 1844
0.0378941 1847
0.0379578 1858
0.0380216 1870
0.0380914 1874
0.0381592 1889
0.0382258 1890
0.0382957 1900
0.0383678 1905
0.0384716 1906
0.0386491 1910
0.0387233 1914
0.0388357 1924
0.038927 1928
0.038958 1940
0.0390448 1943
0.0391186 1944
0.0391687 1955
0.0393228 1956
0.0393364 1958
0.0394064 1964
0.0394632 1965
0.0399672 1966
0.0400606 1972
0.0400804 1974
0.0402099 1975
0.0402211 1976
0.0414857 1977
0.0415171 1979
0.0415504 1984
0.0416216 1989
0.0417086 2001
0.0417153 2010
0.0417473 2012
0.0429712 2018
0.0431729 2019
0.0432034 2021
0.0438316 2024
0.0438893 2025
0.043965 2027
0.0459774 2029
0.0490732 2030
0.0516359 2033
0.0516813 2039
0.0520421 2042
0.0521078 2044
0.0527834 2047
0.052818 2054
0.052833 2056
0.0528447 2058
0.0536044 2060
0.0551182 2061
0.0555183 2063
0.0555523 2067
0.0645003 2069
0.0653309 2071
0.0654041 2073
0.0654265 2089
0.0696056 2090
0.0771101 2091
0.0788319 2097
0.0807199 2100
0.080742 2104
0.081047 2105
0.081449 2106
0.0814899 2109
0.0861308 2113
2 2113
