0 -52430
4.7e-08 -51844
6.7699e-05 -51267
0.00015361 -50715
0.000272694 -50182
0.000460698 -49649
0.000654244 -49119
0.000860722 -48594
0.00106455 -48083
0.00127026 -47576
0.00146367 -47072
0.0016526 -46582
0.00186563 -46107
0.00216462 -45636
0.00245609 -45167
0.00284418 -44701
0.00311335 -44240
0.00351117 -43783
0.00383701 -43335
0.00412429 -42887
0.00437945 -42445
0.00458531 -42006
0.00479415 -41568
0.00500347 -41135
0.0052172 -40714
0.00545166 -40296
0.00565226 -39879
0.0058375 -39466
0.00601541 -39055
0.00625667 -38648
0.00643038 -38243
0.0066013 -37838
0.00677718 -37434
0.00694687 -37030
0.00712801 -36628
0.00731781 -36230
0.00750585 -35837
0.00766595 -35448
0.0078225 -35062
0.00797767 -34678
0.00813346 -34303
0.00828379 -33933
0.00843461 -33563
0.00858756 -33194
0.00873632 -32825
0.00888489 -32457
0.00906677 -32091
0.00921726 -31726
0.00936204 -31363
0.00950246 -31002
0.00964188 -30645
0.00979346 -30288
0.00993374 -29932
0.0100773 -29583
0.01021 -29236
0.0103425 -28889
0.0104738 -28544
0.0106041 -28203
0.0107337 -27863
0.0108739 -27527
0.0110345 -27196
0.0111953 -26867
0.0113465 -26539
0.0115047 -26213
0.0116465 -25888
0.0117984 -25563
0.0119416 -25238
0.0120748 -24916
0.0122043 -24596
0.012359 -24280
0.0125151 -23966
0.0126689 -23658
0.0128262 -23351
0.0129685 -23046
0.0131124 -22746
0.0133279 -22450
0.0135864 -22155
0.0137644 -21865
0.0139244 -21579
0.0141227 -21294
0.0143474 -21016
0.0145341 -20739
0.0147426 -20464
0.0149444 -20189
0.0151493 -19914
0.0155213 -19643
0.0156904 -19376
0.0158463 -19119
0.01604 -18864
0.0162011 -18610
0.0163805 -18357
0.0165279 -18105
0.0166628 -17854
0.0167912 -17604
0.016914 -17356
0.0170323 -17109
0.0171475 -16863
0.0172603 -16618
0.0173692 -16375
0.0174783 -16136
0.0176017 -15898
0.0177346 -15660
0.0178623 -15423
0.0179846 -15188
0.0181023 -14953
0.0182132 -14721
0.01832 -14491
0.0184271 -14263
0.0185264 -14036
0.0186227 -13809
0.0187169 -13583
0.0188084 -13357
0.0189027 -13132
0.0189999 -12909
0.0190891 -12688
0.0192278 -12472
0.0193952 -12257
0.0195948 -12045
0.0197609 -11835
0.0198878 -11627
0.020004 -11420
0.0201134 -11215
0.0202156 -11015
0.0203125 -10815
0.0204097 -10615
0.0204985 -10421
0.0205844 -10227
0.0206681 -10034
0.0207518 -9843
0.0208584 -9653
0.0209416 -9463
0.0210229 -9275
0.0211005 -9087
0.0211804 -8901
0.0212579 -8718
0.0213768 -8537
0.0214616 -8360
0.0215386 -8183
0.0216132 -8006
0.0216859 -7832
0.0217568 -7658
0.0218299 -7491
0.021902 -7327
0.0219775 -7168
0.02205 -7009
0.0221194 -6851
0.0221906 -6697
0.0222659 -6548
0.0223445 -6400
0.0224165 -6253
0.0224928 -6107
0.0225771 -5963
0.0226767 -5819
0.0227637 -5675
0.0228518 -5532
0.0229558 -5392
0.0230566 -5253
0.0231329 -5115
0.0232273 -4977
0.0232997 -4840
0.0233741 -4704
0.0234665 -4569
0.0235406 -4434
0.0236062 -4299
0.0236741 -4166
0.023741 -4035
0.0238087 -3908
0.0238908 -3790
0.0239612 -3672
0.0240324 -3556
0.0241194 -3443
0.0242106 -3331
0.0243043 -3219
0.0243775 -3109
0.0244473 -2999
0.0245154 -2889
0.0246054 -2779
0.0246944 -2670
0.0247734 -2562
0.0248568 -2454
0.024948 -2347
0.0250378 -2241
0.0251262 -2137
0.0252145 -2035
0.0253042 -1937
0.0253962 -1840
0.0254818 -1750
0.0255518 -1660
0.0256173 -1571
0.0256809 -1482
0.0257466 -1396
0.0258183 -1314
0.0258841 -1233
0.0259535 -1152
0.02603 -1073
0.0261176 -999
0.0262238 -927
0.0263113 -861
0.0263899 -796
0.026494 -733
0.0265914 -670
0.0266673 -611
0.0267361 -554
0.026804 -498
0.0268709 -442
0.0269384 -386
0.027004 -333
0.0270687 -282
0.0271335 -233
0.0272028 -185
0.0272683 -138
0.0273325 -92
0.0274015 -51
0.0274797 -11
0.0275412 28
0.0276032 66
0.0276664 102
0.0277304 138
0.0277985 174
0.0278698 208
0.0279317 242
0.0279933 275
0.0280546 307
0.0281145 339
0.0281766 371
0.0282382 402
0.0283088 432
0.0283963 462
0.0284745 491
0.0285451 518
0.0286105 545
0.0286777 571
0.028741 599
0.0288052 624
0.0288721 649
0.0289447 674
0.0290075 697
0.0290687 720
0.0291297 748
0.0291902 774
0.0292741 796
0.0293516 818
0.0294119 844
0.0294744 866
0.0295354 888
0.0295963 912
0.029658 936
0.0297185 954
0.0297845 972
0.0298529 989
0.0299154 1011
0.0299831 1031
0.0300449 1051
0.030105 1071
0.030166 1088
0.0302509 1104
0.0303239 1122
0.0304074 1137
0.0304726 1155
0.0305346 1170
0.0305967 1193
0.0306581 1215
0.0307414 1229
0.0308293 1252
0.0309049 1266
0.0309802 1279
0.031044 1290
0.0311059 1301
0.0311766 1312
0.0312391 1326
0.0313014 1337
0.0313687 1346
0.0314466 1364
0.0315125 1372
0.0315705 1380
0.0316338 1389
0.0317143 1399
0.0317772 1409
0.0318426 1418
0.0319217 1431
0.0320017 1440
0.0320827 1450
0.0321651 1463
0.0322541 1487
0.0323416 1499
0.0324303 1517
0.0325096 1530
0.0325809 1542
0.0326428 1552
0.0327033 1567
0.0327875 1584
0.0328535 1595
0.0329166 1604
0.0331768 1611
0.0333058 1617
0.0333887 1623
0.0334615 1628
0.0335299 1635
0.0336939 1640
0.0337981 1645
0.0338939 1650
0.0340002 1655
0.0340878 1662
0.0341791 1676
0.0342715 1682
0.0343605 1689
0.0344263 1694
0.0345152 1698
0.0345933 1715
0.034665 1720
0.0347317 1730
0.0348032 1734
0.0348659 1748
0.0349421 1764
0.0350089 1772
0.0351121 1776
0.0352203 1786
0.035303 1791
0.0353766 1794
0.0354584 1799
0.0355455 1802
0.0356242 1813
0.0356994 1826
0.0357561 1838
0.0358121 1842
0.0358662 1849
0.0359174 1855
0.0359661 1865
0.0360171 1878
0.0360721 1883
0.0361282 1886
0.0361882 1896
0.0362473 1900
0.0363022 1908
0.0363585 1910
0.0364188 1921
0.0364571 1933
0.036508 1943
0.0365182 1946
0.0365414 1958
0.0365662 1959
0.0366883 1964
0.0367077 1968
0.0367346 1974
0.0368532 1979
0.0369237 1982
0.0370686 1991
0.0371382 1995
0.0371489 1999
0.0371767 2001
0.0371847 2002
0.0372328 2014
0.0375424 2019
0.0375469 2024
0.0377756 2026
0.0377994 2031
0.0378664 2036
0.0381954 2040
0.0382629 2049
0.0383209 2054
0.038453 2057
0.0384652 2059
0.0385802 2064
0.0386501 2077
0.0387214 2081
0.0391614 2083
0.0401093 2085
0.0406267 2090
0.0410674 2091
0.0411001 2092
0.0411374 2095
0.0443423 2096
0.0443707 2099
0.0455445 2101
0.0456844 2102
0.0456906 2109
0.0565753 2115
0.0583962 2117
0.0584341 2122
0.0584403 2128
0.0593326 2131
0.0594271 2132
0.0635894 2136
0.0691764 2151
0.0691907 2153
0.0701785 2154
0.070201 2156
2 2156
