0 -7653
6.6e-08 -7358
5.355e-06 -7089
9.333e-06 -6838
1.2457e-05 -6588
1.7793e-05 -6365
2.4458e-05 -6156
3.2339e-05 -5969
3.851e-05 -5782
4.2641e-05 -5599
4.8442e-05 -5420
5.9048e-05 -5242
7.4496e-05 -5071
8.269e-05 -4906
9.1871e-05 -4741
9.9514e-05 -4577
0.000107556 -4416
0.000114772 -4256
0.000121001 -4097
0.000128179 -3938
0.000135224 -3786
0.000141937 -3635
0.000148469 -3484
0.000155305 -3341
0.0001618 -3202
0.000169272 -3066
0.00017646 -2934
0.00018209 -2804
0.000189202 -2679
0.000195088 -2555
0.000200814 -2432
0.000206919 -2310
0.000214619 -2189
0.000221968 -2075
0.000228329 -1965
0.000234662 -1857
0.000240891 -1752
0.000247233 -1648
0.000253177 -1545
0.000259823 -1445
0.000265815 -1346
0.00027267 -1249
0.00027906 -1158
0.000286485 -1075
0.000294071 -992
0.00030105 -913
0.000307183 -840
0.000314228 -768
0.000323182 -697
0.000330312 -629
0.000336285 -565
0.000343985 -503
0.000353461 -441
0.000361265 -384
0.000367446 -328
0.000375764 -273
0.000383701 -222
0.000393519 -172
0.000401428 -124
0.000408872 -79
0.000415566 -38
0.000424139 2
0.000431251 38
0.000438192 73
0.000446443 105
0.000454333 133
0.00046153 160
0.000468005 185
0.000476076 209
0.000482855 232
0.000488856 255
0.00049647 277
0.000504788 297
0.000512849 316
0.000519875 334
0.000526901 356
0.000534145 372
0.000540535 389
0.000546631 404
0.000554673 418
0.000561975 430
0.000568583 441
0.000574698 455
0.000582094 467
0.000588826 487
0.000595947 497
0.000604283 506
0.000611746 532
0.000618544 540
0.000625779 545
0.000632805 558
0.000639993 575
0.000648016 587
0.000655469 593
0.000663825 600
0.00067031 605
0.000679083 610
0.0006844 614
0.000686612 617
0.000689147 618
0.000702174 622
0.000711564 633
0.000714659 636
0.000735292 640
0.000740855 642
0.000794206 648
0.000843066 650
0.000852988 656
0.000864895 659
0.000866063 661
0.00086687 664
0.000869794 666
0.000872946 673
0.000878111 676
0.000883628 683
0.001115 685
0.00118787 688
0.00127286 689
0.00127543 690
2 690
