0 -47163
1.52e-07 -46557
6.931e-06 -45958
1.3331e-05 -45378
1.9037e-05 -44801
2.6984e-05 -44248
3.8957e-05 -43709
5.5449e-05 -43173
7.367e-05 -42642
8.7466e-05 -42114
9.9505e-05 -41591
0.000112532 -41092
0.000123935 -40593
0.000136848 -40095
0.000149457 -39612
0.000162294 -39129
0.00017477 -38649
0.000196864 -38172
0.000212208 -37695
0.000226621 -37221
0.000239771 -36750
0.00025238 -36283
0.000264533 -35817
0.000276468 -35351
0.000288659 -34886
0.000300983 -34423
0.000313374 -33962
0.000325565 -33503
0.000336389 -33044
0.000348106 -32586
0.000359167 -32131
0.000370656 -31676
0.000382762 -31221
0.000395067 -30766
0.00040722 -30313
0.000419326 -29861
0.000430311 -29411
0.000442664 -28962
0.000454836 -28521
0.000466477 -28082
0.000479618 -27645
0.000492084 -27211
0.000505472 -26777
0.000518612 -26345
0.000530443 -25915
0.000540403 -25485
0.000553714 -25056
0.000564643 -24630
0.000577328 -24205
0.0005897 -23780
0.000601207 -23358
0.000610901 -22936
0.000625504 -22518
0.000639471 -22102
0.000649421 -21690
0.000662467 -21278
0.000675266 -20869
0.000687828 -20461
0.000698699 -20057
0.000711536 -19655
0.000724582 -19263
0.00073664 -18872
0.000749895 -18482
0.00076201 -18099
0.000773793 -17718
0.000786136 -17337
0.000797055 -16959
0.000809997 -16581
0.000823128 -16204
0.00083643 -15831
0.000849903 -15461
0.00086312 -15098
0.000876953 -14736
0.000889031 -14378
0.000902342 -14020
0.000916575 -13666
0.000929706 -13315
0.000942106 -12964
0.000955314 -12618
0.000967239 -12276
0.000980304 -11935
0.000993273 -11596
0.00100566 -11260
0.0010186 -10924
0.00103267 -10591
0.00104518 -10258
0.00106105 -9933
0.00107619 -9610
0.00109611 -9287
0.00111999 -8965
0.00113626 -8655
0.00114929 -8346
0.00116921 -8042
0.00119291 -7745
0.00121002 -7449
0.00122488 -7159
0.00124328 -6872
0.00126115 -6593
0.00127816 -6323
0.0012986 -6055
0.00131263 -5788
0.00132921 -5522
0.00134714 -5261
0.00139025 -5015
0.0014095 -4772
0.00142711 -4531
0.00144817 -4294
0.00146814 -4065
0.00148867 -3838
0.0015118 -3622
0.00153537 -3407
0.00155755 -3205
0.00158284 -3007
0.00160555 -2811
0.00162869 -2620
0.00165441 -2431
0.00167839 -2249
0.00170631 -2072
0.00173339 -1908
0.00176422 -1746
0.00180702 -1589
0.0018406 -1438
0.00187566 -1289
0.00190861 -1141
0.0019403 -1000
0.00197155 -866
0.00200232 -748
0.00203966 -635
0.00208209 -530
0.00212667 -429
0.00216851 -341
0.00220849 -253
0.00224484 -190
0.00228514 -130
0.00232503 -76
0.00236209 -25
0.00239063 10
0.00242071 40
0.00245103 63
0.00247674 83
0.00250553 101
0.002531 122
0.00255679 139
0.00258437 142
0.00261113 165
0.00263826 169
0.00266809 170
0.00269651 175
0.002755 186
0.00282338 189
0.00287078 191
0.0029695 199
0.00300437 202
0.00306606 203
0.00312253 207
0.00315368 212
0.00324244 217
0.00327456 224
0.00330788 228
0.00334519 232
0.00344408 239
0.00350806 249
0.00353616 259
0.00362233 265
0.00365302 272
0.00368269 274
0.00428645 275
0.00441413 277
0.00444994 279
0.00451527 290
0.00611425 297
0.00723144 308
0.00725993 322
0.0072864 326
2 326
