0 -16898
6.5e-08 -16579
2.8928e-05 -16274
4.3965e-05 -15994
5.3704e-05 -15722
6.1613e-05 -15458
9.813e-05 -15197
0.000127772 -14939
0.000174648 -14682
0.000237726 -14428
0.000286829 -14176
0.000322463 -13927
0.000352574 -13684
0.000376853 -13449
0.000402579 -13220
0.000432127 -12993
0.000460369 -12768
0.000487296 -12545
0.00051212 -12322
0.000536747 -12102
0.000565252 -11886
0.00059187 -11672
0.000619539 -11463
0.00064656 -11255
0.000680401 -11053
0.000707572 -10853
0.000735834 -10654
0.000799513 -10457
0.000860929 -10260
0.000916117 -10064
0.000957565 -9873
0.000984042 -9683
0.0010103 -9501
0.00104518 -9323
0.00107473 -9146
0.00110387 -8970
0.00112906 -8795
0.00115338 -8620
0.00118132 -8445
0.00120635 -8271
0.00122627 -8102
0.00124584 -7937
0.00126591 -7773
0.00128568 -7613
0.00132668 -7454
0.0013499 -7297
0.00137013 -7141
0.00138783 -6986
0.00140637 -6831
0.00142721 -6679
0.00144566 -6528
0.00146754 -6379
0.00148699 -6237
0.0015142 -6096
0.00154128 -5955
0.00156837 -5815
0.00159745 -5678
0.00162345 -5542
0.00164851 -5406
0.00167684 -5274
0.00170597 -5144
0.0017352 -5017
0.00176452 -4891
0.00179528 -4765
0.00182387 -4640
0.00185048 -4515
0.00187353 -4394
0.00189503 -4276
0.0019151 -4158
0.00193407 -4041
0.00195361 -3928
0.00197381 -3819
0.00199385 -3710
0.00201492 -3602
0.00203275 -3495
0.00205048 -3391
0.00207129 -3288
0.00209024 -3185
0.00210913 -3086
0.0021291 -2990
0.00214854 -2896
0.00216715 -2802
0.00218649 -2709
0.00220371 -2619
0.00222333 -2530
0.00226099 -2441
0.00228008 -2353
0.00229589 -2266
0.00231244 -2180
0.00233084 -2098
0.00234993 -2017
0.00237084 -1936
0.00239217 -1858
0.00241277 -1782
0.00243443 -1706
0.00245135 -1631
0.00246788 -1556
0.00248591 -1482
0.00250432 -1408
0.0025223 -1334
0.00253994 -1261
0.00255717 -1191
0.00257656 -1122
0.00259304 -1055
0.00261123 -989
0.00262898 -924
0.00264535 -859
0.00266235 -794
0.0026853 -730
0.00271009 -666
0.00273371 -604
0.00275782 -542
0.00281193 -481
0.0028561 -420
0.0028874 -360
0.00291449 -301
0.00293799 -243
0.00296318 -194
0.00302347 -145
0.00305878 -96
0.00308669 -48
0.0031119 0
0.00313701 45
0.00316149 90
0.00318407 131
0.00321113 172
0.003362 211
0.00338546 250
0.00340701 287
0.00343841 322
0.00346183 357
0.00348808 387
0.00351354 415
0.00353942 442
0.00356351 468
0.00358974 494
0.00361458 518
0.00364004 544
0.00366587 567
0.00368575 598
0.00370384 621
0.00372249 644
0.00374262 666
0.00376159 687
0.00378046 708
0.0038029 727
0.00382586 746
0.00384725 765
0.00386608 797
0.00388302 817
0.00390145 840
0.00391956 858
0.00393808 885
0.00395626 905
0.00397763 931
0.00399751 952
0.00402266 970
0.00404723 999
0.00406968 1016
0.00409528 1032
0.00411495 1048
0.00413346 1069
0.00415208 1088
0.0041703 1104
0.00418833 1120
0.00420537 1141
0.0042233 1157
0.00424141 1172
0.00425758 1189
0.00427335 1206
0.00429118 1230
0.00430848 1246
0.00432536 1260
0.00434912 1274
0.00437338 1290
0.00439511 1304
0.00441758 1320
0.00444155 1334
0.00445945 1347
0.00447806 1360
0.00449531 1372
0.00451264 1384
0.00452988 1400
0.00454668 1417
0.00456444 1429
0.00458229 1442
0.00459941 1453
0.00461694 1466
0.00463223 1477
0.00464958 1487
0.00468331 1503
0.00470862 1515
0.00473222 1533
0.00476884 1542
0.00479237 1551
0.00480994 1574
0.0048296 1590
0.00484858 1605
0.00486942 1611
0.00487474 1617
0.0048833 1623
0.00493284 1628
0.00495104 1632
0.00496369 1645
0.00497632 1648
0.00498003 1650
0.00498668 1652
0.00499285 1653
0.00500087 1675
0.00501509 1680
0.00501965 1682
0.00502244 1683
0.00502852 1699
0.00505188 1702
0.005059 1708
0.00506176 1709
0.00507605 1716
0.00508443 1718
0.00518307 1723
0.00525775 1725
0.00526399 1727
0.0052755 1728
0.00529568 1734
0.00561787 1737
0.00567496 1739
0.00570342 1743
0.00570725 1745
0.00571135 1747
0.00571643 1748
0.00579551 1761
0.00582299 1765
0.0058276 1769
0.00583013 1771
0.00583725 1775
0.0058466 1778
0.00612034 1779
0.00729905 1782
0.00730423 1784
0.0073066 1786
0.00730956 1788
0.00871233 1790
0.00871764 1792
0.00872114 1793
0.00872547 1798
0.0087522 1799
0.00875606 1803
0.00875889 1805
2 1805
