0 -8852
4.7e-08 -8516
1.5558e-05 -8251
2.5789e-05 -7993
3.2138e-05 -7741
4.3111e-05 -7500
5.8922e-05 -7272
7.8654e-05 -7048
9.7307e-05 -6826
0.0001149 -6606
0.000150434 -6387
0.000172135 -6173
0.000188106 -5975
0.000202886 -5780
0.000218473 -5589
0.00023148 -5403
0.000243024 -5217
0.000256313 -5032
0.000266685 -4849
0.000278952 -4669
0.000294623 -4496
0.000307096 -4340
0.000319709 -4185
0.000332445 -4032
0.000342948 -3879
0.000355299 -3730
0.000367013 -3585
0.000378979 -3441
0.000395166 -3298
0.000406354 -3158
0.000421303 -3018
0.000434976 -2880
0.000449878 -2752
0.000461891 -2625
0.000475471 -2501
0.000490476 -2379
0.000501767 -2262
0.000514006 -2153
0.000527688 -2045
0.000541015 -1943
0.000555157 -1842
0.000570687 -1745
0.000583094 -1649
0.000596936 -1556
0.000608171 -1463
0.000621113 -1370
0.000632986 -1278
0.000643968 -1188
0.000655465 -1098
0.000665866 -1009
0.000675244 -922
0.000686272 -837
0.000699711 -752
0.000713422 -668
0.000726073 -585
0.000737252 -509
0.000748112 -438
0.000760669 -368
0.000772364 -304
0.000783636 -241
0.0007961 -178
0.000807241 -117
0.000816131 -57
0.000827582 3
0.000841133 62
0.000854169 117
0.000866389 170
0.000876592 223
0.00088627 266
0.000898818 307
0.000910541 347
0.000921617 386
0.000931135 424
0.000942586 461
0.000952986 498
0.000964156 534
0.00097556 566
0.0009858 597
0.000996604 627
0.00100865 656
0.0010186 685
0.0010313 710
0.00104466 734
0.001055 756
0.00106511 786
0.00107677 807
0.0010884 828
0.00110066 846
0.00111156 864
0.00112343 881
0.00113632 896
0.00114721 910
0.00115863 925
0.00117052 939
0.0011821 952
0.00119177 964
0.00120211 976
0.00121313 987
0.00122453 996
0.00123585 1014
0.00124651 1023
0.00125732 1031
0.00126841 1039
0.00128171 1047
0.00129129 1054
0.00130232 1061
0.0013123 1070
0.00132248 1083
0.00133193 1093
0.00134157 1103
0.00135374 1113
0.0013647 1118
0.00137434 1123
0.00138539 1128
0.00139503 1130
0.00140557 1132
0.00141702 1133
0.00142807 1134
0.001451 1138
0.00146344 1142
0.00147728 1148
0.00148907 1151
0.00150207 1154
0.00154569 1159
0.00155617 1169
0.00156626 1174
0.00157596 1175
0.00158735 1176
0.00160595 1182
0.00163001 1187
0.0016773 1194
0.00168975 1209
0.00169999 1219
0.00170487 1229
0.00175836 1233
0.00197627 1234
0.0028399 1236
0.00338286 1239
0.00339247 1240
0.00340512 1241
0.00562268 1245
0.00612503 1248
2 1248
