0 -12764
4.7e-08 -12454
2.217e-05 -12156
4.329e-05 -11860
5.6457e-05 -11589
7.1865e-05 -11322
8.5416e-05 -11068
0.000130722 -10816
0.000180698 -10572
0.000214234 -10330
0.000238158 -10097
0.000257796 -9864
0.000276758 -9646
0.000295852 -9432
0.000316278 -9220
0.000334828 -9011
0.00035033 -8802
0.000366695 -8601
0.000385967 -8406
0.000442292 -8214
0.000485731 -8023
0.000510133 -7837
0.000531684 -7652
0.000579541 -7470
0.000624837 -7293
0.000653028 -7120
0.000675188 -6949
0.000695276 -6780
0.000714942 -6616
0.000732114 -6452
0.000748919 -6291
0.000768669 -6131
0.000785475 -5971
0.00080305 -5813
0.000820634 -5656
0.000838199 -5500
0.000856449 -5348
0.000876368 -5197
0.000893577 -5046
0.000910879 -4900
0.00093153 -4758
0.00094873 -4618
0.000967795 -4478
0.000986458 -4342
0.00100266 -4208
0.00102268 -4076
0.00103952 -3946
0.00105588 -3818
0.00107497 -3693
0.00109419 -3568
0.00111408 -3446
0.00113126 -3328
0.00114816 -3211
0.00116324 -3099
0.00117833 -2990
0.00119578 -2881
0.00121177 -2772
0.0012281 -2665
0.00124397 -2559
0.00126158 -2456
0.0012797 -2353
0.00129694 -2255
0.00131252 -2158
0.00132949 -2064
0.00134644 -1971
0.00136322 -1881
0.00137793 -1791
0.00139485 -1701
0.00141091 -1611
0.00142551 -1522
0.00144318 -1435
0.00146069 -1348
0.00147712 -1261
0.00149111 -1175
0.00150947 -1091
0.001526 -1008
0.00153955 -926
0.001554 -846
0.0015703 -769
0.00158609 -693
0.00160353 -621
0.00162144 -550
0.00163914 -480
0.00166438 -411
0.00168984 -346
0.00170679 -284
0.00172376 -222
0.00173836 -160
0.00175252 -102
0.00176733 -46
0.00178364 7
0.00179882 60
0.00181427 112
0.00183146 163
0.00185293 214
0.0018704 265
0.00188535 315
0.00190052 365
0.00191676 414
0.00193219 461
0.00194805 506
0.00196386 549
0.00197982 588
0.00199577 624
0.00201121 659
0.00202619 693
0.00204255 727
0.0020571 761
0.00207372 791
0.00209223 820
0.00210655 846
0.00212165 871
0.00213563 896
0.00215006 919
0.00216444 942
0.00218254 964
0.00219931 986
0.00221436 1006
0.00223048 1025
0.00225205 1043
0.00226661 1066
0.00228324 1084
0.00229839 1102
0.00231355 1119
0.00232918 1136
0.00234441 1152
0.00236026 1168
0.00237523 1184
0.00239079 1200
0.00240893 1215
0.00242446 1228
0.00244003 1240
0.0024556 1252
0.00247218 1264
0.0025126 1276
0.00254451 1293
0.00256479 1305
0.00258131 1315
0.00259583 1325
0.00260989 1341
0.00262445 1351
0.00264099 1360
0.00265469 1369
0.00266984 1377
0.00268397 1389
0.0026972 1399
0.00271117 1407
0.00272658 1422
0.00274086 1430
0.00275632 1437
0.00277017 1444
0.00278932 1455
0.00280401 1462
0.00281842 1470
0.00283421 1476
0.00284901 1482
0.00286343 1487
0.0028759 1491
0.00289063 1494
0.00290426 1497
0.0029186 1504
0.00293325 1507
0.00294798 1531
0.00296175 1533
0.00297728 1535
0.0029919 1541
0.00300836 1543
0.0030253 1551
0.00305641 1558
0.0030719 1559
0.00313098 1562
0.00320203 1565
0.00321733 1569
0.00323295 1571
0.0032468 1573
0.00326027 1576
0.00327512 1578
0.0033201 1579
0.00333474 1581
0.00334858 1582
0.0033647 1583
0.00337843 1585
0.00347759 1598
0.00349349 1606
0.00351009 1613
0.00352398 1615
0.0035505 1616
0.00362482 1617
0.00366579 1624
0.00386281 1630
0.00387797 1633
0.00389158 1637
0.00390653 1640
0.00392177 1642
0.00393861 1646
0.00395177 1648
0.00396584 1649
0.00409915 1651
0.00411379 1655
0.00414162 1656
0.00415595 1658
0.00424608 1659
0.00440721 1661
2 1661
