0 -3830
4.7e-08 -3617
4.666e-06 -3420
1.2407e-05 -3225
1.8732e-05 -3041
2.531e-05 -2864
3.7492e-05 -2703
4.586e-05 -2542
5.196e-05 -2385
5.7761e-05 -2236
6.3009e-05 -2087
6.7919e-05 -1939
7.3063e-05 -1810
7.8452e-05 -1687
8.4065e-05 -1565
8.9912e-05 -1450
9.4728e-05 -1341
9.9985e-05 -1233
0.000105664 -1128
0.000110874 -1027
0.000116319 -926
0.000120873 -826
0.000125661 -733
0.000129841 -651
0.000135013 -570
0.000141517 -492
0.000147748 -418
0.000155095 -345
0.000161935 -273
0.000167689 -208
0.000174389 -145
0.000180086 -83
0.000185934 -28
0.000191125 27
0.000196401 74
0.000202061 119
0.000207814 156
0.000212959 193
0.000219341 226
0.000224185 258
0.000230604 289
0.000236873 316
0.000242599 334
0.00024839 351
0.000253056 368
0.00025851 384
0.000263833 400
0.000269764 416
0.000275537 431
0.000280756 446
0.000286557 459
0.000291898 472
0.000295234 482
0.000300294 491
0.000305645 506
0.000310452 513
0.000315822 520
0.000321135 526
0.000326504 529
0.000331724 545
0.000372233 550
0.00037899 551
0.000438831 554
0.000449102 566
0.000476005 568
0.00064926 576
0.000655323 582
0.000659756 584
0.000665153 585
0.000704688 586
0.000711248 588
0.000713881 589
0.000727684 593
0.000731114 596
0.000735265 598
0.00121591 599
0.00129291 606
0.00129389 608
0.00189206 610
0.00197353 615
0.00244117 619
0.0042592 620
2 620
