0 -19422
4.7e-08 -19055
8.096e-06 -18710
1.4478e-05 -18372
2.2659e-05 -18041
3.8214e-05 -17711
4.9093e-05 -17386
6.5623e-05 -17062
7.6053e-05 -16739
8.4908e-05 -16417
9.3023e-05 -16100
0.000102104 -15792
0.000110715 -15485
0.00011898 -15184
0.000128201 -14887
0.000137328 -14592
0.000146174 -14299
0.000153858 -14009
0.000162545 -13720
0.00017125 -13433
0.000181511 -13155
0.000191341 -12883
0.000199859 -12613
0.000210101 -12348
0.000218975 -12084
0.000227831 -11822
0.000237164 -11562
0.000247219 -11308
0.000256468 -11057
0.000265707 -10808
0.000276128 -10562
0.00028666 -10317
0.000298496 -10074
0.000307491 -9831
0.000317012 -9589
0.00032762 -9349
0.000337937 -9114
0.000347682 -8883
0.000359518 -8654
0.00036871 -8425
0.000377922 -8202
0.000387386 -7979
0.000396673 -7758
0.000406765 -7538
0.000417504 -7320
0.000426846 -7105
0.000436049 -6898
0.000446928 -6693
0.000455455 -6490
0.000467712 -6291
0.00047743 -6102
0.000485873 -5917
0.000496902 -5732
0.00050765 -5547
0.000517321 -5363
0.000528641 -5180
0.000540523 -5001
0.000552471 -4822
0.000566217 -4643
0.00057675 -4465
0.000587751 -4293
0.000601845 -4122
0.000614177 -3952
0.000626546 -3789
0.00063885 -3629
0.000652269 -3469
0.000664882 -3310
0.000679397 -3155
0.00069305 -3008
0.000706835 -2867
0.000720544 -2735
0.000746951 -2603
0.000779139 -2472
0.000798368 -2343
0.000814036 -2215
0.000831287 -2093
0.00084852 -1973
0.000864488 -1855
0.00087875 -1739
0.00089647 -1623
0.000911707 -1513
0.000929774 -1410
0.000947156 -1313
0.000965036 -1218
0.000980263 -1125
0.000999136 -1034
0.00101689 -943
0.00103235 -852
0.00104894 -764
0.00106431 -678
0.00108043 -595
0.00109838 -516
0.00111694 -441
0.00113817 -373
0.00115615 -306
0.00117332 -244
0.00119228 -185
0.00120974 -127
0.00122712 -72
0.00124364 -19
0.00125796 34
0.00127217 72
0.00128669 106
0.00130172 137
0.00132044 165
0.00133773 193
0.00135353 221
0.00136901 247
0.00138418 271
0.00139853 292
0.00141268 306
0.00142612 319
0.00143974 336
0.00145339 347
0.00146796 357
0.00147988 366
0.00149562 373
0.00152916 380
0.00154342 389
0.00155583 396
0.00157133 405
0.00158384 411
0.00159845 428
0.00161156 432
0.00162191 439
0.00163764 446
0.00165108 452
0.00166404 457
0.00167743 458
0.00171528 471
0.00175249 472
0.0017671 480
0.00178042 496
0.0018517 497
0.00189891 500
0.00191066 504
0.00195914 505
0.00197173 508
0.00198485 509
0.0019981 511
0.00240695 512
0.00249799 520
0.0025108 522
0.0025263 523
0.00254974 527
0.00260438 528
0.00292975 529
0.00294265 531
0.00346221 532
0.00347575 540
0.00349213 543
0.00374916 552
0.00376161 555
0.00377613 556
0.0037898 562
0.00402436 563
0.00451341 567
2 567
