0 -5484
5.6e-08 -5268
1.1741e-05 -5085
2.1682e-05 -4904
2.9531e-05 -4724
3.83e-05 -4555
4.434e-05 -4387
5.2058e-05 -4224
6.3218e-05 -4062
8.1261e-05 -3903
0.000102249 -3747
0.000119637 -3595
0.000130553 -3452
0.000141375 -3310
0.000171385 -3168
0.000192889 -3028
0.000205287 -2894
0.000215584 -2760
0.000226228 -2628
0.000235625 -2497
0.000244966 -2377
0.000254935 -2263
0.000265129 -2152
0.000274563 -2042
0.000285029 -1936
0.000295186 -1832
0.000304198 -1730
0.000314298 -1634
0.000322176 -1541
0.000331995 -1450
0.00034067 -1359
0.000349813 -1272
0.000359042 -1186
0.000367679 -1100
0.000375941 -1016
0.000385394 -932
0.00039465 -852
0.000403625 -773
0.000411625 -696
0.000421143 -620
0.00043054 -547
0.000440284 -478
0.0004491 -412
0.000458206 -346
0.000466102 -288
0.000475659 -230
0.000483208 -172
0.000492314 -115
0.000499957 -61
0.000508773 -7
0.000517166 46
0.000525644 97
0.000534206 147
0.0005435 197
0.000551546 245
0.000560362 292
0.000569693 338
0.000577646 384
0.000585823 426
0.000594179 468
0.000603567 508
0.000612889 545
0.000621254 580
0.000630914 613
0.000638744 645
0.000646284 673
0.000654274 700
0.000663259 727
0.000671127 754
0.000680815 780
0.000690287 801
0.000697461 822
0.000705226 843
0.000713216 862
0.000721713 877
0.000730659 892
0.000739559 903
0.000747943 914
0.000757171 925
0.000765508 935
0.000773621 945
0.000781958 959
0.000791101 974
0.000799476 985
0.000807748 995
0.000815738 1004
0.000823812 1013
0.000831465 1021
0.000840177 1043
0.000849002 1051
0.000857105 1058
0.00086577 1065
0.000875505 1072
0.000883598 1078
0.000891288 1083
0.000898537 1099
0.000907043 1104
0.000914686 1109
0.000923371 1113
0.000930957 1117
0.000938376 1120
0.00094646 1123
0.000954478 1139
0.000962674 1142
0.000971321 1145
0.000979311 1147
0.000986439 1149
0.000994907 1151
0.00100332 1162
0.00101308 1175
0.00102114 1176
0.00102925 1177
0.00104497 1181
0.00105253 1187
0.00106287 1191
0.00107291 1195
0.00108059 1198
0.00108933 1200
0.00112405 1202
0.00114337 1203
0.00115018 1204
0.00125446 1206
0.0012632 1208
0.00128023 1213
0.00128985 1215
0.00130637 1216
0.00131491 1217
0.00132672 1218
0.00133702 1224
0.00134811 1232
0.00135323 1235
0.00135984 1238
0.00136282 1240
0.00152029 1242
0.00153216 1245
0.00153702 1246
0.00154109 1247
0.00154508 1248
0.00156295 1251
0.00161982 1252
0.00162404 1255
0.00162655 1258
0.00163251 1259
0.00188181 1260
0.00188683 1266
0.00189505 1269
0.00189756 1272
0.00189977 1274
0.00190559 1275
0.00191074 1276
0.00191729 1286
0.00193738 1288
0.0019432 1292
0.00194525 1295
0.00198585 1296
0.00199444 1298
0.00203702 1299
0.00240327 1301
0.0024051 1304
0.00241487 1307
0.00242789 1309
0.00243443 1313
0.00244997 1315
0.0024713 1316
0.00247634 1317
2 1317
