0 -117310
5.6e-08 -116415
9.83e-06 -115533
2.2725e-05 -114657
3.8638e-05 -113800
5.635e-05 -112944
8.764e-05 -112106
0.000136137 -111277
0.00016203 -110453
0.000185889 -109632
0.000208174 -108812
0.000229662 -107998
0.000251198 -107188
0.000273014 -106387
0.000295018 -105591
0.000317106 -104796
0.000339522 -104003
0.000361404 -103216
0.000393547 -102431
0.000424014 -101648
0.000452034 -100870
0.000476886 -100095
0.00050008 -99323
0.000522384 -98555
0.000543947 -97794
0.000565642 -97040
0.000587515 -96286
0.000609172 -95532
0.000630885 -94785
0.000652832 -94045
0.000675408 -93305
0.000699417 -92566
0.000722339 -91834
0.000745046 -91104
0.000767275 -90377
0.000789213 -89650
0.000826726 -88925
0.000849817 -88201
0.000872468 -87481
0.00089538 -86762
0.000918537 -86043
0.000941103 -85325
0.0009641 -84608
0.000987125 -83892
0.00100984 -83178
0.00103241 -82467
0.00105478 -81756
0.00107792 -81047
0.0011005 -80340
0.00112287 -79636
0.0011469 -78932
0.00116962 -78228
0.00119183 -77525
0.00121478 -76827
0.00123842 -76130
0.00126111 -75434
0.0012837 -74739
0.00130659 -74044
0.00132932 -73350
0.00135216 -72656
0.00137521 -71962
0.00139905 -71270
0.00142341 -70579
0.00144656 -69888
0.00147019 -69200
0.00149345 -68513
0.00151674 -67827
0.00153896 -67141
0.0015628 -66456
0.00158785 -65774
0.00161212 -65093
0.00163549 -64413
0.0016601 -63735
0.00168441 -63059
0.00170803 -62387
0.00173089 -61720
0.001755 -61054
0.00178644 -60388
0.00181005 -59722
0.00183365 -59056
0.00185751 -58390
0.00189999 -57725
0.00192581 -57062
0.00195208 -56400
0.00197796 -55742
0.00200415 -55085
0.00202926 -54429
0.00205327 -53776
0.00207756 -53124
0.0021011 -52472
0.00212444 -51821
0.00214864 -51174
0.00217466 -50527
0.00220024 -49881
0.00222654 -49236
0.00225279 -48594
0.0022792 -47952
0.0023048 -47310
0.00233092 -46670
0.002356 -46032
0.00238127 -45395
0.00240571 -44764
0.00242969 -44133
0.00245695 -43506
0.00248514 -42883
0.00251162 -42261
0.00254001 -41641
0.0025658 -41022
0.00259065 -40406
0.00261378 -39790
0.00264117 -39180
0.00266594 -38570
0.00270746 -37961
0.0027407 -37352
0.0027715 -36747
0.0027971 -36147
0.00282386 -35547
0.00285621 -34948
0.0028862 -34352
0.00291875 -33758
0.00294909 -33164
0.00298114 -32572
0.00300946 -31980
0.0030388 -31392
0.00306815 -30809
0.00310167 -30227
0.00313518 -29650
0.00316829 -29074
0.0032012 -28500
0.00323787 -27927
0.00326769 -27360
0.00330211 -26796
0.00333802 -26233
0.00336996 -25672
0.00340089 -25113
0.00343386 -24566
0.00346534 -24023
0.00349435 -23487
0.00352895 -22953
0.00356494 -22419
0.0036021 -21887
0.00363421 -21357
0.0036696 -20833
0.00370219 -20312
0.00373416 -19796
0.00376988 -19281
0.0038062 -18770
0.00384276 -18271
0.0038796 -17773
0.00391732 -17283
0.00395473 -16794
0.00399739 -16306
0.00403318 -15822
0.00407351 -15348
0.00413342 -14880
0.00418544 -14415
0.00423077 -13955
0.00427761 -13495
0.00434034 -13041
0.00439347 -12590
0.00444279 -12149
0.00448718 -11709
0.00453204 -11273
0.00457462 -10842
0.00462627 -10422
0.00467172 -10011
0.00472313 -9602
0.0047716 -9193
0.0048239 -8796
0.00488245 -8399
0.0049461 -8002
0.005005 -7619
0.00506318 -7244
0.00512223 -6878
0.00518578 -6518
0.00525099 -6165
0.00531192 -5826
0.00537717 -5493
0.00544917 -5168
0.0055359 -4843
0.00562077 -4522
0.00570667 -4223
0.00579326 -3929
0.0058864 -3642
0.00598303 -3377
0.00608432 -3114
0.00619643 -2865
0.00632431 -2622
0.006448 -2381
0.00657084 -2153
0.00669525 -1932
0.00681781 -1716
0.0069372 -1517
0.00705495 -1324
0.00717695 -1142
0.00730938 -968
0.00742813 -813
0.0075432 -676
0.00765278 -548
0.0077579 -430
0.00785926 -323
0.00795804 -218
0.00805078 -137
0.00817714 -76
0.00827183 -15
0.00835223 29
0.00842664 60
0.00849846 81
0.00856534 101
0.00868814 114
0.00886757 121
0.00892642 124
0.0089891 132
0.0116923 136
0.0118843 140
0.0142269 142
0.0142938 146
0.0143551 150
0.0236822 154
0.0529478 161
0.0530116 167
2 167
