0 626
6.82e-07 640
0.000637405 648
0.000641832 672
0.000645775 675
0.000645937 688
0.000646211 725
0.000646344 736
0.000646657 747
0.000654837 750
0.000655501 752
0.000655615 755
0.000655709 764
0.000660809 778
0.00066243 794
0.00066262 801
0.000671852 812
0.000672724 815
0.000682516 829
0.000683227 830
0.000685123 838
0.000687113 869
0.000689445 870
0.000689711 882
0.000689929 906
0.000696128 909
0.000696327 927
0.000696526 952
0.000719039 968
0.000719181 983
0.000719266 987
0.000719569 999
0.000721181 1021
0.000722337 1028
0.000753305 1030
0.000753931 1036
0.000754139 1046
0.000757447 1047
0.000758234 1056
0.000761334 1077
0.000762367 1078
0.000762452 1079
0.000763505 1087
0.000764026 1105
0.000765249 1119
0.000773808 1142
0.000774358 1144
0.000774604 1154
0.000777884 1158
0.000778235 1162
0.000778491 1163
0.000778756 1173
0.000778955 1182
0.000779173 1204
0.000779287 1231
0.000780349 1234
0.000804255 1243
0.000820085 1244
0.000821649 1247
0.000821867 1267
0.000822198 1280
0.00082272 1281
0.0008229 1282
0.000823118 1283
0.000825459 1285
0.000874769 1296
0.000882788 1303
0.000883272 1306
0.000883651 1330
0.000884618 1343
0.000885006 1349
0.000885831 1350
0.000886438 1351
0.000887945 1352
0.000903974 1358
0.00090405 1360
0.000906163 1369
0.000929235 1378
0.000938373 1381
0.000938487 1382
0.000943842 1390
0.000980896 1394
0.000981076 1397
0.00098301 1399
0.00102289 1400
0.00102653 1402
0.00102668 1405
0.00102773 1410
0.00103316 1415
0.00103701 1418
0.00104995 1420
0.0010591 1423
0.00107529 1424
0.0010762 1427
0.00108304 1431
0.00121099 1440
2 1440
