0 -1155
5.6e-08 -1067
6.266e-06 -1058
0.000290225 -1052
0.000290725 -1017
0.000293524 -991
0.000293756 -894
0.000294284 -831
0.000313562 -819
0.000315564 -798
0.000317928 -790
0.000361377 -769
0.000362433 -731
0.000363434 -678
0.000365066 -601
0.000365612 -585
0.000397745 -546
0.000398301 -453
0.000398579 -386
0.000399849 -383
0.000403937 -357
0.000405429 -350
0.000406365 -319
0.000406495 -248
0.000407616 -231
0.000408645 -189
0.000409238 -137
0.000409321 -122
0.000409488 -109
0.00040959 -92
0.000409711 -56
0.000448396 -23
0.000448813 4
0.000472123 37
0.000483662 38
0.000489324 81
0.000490279 84
0.000494922 128
0.000495349 153
0.000498435 160
0.000499056 171
0.00050698 186
0.000515822 194
0.000517917 204
0.000518269 217
0.000518454 253
0.000521059 264
0.00052319 282
0.000524201 285
0.000558975 297
0.000565833 319
0.000568558 323
0.000598661 332
0.000614751 336
0.000624529 358
0.000626179 368
0.00063946 378
0.00064136 381
0.000641824 385
0.000642834 386
0.000643631 392
0.000645253 393
0.000645336 402
0.000650869 411
0.000654308 423
0.000656857 432
0.000657756 435
0.0006672 436
0.000689647 439
0.000709898 441
0.000716025 444
0.000729084 447
0.000763413 448
0.00076523 451
0.000806566 454
0.000813035 456
2 456
