0 -8892
3.15e-07 -8741
7.896e-06 -8539
0.000518102 -8426
0.000519288 -8282
0.000519622 -8159
0.000530262 -8052
0.000530743 -7844
0.000531642 -7629
0.000532718 -7427
0.0005375 -7320
0.000537806 -7201
0.000538603 -7071
0.000542041 -6930
0.000542866 -6754
0.000549085 -6740
0.000550151 -6591
0.000559401 -6541
0.000570532 -6453
0.00057182 -6338
0.000573479 -6217
0.000574045 -6093
0.00057537 -5955
0.00058297 -5948
0.000583378 -5852
0.000584017 -5664
0.000590208 -5486
0.000592155 -5391
0.000606131 -5276
0.000608096 -5139
0.000608652 -5003
0.000609051 -4835
0.000612155 -4792
0.000612684 -4674
0.000618263 -4570
0.00061843 -4394
0.00062425 -4339
0.000624899 -4220
0.000626966 -4074
0.000642676 -3945
0.000642898 -3793
0.000649543 -3641
0.000650489 -3619
0.000659479 -3608
0.000660749 -3505
0.000661675 -3403
0.000662417 -3294
0.000663594 -3190
0.000665299 -3101
0.000666977 -3000
0.000667134 -2868
0.000671027 -2765
0.000671537 -2622
0.000671768 -2538
0.000675948 -2513
0.000679118 -2393
0.000680861 -2289
0.000687775 -2216
0.000689563 -2131
0.00069176 -2008
0.000696515 -1892
0.000705162 -1891
0.000705551 -1814
0.000709073 -1796
0.000711955 -1761
0.000713485 -1690
0.000724996 -1604
0.00072963 -1512
0.000731141 -1430
0.000737879 -1354
0.000738731 -1293
0.000739667 -1230
0.000741929 -1172
0.000745886 -1101
0.000748175 -1087
0.000756684 -1034
0.000769288 -942
0.000773311 -884
0.000774349 -804
0.00077687 -750
0.000778927 -680
0.000779113 -636
0.000779613 -633
0.000792774 -524
0.000801227 -459
0.000801486 -434
0.000805444 -370
0.000806389 -315
0.000814082 -274
0.00083968 -272
0.000849153 -255
0.000853675 -177
0.000854278 -172
0.000862109 -133
0.000865094 -121
0.000865242 -62
0.000865854 -20
0.00087287 28
0.000877569 32
0.000889052 58
0.000892685 91
0.00089845 104
0.000899674 121
0.000899775 122
0.000900054 128
0.000904039 147
0.000907431 179
0.000908172 189
0.000908293 211
0.000963281 244
0.000966544 248
0.000970047 262
0.0009752 294
0.000980826 295
0.000987147 304
0.000995145 321
0.000996702 336
0.00101138 355
0.00101173 375
0.00101542 376
0.00103105 385
0.00103223 403
0.00103505 404
0.00103722 407
0.00105919 415
0.00106118 416
0.00106129 446
0.00106608 456
0.00107229 463
0.00107624 464
0.00107885 469
0.00109148 472
0.00109679 473
0.0010979 486
0.00109814 494
0.0011051 507
0.00110928 515
0.00113084 518
0.00113865 530
0.00114641 531
0.00114744 535
0.00115209 541
0.00116251 545
0.00117196 568
0.00117723 570
0.0011849 572
0.00122106 582
0.00122585 584
0.00124437 586
0.00126461 592
0.00137138 606
0.00139961 616
0.00140875 622
0.00147245 627
0.00164589 629
0.00166807 644
0.0017967 645
0.00195806 652
0.00196325 653
2 653
