0 -121602
5.6e-08 -120823
1.6796e-05 -120082
3.418e-05 -119344
5.5917e-05 -118626
7.8726e-05 -117909
0.00011156 -117199
0.000145588 -116490
0.000189604 -115785
0.000240068 -115088
0.000284301 -114391
0.000326913 -113705
0.000369496 -113024
0.000411832 -112348
0.000456597 -111679
0.000498563 -111013
0.00054072 -110348
0.000582421 -109684
0.000624198 -109025
0.00067433 -108368
0.000716477 -107711
0.000758415 -107055
0.000800287 -106400
0.000842301 -105745
0.000910093 -105091
0.000957427 -104438
0.00100216 -103787
0.00105334 -103137
0.00109722 -102492
0.00114519 -101853
0.00119668 -101216
0.00124349 -100580
0.00129779 -99945
0.00133959 -99311
0.00138495 -98677
0.00143588 -98048
0.00149058 -97420
0.00152975 -96797
0.00157201 -96175
0.00161418 -95553
0.00165614 -94933
0.00169861 -94313
0.00174086 -93693
0.00179697 -93082
0.00188518 -92471
0.00194756 -91860
0.0020061 -91250
0.00206137 -90641
0.00211816 -90033
0.00216166 -89425
0.00220425 -88817
0.00224647 -88209
0.00230659 -87601
0.00235152 -86994
0.00239271 -86387
0.00243519 -85781
0.00247781 -85180
0.0025205 -84580
0.00256306 -83983
0.00260428 -83386
0.00264583 -82790
0.00268899 -82194
0.00273118 -81599
0.00280297 -81010
0.0028623 -80422
0.00292162 -79834
0.00296698 -79247
0.00301015 -78660
0.00306054 -78075
0.0031081 -77493
0.00315115 -76913
0.00319372 -76337
0.00323615 -75764
0.00331099 -75192
0.00335458 -74620
0.00339735 -74049
0.00344123 -73479
0.00348473 -72909
0.00352767 -72339
0.00357072 -71775
0.00361395 -71211
0.0036572 -70650
0.00370011 -70092
0.00375676 -69535
0.00379964 -68979
0.00383931 -68424
0.00388329 -67869
0.00392701 -67316
0.00397105 -66764
0.00401132 -66214
0.00405746 -65665
0.0041005 -65116
0.0041435 -64568
0.0041861 -64021
0.00425271 -63474
0.00430296 -62928
0.00434899 -62391
0.00439113 -61854
0.00443597 -61324
0.00448473 -60795
0.00452957 -60270
0.00457397 -59746
0.00461843 -59224
0.00469635 -58703
0.00474395 -58184
0.00478846 -57665
0.0048331 -57146
0.00487673 -56629
0.00492071 -56112
0.00496466 -55598
0.00500519 -55088
0.00504899 -54578
0.00509225 -54069
0.00513564 -53562
0.00519497 -53056
0.00524033 -52550
0.00528501 -52044
0.00532891 -51539
0.00537317 -51035
0.00541697 -50531
0.00546133 -50027
0.0055052 -49531
0.00554888 -49036
0.00559336 -48544
0.00564825 -48053
0.00569517 -47563
0.0057409 -47073
0.00578517 -46584
0.00583013 -46098
0.00588907 -45613
0.00593871 -45132
0.00598425 -44652
0.00603045 -44172
0.00607556 -43693
0.00612752 -43215
0.00617256 -42737
0.00621457 -42259
0.00625683 -41782
0.0063013 -41309
0.00634602 -40838
0.00639156 -40370
0.00643976 -39908
0.006496 -39446
0.00655046 -38984
0.00662559 -38523
0.00667378 -38063
0.00671943 -37605
0.00676524 -37151
0.00681081 -36699
0.0068563 -36248
0.00690249 -35799
0.00694982 -35350
0.0070025 -34901
0.00706762 -34456
0.00714028 -34015
0.00718766 -33578
0.00723978 -33142
0.00729392 -32706
0.00735059 -32272
0.00740417 -31840
0.00745928 -31410
0.00754036 -30982
0.00760819 -30555
0.00766815 -30130
0.00772898 -29708
0.00778471 -29287
0.00784075 -28867
0.00789858 -28449
0.00795716 -28033
0.0080222 -27619
0.0080774 -27206
0.00813684 -26796
0.00819677 -26389
0.00824758 -25985
0.0082981 -25581
0.00834869 -25178
0.00839673 -24775
0.00844447 -24373
0.00850708 -23979
0.00855529 -23585
0.00860445 -23192
0.00866315 -22802
0.00871458 -22412
0.00876613 -22023
0.00883291 -21635
0.00888498 -21249
0.00895009 -20864
0.00902267 -20487
0.0090873 -20113
0.00914513 -19739
0.00919814 -19373
0.00925242 -19013
0.00930714 -18653
0.00935833 -18294
0.00942359 -17937
0.00949686 -17585
0.0095644 -17236
0.00963072 -16895
0.00969338 -16554
0.00975469 -16214
0.00981659 -15884
0.00988172 -15557
0.00997657 -15233
0.0100562 -14909
0.010131 -14586
0.0101992 -14264
0.0102655 -13946
0.010337 -13629
0.0104369 -13312
0.0105246 -12999
0.0106096 -12688
0.0106911 -12377
0.0107667 -12070
0.0108476 -11769
0.0109227 -11470
0.0109995 -11172
0.0110797 -10874
0.0111589 -10586
0.0112416 -10305
0.0113497 -10033
0.0114597 -9761
0.0115649 -9493
0.0116696 -9227
0.01177 -8963
0.0118898 -8699
0.0120019 -8439
0.0121113 -8181
0.0122277 -7925
0.0123702 -7674
0.0124966 -7427
0.0126184 -7187
0.0127773 -6949
0.0129104 -6718
0.0130474 -6488
0.0131851 -6259
0.01335 -6033
0.0134855 -5808
0.0136318 -5586
0.0137786 -5370
0.0139282 -5155
0.0140609 -4954
0.0142025 -4753
0.014334 -4552
0.0144617 -4356
0.0145903 -4163
0.0147266 -3971
0.0148563 -3787
0.014985 -3605
0.0151139 -3425
0.0152653 -3251
0.0153996 -3083
0.0155328 -2917
0.0156874 -2754
0.0158382 -2591
0.0159816 -2429
0.0161291 -2270
0.0162647 -2118
0.0164151 -1979
0.0165554 -1841
0.0167168 -1707
0.0168534 -1577
0.0169843 -1455
0.01711 -1337
0.0172319 -1220
0.0173475 -1104
0.0174615 -1002
0.017639 -902
0.0177498 -809
0.0178562 -724
0.0179624 -646
0.0180736 -570
0.0181716 -497
0.0182661 -429
0.0183582 -367
0.0184551 -305
0.0185418 -247
0.0186246 -192
0.0187142 -140
0.0188067 -91
0.0189095 -46
0.0190108 -5
0.0190894 33
0.0191617 67
0.01923 96
0.0192974 123
0.019367 145
0.0194508 164
0.0195359 185
0.0196187 197
0.0196895 210
0.0197572 220
0.0198234 228
0.0199039 237
0.0199692 258
0.0200348 262
0.0201027 270
0.0201742 278
0.0202404 285
0.0203054 297
0.0203728 308
0.0204414 323
0.0205209 335
0.0205914 355
0.0206853 370
0.0207773 383
0.0208785 390
0.0209561 397
0.021024 406
0.0210915 412
0.0211569 414
0.0212233 416
0.0213892 423
0.0214686 438
0.0215457 439
0.0216164 449
0.0216871 456
0.02184 467
0.0219114 469
0.0219803 470
0.0220482 471
0.0221213 472
0.0221926 478
0.0222741 489
0.0224244 497
0.0224952 505
0.0225649 507
0.0226354 508
0.0227976 526
0.0228908 529
0.0229712 530
0.0230535 531
0.0246065 535
0.0248667 551
0.0249446 560
0.0323072 571
0.0325712 572
0.033028 573
0.0330971 574
0.0331652 576
0.0354873 577
0.03556 579
0.0394016 582
0.0396884 583
0.0473378 584
0.0482961 585
0.048373 588
0.0484415 595
0.0485184 598
0.0485942 601
0.0486884 602
2 602
