0 -35971
5.7e-08 -35544
5.4454e-05 -35142
9.3221e-05 -34741
0.000164424 -34348
0.000276943 -33964
0.000416912 -33584
0.000572359 -33211
0.00071192 -32859
0.000838212 -32508
0.000968854 -32165
0.00110782 -31827
0.00121774 -31492
0.00131448 -31158
0.00140723 -30831
0.00149101 -30507
0.00156852 -30187
0.00164044 -29869
0.00170905 -29553
0.00177217 -29241
0.00183341 -28932
0.00189302 -28628
0.00195226 -28328
0.00201207 -28029
0.00208869 -27733
0.00216131 -27438
0.00222763 -27144
0.0023782 -26850
0.00253143 -26557
0.00266923 -26269
0.00280655 -25982
0.0029261 -25698
0.00303495 -25414
0.00313593 -25134
0.00322816 -24856
0.00332044 -24579
0.00340533 -24307
0.00349027 -24039
0.00356475 -23775
0.00363654 -23511
0.00378753 -23248
0.00387501 -22986
0.00397529 -22725
0.00408676 -22464
0.00419525 -22206
0.00429514 -21948
0.00439123 -21691
0.0044792 -21437
0.00456232 -21185
0.00464192 -20935
0.00471829 -20686
0.00479237 -20437
0.00486533 -20191
0.00493425 -19948
0.0049985 -19707
0.00506471 -19466
0.00513825 -19225
0.00520327 -18990
0.00526652 -18759
0.00533025 -18529
0.00539416 -18299
0.00545876 -18069
0.00552382 -17839
0.00559205 -17612
0.00565919 -17386
0.0057358 -17161
0.0058123 -16937
0.00593981 -16721
0.0060608 -16506
0.00617622 -16291
0.00628126 -16076
0.00637531 -15864
0.00646388 -15654
0.00653833 -15444
0.00660336 -15235
0.00668804 -15027
0.00677768 -14821
0.0068452 -14617
0.00689481 -14415
0.0069475 -14214
0.00700157 -14015
0.00705766 -13816
0.00710823 -13617
0.00715983 -13419
0.00720803 -13221
0.00725986 -13028
0.00731196 -12838
0.00736393 -12648
0.00741633 -12458
0.00746847 -12268
0.00753134 -12078
0.00758287 -11891
0.00763302 -11707
0.00767781 -11525
0.0077649 -11344
0.00781594 -11163
0.00786534 -10984
0.00791504 -10805
0.00796231 -10630
0.00801077 -10458
0.00806292 -10287
0.00811569 -10118
0.00816514 -9949
0.00821647 -9782
0.00826868 -9616
0.008313 -9452
0.00836245 -9290
0.00841274 -9129
0.00845724 -8969
0.00850532 -8809
0.00855399 -8652
0.00860299 -8497
0.0086505 -8343
0.00870558 -8193
0.00875324 -8045
0.00880691 -7901
0.00885727 -7762
0.00891388 -7624
0.00896842 -7489
0.00902535 -7356
0.00907945 -7223
0.00913093 -7090
0.00918623 -6958
0.00924185 -6826
0.00929022 -6695
0.00933929 -6564
0.00938542 -6433
0.00945668 -6302
0.00950627 -6172
0.00956795 -6045
0.00961969 -5919
0.00972706 -5794
0.00981683 -5670
0.00990241 -5549
0.00997766 -5431
0.0100448 -5313
0.0101038 -5195
0.0101602 -5078
0.0102161 -4963
0.010267 -4849
0.0103182 -4736
0.0103705 -4623
0.0104224 -4510
0.0104704 -4397
0.0105232 -4284
0.0105775 -4173
0.0106314 -4063
0.0106861 -3953
0.0107375 -3845
0.0107979 -3737
0.0108566 -3633
0.0109138 -3530
0.0109719 -3428
0.0110271 -3330
0.0110771 -3234
0.0111207 -3138
0.0111599 -3042
0.0111966 -2950
0.0112405 -2858
0.0112823 -2768
0.0113245 -2678
0.011366 -2589
0.0114056 -2501
0.0114481 -2415
0.0115018 -2329
0.0115783 -2245
0.0116603 -2162
0.011769 -2079
0.0118352 -1999
0.011893 -1920
0.0119426 -1842
0.0119854 -1765
0.0120379 -1690
0.0120892 -1615
0.0121371 -1541
0.0121975 -1467
0.0122559 -1394
0.0122991 -1323
0.012341 -1253
0.0123829 -1184
0.0124233 -1117
0.0124665 -1051
0.0125101 -986
0.0125556 -921
0.012607 -857
0.012651 -795
0.0126934 -734
0.012741 -673
0.0127829 -613
0.0128324 -554
0.0128883 -498
0.0129407 -443
0.0129965 -391
0.0130391 -340
0.0130819 -289
0.0131253 -239
0.013165 -192
0.0132074 -147
0.0132505 -103
0.0132918 -59
0.0133326 -15
0.0133742 28
0.0134165 70
0.0134781 112
0.0135228 153
0.013566 192
0.0136092 231
0.0136501 269
0.0136931 307
0.0137326 345
0.0137749 380
0.0138174 414
0.0138608 447
0.013937 480
0.0140016 511
0.0140578 541
0.0141115 571
0.0141623 599
0.01421 627
0.0142547 653
0.0142992 678
0.0143431 703
0.014386 727
0.0144289 757
0.0144716 784
0.0145118 808
0.0145545 831
0.0145959 853
0.0146384 874
0.0146817 894
0.0147239 913
0.0147654 938
0.0148076 957
0.0148498 975
0.0148915 1001
0.014934 1022
0.0149774 1041
0.0150179 1061
0.0150618 1079
0.0151028 1101
0.0151451 1118
0.0151869 1135
0.0152286 1151
0.0152712 1171
0.0153142 1187
0.0153667 1221
0.0154098 1236
0.0154513 1256
0.0155031 1279
0.015549 1293
0.0155897 1311
0.0156308 1325
0.0156731 1344
0.0157515 1358
0.0158157 1372
0.0158715 1386
0.0159234 1401
0.0159908 1416
0.0160377 1438
0.0160829 1451
0.0161276 1466
0.0161726 1484
0.0162171 1497
0.0162613 1509
0.016303 1524
0.0163462 1535
0.0163901 1545
0.016434 1555
0.0164881 1574
0.0165385 1582
0.0165825 1589
0.0166272 1596
0.0166704 1606
0.0167137 1625
0.0167565 1631
0.0167993 1637
0.0168428 1646
0.0168869 1669
0.0169324 1687
0.0169767 1693
0.0170206 1702
0.0170644 1707
0.0171053 1713
0.0171597 1717
0.0172183 1727
0.0172908 1731
0.0173468 1736
0.0174008 1740
0.0174543 1753
0.0175093 1759
0.0175662 1767
0.0176256 1773
0.0176827 1782
0.0177372 1786
0.0177932 1797
0.0178472 1810
0.0179031 1813
0.0179483 1818
0.0179899 1823
0.0180316 1838
0.0180848 1851
0.018139 1854
0.0181973 1856
0.018256 1874
0.0183062 1888
0.0183502 1898
0.0183914 1907
0.0184345 1922
0.0184752 1930
0.0185171 1951
0.018559 1964
0.0186015 1967
0.0186428 1983
0.018686 1985
0.0187289 1992
0.0187711 1998
0.0188143 2009
0.0188572 2018
0.0188999 2025
0.0189409 2030
0.0189833 2035
0.0190263 2041
0.0190669 2051
0.0191086 2055
0.0191786 2057
0.019246 2061
0.0193076 2064
0.0193375 2067
0.0193792 2078
0.0193908 2079
0.019435 2080
0.0194738 2081
0.0195541 2089
0.0195647 2090
0.0195846 2096
0.0196185 2099
0.0196624 2104
0.0196712 2108
0.0197363 2121
0.0197447 2122
0.0197577 2125
0.0197825 2129
0.0198112 2130
0.0198704 2149
0.0199598 2159
0.0200209 2163
0.0200394 2166
0.0200525 2168
0.0201652 2170
0.0201775 2173
0.0202021 2174
0.0203212 2180
0.0203767 2184
0.0203836 2189
0.020411 2192
2 2192
