0 -36744
1.89e-07 -36265
9.758e-06 -36163
9.899e-06 -35583
0.000182166 -35366
0.000187568 -35002
0.000190557 -34926
0.000191047 -34424
0.000191792 -33838
0.000192254 -33363
0.000192367 -32715
0.000192951 -32194
0.000193338 -31656
0.0001956 -31313
0.000198985 -31290
0.000200041 -30813
0.000200456 -30807
0.000200682 -30227
0.000200908 -29749
0.000208686 -29621
0.000211627 -29283
0.000212306 -29138
0.000219923 -28951
0.000221026 -28318
0.000221234 -27794
0.000221564 -27387
0.000224477 -27176
0.000229511 -26884
0.000229756 -26211
0.000240758 -25933
0.000241616 -25497
0.000241832 -24994
0.000242973 -24403
0.000243822 -23845
0.000244161 -23322
0.000245792 -22730
0.000247904 -22229
0.000250619 -21618
0.000257623 -21016
0.000259367 -21009
0.000262196 -20921
0.000263751 -20430
0.000266561 -19894
0.000272736 -19457
0.000275017 -18892
0.000275639 -18379
0.000277553 -17976
0.000281503 -17963
0.000282804 -17522
0.000284925 -16921
0.000288451 -16490
0.000291675 -16106
0.000296709 -15719
0.000297303 -15104
0.00029802 -14686
0.000298972 -14335
0.000302498 -13941
0.000303328 -13513
0.000308381 -13482
0.000311435 -13178
0.000314028 -12743
0.000315979 -12240
0.000318591 -11810
0.000319901 -11349
0.000320504 -10793
0.000324426 -10358
0.000331289 -10039
0.000335673 -9602
0.00033984 -9097
0.000341641 -8660
0.000343055 -8253
0.000346062 -7967
0.000346826 -7539
0.000351426 -7164
0.000356338 -6880
0.000359411 -6555
0.000360326 -6258
0.000369187 -6019
0.000385648 -5734
0.000388853 -5347
0.000391747 -5025
0.000402617 -4610
0.00044587 -4192
0.000449537 -3862
0.00045032 -3586
0.00045394 -3269
0.000455345 -2941
0.00045559 -2661
0.000459766 -2371
0.00046349 -2206
0.000470136 -1954
0.000475038 -1702
0.000496797 -1505
0.000505602 -1236
0.000531499 -1082
0.00053593 -859
0.000541549 -784
0.000547262 -631
0.000553079 -450
0.000564118 -438
0.000565004 -298
0.000572499 -117
0.000585613 -57
0.000604156 -10
0.000619655 100
0.000644289 110
0.000807478 129
0.000865202 142
0.000888563 144
0.000935558 145
0.000976671 157
0.00100838 170
0.0011348 178
0.00120302 191
0.0012293 195
2 195
