0 -24467
1.13e-07 -24118
1.2916e-05 -24072
0.000316771 -23911
0.00031777 -23514
0.00032025 -23506
0.0003242 -23173
0.000325548 -22814
0.000338982 -22615
0.00034017 -22135
0.000341197 -21803
0.000341367 -21432
0.000344949 -21362
0.00034511 -20984
0.000350087 -20926
0.000363823 -20801
0.000364898 -20404
0.0003675 -20325
0.000376899 -20122
0.000377691 -19779
0.000378322 -19510
0.000380802 -19139
0.000382084 -18886
0.000385846 -18649
0.000386892 -18311
0.000388363 -17879
0.000391822 -17858
0.000394613 -17737
0.000396904 -17384
0.000397601 -16965
0.000397809 -16597
0.000399082 -16225
0.000400741 -15910
0.00040471 -15748
0.000405219 -15366
0.000406454 -15357
0.000408292 -15043
0.000408962 -14808
0.000409791 -14618
0.000421783 -14415
0.000423847 -14046
0.000427967 -13855
0.000430107 -13564
0.000430267 -13107
0.000430777 -12866
0.000435075 -12614
0.000436688 -12297
0.000441439 -11900
0.000443673 -11563
0.000449396 -11293
0.000450734 -11003
0.000451583 -10723
0.000452686 -10400
0.000454628 -10021
0.000455627 -9742
0.000458135 -9518
0.000463113 -9230
0.000471371 -8929
0.00047156 -8576
0.000472427 -8293
0.000472653 -7933
0.000484136 -7611
0.00048884 -7453
0.000489 -7254
0.0004923 -7064
0.000498107 -6957
0.000500096 -6650
0.000501444 -6385
0.000502868 -6049
0.000504065 -5779
0.000504282 -5575
0.00050843 -5444
0.000511221 -5238
0.000514388 -4960
0.000514954 -4726
0.000516132 -4580
0.000516905 -4345
0.000519045 -4227
0.000526078 -4031
0.000540483 -3889
0.000542567 -3632
0.00054894 -3333
0.000551617 -3152
0.000553229 -3053
0.000555596 -2979
0.000557142 -2865
0.00058994 -2792
0.000606221 -2751
0.000611302 -2585
0.000617619 -2446
0.000622511 -2375
0.000624491 -2252
0.000625679 -2039
0.000632561 -1858
0.000634447 -1742
0.000638255 -1684
0.000644807 -1637
0.000646589 -1481
0.000650747 -1345
0.000659957 -1270
0.00066056 -1162
0.000662022 -1039
0.000681951 -1022
0.000685157 -974
0.000695037 -838
0.000696988 -756
0.000697129 -676
0.000719878 -634
0.000725685 -624
0.000733576 -548
0.000739308 -495
0.000741429 -352
0.000741702 -244
0.000742966 -243
0.000744408 -229
0.000750894 -207
0.000770494 -160
0.000770644 -152
0.000790932 -63
0.000791969 -53
0.000819092 -47
0.000827925 -43
0.000837607 -6
0.000839446 13
0.000853973 63
0.000858706 154
0.000865211 169
0.000875883 186
0.000889006 187
0.000912668 199
0.000920842 202
0.000922822 203
0.000929383 209
0.000957147 212
0.000967008 221
0.000975974 264
0.000978924 267
0.00102088 270
0.00102484 274
0.00106696 318
0.00107071 320
0.00111462 331
0.00111893 333
0.0012825 351
0.00128466 355
0.0012855 356
0.00131332 365
0.00136428 372
0.00139122 375
0.00149163 386
0.00153595 396
0.0015405 402
0.00157559 404
0.00166017 415
0.00176647 423
0.00191843 427
0.00266768 429
0.00305526 440
0.0031782 443
0.00319966 452
0.00324644 454
0.00326501 465
0.00346865 471
0.00347343 475
0.00393362 485
2 485
