0 -11600
4.9e-07 -11375
1.0512e-05 -11225
0.000317638 -10971
0.000333712 -10907
0.000336625 -10839
0.000336785 -10685
0.00033703 -10524
0.000347617 -10417
0.00035202 -10404
0.000352369 -10138
0.000352491 -9968
0.000354905 -9952
0.000357507 -9936
0.000357988 -9779
0.00035812 -9596
0.000360486 -9516
0.000361947 -9479
0.000362635 -9325
0.000364756 -9274
0.000366142 -9253
0.000367754 -9140
0.000368018 -8973
0.000368754 -8789
0.000371723 -8742
0.000374891 -8640
0.000375947 -8300
0.000388975 -8222
0.000392275 -8161
0.00039334 -8066
0.000400656 -7978
0.000402193 -7776
0.000402919 -7543
0.000403201 -7278
0.00040865 -7057
0.000409273 -7028
0.000450442 -6938
0.000450942 -6737
0.000464828 -6671
0.000465941 -6502
0.000472465 -6413
0.000473728 -6360
0.000482684 -6322
0.00048291 -6097
0.000484013 -5844
0.00048423 -5685
0.000484532 -5471
0.000511598 -5403
0.000512135 -5286
0.000515303 -5282
0.000516642 -5083
0.000517236 -4805
0.000518122 -4580
0.000518555 -4484
0.000519687 -4297
0.000519951 -4178
0.000522373 -4150
0.00052391 -4118
0.000524052 -3899
0.000526616 -3743
0.00053576 -3647
0.000537061 -3519
0.000540106 -3447
0.000540512 -3357
0.000548629 -3275
0.000549826 -3263
0.000550722 -3085
0.000552126 -3063
0.000553767 -2952
0.000569133 -2934
0.000574762 -2883
0.000575224 -2836
0.000579409 -2752
0.000580512 -2595
0.000581399 -2484
0.000583407 -2422
0.000585047 -2348
0.000588347 -2251
0.000589808 -2218
0.000591552 -2145
0.00059208 -2014
0.0005924 -1834
0.000594371 -1744
0.000595455 -1668
0.000601903 -1617
0.000603581 -1516
0.000610067 -1476
0.000619815 -1395
0.000626037 -1301
0.000628121 -1260
0.000640452 -1188
0.000642168 -1097
0.000651803 -1048
0.00065217 -939
0.000652378 -867
0.000653839 -767
0.000658128 -754
0.000658317 -681
0.000665623 -649
0.000684223 -586
0.000689022 -563
0.000696705 -521
0.000696903 -486
0.000697657 -467
0.000699185 -404
0.000708706 -342
0.000711893 -287
0.000717182 -254
0.000722433 -207
0.000723696 -155
0.00073796 -84
0.00074356 -54
0.000748085 -23
0.000758662 41
0.000769824 133
0.000774236 136
0.000774745 154
0.000776348 176
0.000793468 179
0.000794496 209
0.000797324 219
0.000797522 264
0.000797862 307
0.000803028 329
0.000824852 345
0.000837598 382
0.000840191 395
0.000856566 401
0.00086341 417
0.000868793 454
0.000871414 478
0.000918184 485
0.000920757 487
0.00092352 490
0.000927856 536
0.000928856 550
0.000930223 567
0.000958307 568
0.000995328 575
0.00100217 580
0.00103055 586
0.00103329 592
0.00103949 595
0.0010666 626
0.00107256 643
0.00108236 648
0.00109479 654
0.00110393 666
0.00127144 668
0.00129604 674
0.00131332 680
2 680
