755 0.105228
731 0.195925
724 0.117792
769 0.0862439
760 0.0828323
744 0.102938
779 0.105342
728 0.0777393
757 0.0957893
783 0.207443
450 0.15649
431 0.258059
406 0.162605
428 0.193391
441 0.136121
423 0.249764
426 0.155076
399 0.199696
385 0.18392
440 0.141214
1582 0.00267553
1530 0.00337354
1686 0.00440301
1596 0.00551872
1650 0.00417676
1575 0.00383347
1597 0.00611991
1572 0.00656281
1515 0.00344362
1614 0.00458232
1540 0.00317258
1518 0.00420109
1552 0.00683179
1519 0.00653337
1507 0.00768264
1567 0.00290521
1557 0.00418427
1560 0.00441207
1518 0.00435714
1559 0.00517046
