0 -5690
1.68e-07 -5572
1.0024e-05 -5549
0.000383867 -5436
0.000391084 -5355
0.000391644 -5227
0.000392007 -5187
0.000395066 -5149
0.000395532 -5044
0.000396809 -4940
0.000397565 -4935
0.000398711 -4888
0.000405061 -4864
0.000405267 -4753
0.000405425 -4639
0.000405947 -4563
0.000406563 -4411
0.000407066 -4407
0.000407271 -4298
0.000412381 -4218
0.00041253 -4121
0.000416764 -3985
0.000417006 -3873
0.000417118 -3770
0.000417342 -3647
0.000420605 -3545
0.000421006 -3388
0.000421155 -3258
0.000423971 -3215
0.000424354 -3107
0.000424456 -3012
0.000424932 -2915
0.000425146 -2832
0.000426517 -2694
0.000426759 -2586
0.00042689 -2490
0.00042757 -2422
0.000431049 -2382
0.0004313 -2250
0.000436914 -2153
0.000439235 -2040
0.000450005 -1927
0.000457763 -1864
0.000462751 -1853
0.00046388 -1816
0.000468579 -1783
0.000470202 -1676
0.00048237 -1620
0.000483079 -1519
0.000483666 -1395
0.000486137 -1345
0.000486883 -1251
0.000508805 -1247
0.000519752 -1188
0.000523435 -1089
0.000531351 -1084
0.000534531 -1003
0.000537263 -941
0.000537477 -840
0.000537626 -732
0.000539193 -709
0.000546699 -658
0.000550093 -607
0.000558793 -544
0.00055911 -500
0.000562243 -439
0.000566159 -386
0.00056725 -368
0.000568043 -332
0.000569162 -314
0.000570402 -242
0.000639281 -215
0.000640876 -186
0.000644316 -164
0.000651944 -152
0.000663282 -109
0.000685763 -98
0.000693241 -71
0.000722184 -40
0.000722753 5
0.000723592 19
0.000726399 34
0.000736134 47
0.000769319 62
0.000803185 78
0.000817461 89
0.000818142 93
0.000823923 117
0.000836772 122
0.000850815 155
0.000855253 158
0.000861379 159
0.000867925 163
0.00087338 175
0.000873594 186
0.000895171 188
0.000994616 198
0.000997954 199
0.00101338 203
0.00102795 207
0.00106384 221
0.00108291 223
0.00108337 227
0.0011125 231
0.00111835 236
0.00115154 239
0.00115531 244
0.00116134 251
0.00118015 265
0.00118971 268
0.00123632 272
0.00128021 292
0.00129508 295
0.00129662 332
0.00129965 337
0.00135903 342
0.00147885 346
0.00161522 348
0.00164477 352
0.00169682 353
0.00190682 357
0.0019142 358
0.00201856 364
0.00202303 368
0.00215957 370
2 370
