0 -254
3.4e-07 -213
5.8e-07 -151
0.000468209 -122
0.000469899 -109
0.000471719 -76
0.000479759 -65
0.000480009 -63
0.000480239 -59
0.000481159 -56
0.000482589 -50
0.000483589 2
0.000483999 9
0.00050921 30
0.00050995 39
0.00052552 45
0.00052561 73
0.00052581 151
0.00052713 166
0.00052746 188
0.00052754 201
0.0005276 214
0.00052837 230
0.00052873 232
0.000568181 239
0.000569161 240
0.000569401 255
0.000569461 259
0.000570321 264
0.000570811 286
0.000572911 292
0.000573401 322
0.000580651 335
0.000581411 348
0.000582421 373
0.000583161 396
0.000586821 407
0.000587221 417
0.000604161 422
0.000614182 430
0.000614732 451
0.000614782 463
0.000618792 482
0.000635862 484
0.000637212 488
0.000640962 494
0.000643762 502
0.000647002 506
0.000648432 509
0.000649732 521
0.000650942 523
0.000659773 530
0.000661403 542
0.000675653 545
0.000677013 561
0.000678653 570
0.000683953 580
0.000688033 588
0.000696083 593
0.000697683 601
0.000706143 633
0.000707223 636
0.000758104 638
0.000769785 639
0.000771005 656
0.000794435 662
0.000795195 669
2 669
