0 -6609
5.3e-07 -6435
9.39e-06 -6397
1.118e-05 -6361
0.000482729 -6208
0.000483689 -6119
0.000483829 -5963
0.0004888 -5892
0.00049057 -5857
0.00049078 -5715
0.00049364 -5605
0.00049463 -5601
0.00049597 -5466
0.00049634 -5319
0.00049651 -5214
0.00049731 -5118
0.00049933 -4951
0.0005008 -4785
0.00050785 -4738
0.00053088 -4693
0.00053194 -4568
0.00053311 -4523
0.0005337 -4381
0.000536491 -4334
0.000536811 -4225
0.000537001 -4124
0.000538031 -4001
0.000540171 -3994
0.000542031 -3901
0.000550881 -3749
0.000551621 -3651
0.000552931 -3545
0.000553331 -3437
0.000554421 -3360
0.000555491 -3240
0.000556901 -3120
0.000557391 -2958
0.000566651 -2913
0.000567351 -2764
0.000567891 -2649
0.000568131 -2573
0.000588392 -2514
0.000590962 -2405
0.000594392 -2331
0.000595112 -2284
0.000596822 -2277
0.000600512 -2194
0.000600702 -2132
0.000600882 -2028
0.000602342 -1929
0.000603722 -1915
0.000604242 -1839
0.000610702 -1826
0.000612922 -1716
0.000613912 -1619
0.000691024 -1618
0.000693824 -1552
0.000698234 -1491
0.000701914 -1449
0.000705054 -1384
0.000705424 -1274
0.000706824 -1188
0.000713134 -1171
0.000714504 -1131
0.000736494 -1104
0.000737874 -1044
0.000740575 -973
0.000745085 -926
0.000754325 -878
0.000755775 -825
0.000762695 -808
0.000772535 -807
0.000774415 -756
0.000775405 -686
0.000783315 -666
0.000786395 -627
0.000788115 -528
0.000795906 -519
0.000800766 -461
0.000801096 -421
0.000801746 -345
0.000802326 -307
0.000804916 -271
0.000813506 -265
0.000818076 -224
0.000827736 -186
0.000829086 -134
0.000831396 -122
0.000846187 -107
0.000846627 -93
0.000854567 -92
0.000855077 -86
0.000858097 -56
0.000865257 -41
0.000868707 -34
0.000873657 -33
0.000875167 -21
0.000880717 20
0.000881657 92
0.000886707 120
0.000890698 156
0.000892028 187
0.000895158 189
0.000895418 192
0.000898318 196
0.000902478 205
0.000904838 207
0.000913688 220
0.000917368 223
0.000917448 233
0.000918598 241
0.000919168 246
0.000921948 250
0.000924638 256
0.000930418 265
0.000941299 301
0.000945149 342
0.000947149 349
0.000947399 376
0.000952009 384
0.000958259 390
0.000960389 410
0.000982089 428
0.000982559 438
0.000984059 453
0.000987149 456
0.00099208 461
0.00099379 466
0.00099445 472
0.00099795 475
0.00099848 485
0.00101113 489
0.00103656 499
0.00104515 504
0.00104812 517
0.00104933 524
0.00104982 541
0.00105903 542
0.00106702 553
0.00107747 558
0.00108678 561
0.00109705 588
0.00109796 595
0.00110706 600
0.00111083 604
0.00112216 607
0.0011269 610
0.00112716 616
0.00113713 618
0.00117397 620
0.00123604 632
0.00127498 651
0.00131349 653
0.00136937 655
0.00146045 657
0.00146708 658
0.00147926 662
0.00158954 665
0.00181891 666
0.00186882 668
0.00200355 673
0.00201432 674
0.00204026 678
2 678
