0 223
0.00055125 227
0.000551595 296
0.000556406 308
0.000556835 331
0.000557208 338
0.000557311 397
0.000557935 405
0.000558961 408
0.000559306 427
0.000559595 469
0.000560024 500
0.000562896 508
0.000563474 535
0.000563791 543
0.000563875 563
0.000564696 564
0.000565041 570
0.000568854 596
0.000569255 641
0.000571614 658
0.000572164 660
0.000572892 663
0.000573171 679
0.000573768 686
0.000576472 700
0.000585675 736
0.000587662 742
0.00058837 756
0.000588687 775
0.000588902 785
0.00059154 789
0.00059403 823
0.000594235 846
0.000594412 847
0.000594888 850
0.000597806 864
0.000597909 881
0.000598068 895
0.000598142 918
0.000598552 941
0.000598636 942
0.000603466 959
0.000605686 965
0.000606301 969
0.000621789 978
0.000622992 997
0.000625202 1009
0.000625379 1019
0.000625565 1025
0.0006266 1062
0.000636232 1080
0.000636503 1086
0.000636941 1090
0.000637202 1120
0.000637314 1130
0.00064248 1163
0.000644419 1165
0.000644578 1166
0.000644746 1172
0.000644923 1173
0.000649986 1176
0.000650238 1195
0.00065034 1200
0.000651058 1202
0.000651412 1209
0.000651981 1218
0.000656933 1220
0.000657166 1234
0.000657436 1243
0.000657511 1247
0.000657893 1256
0.000658098 1262
0.000658872 1265
0.00066042 1279
0.000660532 1280
0.000662052 1285
0.000664094 1292
0.000667991 1308
0.00066912 1310
0.000669511 1327
0.000669679 1333
0.000670201 1343
0.000672094 1350
0.000672579 1358
0.000672971 1360
0.000673176 1365
0.000673437 1380
0.0006738 1381
0.000674677 1382
0.000674854 1401
0.000675106 1405
0.000731127 1413
0.000737589 1416
0.000745943 1424
0.000749971 1425
0.000750522 1426
0.000759184 1432
0.000760872 1442
0.00076144 1447
0.000765049 1449
0.000765124 1467
0.000765273 1468
0.00076572 1474
0.000769954 1484
0.00077249 1486
0.000773077 1493
0.000773292 1494
0.000774541 1496
0.000777786 1507
0.00077856 1510
0.000784369 1516
0.000827261 1518
0.000827662 1527
0.000828809 1528
0.000838992 1531
0.000840418 1535
0.000842796 1543
0.000861389 1544
0.000891301 1547
0.000895982 1561
0.000917671 1563
0.00105832 1565
2 1565
