608 0.00114184
687 0.00118758
628 0.00349761
627 0.0011754
656 0.00344445
678 0.00112478
573 0.00201526
690 0.00367683
653 0.00283897
579 0.00155539
293 0.0555268
303 0.0223629
295 0.0252453
314 0.0248857
308 0.0378848
303 0.0225508
244 0.0229895
289 0.0224232
280 0.026865
305 0.0266728
918 0.000812956
978 0.000765815
861 0.00119008
909 0.000890045
1017 0.00170199
921 0.000884748
879 0.000447366
828 0.000421491
888 0.000913172
941 0.00105805
813 0.000998465
801 0.000781044
837 0.00141737
904 0.00157723
889 0.00145804
872 0.00135203
767 0.00131396
879 0.00126266
740 0.000976562
729 0.000813609
