0 -20048
2.37e-07 -19658
8.504e-06 -19276
1.3255e-05 -18904
1.946e-05 -18536
3.3589e-05 -18211
4.7832e-05 -17893
5.6669e-05 -17580
7.3155e-05 -17267
8.2828e-05 -16955
9.1674e-05 -16646
0.000100578 -16341
0.000110184 -16037
0.000119676 -15739
0.000127886 -15442
0.000137255 -15150
0.000145636 -14860
0.000155109 -14576
0.000164155 -14293
0.000173343 -14013
0.000182123 -13736
0.000190485 -13460
0.000198847 -13187
0.000207835 -12914
0.000216482 -12643
0.000224606 -12373
0.000234203 -12103
0.000243126 -11834
0.000253245 -11576
0.000262975 -11328
0.000271802 -11082
0.000281038 -10836
0.000290198 -10595
0.000299025 -10354
0.000308708 -10119
0.000318675 -9892
0.000328786 -9665
0.000339333 -9441
0.000348996 -9219
0.000358184 -8998
0.000368342 -8779
0.000378842 -8564
0.000391232 -8350
0.000404982 -8139
0.000418189 -7930
0.000431691 -7723
0.000444006 -7520
0.000457822 -7320
0.000473433 -7121
0.000488855 -6923
0.000505056 -6726
0.00051814 -6535
0.000531281 -6347
0.000545373 -6160
0.000558951 -5973
0.000573223 -5787
0.000585737 -5604
0.00060017 -5425
0.000615155 -5249
0.000627982 -5073
0.000640762 -4900
0.000655129 -4727
0.000672356 -4559
0.00068678 -4393
0.0007009 -4231
0.000717196 -4074
0.000729853 -3917
0.000741996 -3760
0.000755916 -3605
0.000770141 -3453
0.00078427 -3310
0.000796794 -3167
0.000809878 -3025
0.000825708 -2884
0.000839533 -2744
0.00085639 -2608
0.000870614 -2474
0.000883413 -2344
0.000896573 -2214
0.000910408 -2095
0.000924747 -1978
0.000947665 -1862
0.000960797 -1749
0.000974641 -1642
0.000987982 -1536
0.00100335 -1440
0.00102 -1344
0.00104028 -1249
0.00105853 -1156
0.00107749 -1066
0.00109549 -977
0.00111692 -890
0.00113723 -805
0.00121846 -724
0.00125086 -644
0.00127127 -564
0.00129078 -485
0.00131146 -410
0.00133052 -338
0.00135595 -267
0.0013771 -198
0.00139808 -131
0.00141724 -65
0.00143499 1
0.00145006 59
0.00146643 110
0.00148192 152
0.00149793 187
0.00151373 221
0.00152892 252
0.00154716 279
0.00156444 303
0.00158076 327
0.00159476 349
0.00160986 374
0.00162429 396
0.00163889 414
0.00165433 429
0.00166996 442
0.0016832 454
0.00169826 466
0.00171082 481
0.00172442 488
0.00173869 493
0.00175474 496
0.0017686 497
0.00178261 498
0.00179599 502
0.00183856 505
0.00195421 506
0.00199709 508
0.00201297 514
0.00202749 515
0.00204245 517
0.00205551 518
0.00208388 519
0.00209909 522
0.00218537 531
0.00219958 532
0.00221182 534
0.00232407 537
0.00233831 540
0.00235307 542
0.0024094 545
0.003017 546
0.00305551 547
0.00350629 558
0.00351965 562
0.00572844 563
0.00574252 567
0.00575938 570
0.00592844 572
0.00594535 575
0.00595821 576
0.00597109 579
0.00598593 581
0.00600446 583
0.0101512 585
0.0102086 587
0.0102566 589
2 589
