0 -22114
8.5e-08 -21671
3.6057e-05 -21311
6.1044e-05 -20952
7.8732e-05 -20594
0.000100041 -20254
0.000131221 -19915
0.000171617 -19585
0.000215805 -19255
0.000274571 -18930
0.000325007 -18612
0.000406538 -18297
0.000476374 -17983
0.000530526 -17671
0.000572549 -17371
0.000609561 -17076
0.000648805 -16781
0.000697927 -16492
0.000755161 -16208
0.000808954 -15932
0.0008556 -15667
0.000917088 -15407
0.000962382 -15148
0.00102317 -14893
0.00113032 -14639
0.00124883 -14389
0.00134626 -14139
0.00142603 -13892
0.00149086 -13647
0.00154503 -13405
0.00158756 -13165
0.00162544 -12925
0.00165786 -12685
0.0016938 -12447
0.00172689 -12212
0.00175968 -11979
0.001795 -11751
0.00182606 -11524
0.00186015 -11299
0.00190081 -11074
0.0019372 -10856
0.00197631 -10639
0.0020144 -10430
0.00205437 -10221
0.00208818 -10012
0.00212296 -9804
0.00215867 -9598
0.00219342 -9398
0.00222773 -9201
0.00225533 -9006
0.00228741 -8811
0.00232116 -8622
0.00235229 -8436
0.00239319 -8250
0.00243552 -8065
0.00247569 -7882
0.00250706 -7699
0.00254003 -7524
0.00256907 -7351
0.00261052 -7182
0.0026491 -7015
0.00268432 -6849
0.00271847 -6691
0.00275381 -6536
0.00279131 -6385
0.00282453 -6234
0.00286576 -6085
0.00290451 -5938
0.00294412 -5792
0.00298652 -5646
0.00308469 -5501
0.00314979 -5356
0.00321417 -5214
0.00327249 -5073
0.00332124 -4933
0.00336197 -4795
0.00342462 -4657
0.00349902 -4522
0.00356293 -4388
0.00365594 -4256
0.00372463 -4133
0.00376817 -4011
0.00379596 -3889
0.00382837 -3769
0.00385628 -3653
0.00388281 -3538
0.00391061 -3426
0.00393681 -3315
0.00396987 -3205
0.00401935 -3096
0.00405399 -2989
0.00409032 -2884
0.00412727 -2779
0.00416014 -2674
0.00418647 -2569
0.0042223 -2465
0.00426798 -2362
0.00431442 -2259
0.00435886 -2157
0.0044066 -2055
0.0044511 -1953
0.00449631 -1865
0.00452779 -1779
0.00455477 -1693
0.00458303 -1609
0.00461883 -1525
0.00465739 -1442
0.00468785 -1362
0.00472184 -1283
0.00474952 -1205
0.00477865 -1128
0.00481165 -1052
0.00484142 -980
0.00486976 -908
0.00494602 -837
0.0049809 -769
0.00501475 -703
0.00504339 -641
0.00506927 -579
0.00509779 -517
0.00512616 -457
0.00515725 -397
0.00518282 -339
0.0052088 -284
0.0052378 -230
0.00527086 -177
0.00530496 -124
0.00534557 -71
0.00538313 -19
0.00541941 32
0.00544795 82
0.00547756 129
0.00550714 175
0.00553228 220
0.00555664 264
0.00558302 305
0.00561253 345
0.00564041 385
0.0056675 423
0.00569733 461
0.00572735 497
0.00575374 531
0.0057825 565
0.00581031 594
0.00583745 622
0.00586325 646
0.00589682 670
0.00593567 694
0.00597548 717
0.00601929 737
0.00606756 757
0.00610728 777
0.00613787 797
0.00617766 817
0.00622082 836
0.00626597 855
0.00629552 873
0.00634563 891
0.00638744 908
0.00642863 924
0.00647603 939
0.00651805 954
0.00656247 969
0.00660401 984
0.00664561 998
0.00668475 1012
0.00672428 1025
0.0067694 1043
0.00682653 1057
0.00688069 1070
0.0069136 1083
0.00694094 1095
0.00696601 1107
0.00699012 1120
0.00701936 1131
0.00705062 1139
0.00708444 1150
0.00711516 1160
0.00714597 1168
0.00718718 1175
0.00722527 1182
0.00726214 1192
0.00729121 1203
0.00732056 1210
0.00735414 1216
0.00738562 1221
0.00742011 1225
0.00745176 1229
0.00748279 1233
0.00751513 1238
0.00754512 1241
0.0075754 1244
0.00760512 1248
0.00763639 1251
0.00766898 1267
0.00770097 1277
0.00773116 1280
0.00775907 1283
0.00778746 1286
0.00781291 1288
0.00783808 1290
0.00786494 1299
0.00789233 1301
0.00792238 1314
0.00794934 1317
0.00798059 1326
0.00801009 1327
0.00804041 1328
0.0080648 1335
0.00808851 1340
0.00811776 1341
0.00814516 1342
0.00817442 1346
0.00820159 1351
0.00823274 1354
0.00826439 1355
0.00829152 1360
0.00831971 1362
0.00834827 1368
0.00837675 1369
0.00844486 1375
0.00848206 1380
0.00852169 1390
0.00856694 1397
0.00859917 1407
0.00867793 1408
0.00874861 1409
0.00898416 1410
0.00902424 1411
0.00906224 1415
0.00909928 1416
0.0095588 1418
0.00958526 1423
0.00961292 1424
0.00964069 1425
0.00971719 1428
0.0097654 1432
0.0097956 1435
0.00982483 1436
0.00985227 1446
0.00990873 1447
0.00993578 1450
0.010515 1462
0.0111924 1463
0.011218 1465
0.0116855 1467
0.0117065 1470
0.0117163 1472
0.0120326 1477
0.0120593 1478
0.0120992 1481
0.0121533 1486
0.0122067 1489
0.0122535 1491
0.0125008 1495
0.0125618 1498
0.0125675 1500
0.0126113 1501
0.014688 1502
0.0200818 1505
0.0201026 1506
0.0201235 1511
0.0246211 1514
0.0363266 1517
0.0367106 1519
0.0373702 1523
0.0373946 1525
2 1525
