0 -6421
7.6e-08 -6158
5.35e-06 -5949
8.999e-06 -5743
1.3208e-05 -5540
1.6724e-05 -5340
2.1513e-05 -5148
3.0197e-05 -4962
3.9367e-05 -4777
4.4707e-05 -4593
4.9125e-05 -4409
5.3069e-05 -4228
5.8209e-05 -4054
8.4586e-05 -3882
9.9352e-05 -3715
0.00010665 -3551
0.000112446 -3387
0.000118831 -3224
0.000123763 -3063
0.000128618 -2918
0.000133303 -2774
0.000138082 -2630
0.000143384 -2495
0.000149133 -2376
0.000154065 -2258
0.000160621 -2142
0.000166522 -2028
0.000172565 -1915
0.000178257 -1803
0.000183169 -1696
0.000189193 -1592
0.000194258 -1494
0.000199949 -1397
0.000206278 -1307
0.000212245 -1217
0.000218288 -1127
0.00022473 -1042
0.00023104 -960
0.000236921 -881
0.000243402 -803
0.00024859 -725
0.000259213 -648
0.000305364 -572
0.000312291 -501
0.00031936 -431
0.00032642 -365
0.000333499 -302
0.00034131 -244
0.000348693 -187
0.000355144 -132
0.000363088 -82
0.000369853 -32
0.000376923 16
0.000383945 63
0.000390283 110
0.000396744 153
0.00040292 194
0.000408973 230
0.000415548 263
0.000422342 294
0.000429127 324
0.000453813 353
0.000467571 376
0.000476313 397
0.000483002 416
0.000500144 434
0.000506814 451
0.000513751 466
0.000520782 485
0.000526398 496
0.000531681 507
0.000536698 531
0.000542181 540
0.00054715 547
0.000553203 558
0.000559065 575
0.000565099 582
0.000570012 586
0.000575703 589
0.000581528 604
0.000587229 607
0.000593187 608
0.000598822 609
0.00061792 616
0.000629437 620
0.000663729 625
0.000669573 628
0.000692026 631
0.000706744 638
0.000713196 639
0.00071809 645
0.000723468 659
0.000728523 663
0.000733882 666
0.000937622 667
0.000944027 670
0.000949547 671
0.000953462 672
0.00095923 675
0.00103225 676
0.00104268 680
0.0012867 685
0.00138879 687
2 687
