0 -15965
4.7e-08 -15621
2.771e-05 -15289
6.3653e-05 -14982
0.000126182 -14678
0.000190724 -14379
0.0002436 -14081
0.000286341 -13795
0.000318437 -13512
0.000343726 -13230
0.000406066 -12951
0.000455444 -12677
0.000492711 -12403
0.000525819 -12132
0.000551704 -11876
0.000579555 -11621
0.000611207 -11366
0.000641629 -11113
0.000672137 -10864
0.000700405 -10615
0.000736235 -10371
0.000768586 -10133
0.000807849 -9897
0.000839708 -9663
0.000862672 -9436
0.000888945 -9213
0.000917221 -8995
0.000941896 -8782
0.000962468 -8577
0.000991009 -8373
0.00101296 -8171
0.00103727 -7974
0.00106059 -7777
0.00108282 -7583
0.00111172 -7390
0.00113719 -7203
0.00116107 -7016
0.00118576 -6832
0.00121033 -6653
0.00123519 -6474
0.00125752 -6301
0.00130449 -6132
0.00136625 -5967
0.00141644 -5807
0.00145352 -5648
0.00147931 -5490
0.00150588 -5335
0.00153678 -5181
0.00156199 -5027
0.00158608 -4874
0.00161045 -4723
0.00163452 -4574
0.00165849 -4425
0.00168447 -4279
0.00170916 -4135
0.00173109 -3992
0.00175241 -3851
0.0017764 -3712
0.00180025 -3574
0.0018246 -3439
0.00185155 -3307
0.00187231 -3176
0.00189299 -3046
0.0019176 -2916
0.00194228 -2789
0.00197052 -2671
0.00200366 -2554
0.00203871 -2438
0.00206297 -2322
0.00208374 -2208
0.00210335 -2098
0.00212626 -1989
0.00215143 -1881
0.00217745 -1773
0.0022027 -1680
0.00222698 -1588
0.00224689 -1496
0.00228011 -1405
0.00230487 -1316
0.00232626 -1231
0.00235164 -1148
0.00237257 -1069
0.00239653 -992
0.0024222 -916
0.00244384 -841
0.00246166 -772
0.00248241 -703
0.00250532 -634
0.002527 -568
0.00255467 -503
0.00257535 -438
0.00259865 -374
0.00262135 -311
0.00264721 -253
0.00267101 -196
0.00269574 -139
0.00272132 -83
0.00274105 -27
0.00276047 25
0.00278142 77
0.00280477 125
0.00282516 172
0.00285574 218
0.00288348 263
0.00290572 308
0.00292852 353
0.0029496 396
0.00296942 434
0.00299292 469
0.003012 503
0.00303414 536
0.00305907 567
0.00308396 598
0.00310535 626
0.00312592 653
0.00314883 679
0.00318384 704
0.00321091 729
0.00323408 751
0.00325471 772
0.00327277 792
0.00329404 812
0.00331608 831
0.00333561 848
0.00335362 864
0.00337385 879
0.00339206 894
0.00341184 908
0.00343324 926
0.00345856 940
0.00347896 953
0.00350004 967
0.00351845 983
0.00354696 996
0.00357333 1015
0.00359427 1027
0.00361431 1038
0.0036356 1051
0.00365994 1066
0.00368538 1077
0.00370593 1088
0.00372871 1099
0.00375323 1109
0.00377718 1119
0.00380874 1129
0.00384036 1138
0.00386828 1146
0.00389992 1154
0.00393155 1168
0.00396417 1176
0.0039896 1191
0.00401298 1199
0.00404396 1209
0.00406948 1216
0.00408899 1228
0.00411055 1241
0.00413365 1250
0.00415475 1256
0.00417546 1262
0.00419719 1277
0.00421671 1283
0.00423726 1288
0.0042594 1295
0.00428152 1299
0.00430674 1302
0.00433989 1304
0.00437391 1306
0.0044042 1311
0.0044351 1321
0.0044685 1323
0.00450061 1325
0.00453025 1326
0.00456059 1327
0.00458834 1329
0.00467879 1335
0.00474927 1343
0.00481031 1348
0.00482828 1349
0.00501628 1355
0.00504039 1358
0.00506004 1368
0.00509858 1369
0.00512844 1372
0.00515855 1376
0.00520115 1378
0.00522215 1385
0.00527846 1390
0.00531422 1394
0.00535044 1398
0.00538437 1419
0.0054159 1424
0.00545171 1430
0.00550421 1431
0.00559384 1436
0.00565515 1437
0.00569001 1440
0.00572753 1441
0.00576042 1446
0.00600474 1448
0.0060285 1449
0.00605199 1450
0.00609407 1451
0.00613794 1453
0.00701818 1454
0.00704066 1455
0.00710251 1457
0.00712483 1466
0.00714906 1467
0.0137213 1470
0.0137951 1472
0.0177192 1473
0.017851 1474
2 1474
