0 -1927
4.8e-08 -1759
5.257e-06 -1594
9.142e-06 -1458
1.2413e-05 -1328
2.1215e-05 -1223
2.8901e-05 -1118
3.5973e-05 -1024
4.5899e-05 -933
5.3425e-05 -843
6.1829e-05 -754
6.6688e-05 -667
7.2588e-05 -581
7.7986e-05 -503
8.3271e-05 -433
8.848e-05 -364
9.3557e-05 -297
9.991e-05 -231
0.000104542 -168
0.000109108 -110
0.000113854 -55
0.000118903 -1
0.000123412 51
0.000128366 103
0.00013315 146
0.00013782 185
0.000142982 224
0.000148002 262
0.000152464 299
0.000156926 334
0.000161776 364
0.000167477 394
0.000172629 421
0.000178254 447
0.000183199 472
0.000187311 497
0.000191461 521
0.000195999 545
0.000200291 564
0.000204376 583
0.000209188 601
0.000212865 619
0.00021659 635
0.000225259 650
0.000264455 665
0.000275535 679
0.000282768 693
0.000286937 707
0.00030263 720
0.000307632 734
0.000314883 745
0.000321245 755
0.000324904 764
0.000328875 772
0.000333242 780
0.000336683 784
0.000338319 788
0.000341363 790
0.000342535 792
0.000345116 794
0.000346487 803
0.000349512 809
0.000351157 812
0.000353351 817
0.000354419 819
0.000364506 821
0.000366066 822
0.000367607 834
0.000373525 835
0.000375965 852
0.000384057 853
0.000387432 855
0.000388661 857
0.000389512 859
0.000413289 871
0.000420549 873
0.00042244 874
0.000423612 875
0.000450065 879
0.000460492 884
0.00049308 886
0.000494148 890
0.000495349 891
0.000500076 895
0.000588952 897
0.000589822 901
0.000625804 904
0.000628073 906
2 906
