0 -14682
5.7e-08 -14361
2.5119e-05 -14041
4.5266e-05 -13728
6.4202e-05 -13438
7.8941e-05 -13152
9.9768e-05 -12870
0.000123053 -12599
0.000148777 -12337
0.000182121 -12076
0.000219199 -11818
0.000254963 -11560
0.000290056 -11302
0.000329621 -11056
0.000377269 -10822
0.000416985 -10591
0.000458185 -10374
0.000505266 -10159
0.000547686 -9949
0.000645137 -9741
0.000706606 -9537
0.000754179 -9335
0.000793431 -9134
0.00082791 -8938
0.000859458 -8744
0.000887924 -8550
0.000918072 -8356
0.00094321 -8169
0.000967705 -7983
0.000993864 -7797
0.0010173 -7613
0.00103991 -7430
0.00106259 -7247
0.00108882 -7070
0.00111459 -6899
0.00113855 -6728
0.00119394 -6558
0.0012529 -6390
0.00129764 -6224
0.00136204 -6060
0.00139839 -5897
0.0014287 -5737
0.00145658 -5578
0.00147995 -5420
0.00150587 -5265
0.00152813 -5111
0.00155167 -4962
0.00157373 -4815
0.00159647 -4670
0.00162056 -4527
0.00164553 -4385
0.00166978 -4244
0.0016999 -4103
0.00172617 -3966
0.00175288 -3831
0.00177833 -3698
0.00180198 -3566
0.00182731 -3434
0.0018522 -3303
0.00187736 -3179
0.00190138 -3056
0.00192489 -2933
0.00194983 -2811
0.00196951 -2690
0.00199217 -2574
0.00201349 -2460
0.00203952 -2346
0.00206565 -2234
0.00208801 -2124
0.00211149 -2016
0.0021357 -1909
0.0021589 -1804
0.00218273 -1700
0.00220665 -1597
0.0022312 -1497
0.00226031 -1398
0.00228365 -1302
0.00230656 -1208
0.00232904 -1127
0.00235488 -1048
0.00238029 -973
0.00240372 -898
0.00242894 -824
0.00245436 -753
0.00248108 -684
0.00250785 -615
0.00253217 -547
0.0025588 -480
0.00258167 -414
0.00260627 -348
0.00262917 -283
0.00265448 -223
0.00267988 -165
0.00270459 -108
0.00272502 -51
0.00275514 5
0.00278643 60
0.00281775 108
0.00284598 155
0.00287244 201
0.00289864 247
0.00292413 291
0.00294952 334
0.00297639 373
0.00300507 410
0.00303255 447
0.00307858 483
0.00311894 518
0.00315243 552
0.00318366 584
0.00321268 616
0.0032402 644
0.00326867 671
0.00329599 697
0.00332129 723
0.00334602 748
0.00337033 768
0.00339449 788
0.00341773 807
0.00344265 826
0.00346931 843
0.00349653 860
0.00352331 875
0.0035476 889
0.00357444 901
0.0035999 913
0.00362505 936
0.00365202 950
0.00367719 962
0.00370696 971
0.0037378 980
0.00376956 988
0.00379727 996
0.00382351 1004
0.00384863 1020
0.00387699 1030
0.00390773 1037
0.0039312 1046
0.00396012 1053
0.0039929 1061
0.00402209 1068
0.00405322 1075
0.00408374 1081
0.00412045 1092
0.00415814 1100
0.00418939 1105
0.00421568 1109
0.00424057 1113
0.00427304 1116
0.00432628 1118
0.00438167 1121
0.00442107 1126
0.0044506 1128
0.00448057 1144
0.00450984 1151
0.0045418 1153
0.00457415 1160
0.00464661 1167
0.00468169 1172
0.00472032 1175
0.00475617 1177
0.00479303 1179
0.00482798 1197
0.00486196 1198
0.00489817 1207
0.00493793 1214
0.00500647 1217
0.0050543 1218
0.005092 1219
0.0051661 1236
0.0052028 1239
0.00527711 1253
0.00530968 1264
0.00534691 1273
0.00538129 1277
0.00541257 1284
0.00546108 1285
0.00551478 1302
0.00555024 1310
0.00558571 1313
0.00562271 1323
0.00569399 1330
0.00576677 1337
0.00583479 1340
0.00586931 1352
0.00599689 1358
0.00603588 1367
0.00611076 1372
0.00614949 1391
0.00618937 1394
0.00622731 1404
0.00664328 1405
0.0066765 1406
0.00670336 1408
0.00671903 1409
0.00676645 1411
0.00680937 1418
0.00694383 1420
0.00882769 1421
0.00901965 1423
0.00904117 1424
0.0115171 1426
0.0115373 1428
0.0115604 1429
0.0132191 1431
0.0132444 1432
0.0139445 1433
0.0139687 1439
0.0143009 1441
0.0143144 1446
0.0143239 1450
0.0143436 1451
0.0143741 1456
0.0143839 1458
0.0147367 1459
0.0147643 1461
0.0173653 1463
0.0236542 1466
0.0282504 1467
0.0282541 1474
0.0282733 1478
0.0282814 1481
0.0282913 1482
0.0283256 1486
0.0306555 1487
0.0308102 1489
0.0308218 1491
0.0308315 1493
0.0309098 1494
0.0309402 1496
0.0310391 1503
0.0311535 1504
0.0311736 1506
2 1506
