0 -35000
3.7e-08 -34654
1.1085e-05 -34309
2.3327e-05 -33974
3.7588e-05 -33642
6.086e-05 -33313
7.9631e-05 -32987
9.6689e-05 -32669
0.000121081 -32355
0.00014377 -32041
0.000164087 -31730
0.000183284 -31420
0.000203565 -31111
0.000225929 -30803
0.00024532 -30497
0.000262878 -30192
0.000281205 -29895
0.000300458 -29598
0.000318812 -29302
0.000339148 -29006
0.000383321 -28710
0.000409861 -28414
0.000427818 -28124
0.000444764 -27834
0.00046448 -27548
0.000483853 -27264
0.000499411 -26984
0.000515487 -26706
0.000533878 -26429
0.000552112 -26153
0.000569568 -25877
0.000584876 -25602
0.000602258 -25330
0.000620261 -25060
0.000638152 -24792
0.000655321 -24525
0.000670851 -24259
0.000689048 -23996
0.000707013 -23735
0.00072534 -23475
0.000743222 -23216
0.000760039 -22957
0.000777699 -22699
0.000794868 -22442
0.000811444 -22186
0.000829836 -21933
0.00085408 -21680
0.000870999 -21428
0.000892576 -21180
0.000909874 -20932
0.000925895 -20685
0.000941045 -20439
0.000958047 -20194
0.000975605 -19950
0.000992682 -19706
0.00101113 -19463
0.00102802 -19222
0.0010451 -18981
0.00106175 -18741
0.00107919 -18501
0.00109648 -18262
0.00111448 -18024
0.00113203 -17787
0.00114837 -17551
0.00116497 -17316
0.00118023 -17082
0.00119719 -16849
0.00121613 -16618
0.00123357 -16387
0.00125091 -16157
0.00126833 -15928
0.00128554 -15699
0.00130547 -15475
0.00132521 -15253
0.0013432 -15031
0.00136045 -14811
0.00137655 -14594
0.00139397 -14378
0.00141153 -14162
0.00142804 -13947
0.00146006 -13732
0.00148296 -13519
0.00150184 -13306
0.00151843 -13094
0.00153551 -12883
0.00155261 -12673
0.00156967 -12464
0.001587 -12255
0.00160332 -12047
0.00162156 -11839
0.0016402 -11631
0.0016576 -11424
0.00167437 -11218
0.00169158 -11015
0.00170914 -10813
0.00172824 -10611
0.00174711 -10414
0.00176598 -10218
0.00178334 -10023
0.00180269 -9831
0.00182609 -9642
0.00184641 -9454
0.00186818 -9269
0.00188757 -9085
0.00190823 -8902
0.00192864 -8720
0.00194735 -8539
0.00196921 -8358
0.0019919 -8177
0.00201579 -8000
0.00203829 -7824
0.00207274 -7652
0.00209773 -7481
0.00212155 -7312
0.00214558 -7148
0.00216938 -6985
0.00219086 -6823
0.00221438 -6663
0.00224429 -6503
0.00228807 -6345
0.00232374 -6188
0.00235185 -6033
0.00237825 -5882
0.00240493 -5732
0.00243221 -5582
0.00245983 -5435
0.0024892 -5295
0.00251509 -5155
0.00253862 -5016
0.00257342 -4878
0.00260699 -4740
0.00263563 -4603
0.00266804 -4469
0.00269916 -4340
0.00273161 -4212
0.0027695 -4084
0.00280397 -3957
0.00283911 -3831
0.00290263 -3707
0.00296217 -3583
0.00300787 -3459
0.00304448 -3342
0.00307987 -3228
0.00311247 -3115
0.00314448 -3002
0.00318119 -2891
0.00321437 -2781
0.00325086 -2671
0.00329141 -2564
0.00334242 -2461
0.00337667 -2359
0.00341614 -2258
0.00346151 -2158
0.00351299 -2059
0.00356779 -1965
0.00361634 -1875
0.00367017 -1786
0.00372081 -1698
0.00376507 -1613
0.0038089 -1528
0.00385179 -1443
0.00389179 -1362
0.00393253 -1282
0.00396976 -1203
0.00401034 -1129
0.00405067 -1060
0.00410112 -992
0.0041452 -924
0.00419074 -858
0.00423319 -793
0.00427895 -731
0.00432189 -669
0.00440232 -609
0.00447035 -551
0.00452717 -493
0.00458127 -435
0.00463379 -380
0.00467813 -329
0.00471664 -278
0.00475819 -233
0.00479379 -191
0.00482794 -149
0.00486295 -110
0.00489638 -74
0.00493335 -38
0.00496838 -4
0.00500454 27
0.00503873 50
0.0050716 73
0.00510205 96
0.00513298 117
0.00517331 135
0.00520569 155
0.0052328 172
0.00526354 188
0.00529335 204
0.00532379 218
0.00535908 232
0.00539561 251
0.00543389 267
0.00547067 283
0.00551341 297
0.00554959 311
0.00558604 323
0.00562403 337
0.00566643 356
0.00570156 369
0.00573153 385
0.00576185 396
0.0057908 406
0.00581767 420
0.00584504 431
0.0058748 437
0.00590754 445
0.0059356 451
0.00596785 457
0.00600001 463
0.00603049 479
0.00606223 486
0.00609252 493
0.00612319 504
0.00615369 516
0.00618909 528
0.00622114 532
0.00625299 542
0.00627872 546
0.00630422 550
0.00633098 561
0.00636008 570
0.00638888 579
0.00641998 585
0.00645041 603
0.0064815 608
0.00651311 612
0.00654051 616
0.00657101 619
0.00663742 624
0.00669611 628
0.00676191 637
0.00679367 643
0.0068253 647
0.00685796 650
0.00689371 652
0.00692878 654
0.00696462 656
0.00699855 659
0.00704728 660
0.00708972 663
0.00712553 664
0.00715866 666
0.00719169 675
0.00725653 686
0.00745486 687
0.00748697 689
0.00751664 690
0.00763806 692
0.00769516 703
0.00945493 711
0.00948898 716
0.00951824 720
0.00954755 722
0.0107981 723
0.0121058 724
0.0128915 727
0.0130227 728
0.0192751 730
0.0193031 732
0.0193962 733
0.0194333 738
0.0194641 740
2 740
