0 -8380
7e-08 -8118
1.5132e-05 -7886
2.3207e-05 -7663
2.8467e-05 -7441
4.0794e-05 -7236
4.9697e-05 -7040
5.921e-05 -6848
7.6777e-05 -6658
9.3776e-05 -6469
0.000138752 -6282
0.000167519 -6098
0.000184028 -5918
0.000199369 -5741
0.000211577 -5567
0.000222636 -5402
0.000234873 -5241
0.00024762 -5088
0.000259148 -4937
0.000270497 -4789
0.000281277 -4643
0.000292417 -4504
0.000302538 -4366
0.00031188 -4228
0.00032312 -4091
0.000332991 -3957
0.00034464 -3825
0.000355949 -3695
0.000366709 -3574
0.000377249 -3455
0.000388288 -3337
0.000489181 -3222
0.000514025 -3109
0.000527959 -2996
0.000539627 -2888
0.000549579 -2781
0.000561357 -2676
0.000576269 -2575
0.000587379 -2475
0.000599456 -2380
0.000610116 -2285
0.000621465 -2191
0.000633054 -2099
0.000643814 -2007
0.000655073 -1916
0.000666043 -1827
0.00067803 -1738
0.000689339 -1651
0.000700978 -1571
0.000711259 -1492
0.000720292 -1413
0.000730663 -1337
0.000740694 -1266
0.000752951 -1195
0.000763841 -1127
0.000774162 -1059
0.000784383 -994
0.000795852 -930
0.000807869 -867
0.000817491 -804
0.000828142 -746
0.00083959 -691
0.000850211 -636
0.00086132 -582
0.000871301 -528
0.00088267 -475
0.000893111 -423
0.000903372 -371
0.000913862 -319
0.000924632 -267
0.000934893 -217
0.000945174 -168
0.000955894 -120
0.000966704 -73
0.000976257 -29
0.000985469 12
0.00099566 52
0.00100515 89
0.00101511 124
0.00102517 157
0.00103493 188
0.00104451 219
0.00105498 249
0.00106594 277
0.00107676 303
0.00108668 329
0.0010957 354
0.00110558 379
0.00111633 402
0.00112565 425
0.00113651 447
0.00114717 473
0.00115646 495
0.00116554 516
0.00117666 538
0.00118695 562
0.00119707 583
0.00120609 601
0.00121517 621
0.00122524 638
0.00123415 660
0.00124366 681
0.00125404 697
0.00126249 713
0.00127142 732
0.00128023 754
0.00129029 771
0.00129905 787
0.00130886 802
0.00131793 828
0.00132693 849
0.00133588 864
0.00134534 879
0.00135437 894
0.00136298 910
0.00137316 932
0.00138369 948
0.00139268 963
0.00140338 977
0.00141333 991
0.00142318 1012
0.00143261 1028
0.00144224 1054
0.00145122 1067
0.00146195 1079
0.00147119 1092
0.00148276 1104
0.00148537 1114
0.00149108 1125
0.00150474 1134
0.00150775 1150
0.00151239 1159
0.00151525 1168
0.00151923 1171
0.00152286 1175
0.00152912 1179
0.00153123 1181
0.00153505 1183
0.00154065 1203
0.00156307 1217
0.00157569 1227
0.00158371 1246
0.00177909 1252
0.00178654 1256
0.00178871 1257
0.00179127 1258
0.00185087 1259
0.00185242 1260
0.0018545 1261
0.00267252 1262
0.00267517 1263
2 1263
