0 -31987
4.8e-08 -31731
1.0721e-05 -31485
2.0945e-05 -31256
3.2117e-05 -31028
5.0561e-05 -30802
7.6795e-05 -30578
0.000103086 -30355
0.000132856 -30133
0.000162012 -29911
0.000190938 -29693
0.000219654 -29475
0.000247919 -29258
0.000276634 -29043
0.000305637 -28829
0.000334324 -28616
0.000361832 -28405
0.000390768 -28194
0.000419426 -27986
0.000447538 -27779
0.000476302 -27573
0.000503561 -27367
0.000532918 -27162
0.000566003 -26958
0.000595859 -26754
0.000625705 -26553
0.000654679 -26352
0.000684554 -26152
0.000714735 -25952
0.000744821 -25752
0.000774389 -25554
0.000804475 -25356
0.000834465 -25160
0.000864416 -24966
0.000894895 -24772
0.000924913 -24578
0.000955421 -24385
0.000985008 -24192
0.00101524 -23999
0.00104561 -23807
0.00107629 -23616
0.00112042 -23425
0.0011526 -23235
0.00118145 -23046
0.0012123 -22857
0.00124275 -22668
0.0012825 -22481
0.00131301 -22294
0.00134339 -22107
0.00137716 -21921
0.00140876 -21735
0.00143725 -21550
0.00146464 -21365
0.00149636 -21181
0.00154128 -20998
0.00157455 -20816
0.00160599 -20634
0.00164579 -20452
0.00167583 -20270
0.00170692 -20089
0.00173808 -19908
0.00176652 -19727
0.00179765 -19547
0.00182888 -19367
0.00185987 -19188
0.00189176 -19011
0.00192334 -18835
0.00195456 -18659
0.00198628 -18484
0.00201672 -18309
0.00204828 -18134
0.00207897 -17960
0.00211437 -17787
0.00214678 -17615
0.00218143 -17444
0.00231601 -17273
0.00235675 -17103
0.00239231 -16933
0.00242586 -16764
0.00245858 -16595
0.00249134 -16427
0.00252593 -16259
0.00255807 -16092
0.00259022 -15925
0.00262276 -15758
0.00265424 -15591
0.00268678 -15425
0.00271886 -15260
0.00275148 -15095
0.00278389 -14932
0.00281587 -14770
0.00284711 -14609
0.00287818 -14448
0.00291044 -14288
0.00294288 -14128
0.00297381 -13969
0.00300561 -13810
0.00303817 -13651
0.00307025 -13492
0.0031022 -13333
0.00313457 -13174
0.00317342 -13017
0.00320738 -12860
0.00324192 -12704
0.0032753 -12548
0.00330835 -12393
0.00334058 -12238
0.00337435 -12083
0.00340867 -11929
0.00344317 -11775
0.00349043 -11621
0.0035233 -11467
0.00355615 -11313
0.00358956 -11160
0.00361907 -11008
0.00369068 -10857
0.00372567 -10707
0.00375669 -10559
0.00378952 -10411
0.00382332 -10263
0.00385408 -10117
0.0038873 -9973
0.00392021 -9829
0.00395372 -9685
0.00399819 -9542
0.00403164 -9399
0.00406598 -9256
0.00410019 -9114
0.00413454 -8972
0.00417798 -8830
0.00421353 -8690
0.00424865 -8550
0.00428327 -8410
0.00431792 -8271
0.00435242 -8132
0.00438773 -7994
0.00442619 -7857
0.00446086 -7721
0.00449539 -7585
0.00453103 -7450
0.00456777 -7315
0.00460333 -7181
0.00464008 -7048
0.00467772 -6915
0.00471492 -6784
0.00475149 -6654
0.00478574 -6524
0.00482406 -6395
0.00486291 -6266
0.00489964 -6137
0.00493779 -6008
0.00497569 -5879
0.00501338 -5753
0.00505026 -5628
0.00508691 -5503
0.00512512 -5379
0.00516362 -5256
0.00520175 -5133
0.00524147 -5011
0.0052806 -4890
0.00531865 -4770
0.00536001 -4652
0.00539867 -4534
0.0054358 -4417
0.00547558 -4301
0.00551071 -4187
0.00554954 -4073
0.00558699 -3961
0.00562571 -3849
0.00566436 -3737
0.00570221 -3627
0.00574553 -3518
0.00578716 -3410
0.00582595 -3304
0.00586533 -3199
0.00591915 -3095
0.00596614 -2991
0.00601036 -2890
0.00605497 -2790
0.00609853 -2691
0.00614352 -2592
0.00619116 -2495
0.00623792 -2399
0.0062791 -2304
0.00632516 -2209
0.00637604 -2117
0.00642715 -2025
0.0064776 -1937
0.00652879 -1851
0.00658065 -1765
0.00662977 -1683
0.0066816 -1604
0.00673712 -1527
0.00679104 -1450
0.00686325 -1374
0.0069287 -1301
0.00699584 -1230
0.0070646 -1161
0.00713278 -1092
0.00720285 -1024
0.00727916 -957
0.00735463 -891
0.00742975 -828
0.00750953 -765
0.00759959 -705
0.00772494 -645
0.00784461 -587
0.00796758 -532
0.00808196 -479
0.0081925 -427
0.00830243 -376
0.00841502 -328
0.00854169 -284
0.00867674 -241
0.00879074 -198
0.00891115 -157
0.00904381 -119
0.00916666 -85
0.00929419 -54
0.0094181 -24
0.00953861 2
0.00965846 23
0.00979011 43
0.00991526 60
0.0100309 73
0.0101398 86
0.0102413 98
0.0103437 108
0.0104423 125
0.0105401 137
0.0106449 146
0.0107419 154
0.010838 166
0.0109388 176
0.0110378 184
0.0111435 193
0.011243 200
0.0113467 210
0.0114549 215
0.0115628 221
0.0117191 227
0.0118275 235
0.0119321 247
0.0120414 258
0.0121453 267
0.0122546 273
0.0123633 278
0.0124701 290
0.0125742 298
0.0126839 303
0.0127892 315
0.0128984 321
0.0129999 325
0.0130992 332
0.0131987 338
0.0133038 347
0.0134086 353
0.0135311 355
0.013664 362
0.0137874 368
0.0139075 376
0.0140148 380
0.0141172 382
0.014253 384
0.0143791 386
0.014773 390
0.0149937 394
0.0152203 397
0.0155817 403
0.015713 406
0.0162123 408
0.0164488 411
0.0245859 413
0.0311459 415
0.0312756 419
0.0315408 420
0.0347059 423
0.0383237 424
0.0384359 425
2 425
