0 385
3.67e-07 459
1.0386e-05 477
0.000786702 505
0.000786896 518
0.000787863 535
0.000788434 537
0.00083911 544
0.000840096 562
0.000843201 571
0.000845009 577
0.000851441 580
0.00086763 586
0.000867891 604
0.000868713 616
0.000869612 618
0.000869758 624
0.000870744 640
0.00087115 647
0.000871334 676
0.000872349 691
0.000872553 714
0.000877465 722
0.000877678 744
0.000878355 785
0.000885763 805
0.000886092 811
0.000887107 812
0.000887794 825
0.00089055 832
0.000890831 835
0.000891179 846
0.000893374 864
0.000893984 881
0.000895869 885
0.000896295 895
0.000896885 902
0.000899806 914
0.000900444 932
0.000901043 940
0.000904254 945
0.000914148 987
0.000919312 1005
0.000919428 1011
0.000919825 1013
0.000920569 1023
0.00092113 1035
0.000922726 1051
0.000933461 1060
0.000933587 1063
0.000934041 1075
0.000936024 1085
0.000937997 1095
0.000938896 1096
0.00093936 1099
0.000940115 1118
0.000958847 1122
0.000959263 1131
0.000961004 1134
0.000962938 1146
0.000966314 1164
0.000966797 1173
0.000971062 1174
0.000972029 1182
0.000974079 1204
0.000977232 1210
0.000977397 1212
0.000978035 1216
0.000978248 1218
0.000979166 1238
0.000979901 1242
0.000980395 1247
0.000980607 1250
0.000982638 1253
0.000982919 1262
0.000983093 1265
0.000999147 1271
0.000999775 1280
0.000999911 1290
0.00100084 1299
0.00100142 1319
0.00100247 1338
0.00100369 1348
0.00100455 1350
0.0010048 1357
0.00100742 1361
0.0010084 1362
0.00100853 1365
0.0010088 1366
0.00101046 1384
0.00101067 1390
0.001023 1391
0.00103106 1398
0.0010327 1403
0.00103314 1407
0.00103351 1424
0.00103367 1427
0.00103443 1438
0.00104558 1446
0.00104633 1458
0.00105101 1475
0.00110062 1479
0.00110096 1484
0.00110366 1485
0.0011093 1487
0.00112579 1490
0.00112838 1500
0.00113189 1509
0.00113306 1511
0.0011372 1514
0.00114315 1527
0.00115362 1534
0.00115407 1535
0.00115671 1538
0.00115798 1541
0.00116379 1543
0.00116402 1552
0.00116435 1556
0.0011915 1558
0.00119353 1559
0.00119484 1560
0.00119779 1572
0.00124192 1579
0.0012456 1580
0.00124747 1581
0.00125103 1584
0.00125748 1602
0.00126274 1605
0.00128898 1610
0.00129682 1611
0.00131323 1613
0.00137583 1615
0.00137968 1619
0.0013815 1623
0.00157401 1628
0.00162943 1629
0.0016493 1633
0.00167564 1634
2 1634
