0 -7762
2.3e-07 -7668
0.0005576 -7656
0.000562603 -7559
0.000571939 -7478
0.000574355 -7388
0.000576272 -7343
0.000577422 -7328
0.000584697 -7320
0.000585186 -7194
0.000586039 -7063
0.000593774 -7059
0.000594637 -6954
0.000596822 -6840
0.000600992 -6753
0.000602669 -6737
0.000618121 -6673
0.000618974 -6605
0.000619971 -6481
0.000620335 -6360
0.000622472 -6335
0.000622693 -6200
0.000623364 -6087
0.000627169 -5974
0.000628482 -5892
0.000629748 -5799
0.000631473 -5696
0.000632086 -5580
0.000632451 -5444
0.000635403 -5292
0.000636889 -5271
0.000637473 -5109
0.000639371 -5031
0.000641739 -4910
0.000642055 -4785
0.000643531 -4675
0.000645228 -4586
0.000647835 -4453
0.000651429 -4318
0.000652982 -4241
0.000653634 -4127
0.000653854 -4016
0.000655225 -3903
0.000656807 -3829
0.000660334 -3718
0.000664475 -3613
0.000665654 -3550
0.000665826 -3448
0.000666794 -3427
0.00066851 -3343
0.00066968 -3331
0.000670878 -3230
0.000674031 -3122
0.000682744 -2972
0.000683703 -2908
0.00068907 -2780
0.000691706 -2696
0.000693643 -2686
0.000710359 -2651
0.000710838 -2509
0.000714462 -2400
0.000717088 -2345
0.000718334 -2261
0.00072051 -2192
0.00072119 -2126
0.000722705 -2032
0.00072744 -1968
0.000732405 -1869
0.00073345 -1814
0.000756579 -1787
0.000756828 -1695
0.000759934 -1635
0.000761439 -1588
0.000765685 -1522
0.000766989 -1467
0.000774177 -1378
0.00078499 -1290
0.000785584 -1247
0.000803048 -1177
0.000805195 -1095
0.00081062 -1014
0.000829772 -913
0.000837056 -860
0.000841121 -725
0.000845721 -674
0.000849134 -630
0.000861719 -588
0.000867902 -494
0.000881829 -422
0.000882116 -368
0.000883439 -320
0.000885337 -299
0.000887599 -278
0.000899121 -253
0.00090977 -185
0.000916412 -150
0.000999219 -143
0.00101301 -118
0.00104243 -101
0.00112674 -62
0.00115905 -19
0.00116669 8
0.00117076 27
0.00117925 38
0.00120477 47
0.001215 83
0.00123052 119
0.00124077 134
0.00133336 138
0.00136079 151
0.00137002 155
0.00138241 159
0.00140765 195
0.00142848 202
0.00144165 205
0.00145504 213
0.00147558 234
0.00147582 255
0.00151242 259
0.00151268 263
0.00151869 267
0.00152601 271
0.0015441 274
0.00154842 275
0.00154865 281
0.00156127 289
0.00157332 292
0.00159198 296
0.0015965 301
0.0016399 304
0.00164072 315
0.00165128 317
0.00167027 319
0.00186101 320
0.0020236 321
0.00204296 324
0.00204625 329
0.00207003 338
0.00212963 343
0.00221788 344
0.00231114 348
0.00245283 349
0.00245821 353
0.00247506 354
0.00249969 384
0.00253029 387
0.00261519 392
0.00265639 395
0.00266324 396
0.00281014 401
0.00290051 402
0.00304001 404
2 404
