0 177
3e-07 207
1.0851e-05 216
0.000624442 271
0.000624645 284
0.000625632 308
0.000651608 311
0.000651753 341
0.000652295 395
0.000653126 410
0.000653252 430
0.00065478 450
0.000655225 453
0.000655941 474
0.000656676 494
0.000656782 529
0.000657865 532
0.000658591 533
0.000659093 553
0.000660515 554
0.000660892 555
0.000661105 571
0.000693977 575
0.000694064 578
0.000694306 583
0.000694818 589
0.000695002 611
0.000695157 622
0.000695515 631
0.000695737 633
0.000696646 652
0.000696762 655
0.000699712 681
0.000711424 692
0.000711569 703
0.000711946 709
0.000712188 711
0.000713203 715
0.00071328 721
0.000713793 730
0.000714025 745
0.000734721 757
0.000736549 767
0.000737303 793
0.000737661 797
0.00073798 800
0.000738377 825
0.000738657 826
0.000754315 834
0.000755088 840
0.000755659 844
0.000756491 858
0.000757651 859
0.000757922 860
0.000759141 865
0.000760688 882
0.000766965 894
0.000768077 900
0.000778212 904
0.000778309 914
0.000779624 915
0.000780852 920
0.000781916 929
0.000781984 931
0.000782757 939
0.000785272 945
0.000789517 948
0.000790697 949
0.000794353 955
0.000797922 978
0.00079885 989
0.000802322 997
0.000802709 1026
0.000811181 1029
0.000811287 1030
0.000811916 1033
0.000814749 1044
0.000815088 1049
0.000815687 1055
0.000817602 1061
0.000821451 1064
0.000860677 1067
0.000861054 1074
0.000871132 1076
0.000872437 1080
0.000872979 1084
0.000875706 1087
0.000876538 1095
0.000891122 1096
0.000891402 1110
0.000892592 1115
0.000893888 1116
0.000894748 1125
0.000895319 1128
0.000974022 1130
0.000974873 1134
0.000976179 1140
0.00100946 1144
0.00104698 1148
0.00104871 1151
0.00108742 1154
2 1154
