0 -2891
2.02e-07 -2714
1.3468e-05 -2614
0.000397633 -2529
0.000472474 -2513
0.000473318 -2417
0.000485012 -2365
0.000485098 -2287
0.000485347 -2214
0.000485711 -2108
0.000488846 -2076
0.000496821 -2073
0.0004973 -1981
0.000498364 -1893
0.000498546 -1780
0.000500358 -1728
0.000501153 -1615
0.000506569 -1586
0.000508045 -1548
0.000508534 -1497
0.000508793 -1412
0.000509789 -1383
0.000510518 -1310
0.000514994 -1239
0.000515349 -1237
0.000515972 -1171
0.000521426 -1158
0.000521771 -1090
0.000539321 -994
0.000539724 -931
0.000547363 -890
0.000547747 -843
0.000548092 -826
0.000552626 -798
0.000553028 -705
0.000557092 -690
0.000557303 -644
0.000567991 -617
0.000576387 -564
0.000576694 -537
0.000577835 -442
0.000578065 -403
0.000589605 -388
0.000590171 -375
0.000590267 -333
0.000591724 -302
0.000593075 -227
0.000598472 -196
0.000599507 -166
0.000599814 -126
0.00060014 -114
0.000628732 -110
0.000631771 -67
0.000648554 -52
0.00064889 -43
0.000649225 -22
0.000659367 14
0.000660009 25
0.000661447 28
0.000662654 36
0.000666603 50
0.000667878 56
0.000668549 85
0.000669153 88
0.000670744 91
0.00067131 120
0.000671607 151
0.000671904 155
0.000677473 161
0.000678134 164
0.000680962 184
0.00068425 194
0.00068471 202
0.000685515 211
0.000686004 214
0.000686359 228
0.000693174 247
0.000695062 264
0.000696241 280
0.00069649 291
0.000707168 311
0.000709497 326
0.000710197 332
0.000710983 347
0.000711855 370
0.000712191 396
0.000743458 408
0.000743544 423
0.000750177 433
0.000752314 455
0.00075241 474
0.000752928 481
0.000753234 488
0.000755803 505
0.000757855 510
0.000766769 520
0.000774255 531
0.000775261 544
0.000778194 551
0.000780159 552
0.000780648 554
0.000784108 555
0.000786591 565
0.000805359 567
0.00080695 578
0.000808493 589
0.000809461 600
0.000829686 612
0.000830712 627
0.000831095 636
0.000843853 640
0.000859669 641
0.000859745 643
0.000880296 661
0.000887724 662
0.000891731 670
0.000934079 679
0.000934587 680
0.000938737 682
0.000949798 684
0.000962911 692
0.00099321 693
0.000995242 699
0.00100781 706
0.00101245 712
0.00103713 714
0.00105446 719
0.00106915 720
0.00107895 721
0.00112512 734
0.00114108 742
0.00117659 744
0.00123747 747
2 747
