0 -49
9.29e-07 10
1.2099e-05 12
1.2408e-05 21
0.000637972 49
0.000642091 71
0.000650486 73
0.000650921 77
0.000651588 149
0.000652024 208
0.000652681 243
0.000653097 273
0.00065361 277
0.000653706 293
0.00065418 298
0.00065477 320
0.00068093 329
0.000682565 336
0.000685079 350
0.000686153 384
0.000686385 401
0.000686598 435
0.000687043 437
0.000687932 441
0.000688783 445
0.000688986 471
0.000690553 474
0.00069153 490
0.000691723 494
0.000693213 495
0.000701182 502
0.000701501 545
0.000702004 572
0.000714296 582
0.000714595 585
0.000715156 590
0.000715427 601
0.000734605 612
0.000735059 631
0.000735408 637
0.000736114 638
0.000737023 656
0.00073857 664
0.000738686 671
0.000738783 694
0.000739257 701
0.000748338 711
0.000749605 713
0.000750301 718
0.000750465 738
0.000761423 767
0.000761742 771
0.000762999 793
0.000763328 805
0.000764305 817
0.000769044 823
0.000769314 833
0.00076945 841
0.000769846 848
0.000770078 892
0.00077031 905
0.000770668 933
0.00077092 944
0.000771239 955
0.000771684 1000
0.000772361 1012
0.000772873 1017
0.000773173 1034
0.000773676 1037
0.000773966 1042
0.000774227 1052
0.000780504 1057
0.000781664 1072
0.000782322 1076
0.000789914 1078
0.000790475 1082
0.000790968 1089
0.000795407 1099
0.000799372 1101
0.000801248 1111
0.000804159 1122
0.000804246 1128
0.000804652 1142
0.000804836 1152
0.000805368 1173
0.000806006 1176
0.000807215 1209
0.000807931 1237
0.000808231 1262
0.000817215 1276
0.000818405 1290
0.000818704 1292
0.000820697 1302
0.000820948 1307
0.000821267 1317
0.000821664 1318
0.000821964 1330
0.00082353 1337
0.000825793 1338
0.000826054 1356
0.000826422 1362
0.000830107 1373
0.000830387 1375
0.000833366 1388
0.000833791 1390
0.000833888 1394
0.000834729 1424
0.000838395 1430
0.000841286 1434
0.000841451 1445
0.000842118 1450
0.000843395 1452
0.000843723 1454
0.000846296 1458
0.000848356 1460
0.000849942 1464
0.000851228 1470
0.000851422 1487
0.000852669 1493
0.000854004 1494
0.000854545 1501
0.000854787 1508
0.000855899 1517
0.00085617 1522
0.000857012 1532
0.000865986 1555
0.000867398 1557
0.000867485 1558
0.000870067 1563
0.000871015 1567
0.00088645 1569
0.000886914 1574
0.00088821 1581
0.000888375 1585
0.000889516 1592
0.000891276 1611
0.000892911 1622
0.000893133 1632
0.000929999 1637
0.000931411 1640
0.000936198 1642
0.000936295 1648
0.000947127 1653
0.000951498 1668
0.000952407 1672
0.00095466 1686
0.00095556 1688
0.000955637 1694
0.00095789 1695
0.000959109 1697
0.000960705 1699
0.000961817 1709
0.000965453 1715
0.000966256 1718
0.000966614 1719
0.000974041 1728
0.000976575 1730
0.000978606 1732
0.000984757 1734
0.000985511 1738
0.000987687 1754
0.000993461 1756
0.00100136 1760
2 1760
