0 -5050
1.34e-07 -4903
0.000420771 -4871
0.000421222 -4751
0.000424404 -4583
0.000426053 -4478
0.000427529 -4445
0.000429743 -4360
0.000432446 -4256
0.000433098 -4139
0.000433261 -4025
0.000436798 -3938
0.000437104 -3825
0.000472905 -3747
0.000473931 -3628
0.000474611 -3492
0.000474889 -3433
0.00047511 -3306
0.000475771 -3221
0.000477631 -3195
0.000481215 -3111
0.000494548 -3075
0.000495996 -2960
0.000498728 -2888
0.000499485 -2826
0.000499629 -2733
0.00050677 -2670
0.000507268 -2614
0.000513891 -2550
0.00051415 -2454
0.000517725 -2392
0.000518425 -2287
0.0005234 -2185
0.000524502 -2103
0.000530915 -2099
0.000531231 -2055
0.000535199 -2028
0.000549874 -1937
0.000552347 -1828
0.000553919 -1717
0.000554897 -1635
0.000557006 -1577
0.000557178 -1443
0.0005576 -1362
0.000558683 -1309
0.000586317 -1242
0.000594043 -1118
0.000594215 -1015
0.000596688 -985
0.000598232 -939
0.000609513 -886
0.00061191 -878
0.000613654 -841
0.000618811 -771
0.000621725 -681
0.000621878 -633
0.000622108 -591
0.000626287 -532
0.000627725 -516
0.000662443 -507
0.000667197 -401
0.00066898 -341
0.000669143 -269
0.000669728 -225
0.00068816 -203
0.000693173 -149
0.000698847 -133
0.000700985 -108
0.000702164 -56
0.000713532 -36
0.000725983 -21
0.000727603 35
0.00072907 43
0.000731936 64
0.000733536 108
0.000734763 152
0.000753196 167
0.000753943 189
0.000755007 199
0.000755208 201
0.000756761 213
0.000763203 216
0.000765398 226
0.000812557 275
0.00083166 278
0.000834516 284
0.000843287 317
0.000845491 326
0.000848549 340
0.000850783 344
0.000859237 367
0.000864959 401
0.000865879 411
0.000874372 412
0.000880238 421
0.000892315 431
0.000895843 438
0.000903549 441
0.000934394 442
0.000946117 446
0.00095043 453
0.000963303 473
0.000968604 480
0.00102452 512
0.00102756 519
0.00104255 521
0.0010472 522
0.00105288 529
0.00106225 531
0.00106789 541
0.0010703 547
0.00107209 553
0.00108018 557
0.00108782 563
0.00108877 576
0.00109978 581
0.00110285 588
0.0011365 593
0.00115839 594
0.00115858 603
0.00116755 605
0.00118019 610
0.00118028 614
0.00119832 616
0.00122371 621
0.00131046 629
2 629
