0 325
3.87e-07 355
0.000623175 369
0.000623736 382
0.000624568 407
0.000624809 430
0.000624925 479
0.000625322 480
0.000626976 497
0.000627333 505
0.000629713 522
0.000629916 561
0.000630399 573
0.000630738 578
0.000633484 584
0.0006342 600
0.000647343 619
0.000668958 665
0.000669103 669
0.00066919 674
0.000670737 679
0.000675283 713
0.000675592 726
0.000675766 744
0.00067624 757
0.000676695 791
0.000676801 797
0.00067711 848
0.000677536 864
0.000677991 885
0.000678136 895
0.000679335 906
0.000679973 913
0.000691104 951
0.000691424 956
0.000693542 969
0.000694074 976
0.000702236 992
0.000702429 1019
0.000736549 1042
0.0007368 1059
0.000736887 1079
0.000738309 1081
0.000738493 1084
0.00074151 1090
0.000741955 1095
0.000742303 1103
0.000742545 1109
0.000744702 1113
0.000745514 1116
0.000746268 1117
0.000747564 1121
0.000747651 1126
0.000747729 1140
0.000748386 1159
0.00075034 1176
0.000750495 1192
0.00078472 1193
0.000787428 1206
0.00078974 1215
0.000790339 1227
0.000790687 1235
0.000791074 1244
0.000792583 1246
0.000795929 1251
0.000798038 1277
0.000799217 1283
0.000800668 1285
0.000800832 1297
0.00080738 1310
0.000818202 1315
0.000818908 1327
0.00081912 1337
0.0008215 1338
0.000821857 1344
0.000822438 1348
0.000823472 1355
0.000825561 1356
0.00083677 1367
0.000837167 1374
0.000842157 1378
0.000842592 1381
0.000843076 1385
0.000844555 1395
0.000847089 1401
0.000855358 1403
0.000855464 1414
0.000855967 1415
0.000864778 1418
0.000865493 1420
0.000866605 1427
0.000868075 1439
0.000868162 1445
0.00086881 1449
0.00087117 1465
0.000883346 1476
0.000889526 1489
0.00089264 1494
0.000893133 1495
0.000894129 1514
0.000903878 1516
0.000905793 1529
0.000966188 1535
0.00106954 1551
2 1551
