0 -117310
4.8e-08 -116415
1.0161e-05 -115533
2.3204e-05 -114657
3.9004e-05 -113800
5.8028e-05 -112944
9.0643e-05 -112106
0.000121458 -111277
0.000152367 -110453
0.000183096 -109632
0.000217029 -108812
0.000247361 -107998
0.000276289 -107188
0.000306601 -106387
0.000336885 -105591
0.000367188 -104796
0.000397253 -104003
0.000427101 -103216
0.000456883 -102431
0.000486617 -101648
0.000515564 -100870
0.000544578 -100095
0.000574359 -99323
0.000604036 -98555
0.000635069 -97794
0.000674262 -97040
0.000705731 -96286
0.000735654 -95532
0.000765663 -94785
0.000795843 -94045
0.000840904 -93305
0.000897794 -92566
0.000940722 -91834
0.000985925 -91104
0.00102763 -90377
0.00107682 -89650
0.00115876 -88925
0.0012024 -88201
0.00124654 -87481
0.00128834 -86762
0.00133197 -86043
0.00136907 -85325
0.00140064 -84608
0.00143236 -83892
0.00146411 -83178
0.00149569 -82467
0.00152732 -81756
0.00155888 -81047
0.00159014 -80340
0.00163314 -79636
0.00167923 -78932
0.00171653 -78228
0.0017481 -77525
0.00177959 -76827
0.001812 -76130
0.00184383 -75434
0.00187557 -74739
0.00190715 -74044
0.00193947 -73350
0.00197139 -72656
0.00200356 -71962
0.0020362 -71270
0.00207265 -70579
0.0021053 -69888
0.00213792 -69200
0.00217216 -68513
0.0022054 -67827
0.00223866 -67141
0.00227186 -66456
0.00230567 -65774
0.00233887 -65093
0.00237031 -64413
0.00240393 -63735
0.00243601 -63059
0.00246987 -62387
0.00250362 -61720
0.00253771 -61054
0.00257163 -60388
0.00260569 -59722
0.00263949 -59056
0.00267326 -58390
0.00270702 -57725
0.00274091 -57062
0.00278833 -56400
0.00282393 -55742
0.0028591 -55085
0.002894 -54429
0.00292539 -53776
0.00295601 -53124
0.00298974 -52472
0.00302638 -51821
0.00306141 -51174
0.00309717 -50527
0.00313285 -49881
0.00316772 -49236
0.00320386 -48594
0.00324009 -47952
0.00327561 -47310
0.00331171 -46670
0.00334793 -46032
0.00338426 -45395
0.00342039 -44764
0.00345591 -44133
0.00349252 -43506
0.00352974 -42883
0.00356678 -42261
0.00360357 -41641
0.00363861 -41022
0.00367554 -40406
0.00371182 -39790
0.00374895 -39180
0.00378654 -38570
0.00382374 -37961
0.00386356 -37352
0.0039031 -36747
0.00394084 -36147
0.00397712 -35547
0.0040205 -34948
0.00405951 -34352
0.00409915 -33758
0.00413864 -33164
0.00417852 -32572
0.0042177 -31980
0.00425549 -31392
0.00429446 -30809
0.00433495 -30227
0.00437481 -29650
0.00441547 -29074
0.00445568 -28500
0.00450512 -27927
0.00454598 -27360
0.00458763 -26796
0.00463006 -26233
0.00468232 -25672
0.00472421 -25113
0.00476599 -24566
0.00480628 -24023
0.00484573 -23487
0.00489174 -22953
0.00493879 -22419
0.00498117 -21887
0.00502034 -21357
0.00506123 -20833
0.0051425 -20312
0.00518915 -19796
0.00523459 -19281
0.00527931 -18770
0.00532452 -18271
0.00536905 -17773
0.00541326 -17283
0.00545795 -16794
0.00550254 -16306
0.00554582 -15822
0.0055924 -15348
0.00563835 -14880
0.00568383 -14415
0.00573014 -13955
0.00578056 -13495
0.0058308 -13041
0.00588683 -12590
0.00593865 -12149
0.00598756 -11709
0.00603656 -11273
0.00608602 -10842
0.0061387 -10422
0.00618948 -10011
0.00624536 -9602
0.00629844 -9193
0.00635509 -8796
0.00641828 -8399
0.00648397 -8002
0.00655284 -7619
0.00663654 -7244
0.0067235 -6878
0.0068236 -6518
0.00691272 -6165
0.00698765 -5826
0.00706281 -5493
0.00714262 -5168
0.00723096 -4843
0.00732016 -4522
0.00740947 -4223
0.00750101 -3929
0.00761247 -3642
0.00771774 -3377
0.00782371 -3114
0.00794712 -2865
0.00807737 -2622
0.00820364 -2381
0.00833027 -2153
0.00846834 -1932
0.00860675 -1716
0.00873678 -1517
0.00886298 -1324
0.00899673 -1142
0.00915037 -968
0.00928254 -813
0.00940483 -676
0.00952047 -548
0.00963071 -430
0.009737 -323
0.00983686 -218
0.00993305 -137
0.0100274 -76
0.0101171 -15
0.0101995 29
0.0102789 60
0.0103539 81
0.0104396 101
0.0105711 114
0.010757 121
0.0108178 124
0.0108829 132
0.0139597 136
0.0141457 140
0.0165912 142
0.0166606 146
0.0167261 150
0.0269619 154
0.0597482 161
0.0598235 167
2 167
