0 -10187
7.6e-08 -9871
1.8793e-05 -9596
3.1451e-05 -9336
4.5702e-05 -9082
5.9574e-05 -8829
9.1832e-05 -8581
0.000123207 -8344
0.000149443 -8110
0.000178951 -7891
0.000196985 -7682
0.000214944 -7474
0.000233812 -7272
0.000247457 -7078
0.000267568 -6884
0.000357256 -6691
0.000390556 -6501
0.000419485 -6316
0.000440924 -6134
0.000456825 -5954
0.000471237 -5775
0.000490106 -5600
0.000505097 -5428
0.000521453 -5256
0.000541298 -5085
0.000560148 -4923
0.000577747 -4770
0.000594435 -4617
0.000611388 -4465
0.000632817 -4313
0.000650349 -4167
0.000667729 -4025
0.00068564 -3883
0.000706254 -3742
0.000724269 -3603
0.000741849 -3466
0.000758461 -3334
0.000776874 -3209
0.000794738 -3088
0.000811654 -2968
0.000830959 -2848
0.000853782 -2730
0.000868061 -2613
0.000881355 -2496
0.00089717 -2380
0.000911763 -2266
0.000926156 -2160
0.000938578 -2056
0.000952914 -1954
0.000965449 -1855
0.000978695 -1757
0.000993079 -1662
0.00100607 -1568
0.00101879 -1476
0.00103185 -1385
0.00104666 -1295
0.00106263 -1209
0.00107553 -1125
0.00108938 -1050
0.00110427 -975
0.00111864 -900
0.00113146 -826
0.00114402 -757
0.00115588 -688
0.00116988 -620
0.00118298 -553
0.00119736 -489
0.00120896 -428
0.00122128 -368
0.00123452 -309
0.00124626 -252
0.00125725 -195
0.00126748 -141
0.00127954 -90
0.00129445 -39
0.00130658 11
0.00132069 61
0.0013366 111
0.00135116 160
0.00136473 205
0.00137585 248
0.00139427 288
0.00140663 327
0.00141977 366
0.00143341 403
0.00144583 437
0.00145863 470
0.00147216 502
0.00148499 533
0.00149696 564
0.00151064 595
0.00152487 620
0.00153767 645
0.0015491 668
0.00156062 690
0.00157409 710
0.00158629 730
0.00159945 747
0.00161092 762
0.00162396 777
0.00163706 791
0.00165052 805
0.00166485 817
0.00167889 829
0.00169242 845
0.00170754 860
0.00172199 870
0.00173495 878
0.00176125 888
0.00177607 896
0.00179248 903
0.00180406 909
0.0018155 914
0.00182913 922
0.00184115 926
0.00185188 933
0.00186428 937
0.00187739 947
0.00189161 950
0.00190542 953
0.00191819 955
0.00194377 965
0.00195709 967
0.00197068 971
0.00222923 972
0.00223925 974
0.00229011 975
0.0023265 978
0.00236851 981
0.00254168 984
0.00255413 985
0.00257815 988
0.00264918 993
0.00266282 995
0.0026911 996
0.00297959 998
0.00300638 999
0.0030216 1004
0.00303632 1014
0.00304878 1018
0.0030622 1034
0.00310417 1039
0.0031642 1049
0.00317642 1054
0.00318991 1055
0.00320512 1058
0.00321681 1062
0.00322971 1067
0.00324214 1068
0.00325388 1069
0.0032785 1070
0.00330194 1074
0.00358255 1075
0.00363635 1079
0.00365998 1081
0.00421921 1082
0.00446658 1083
0.00448143 1088
0.00501525 1089
0.00503999 1096
2 1096
