0 -3854
6.7e-08 -3624
5.384e-06 -3429
1.4238e-05 -3250
2.3632e-05 -3082
2.986e-05 -2925
4.3046e-05 -2768
6.5664e-05 -2612
8.1561e-05 -2463
9.1552e-05 -2318
9.7704e-05 -2175
0.000102586 -2033
0.000109458 -1902
0.000117876 -1779
0.000125128 -1661
0.00013054 -1544
0.000136967 -1433
0.000143792 -1323
0.000150646 -1220
0.000157888 -1118
0.00016568 -1023
0.000171766 -930
0.00017825 -843
0.000183246 -758
0.000189691 -682
0.0001959 -607
0.000201635 -532
0.000206915 -457
0.000212499 -392
0.000217144 -329
0.000223173 -267
0.000229448 -208
0.00023468 -149
0.000242435 -93
0.00025034 -43
0.000257554 3
0.000265119 47
0.000273555 84
0.000281518 120
0.000289708 155
0.000297159 189
0.00030514 222
0.000313824 253
0.000321018 281
0.000329408 306
0.000335095 326
0.00034102 342
0.000345987 357
0.000351874 372
0.000357732 383
0.000362908 393
0.000368633 407
0.000374653 417
0.000381165 425
0.000387374 435
0.000393535 440
0.000398825 447
0.000403858 450
0.000409404 467
0.000415044 469
0.000421661 471
0.000426903 480
0.000431386 492
0.000437387 501
0.000441918 504
0.000447189 505
0.000452175 513
0.000457749 520
0.000463256 523
0.000468963 524
0.000474195 525
0.000504017 533
0.000509496 537
0.000516047 539
0.000522274 540
0.000542712 545
0.000554637 546
0.000561898 551
0.000573842 557
0.000579132 559
0.000584269 562
0.000606442 565
0.000612973 568
0.00066346 580
0.000670105 584
0.000673726 587
0.000700543 589
0.000718772 594
0.000722981 600
0.000729768 601
0.000846099 606
0.00116132 610
0.00117082 612
0.00183511 614
0.00184357 616
0.00277975 629
0.00298345 632
0.00299073 633
2 633
