0 -64365
5.7e-08 -63692
1.2589e-05 -63064
2.6742e-05 -62450
4.1662e-05 -61852
5.7445e-05 -61269
7.5143e-05 -60691
0.000111828 -60114
0.000147897 -59546
0.000179255 -58982
0.000207361 -58419
0.000234813 -57867
0.000261962 -57321
0.000287367 -56781
0.000314848 -56244
0.000338442 -55708
0.000363041 -55173
0.000388379 -54639
0.000415329 -54105
0.000442051 -53571
0.000468423 -53043
0.000495116 -52529
0.000520578 -52016
0.000549101 -51507
0.000576326 -50999
0.000618765 -50495
0.000657744 -49992
0.000690837 -49490
0.000720715 -48988
0.000749466 -48493
0.000776596 -48005
0.000804219 -47520
0.000830591 -47038
0.000857578 -46560
0.000882566 -46083
0.000909373 -45608
0.000933953 -45135
0.000959074 -44662
0.000983824 -44192
0.00100785 -43726
0.00103247 -43262
0.00105697 -42805
0.00107908 -42350
0.00110195 -41897
0.0011408 -41444
0.00117041 -40993
0.00119442 -40542
0.00122047 -40097
0.0012541 -39653
0.00128686 -39211
0.00134675 -38775
0.00137848 -38339
0.00140473 -37904
0.00143185 -37473
0.00145755 -37042
0.00148429 -36611
0.00151275 -36182
0.00153711 -35755
0.00155949 -35332
0.00158263 -34910
0.00160701 -34488
0.00163153 -34066
0.00165495 -33646
0.00168053 -33226
0.0017054 -32807
0.00173313 -32391
0.00175774 -31976
0.00178295 -31563
0.00180946 -31151
0.00183518 -30739
0.00186695 -30330
0.00190045 -29921
0.00193468 -29514
0.00196641 -29115
0.00199213 -28718
0.00201717 -28324
0.00204215 -27935
0.00206617 -27548
0.0020912 -27164
0.0021175 -26780
0.00216028 -26396
0.0021917 -26016
0.00221811 -25637
0.00224487 -25259
0.00227013 -24881
0.00229544 -24506
0.00231944 -24134
0.00234247 -23764
0.00236771 -23395
0.00239163 -23031
0.00241722 -22667
0.00244349 -22304
0.00247234 -21941
0.00250988 -21583
0.00253744 -21228
0.00256165 -20875
0.00258498 -20522
0.00261019 -20171
0.0026358 -19825
0.00266703 -19480
0.00269732 -19140
0.00272463 -18804
0.00275263 -18474
0.0027798 -18148
0.00280682 -17825
0.00283592 -17503
0.00286776 -17181
0.0028985 -16866
0.00292462 -16553
0.00295294 -16240
0.00298032 -15930
0.00301095 -15621
0.00304152 -15314
0.00307194 -15009
0.00310143 -14704
0.00313111 -14401
0.00316025 -14098
0.00319179 -13797
0.00322131 -13500
0.00325358 -13204
0.00328747 -12911
0.00332148 -12619
0.00335474 -12329
0.00338859 -12040
0.00342415 -11754
0.00345251 -11478
0.00348432 -11206
0.00351717 -10934
0.00355154 -10665
0.00358988 -10397
0.00362153 -10130
0.00365882 -9868
0.00369582 -9614
0.00373183 -9365
0.0037689 -9117
0.0038081 -8870
0.00384348 -8625
0.00387787 -8383
0.00391449 -8142
0.00395668 -7907
0.00400019 -7675
0.00404587 -7445
0.0040854 -7216
0.00412411 -6991
0.00417511 -6766
0.00422207 -6543
0.00426593 -6324
0.00430535 -6113
0.00434986 -5909
0.00441202 -5707
0.00445952 -5509
0.00450491 -5312
0.00455499 -5116
0.00460457 -4925
0.00465087 -4741
0.00469939 -4558
0.00475146 -4377
0.00480101 -4197
0.0048535 -4018
0.00490787 -3843
0.00496539 -3669
0.00502107 -3499
0.0050802 -3331
0.00514777 -3172
0.00521101 -3021
0.00527593 -2873
0.00538735 -2726
0.00547894 -2581
0.00556322 -2437
0.00564479 -2294
0.00572302 -2154
0.00579478 -2021
0.0058636 -1892
0.00592594 -1766
0.00598521 -1643
0.00604184 -1521
0.00610021 -1413
0.0061601 -1305
0.00622247 -1199
0.00628738 -1096
0.00636298 -997
0.0064293 -899
0.00649053 -802
0.00654879 -716
0.00660379 -636
0.00665923 -559
0.00671751 -486
0.00677531 -415
0.00682739 -345
0.00687953 -275
0.00692902 -207
0.00697841 -140
0.00703087 -82
0.00707734 -27
0.00712609 24
0.00717812 74
0.00723166 108
0.00728107 137
0.00732973 165
0.00739731 193
0.0074555 217
0.00753627 237
0.00759439 256
0.00764158 272
0.00768392 284
0.00772479 298
0.00776495 308
0.00780645 316
0.00784735 322
0.00788683 335
0.00792518 343
0.00796499 346
0.00800766 350
0.00805068 351
0.00813036 354
0.00817096 355
0.0082265 358
0.00827024 366
0.00985555 369
0.00989666 371
0.00993635 372
0.00997723 374
0.0100194 379
0.0103361 382
0.010377 383
0.0105334 396
0.0105721 398
0.0117179 399
0.0117586 400
0.0118425 406
0.0119687 414
0.0120081 416
0.0170938 418
0.0172302 421
0.0172721 424
0.0174223 425
0.0175633 426
0.0177319 428
0.0177723 448
0.0178128 452
2 452
