0 -20562
4.8e-08 -20188
8.295e-06 -19835
1.4703e-05 -19483
2.1983e-05 -19138
2.9945e-05 -18795
3.8553e-05 -18462
4.9492e-05 -18132
5.8109e-05 -17803
7.4764e-05 -17474
8.7931e-05 -17147
9.8386e-05 -16823
0.000107164 -16509
0.00011543 -16198
0.000124891 -15888
0.000133962 -15585
0.000142532 -15283
0.0001513 -14987
0.000160694 -14695
0.000170325 -14405
0.00018007 -14125
0.000189473 -13845
0.000198356 -13568
0.000207579 -13298
0.000216366 -13029
0.000226064 -12763
0.000235723 -12498
0.000244985 -12235
0.000254521 -11981
0.000263773 -11732
0.00027293 -11485
0.00028203 -11238
0.000291452 -10992
0.000300202 -10749
0.000309492 -10509
0.000319028 -10271
0.000328773 -10038
0.000340451 -9807
0.000350945 -9577
0.000361884 -9350
0.000371923 -9127
0.000382141 -8912
0.000392777 -8699
0.000401877 -8488
0.00041093 -8278
0.00042077 -8069
0.000430657 -7864
0.00044171 -7660
0.000452687 -7458
0.000464119 -7259
0.00047483 -7063
0.000487021 -6868
0.000499154 -6673
0.000510245 -6482
0.000521308 -6298
0.000534256 -6116
0.000545954 -5935
0.000556988 -5754
0.000569377 -5573
0.000580696 -5393
0.000593199 -5213
0.000604868 -5037
0.000616888 -4862
0.000628349 -4688
0.000640103 -4517
0.000652947 -4347
0.000665982 -4180
0.000678238 -4021
0.000694003 -3865
0.000707937 -3712
0.00072136 -3561
0.00073648 -3412
0.000748537 -3263
0.000759723 -3115
0.000773762 -2967
0.000784976 -2824
0.000797934 -2685
0.000811347 -2547
0.000826846 -2416
0.000841388 -2290
0.000856706 -2166
0.000869153 -2043
0.000885391 -1921
0.000948495 -1799
0.000978563 -1682
0.00100238 -1570
0.00102116 -1465
0.00104046 -1360
0.00105749 -1256
0.00107822 -1154
0.00109559 -1058
0.00111498 -968
0.00113392 -881
0.0011521 -796
0.00117188 -715
0.00119204 -636
0.00120995 -561
0.001229 -487
0.00124919 -413
0.00126874 -344
0.00128521 -275
0.00130213 -211
0.00131992 -149
0.00133599 -91
0.00135343 -34
0.00136998 21
0.00138471 76
0.00140174 119
0.00141836 156
0.00145238 190
0.00147883 222
0.00149616 250
0.00151219 278
0.0015276 303
0.0015439 325
0.00155998 340
0.00157449 355
0.00159128 365
0.00160751 372
0.0016235 378
0.00163756 383
0.00165326 388
0.00166856 397
0.00168428 401
0.0017144 406
0.00172872 412
0.00174348 426
0.00175758 431
0.00178255 435
0.00180248 444
0.00181749 448
0.00183322 452
0.00184852 456
0.00187603 457
0.00190787 467
0.00192152 476
0.00216808 481
0.00218225 483
0.00219575 493
0.00221012 501
0.00222436 503
0.00223875 505
0.00227978 510
0.00232491 514
0.00233995 519
0.00237009 521
0.002528 527
0.00254149 529
0.00255923 543
0.00261408 553
0.00262843 562
0.0026443 566
0.00266178 569
0.00329227 570
0.00335139 571
0.00606735 572
0.00651679 573
0.00654438 574
2 574
