0 -4038
2.26e-07 -3978
9.154e-06 -3966
9.568e-06 -3861
9.738e-06 -3782
0.000687714 -3659
0.000688392 -3654
0.000690238 -3583
0.000690897 -3502
0.000696623 -3481
0.00069733 -3345
0.000697847 -3304
0.000698827 -3161
0.000699364 -3092
0.000699957 -2977
0.00070831 -2879
0.000708678 -2833
0.000710994 -2732
0.000712454 -2718
0.000713716 -2676
0.00071818 -2662
0.000718528 -2572
0.00072045 -2539
0.000729989 -2496
0.000731864 -2363
0.000734218 -2299
0.000735348 -2269
0.000735518 -2093
0.000735706 -1993
0.000736469 -1892
0.000737175 -1825
0.000737844 -1702
0.000768733 -1685
0.000769025 -1620
0.000771596 -1613
0.000772152 -1566
0.00077897 -1476
0.00078059 -1455
0.000808183 -1409
0.000809925 -1341
0.000810067 -1258
0.000818834 -1215
0.000822903 -1201
0.000829495 -1198
0.000830352 -1171
0.000830729 -1155
0.000831614 -1077
0.000832763 -1020
0.000833968 -973
0.000838686 -954
0.000838856 -921
0.000838969 -839
0.00084284 -792
0.000843602 -727
0.000857098 -711
0.000857616 -637
0.000858021 -564
0.000859461 -468
0.000867372 -445
0.00087938 -437
0.000888166 -408
0.000889758 -356
0.000891594 -282
0.000892592 -239
0.000894674 -207
0.00089538 -179
0.000898742 -160
0.000900126 -137
0.000900964 -122
0.000901614 -94
0.000902236 -89
0.000902857 -32
0.00090475 -21
0.000905579 39
0.00090685 119
0.000909111 135
0.000910062 147
0.000912557 218
0.000914093 221
0.000914827 309
0.000915213 315
0.000917794 317
0.000920195 327
0.000920327 367
0.000921514 420
0.000922559 422
0.000923246 477
0.000929848 507
0.000930818 513
0.000933803 520
0.000936977 530
0.000947299 546
0.000957696 564
0.000957837 591
0.000961077 613
0.00096183 656
0.000966699 662
0.000967038 673
0.00096991 711
0.000972293 717
0.000976757 751
0.000977124 771
0.000978697 784
0.00097962 785
0.000980759 803
0.000981757 817
0.000983905 857
0.000985129 912
0.00098866 943
0.000989762 970
0.000990883 985
0.000992088 986
0.000992644 997
0.000993068 1006
0.000996759 1036
0.000997673 1038
0.000998521 1040
0.00100346 1068
0.00102116 1072
0.00102206 1082
0.00102446 1084
0.00102482 1117
0.00102556 1120
0.00102819 1152
0.00102968 1170
0.0010356 1189
0.00103779 1190
0.00103869 1201
0.00103992 1210
0.00104179 1211
0.00104369 1224
0.0010445 1233
0.00104674 1238
0.00104699 1253
0.00106088 1255
0.00106305 1274
0.00106411 1277
0.00106505 1279
0.00106936 1284
0.00107073 1287
0.00107283 1304
0.00107728 1306
0.00108096 1314
0.00108522 1315
0.00108583 1324
0.00108691 1333
0.00109105 1337
0.0010924 1345
0.00109266 1352
0.0010929 1389
0.00109384 1400
0.00109428 1408
0.00109818 1416
0.00109975 1417
0.00110024 1435
0.00110039 1440
0.00110443 1444
0.0011099 1446
0.00111591 1447
0.00111986 1451
0.00111995 1453
0.0011207 1456
0.00112249 1467
0.0011226 1502
0.00112489 1530
0.00112678 1531
0.00112838 1547
0.00112948 1558
0.00113531 1582
0.00113832 1584
0.00114227 1600
0.00114819 1616
0.00115353 1643
0.00115525 1644
0.00115559 1653
0.00115642 1672
0.0011575 1681
0.00115779 1685
0.00115866 1698
0.00115979 1699
0.00116144 1702
0.00116366 1717
0.00117774 1724
0.00117795 1725
0.00117817 1734
0.00117906 1735
0.00117917 1739
0.0011837 1766
0.00118626 1772
0.00118819 1778
0.00118908 1779
0.0011892 1783
0.00119378 1786
0.00120219 1820
0.00122651 1821
0.00122729 1842
0.00123756 1846
0.00129028 1848
0.00129327 1849
0.00140552 1852
0.00140632 1868
0.00146492 1870
0.00147572 1872
0.00151033 1878
0.00151751 1881
2 1881
