0 -10907
3.2e-07 -10545
5.65e-07 -10316
0.000315816 -10171
0.000316127 -9879
0.000317153 -9492
0.000317521 -9265
0.000318406 -8972
0.000320619 -8914
0.000337401 -8875
0.000337533 -8600
0.000338155 -8263
0.000339821 -7952
0.000350981 -7613
0.000351735 -7217
0.000352535 -6886
0.000353901 -6812
0.000361143 -6532
0.000459584 -6437
0.000459716 -6120
0.000460055 -6056
0.000460667 -5900
0.000462183 -5860
0.000462692 -5577
0.000464396 -5189
0.000465404 -4893
0.000470056 -4718
0.000475434 -4624
0.000476291 -4357
0.000477421 -4108
0.000478579 -3834
0.000478937 -3673
0.000481856 -3616
0.000483523 -3352
0.0004839 -3165
0.000487385 -3144
0.00048842 -2943
0.000490624 -2937
0.000494127 -2773
0.000495936 -2591
0.000499787 -2393
0.000530724 -2260
0.000533427 -2088
0.000538201 -1903
0.000540951 -1863
0.000578141 -1786
0.000581833 -1688
0.000582172 -1440
0.000594255 -1330
0.00059579 -1150
0.000605433 -1025
0.000607919 -966
0.000609247 -827
0.000675189 -717
0.000676083 -649
0.000677091 -590
0.000679794 -552
0.000690247 -459
0.000690963 -333
0.00069198 -270
0.000695295 -201
0.000700512 -162
0.000731939 -98
0.000741658 -84
0.000744935 -56
0.000745679 -51
0.000749785 -10
0.00075794 26
0.000767452 94
0.000781305 109
0.00078657 126
0.000952101 158
0.00098397 174
0.00101678 180
0.00103623 189
0.00110013 197
0.00121274 199
0.00123551 201
0.00131445 206
2 206
