0 -10430
1.51e-07 -10135
0.000220954 -9945
0.000221086 -9694
0.000227198 -9527
0.000227452 -9260
0.000227848 -9188
0.000230617 -9070
0.000230862 -8691
0.000231832 -8557
0.000244404 -8488
0.00024786 -8317
0.000248727 -8045
0.000249141 -7961
0.000250167 -7784
0.000251241 -7458
0.000251326 -7212
0.000251844 -6938
0.000251957 -6711
0.000273193 -6546
0.000274163 -6283
0.000274644 -6039
0.0003114 -5957
0.000313359 -5802
0.000314094 -5512
0.000324246 -5417
0.000327118 -5105
0.000327937 -5082
0.000328578 -4851
0.000332166 -4783
0.00033242 -4501
0.000332825 -4209
0.000355069 -4002
0.000357066 -3720
0.000357226 -3445
0.000358836 -3388
0.000362763 -3382
0.000363667 -3234
0.00036589 -3206
0.000368423 -3062
0.000371719 -2999
0.000372623 -2825
0.000372981 -2588
0.00037445 -2520
0.000374601 -2315
0.000376739 -2010
0.000379018 -1839
0.000379169 -1651
0.00039499 -1485
0.000395602 -1347
0.000401149 -1153
0.000433781 -1060
0.000477817 -1024
0.000479409 -898
0.000481584 -805
0.000489438 -710
0.000531205 -705
0.000532005 -561
0.000532194 -394
0.000541122 -254
0.000544342 -249
0.000545388 -150
0.000545642 -116
0.000553195 -18
0.000553628 -7
0.000561586 5
0.000573348 14
0.000602646 17
0.000604793 20
0.00065448 47
0.000656044 52
0.00066031 87
0.000662466 89
0.000674483 96
0.00069134 108
0.000704403 141
0.000712219 177
0.00072547 204
0.000737015 206
0.0007434 210
0.000749315 211
0.000759702 216
0.000760832 221
0.000814465 222
0.000821914 224
0.000863888 230
0.000906879 244
0.000920346 253
0.000935348 254
0.000961981 258
0.00111561 267
0.00119789 272
0.00129012 274
2 274
