0 -34194
4.7e-08 -33795
5.2564e-05 -33417
0.000125682 -33047
0.000198486 -32677
0.000299248 -32316
0.000403988 -31967
0.000525578 -31624
0.000645536 -31284
0.000782686 -30946
0.000908643 -30609
0.00102653 -30273
0.0011357 -29939
0.00123636 -29608
0.00133286 -29278
0.00142204 -28949
0.00152463 -28620
0.00161131 -28294
0.00169655 -27973
0.00177066 -27655
0.00184488 -27339
0.00191867 -27033
0.00199051 -26730
0.00205338 -26427
0.00211311 -26130
0.00219791 -25837
0.00226507 -25545
0.00233061 -25257
0.00239176 -24970
0.00245079 -24684
0.00250738 -24400
0.00256289 -24117
0.00262093 -23836
0.00268051 -23556
0.00273785 -23279
0.00279555 -23004
0.00285124 -22732
0.00290659 -22462
0.00296268 -22201
0.00301555 -21941
0.00307189 -21683
0.00312431 -21425
0.00317676 -21170
0.00322676 -20918
0.00327445 -20667
0.00332381 -20416
0.00342647 -20166
0.00352971 -19917
0.00363385 -19669
0.00373113 -19421
0.00382045 -19180
0.00390285 -18942
0.00398132 -18709
0.00405149 -18476
0.0041193 -18245
0.00418333 -18014
0.00423975 -17784
0.00429417 -17559
0.00434445 -17334
0.00439545 -17110
0.00444072 -16890
0.004487 -16670
0.00457342 -16452
0.0046814 -16235
0.00477774 -16021
0.00486699 -15807
0.00494695 -15597
0.00501805 -15390
0.00507901 -15187
0.00513035 -14987
0.00517411 -14788
0.00521575 -14589
0.00529206 -14395
0.0053864 -14202
0.00547333 -14010
0.00555516 -13821
0.00562985 -13632
0.0056959 -13447
0.00575421 -13262
0.0058046 -13078
0.00585207 -12895
0.00589902 -12714
0.00594229 -12534
0.00598415 -12355
0.00602042 -12178
0.00606176 -12004
0.00610843 -11831
0.00615151 -11659
0.00626476 -11489
0.00635667 -11321
0.00645166 -11153
0.00652981 -10986
0.00659375 -10822
0.00664345 -10658
0.00668328 -10499
0.00672119 -10342
0.00675709 -10185
0.00679156 -10029
0.00682474 -9873
0.00685973 -9717
0.00689396 -9562
0.00692895 -9409
0.00696344 -9257
0.00699614 -9106
0.00703765 -8955
0.0070723 -8806
0.00710841 -8659
0.00715931 -8512
0.00719994 -8366
0.00723485 -8221
0.0072691 -8077
0.00730507 -7933
0.00734013 -7789
0.00737395 -7647
0.0074102 -7506
0.00744688 -7366
0.00748163 -7226
0.00753533 -7088
0.00757646 -6950
0.00761637 -6813
0.0076488 -6677
0.00768503 -6542
0.00772138 -6411
0.0077589 -6283
0.0077921 -6156
0.00782616 -6031
0.00786049 -5906
0.00789593 -5783
0.00793083 -5662
0.00797077 -5541
0.00800222 -5423
0.00803744 -5305
0.00807299 -5189
0.008107 -5076
0.00814247 -4965
0.00817636 -4855
0.00820967 -4745
0.00824257 -4635
0.00827341 -4525
0.00830308 -4421
0.00833781 -4317
0.00837078 -4215
0.00840791 -4116
0.00844069 -4018
0.00847553 -3920
0.00851287 -3822
0.00854915 -3724
0.00858236 -3628
0.00862082 -3532
0.00865291 -3436
0.00868517 -3342
0.00871795 -3250
0.00875271 -3159
0.00878747 -3070
0.0088237 -2982
0.00885686 -2896
0.00888763 -2810
0.00891877 -2725
0.00895477 -2641
0.00899054 -2557
0.00902863 -2474
0.00908238 -2392
0.00912313 -2312
0.00915917 -2232
0.00919151 -2153
0.00922358 -2074
0.00925708 -1997
0.00929346 -1923
0.00932692 -1853
0.00936111 -1785
0.00939464 -1718
0.00942781 -1652
0.009458 -1586
0.00948781 -1521
0.0095235 -1457
0.00955797 -1393
0.00958836 -1331
0.00962208 -1270
0.00965474 -1209
0.00968797 -1148
0.00972074 -1088
0.00975438 -1028
0.00978602 -969
0.00981761 -911
0.00984894 -853
0.00988051 -797
0.00991088 -741
0.00994189 -686
0.00998343 -631
0.0100186 -576
0.0100522 -524
0.0100854 -474
0.0101163 -424
0.0101508 -375
0.0102212 -328
0.0102773 -282
0.0103293 -237
0.0103803 -193
0.0104325 -150
0.0104759 -108
0.0105111 -66
0.0105444 -25
0.0105776 15
0.0106112 55
0.0106427 91
0.0106759 127
0.0107091 162
0.010744 195
0.0107781 227
0.0108096 258
0.0108431 289
0.0108777 320
0.0109162 351
0.0109676 381
0.0110088 411
0.0110428 440
0.0110756 469
0.0111098 497
0.0111427 524
0.0111763 550
0.0112123 576
0.0112492 600
0.0112824 624
0.0113156 648
0.0113508 672
0.0113831 696
0.0114172 721
0.0114519 744
0.0114859 767
0.0115215 797
0.0115538 820
0.0115859 843
0.0116174 865
0.0116467 889
0.0116789 911
0.0117081 932
0.0117391 953
0.0117727 986
0.0118049 1008
0.0118373 1028
0.0118724 1048
0.0119031 1069
0.0119377 1087
0.0119687 1105
0.0119993 1132
0.0120329 1151
0.0120656 1169
0.0120976 1186
0.0121292 1203
0.0121641 1222
0.0121994 1238
0.0122298 1254
0.0122639 1276
0.0122963 1294
0.0123296 1310
0.0123604 1331
0.0123963 1346
0.0124436 1372
0.0124779 1388
0.0125116 1409
0.0125452 1424
0.0125771 1448
0.0126083 1463
0.0126427 1479
0.0126778 1494
0.0127131 1509
0.0127476 1524
0.0127822 1538
0.0128168 1558
0.0128644 1575
0.01293 1589
0.012987 1600
0.0130337 1611
0.0130736 1623
0.0131082 1634
0.0131397 1655
0.0131744 1667
0.0132094 1684
0.0132441 1703
0.0132785 1717
0.0133123 1728
0.0133465 1739
0.0133842 1756
0.0134214 1767
0.013456 1777
0.013489 1786
0.0135234 1794
0.0135527 1804
0.0135853 1813
0.01362 1832
0.0136515 1845
0.0136835 1853
0.0137135 1868
0.0137461 1876
0.0137775 1883
0.0138095 1891
0.0138433 1904
0.0138772 1919
0.0139124 1929
0.0139435 1937
0.0139806 1944
0.0140135 1964
0.0140487 1972
0.0140835 1979
0.0141175 1995
0.0141539 2001
0.0142483 2008
0.0143086 2014
0.0143582 2030
0.0144095 2043
0.0144478 2054
0.0144921 2076
0.0145064 2084
0.0145231 2089
0.0145364 2094
0.0145681 2097
0.014596 2108
0.0146314 2122
0.0146397 2125
0.0146494 2127
0.0146609 2128
0.0146743 2131
0.0147031 2136
0.0147081 2140
0.014723 2142
0.0147429 2153
0.0147474 2154
0.0147851 2155
0.0148064 2162
0.0150233 2166
0.0150655 2169
0.0150791 2170
0.0154842 2173
0.0154963 2174
0.0155038 2175
0.0155092 2176
0.0155209 2177
0.0155299 2182
0.0157081 2184
0.0157213 2185
0.0157292 2186
0.0157349 2187
0.0163796 2188
0.0163921 2191
0.0163988 2193
0.0164086 2194
0.0165596 2195
0.0165631 2196
0.0165762 2199
0.0166003 2201
0.0169329 2202
0.0189216 2203
0.018943 2209
2 2209
