0 -22171
5e-08 -21820
3.4901e-05 -21473
9.72e-05 -21133
0.000156798 -20803
0.000213788 -20474
0.000258266 -20148
0.000328444 -19824
0.000381509 -19507
0.000425846 -19191
0.000562903 -18878
0.000659921 -18567
0.000735984 -18265
0.000807962 -17967
0.000868238 -17669
0.000922345 -17373
0.000971273 -17081
0.00100652 -16790
0.00103935 -16499
0.00106791 -16219
0.00110323 -15944
0.00114066 -15674
0.00117587 -15404
0.00121405 -15136
0.00124847 -14870
0.00128516 -14604
0.0013168 -14339
0.00135034 -14074
0.00138247 -13819
0.00141292 -13566
0.00143838 -13315
0.00146466 -13064
0.00149992 -12832
0.00155007 -12601
0.00158865 -12372
0.00163083 -12143
0.00166473 -11915
0.00169276 -11697
0.00171885 -11485
0.00175116 -11276
0.00177944 -11068
0.00180624 -10867
0.00184014 -10667
0.00187209 -10468
0.00190012 -10272
0.00193336 -10083
0.00196382 -9896
0.00200141 -9710
0.00203105 -9524
0.00206231 -9340
0.00208923 -9156
0.00211377 -8972
0.002142 -8789
0.00217296 -8607
0.00219857 -8428
0.00222472 -8250
0.00225304 -8075
0.00227744 -7900
0.00230583 -7728
0.00233461 -7560
0.00236107 -7392
0.00238971 -7226
0.00241774 -7061
0.00244975 -6896
0.00247562 -6733
0.00250543 -6573
0.00253593 -6413
0.00256077 -6253
0.00258853 -6101
0.00261396 -5951
0.0026413 -5802
0.00266528 -5653
0.00269734 -5511
0.00272329 -5371
0.00274514 -5234
0.00276877 -5097
0.00279665 -4961
0.00281852 -4829
0.00284275 -4701
0.0028721 -4574
0.00289754 -4449
0.00292556 -4325
0.00295141 -4201
0.00297643 -4077
0.00301117 -3954
0.0030439 -3831
0.00307084 -3709
0.00310156 -3588
0.00312813 -3468
0.00315146 -3350
0.00317607 -3233
0.00320019 -3119
0.00322425 -3006
0.0032506 -2896
0.00327863 -2790
0.00330492 -2684
0.00332789 -2581
0.00335049 -2480
0.00337368 -2380
0.00339983 -2282
0.00342208 -2185
0.00344666 -2089
0.00346981 -1993
0.00349505 -1897
0.00353553 -1802
0.00359303 -1707
0.00363573 -1613
0.00366567 -1520
0.0036918 -1429
0.00371753 -1341
0.00374135 -1253
0.00376296 -1169
0.00378443 -1087
0.00380894 -1006
0.00383103 -928
0.00385605 -855
0.00387886 -786
0.0039021 -719
0.00392235 -655
0.00394366 -591
0.00396488 -528
0.00398678 -465
0.0040073 -406
0.00403321 -349
0.00405399 -293
0.00407734 -238
0.00409854 -183
0.00411977 -134
0.00414241 -86
0.00416878 -41
0.00418947 4
0.00421418 49
0.00423757 93
0.00425836 133
0.0042804 170
0.004302 205
0.00432519 240
0.00434557 274
0.00436837 306
0.00439186 337
0.0044136 368
0.00443958 396
0.00450395 424
0.00455134 451
0.00458548 480
0.0046162 506
0.00464536 530
0.00466799 554
0.00469439 577
0.00471735 599
0.00473907 618
0.0047613 637
0.00478083 654
0.00479978 680
0.0048237 698
0.0048443 715
0.00486512 736
0.00488861 753
0.00491422 778
0.00493596 793
0.00495909 808
0.00498036 822
0.00500437 836
0.00502473 851
0.00504604 864
0.00506946 891
0.00509401 907
0.00511443 923
0.00513671 935
0.00515868 949
0.00518036 969
0.00520374 986
0.0052259 998
0.00525221 1023
0.00527777 1038
0.00530298 1049
0.00532828 1060
0.00535581 1074
0.00538423 1086
0.00540659 1098
0.00542968 1107
0.00545471 1116
0.00547528 1124
0.00549733 1134
0.00552325 1144
0.00556027 1152
0.00559168 1163
0.00561948 1178
0.00564453 1187
0.00566498 1202
0.00568562 1213
0.00571082 1229
0.00573032 1237
0.00575162 1244
0.00577699 1250
0.00580097 1256
0.00582532 1273
0.00585023 1289
0.00587734 1297
0.00590105 1306
0.00592271 1313
0.00594743 1323
0.00597214 1328
0.00599259 1339
0.00602244 1344
0.00604744 1349
0.00606901 1357
0.00609403 1370
0.00612084 1383
0.00614627 1394
0.00617382 1404
0.00620158 1413
0.00622762 1420
0.00625295 1424
0.00627616 1428
0.00629933 1431
0.00632441 1436
0.00634932 1442
0.00637388 1451
0.0064011 1457
0.00642422 1464
0.00646819 1475
0.00651779 1484
0.00652345 1489
0.00655274 1498
0.00656996 1505
0.00657365 1506
0.00662211 1507
0.0066495 1511
0.00666014 1513
0.0066631 1524
0.00670923 1530
0.00671499 1534
0.00672983 1537
0.00673985 1539
0.00676433 1545
0.00679234 1553
0.00682536 1554
0.00751943 1556
0.00752434 1557
0.00752744 1558
0.00753426 1559
0.00767902 1560
0.00772909 1561
0.00865228 1564
0.00865937 1565
0.00896373 1567
0.00926546 1568
0.00958108 1571
0.00959422 1572
2 1572
