0 -49742
4.5e-08 -49174
5.391e-06 -48629
1.0125e-05 -48087
2.0358e-05 -47546
3.0448e-05 -47006
4.3453e-05 -46469
5.4802e-05 -45943
6.3937e-05 -45420
7.2506e-05 -44899
8.0804e-05 -44378
8.9066e-05 -43864
9.767e-05 -43362
0.000106238 -42860
0.000115211 -42359
0.000124131 -41861
0.000132483 -41367
0.000141105 -40879
0.000149484 -40394
0.000157935 -39910
0.000166296 -39427
0.000174847 -38944
0.000183298 -38463
0.000191983 -37988
0.000200281 -37515
0.000209506 -37045
0.000218552 -36578
0.000227363 -36111
0.000235679 -35648
0.000244697 -35187
0.000253301 -34726
0.000261644 -34269
0.00027042 -33815
0.000279789 -33361
0.000288384 -32910
0.000297843 -32460
0.000307779 -32012
0.000316573 -31566
0.000324961 -31125
0.0003337 -30690
0.000342349 -30255
0.000351799 -29822
0.000360719 -29391
0.000369278 -28961
0.00037943 -28540
0.000388943 -28119
0.000398231 -27700
0.000407943 -27282
0.000417393 -26866
0.000426807 -26451
0.000436392 -26040
0.000447768 -25633
0.000457255 -25230
0.000468208 -24828
0.000477595 -24427
0.000487468 -24026
0.000496576 -23626
0.0005051 -23226
0.000514253 -22828
0.000524342 -22433
0.000535529 -22041
0.000544664 -21650
0.000554016 -21260
0.000564636 -20871
0.000574473 -20485
0.000585282 -20103
0.000596839 -19721
0.000606757 -19340
0.000615541 -18961
0.000624613 -18582
0.000633514 -18205
0.000643091 -17828
0.000653369 -17456
0.000663575 -17091
0.000673268 -16727
0.000682844 -16363
0.000694221 -16002
0.000706155 -15641
0.000715956 -15283
0.000724794 -14925
0.000735675 -14571
0.000744658 -14225
0.000756988 -13880
0.000768445 -13537
0.000779002 -13196
0.000790487 -12861
0.000803447 -12529
0.000816758 -12197
0.000827756 -11865
0.000838611 -11534
0.00084906 -11206
0.000860247 -10883
0.000870957 -10564
0.000881713 -10250
0.00089362 -9937
0.000904501 -9626
0.000917182 -9316
0.000929558 -9007
0.000942581 -8701
0.000957368 -8397
0.00097157 -8099
0.000983505 -7803
0.000998103 -7512
0.00101044 -7227
0.00102291 -6944
0.00103509 -6662
0.0010491 -6381
0.00106544 -6108
0.00107867 -5840
0.00108999 -5574
0.0011033 -5312
0.00111728 -5054
0.00113325 -4804
0.00115492 -4555
0.00117639 -4306
0.00119168 -4061
0.00120981 -3820
0.00125278 -3596
0.00127805 -3374
0.00129949 -3159
0.0013197 -2950
0.00134365 -2748
0.00136554 -2551
0.00138851 -2361
0.00141738 -2172
0.0014422 -1996
0.00147349 -1825
0.00149916 -1655
0.00153068 -1492
0.00157617 -1335
0.0016014 -1188
0.00163182 -1046
0.00166163 -923
0.00170501 -801
0.00174234 -682
0.00177935 -587
0.00181577 -496
0.00185202 -406
0.00188664 -316
0.00191787 -227
0.0019511 -148
0.00198598 -90
0.00201795 -35
0.0020471 7
0.00207644 35
0.00210621 60
0.0021346 78
0.00216184 93
0.0021868 102
0.00221384 122
0.00223989 128
0.00226732 147
0.00229276 155
0.00232128 159
0.00235091 161
0.00237739 173
0.00240195 181
0.00242443 189
0.00245006 206
0.00247286 217
0.00250006 238
0.00252684 249
0.00255277 261
0.00266668 265
0.00271908 268
0.0027427 269
0.00277007 282
0.0027983 285
0.00302699 290
0.00469234 293
0.00482925 298
0.00485862 311
0.00488721 314
0.00511744 318
0.00663152 320
0.00665677 323
0.0119356 324
2 324
