0 -24504
5e-08 -24103
3.5528e-05 -23717
5.5816e-05 -23344
0.000101458 -22977
0.000133214 -22614
0.000178957 -22259
0.000250347 -21918
0.000317642 -21582
0.000373489 -21250
0.000417158 -20919
0.000454679 -20590
0.000486375 -20271
0.000518283 -19958
0.000544759 -19645
0.000570882 -19340
0.000597875 -19038
0.000657929 -18740
0.000742548 -18455
0.000813453 -18179
0.000875297 -17904
0.000927381 -17630
0.000976107 -17356
0.00101399 -17089
0.00104252 -16822
0.00107143 -16555
0.00109867 -16289
0.00112711 -16026
0.00115892 -15764
0.00118387 -15508
0.0012117 -15257
0.00124438 -15006
0.00127667 -14755
0.00130804 -14504
0.00134367 -14256
0.00137243 -14011
0.00140315 -13767
0.00143601 -13524
0.0014734 -13282
0.00153788 -13042
0.00160908 -12804
0.00166756 -12569
0.00171986 -12335
0.00176196 -12108
0.0017997 -11881
0.00183253 -11658
0.001861 -11437
0.00189165 -11218
0.0019165 -10999
0.00194443 -10783
0.00197713 -10568
0.0020055 -10359
0.00203076 -10152
0.00205913 -9953
0.002089 -9755
0.00211777 -9557
0.00214175 -9359
0.0021679 -9170
0.00219213 -8981
0.00222401 -8793
0.00225574 -8607
0.0022847 -8425
0.00231288 -8245
0.00234459 -8065
0.00237246 -7886
0.00239769 -7708
0.00242666 -7531
0.00244946 -7355
0.00247737 -7180
0.00250024 -7009
0.00252256 -6839
0.00254467 -6669
0.00257011 -6507
0.00259957 -6345
0.0026289 -6184
0.00265283 -6023
0.00267782 -5871
0.00270155 -5720
0.00272802 -5571
0.00275404 -5424
0.00277582 -5280
0.00280318 -5136
0.00283394 -4995
0.00286112 -4857
0.00288452 -4720
0.00290781 -4583
0.00293183 -4450
0.00295283 -4320
0.00297818 -4191
0.00300476 -4065
0.00305459 -3940
0.00311916 -3815
0.0031649 -3693
0.00319842 -3571
0.00322462 -3452
0.0032505 -3335
0.00327831 -3219
0.00329993 -3108
0.0033228 -2999
0.00334518 -2890
0.00337076 -2784
0.00339489 -2681
0.00341903 -2580
0.00344041 -2481
0.00345986 -2382
0.00347756 -2283
0.00349835 -2185
0.00353048 -2089
0.00355467 -2001
0.00357597 -1914
0.00359933 -1827
0.0036209 -1742
0.00364344 -1657
0.00366856 -1573
0.00368999 -1490
0.00371302 -1407
0.00373432 -1325
0.00375736 -1245
0.00377768 -1165
0.00380081 -1087
0.00382263 -1009
0.00384378 -934
0.00386403 -862
0.00388519 -794
0.00390435 -727
0.00392694 -661
0.00395151 -599
0.00397179 -538
0.00399112 -477
0.00401664 -418
0.00403588 -361
0.00405415 -306
0.00407658 -252
0.00409857 -201
0.00411856 -150
0.00413791 -100
0.00416113 -53
0.0041821 -8
0.00420258 34
0.00422487 76
0.00424805 118
0.00426947 159
0.00429357 195
0.00431971 231
0.00433971 267
0.00436257 301
0.00438175 332
0.0044026 363
0.00442286 392
0.00444277 422
0.00446456 451
0.00448474 480
0.00450787 508
0.00452968 535
0.00455049 556
0.00457161 577
0.00459121 607
0.00461408 628
0.00463517 647
0.00465841 664
0.00468029 680
0.00470243 699
0.00472866 716
0.00474915 733
0.00477562 755
0.00479929 770
0.00482566 801
0.00484934 826
0.00487112 843
0.00489294 863
0.00491469 877
0.00493341 895
0.00495464 909
0.00497596 927
0.00500063 941
0.00502203 954
0.00504097 967
0.00506199 979
0.00508254 993
0.00510142 1005
0.00512408 1030
0.0051512 1044
0.00517594 1056
0.00519844 1070
0.00522215 1086
0.00524708 1099
0.00527045 1111
0.00529271 1122
0.00531169 1132
0.00533405 1141
0.00535399 1162
0.00537635 1171
0.00539909 1180
0.0054195 1191
0.00544 1207
0.00546361 1215
0.00548624 1228
0.005507 1237
0.00552687 1260
0.00556725 1270
0.00561128 1288
0.00564574 1296
0.0056724 1307
0.00569897 1318
0.00572514 1328
0.00575159 1354
0.0057926 1372
0.00581789 1383
0.00584054 1391
0.00586253 1406
0.00588163 1420
0.00590216 1432
0.00592501 1439
0.00596314 1446
0.00599681 1455
0.00602263 1464
0.00604486 1475
0.00606973 1481
0.00607609 1487
0.00608999 1489
0.00610674 1496
0.00611387 1502
0.00612284 1507
0.00613899 1509
0.00614309 1511
0.00615243 1513
0.00616502 1526
0.00619354 1544
0.00621093 1548
0.0062341 1552
0.00625049 1556
0.00626985 1563
0.00644919 1566
0.0064518 1567
0.00645988 1569
0.00648645 1572
0.00650002 1575
0.00665818 1590
0.00666674 1593
0.00723258 1595
0.0074332 1598
0.00744976 1600
0.00874921 1602
0.00888826 1607
0.00890004 1608
0.00928079 1611
0.0115857 1613
0.0116004 1617
0.0139746 1619
0.014504 1620
0.0152654 1640
0.0153022 1641
0.0153128 1643
0.0153371 1647
0.0160155 1649
0.0160233 1650
0.0161669 1659
0.0161809 1662
2 1662
