0 -50640
9.1e-08 -50082
7.224e-05 -49540
0.000166346 -49012
0.000291034 -48501
0.000417674 -48023
0.000553771 -47545
0.000716951 -47077
0.000901602 -46610
0.00109519 -46165
0.00128699 -45723
0.00147501 -45285
0.00166298 -44848
0.00184272 -44412
0.0020215 -43982
0.00222262 -43556
0.00241422 -43131
0.00260464 -42707
0.00281666 -42289
0.00301595 -41871
0.003208 -41454
0.00340256 -41039
0.00358648 -40627
0.00376755 -40221
0.00394429 -39820
0.00411786 -39421
0.00430165 -39023
0.00447286 -38627
0.00467216 -38233
0.00485969 -37839
0.00502765 -37451
0.00521081 -37064
0.00542202 -36677
0.00564015 -36295
0.00583364 -35924
0.00601849 -35554
0.00623187 -35186
0.00642784 -34822
0.00661143 -34460
0.00678879 -34099
0.00696057 -33740
0.00712836 -33384
0.00729298 -33030
0.00745326 -32684
0.00765036 -32339
0.00783251 -31994
0.0080094 -31650
0.00818071 -31309
0.00835708 -30969
0.00851915 -30632
0.00867679 -30296
0.00883112 -29960
0.00898335 -29625
0.00913258 -29291
0.00927999 -28960
0.00942566 -28630
0.0095723 -28301
0.00974855 -27977
0.00990042 -27655
0.0100714 -27334
0.0102751 -27014
0.0104407 -26696
0.0105996 -26379
0.0107522 -26063
0.0108986 -25755
0.0110416 -25448
0.0111827 -25149
0.0113208 -24852
0.0114572 -24556
0.0115904 -24262
0.0117196 -23969
0.0118481 -23677
0.0119743 -23387
0.0120994 -23098
0.0122225 -22811
0.01238 -22525
0.0125431 -22241
0.0127017 -21967
0.012864 -21694
0.0130141 -21422
0.0131566 -21150
0.0132943 -20878
0.013425 -20609
0.0135489 -20342
0.0136708 -20076
0.0137899 -19811
0.0139075 -19548
0.0140231 -19290
0.0141603 -19032
0.0143303 -18776
0.014484 -18523
0.014631 -18272
0.0147718 -18025
0.0149061 -17778
0.015033 -17532
0.0151547 -17288
0.0152732 -17047
0.0153881 -16807
0.0155002 -16568
0.0156079 -16331
0.0157122 -16096
0.015816 -15861
0.0159191 -15627
0.0160189 -15395
0.0161309 -15165
0.0162259 -14936
0.0163189 -14707
0.0164119 -14478
0.0165026 -14250
0.0165911 -14023
0.0166772 -13803
0.0167607 -13584
0.0168414 -13366
0.0169184 -13148
0.0169921 -12931
0.0170626 -12714
0.0171354 -12498
0.0172066 -12283
0.0172795 -12069
0.0173502 -11856
0.0174193 -11644
0.0174879 -11434
0.0175545 -11226
0.0176251 -11019
0.0176909 -10815
0.01776 -10613
0.0178265 -10417
0.0178904 -10225
0.0179555 -10036
0.0180239 -9848
0.0180875 -9661
0.0182281 -9479
0.0183584 -9300
0.0184797 -9124
0.0185936 -8949
0.0186961 -8774
0.0187889 -8602
0.0188749 -8431
0.0189545 -8260
0.0190245 -8091
0.0190917 -7922
0.0191567 -7755
0.019218 -7589
0.0192747 -7424
0.0193492 -7264
0.0194095 -7108
0.0194676 -6953
0.0195266 -6798
0.0195891 -6646
0.0196474 -6495
0.0197056 -6345
0.0197564 -6197
0.0198067 -6052
0.0198619 -5909
0.0199177 -5766
0.0199773 -5623
0.0200381 -5484
0.0200961 -5347
0.0201728 -5211
0.0202357 -5076
0.0202977 -4941
0.0203569 -4807
0.0204198 -4673
0.020475 -4542
0.0205308 -4414
0.0205848 -4288
0.0206408 -4165
0.0206912 -4044
0.0207416 -3925
0.0207896 -3806
0.0208437 -3688
0.0208989 -3574
0.0209556 -3460
0.0210036 -3348
0.0210612 -3238
0.0211235 -3130
0.0211797 -3023
0.0212298 -2916
0.0212821 -2810
0.0213323 -2704
0.0213863 -2600
0.0214384 -2498
0.0214886 -2396
0.021545 -2295
0.0215972 -2194
0.0216456 -2101
0.0217023 -2008
0.0217622 -1915
0.0218308 -1823
0.0218974 -1732
0.0219639 -1642
0.0220282 -1553
0.0220912 -1466
0.0222254 -1380
0.0223304 -1294
0.0224217 -1210
0.0225047 -1129
0.022581 -1053
0.0226526 -980
0.0227195 -907
0.0227839 -836
0.0228482 -768
0.0229122 -702
0.0229738 -639
0.0230354 -578
0.0230939 -517
0.0231484 -457
0.0232049 -397
0.0232613 -338
0.023311 -281
0.0233596 -225
0.0234125 -173
0.0234681 -121
0.0235261 -70
0.0235829 -21
0.023639 24
0.0236933 68
0.0237478 112
0.0238045 155
0.023867 192
0.023935 228
0.0239959 263
0.0240555 298
0.0241131 333
0.024171 366
0.0242258 397
0.0242787 427
0.024332 457
0.0243826 487
0.0244333 516
0.0244865 545
0.0245393 574
0.0245879 602
0.0246363 629
0.0246851 655
0.0247386 680
0.0247921 705
0.024854 736
0.0249094 761
0.0249652 786
0.025022 809
0.0251226 832
0.0252006 854
0.025271 875
0.0253362 899
0.0253977 920
0.0254527 940
0.025509 959
0.0255652 983
0.0256233 1002
0.0256794 1021
0.0257316 1039
0.0257845 1056
0.025839 1075
0.0258904 1091
0.0259893 1107
0.0260655 1132
0.0261494 1147
0.0262134 1162
0.0262712 1175
0.0263267 1193
0.0263834 1210
0.0264386 1223
0.0264925 1236
0.0265414 1249
0.0265924 1260
0.0266416 1272
0.0266912 1290
0.0267429 1301
0.0267975 1323
0.0268526 1333
0.0269035 1347
0.0269558 1358
0.0270043 1377
0.0270543 1398
0.0271034 1417
0.0271521 1434
0.0272036 1447
0.0272529 1461
0.0273041 1473
0.0273532 1483
0.0274019 1492
0.0274529 1501
0.0275038 1512
0.0275541 1525
0.0276064 1534
0.0276585 1554
0.0277097 1564
0.0277606 1576
0.0278162 1591
0.0278728 1601
0.0279313 1610
0.0280084 1619
0.0280916 1644
0.0281691 1652
0.0282392 1663
0.0283056 1675
0.0283743 1683
0.0284366 1695
0.0284989 1703
0.0285596 1711
0.0286174 1718
0.0286717 1725
0.0287281 1732
0.0287834 1742
0.0288354 1749
0.0288836 1761
0.0289384 1767
0.0289877 1773
0.0290396 1778
0.0290961 1784
0.0291528 1792
0.0292068 1802
0.029263 1815
0.0293176 1828
0.029371 1831
0.0294214 1833
0.029472 1835
0.0295224 1840
0.0295764 1852
0.029634 1857
0.0296894 1858
0.0297433 1864
0.0298009 1869
0.0298556 1874
0.0299129 1877
0.0299641 1886
0.030029 1893
0.030093 1897
0.0301755 1912
0.0302371 1915
0.0302913 1919
0.0303444 1923
0.0303965 1926
0.0304481 1927
0.0305024 1931
0.0305557 1932
0.0306106 1947
0.0306657 1955
0.0307216 1960
0.0307829 1964
0.0308467 1966
0.0309138 1972
0.0309606 1985
0.0310315 1999
0.0310399 2003
0.0311429 2015
0.0311931 2026
0.0312512 2027
0.0312976 2032
0.0313028 2039
0.0313736 2046
0.0313956 2049
0.0314237 2051
0.0316806 2054
0.0316906 2058
0.0317129 2060
0.0317217 2061
0.0317788 2065
0.0318581 2069
0.031924 2070
0.0319513 2071
0.0320977 2083
0.0321447 2084
0.0323381 2090
0.0323523 2097
0.0323866 2103
0.032433 2108
0.0341324 2110
0.0341994 2111
0.0342101 2115
0.0342405 2117
0.0343744 2124
0.0344484 2127
0.0344879 2130
0.0349302 2131
0.0350049 2137
0.0350414 2138
0.035066 2142
0.0351611 2144
0.0351705 2150
0.0351895 2171
0.0353612 2174
0.0353678 2180
0.038717 2189
0.0388359 2192
0.0400046 2199
0.0477498 2208
0.0481542 2213
0.0486292 2214
0.0486997 2219
2 2219
