733 0.0578006
664 0.0230086
738 0.0348822
770 0.0279359
736 0.0356356
718 0.0469281
747 0.0340559
706 0.0228112
732 0.0275002
740 0.0262614
290 0.0617027
280 0.0586616
251 0.0395846
260 0.0486038
282 0.0400402
275 0.07643
278 0.0581488
253 0.0422407
239 0.0508381
272 0.0758113
1702 0.00835716
1796 0.00968816
1805 0.00872613
1734 0.0102565
1723 0.00720235
1668 0.00598679
1738 0.00838404
1703 0.00727638
1751 0.00892889
1733 0.00811267
1652 0.0138461
1662 0.0187764
1572 0.0124018
1638 0.0135062
1537 0.0127006
1672 0.010925
1651 0.0118145
1679 0.0171017
1595 0.0114859
1698 0.0104584
