690 0.0012649
707 0.00138733
749 0.00150824
733 0.00208533
715 0.00243252
740 0.00243642
708 0.00174686
690 0.00189346
737 0.00148769
714 0.00524144
428 0.00834627
444 0.00725454
463 0.0171711
448 0.0106344
464 0.0129411
453 0.00826673
430 0.00882572
438 0.00763975
416 0.0118703
446 0.00948264
901 0.00170038
918 0.00133836
885 0.00167085
913 0.00108623
930 0.00138921
898 0.00101177
886 0.00184226
905 0.00232015
933 0.00178369
908 0.00182544
819 0.00146261
861 0.00195899
831 0.000982113
884 0.00175441
847 0.00130797
867 0.00145767
855 0.00154988
896 0.00205418
808 0.00149586
820 0.00166306
