0 -23222
5.7e-08 -22883
5.121e-05 -22567
0.000118926 -22257
0.000231694 -21956
0.00036861 -21667
0.000544182 -21383
0.000720954 -21102
0.000855662 -20824
0.000978662 -20547
0.00109286 -20277
0.00120013 -20009
0.00130303 -19743
0.00139892 -19477
0.00149023 -19211
0.00158042 -18951
0.00166576 -18694
0.00174795 -18443
0.00182625 -18192
0.00190125 -17948
0.00197701 -17706
0.00205109 -17466
0.00212401 -17226
0.0021952 -16990
0.00226105 -16755
0.00232831 -16524
0.00240089 -16294
0.00248464 -16071
0.00255559 -15849
0.00262781 -15627
0.00269938 -15408
0.00278621 -15201
0.00286263 -14996
0.00293149 -14792
0.00299947 -14589
0.00306621 -14392
0.0031349 -14195
0.00320668 -13998
0.00327209 -13801
0.00333971 -13609
0.00340542 -13419
0.00347198 -13231
0.00353717 -13048
0.00360256 -12865
0.0036789 -12682
0.00379107 -12501
0.00394567 -12323
0.00412126 -12145
0.00425415 -11968
0.00436559 -11791
0.00449147 -11615
0.00478671 -11439
0.00492808 -11264
0.00513217 -11092
0.00528107 -10921
0.00540518 -10752
0.00551251 -10585
0.00560582 -10419
0.0056869 -10256
0.00575556 -10094
0.00581362 -9934
0.00600313 -9774
0.00615342 -9617
0.00627058 -9460
0.00636979 -9304
0.00645645 -9149
0.00673509 -8995
0.00689006 -8843
0.00701886 -8696
0.00719222 -8549
0.00734227 -8404
0.00745803 -8261
0.00755585 -8118
0.00764175 -7976
0.00772071 -7835
0.00778885 -7694
0.00785059 -7556
0.0079053 -7421
0.00795734 -7286
0.00800859 -7152
0.00805844 -7019
0.00810812 -6887
0.00815674 -6758
0.0082564 -6632
0.00835051 -6507
0.00844344 -6382
0.00852522 -6259
0.00872709 -6137
0.00884446 -6016
0.00896105 -5895
0.00905437 -5780
0.00915505 -5665
0.00925025 -5551
0.00932868 -5438
0.00939285 -5325
0.00944975 -5214
0.00948673 -5103
0.00952659 -4993
0.00956548 -4884
0.00959972 -4775
0.00963286 -4671
0.00967108 -4568
0.00970659 -4465
0.00973771 -4362
0.00977053 -4260
0.00980503 -4159
0.0098415 -4060
0.00988031 -3962
0.00991328 -3865
0.00994724 -3769
0.00998399 -3675
0.0100185 -3581
0.0100565 -3488
0.0101027 -3397
0.0101529 -3308
0.01024 -3220
0.0103427 -3132
0.0104179 -3046
0.0104786 -2962
0.0105262 -2878
0.0105656 -2794
0.0106022 -2710
0.0106338 -2627
0.010667 -2545
0.0106992 -2464
0.01073 -2385
0.0107671 -2308
0.0108007 -2232
0.0108337 -2156
0.0108822 -2081
0.0109211 -2006
0.0109566 -1934
0.0109973 -1864
0.0110332 -1794
0.0110662 -1725
0.0111041 -1658
0.0111404 -1591
0.01119 -1527
0.0112221 -1464
0.0112564 -1401
0.0112909 -1338
0.0113281 -1276
0.0113609 -1215
0.0114038 -1154
0.0114408 -1094
0.0114759 -1036
0.0115127 -980
0.0115447 -924
0.0115782 -869
0.0116132 -816
0.0116488 -763
0.0116812 -711
0.0117137 -659
0.011744 -607
0.0117777 -558
0.0118128 -511
0.0118452 -464
0.0118786 -418
0.0119078 -374
0.0119393 -332
0.0119724 -291
0.0120047 -250
0.0120375 -209
0.0120724 -168
0.0121373 -128
0.0122139 -88
0.0122822 -48
0.0123361 -9
0.0123821 29
0.0124157 66
0.012462 101
0.0125013 136
0.0125311 170
0.012562 202
0.0125947 232
0.0126391 262
0.0126744 289
0.0127095 316
0.012744 343
0.012777 369
0.0128106 395
0.0128412 430
0.0128778 455
0.0129149 479
0.0129453 503
0.012975 527
0.013008 551
0.0130416 574
0.0130811 597
0.0131122 619
0.013145 641
0.0131884 662
0.0132284 683
0.013259 703
0.0132913 723
0.0133205 743
0.0133528 762
0.0133877 782
0.013422 801
0.0134557 820
0.0134884 839
0.0135223 857
0.0135577 875
0.0135936 893
0.0136305 911
0.0136654 929
0.0136965 947
0.0137276 964
0.0137642 987
0.0137956 1006
0.0138273 1022
0.0138613 1044
0.0138931 1060
0.0139317 1081
0.013966 1096
0.0139973 1110
0.0140802 1131
0.0141542 1147
0.0142144 1168
0.0142641 1185
0.0143068 1201
0.0143453 1220
0.0143894 1237
0.0144374 1251
0.0144712 1265
0.0145109 1279
0.0145397 1299
0.0145755 1312
0.0146235 1328
0.014673 1341
0.0147212 1353
0.0147684 1379
0.014817 1395
0.0148649 1418
0.0149136 1433
0.0149672 1448
0.0150176 1460
0.0150548 1472
0.0150866 1491
0.0151185 1504
0.0151496 1516
0.0151797 1528
0.0152126 1544
0.0152597 1559
0.015306 1570
0.0153455 1581
0.0153814 1593
0.0154151 1603
0.0154589 1618
0.0155049 1628
0.0155505 1643
0.0155868 1653
0.0156208 1667
0.0156564 1679
0.0156869 1695
0.0157191 1704
0.0157503 1713
0.0158109 1727
0.0158594 1741
0.0159072 1753
0.0159873 1767
0.0160607 1781
0.0161112 1793
0.0161551 1803
0.0161953 1816
0.0162461 1825
0.0162946 1838
0.0163387 1847
0.0163742 1863
0.016405 1871
0.0164645 1885
0.0165347 1899
0.0166064 1910
0.0167007 1918
0.0167127 1925
0.0167328 1934
0.0167654 1940
0.0167712 1946
0.0167855 1953
0.0168159 1958
0.0168237 1963
0.0168381 1968
0.0168539 1973
0.0168717 1984
0.0169011 1989
0.0169095 1993
0.0169257 1997
0.0169484 2001
0.0169591 2004
0.0169868 2025
0.0170275 2031
0.0170337 2034
0.0170536 2041
0.0170743 2044
0.0170809 2046
0.0170934 2053
0.0171148 2061
0.0171196 2062
0.0171308 2067
0.0171499 2068
0.0171569 2069
0.0171658 2071
0.0172034 2074
0.0172222 2082
0.0172468 2083
0.0172529 2084
0.0173582 2091
0.0173642 2093
0.0173729 2094
0.0173766 2095
0.0174014 2112
0.0174435 2115
0.0174666 2121
0.0175028 2123
0.017519 2124
0.0176509 2127
0.0176625 2131
0.017696 2133
0.017705 2135
0.0177205 2136
0.0177663 2140
0.0177758 2170
0.0181357 2184
0.0199193 2185
0.0200631 2186
0.0200738 2187
0.021862 2189
0.0221564 2190
0.0227099 2191
0.0227148 2196
0.0232123 2197
0.0236667 2200
2 2200
