0 -3378
4.8e-08 -3161
6.178e-06 -2980
1.1604e-05 -2814
2.1417e-05 -2654
3.3677e-05 -2508
6.9867e-05 -2375
9.235e-05 -2243
0.000101355 -2113
0.00010896 -1988
0.000114072 -1863
0.000120782 -1745
0.000126227 -1635
0.000131719 -1525
0.000138164 -1421
0.000143323 -1319
0.000148824 -1217
0.000154869 -1117
0.000161046 -1026
0.000167681 -939
0.000173411 -854
0.000178942 -777
0.000184367 -702
0.000189555 -627
0.000194981 -559
0.000201196 -491
0.000206374 -425
0.000213123 -367
0.000219063 -311
0.000223203 -255
0.000227306 -199
0.000231494 -144
0.000235635 -89
0.000239794 -36
0.000244896 15
0.000248866 65
0.00025353 104
0.000256957 143
0.000261992 180
0.000267075 217
0.000271168 253
0.000274956 286
0.000280696 318
0.000284209 349
0.000288425 379
0.000292747 408
0.000296973 434
0.000300714 459
0.000305016 482
0.000309109 504
0.000312746 526
0.000316286 546
0.000320322 562
0.000324577 576
0.000327966 590
0.00033204 608
0.000335771 622
0.000339579 639
0.000343729 664
0.000347927 679
0.000352229 693
0.00035616 705
0.000361338 716
0.000368163 739
0.000370324 750
0.000374008 760
0.000377806 780
0.000381156 786
0.000382584 790
0.00038503 803
0.000388381 814
0.000389932 818
0.000392112 826
0.000394368 829
0.000395567 831
0.000396881 832
0.000398214 833
0.000399622 834
0.000402659 846
0.000408085 865
0.000457915 868
0.000458838 870
0.000459847 871
0.000460599 872
0.000486338 873
0.000553558 878
0.000555262 879
0.000556319 880
0.000558375 881
0.000859265 884
0.00126625 887
0.00136134 888
0.00141847 898
0.00142075 903
0.00147689 910
0.00149308 917
0.00150799 920
0.00151413 921
0.00151791 922
2 922
