0 -3380
4.7e-08 -3164
6.482e-06 -2975
1.1041e-05 -2787
1.9427e-05 -2606
2.767e-05 -2458
3.5914e-05 -2318
4.191e-05 -2181
4.9792e-05 -2044
5.4713e-05 -1911
5.9558e-05 -1786
6.4508e-05 -1671
6.8867e-05 -1561
7.3103e-05 -1459
7.7977e-05 -1358
8.2498e-05 -1260
8.7e-05 -1162
9.1474e-05 -1068
9.5691e-05 -975
9.9898e-05 -882
0.000104362 -796
0.000108512 -716
0.000112434 -642
0.000116775 -581
0.000120982 -521
0.000124866 -462
0.000128606 -404
0.000133213 -353
0.000137516 -303
0.000141837 -254
0.000145483 -206
0.000148948 -159
0.000152584 -112
0.000156382 -66
0.000160618 -21
0.000164806 24
0.000168728 68
0.000172383 109
0.00017659 149
0.000180483 184
0.000184138 219
0.000187717 249
0.000191477 279
0.000195913 310
0.000199701 338
0.000204546 366
0.000209353 394
0.000212894 421
0.000216568 446
0.000220376 470
0.000224279 504
0.000228057 528
0.000231522 552
0.000235587 572
0.000239413 592
0.000243202 617
0.000247457 642
0.000250883 661
0.000255024 679
0.000258593 696
0.000262506 712
0.000266456 728
0.000269673 743
0.000272186 758
0.000275756 777
0.000281914 790
0.00028338 802
0.000285493 812
0.000287559 818
0.000289986 824
0.000291252 830
0.00029346 839
0.000296925 845
0.00029802 847
0.000300371 850
0.000302132 851
0.000306529 852
0.0003083 856
0.000312231 868
0.000316115 870
0.000326357 879
0.000330079 882
0.000331107 884
0.00033282 886
0.000342158 887
0.000449443 898
0.000604321 900
0.000606073 905
0.00065399 906
0.00066209 907
2 907
