0 -3566
4.8e-08 -3370
6.368e-06 -3190
1.1708e-05 -3011
1.6963e-05 -2837
2.414e-05 -2668
2.9213e-05 -2504
3.659e-05 -2353
4.5795e-05 -2210
5.3353e-05 -2088
5.8931e-05 -1968
6.4185e-05 -1850
6.9306e-05 -1735
7.4056e-05 -1625
7.833e-05 -1520
8.3051e-05 -1418
8.7487e-05 -1316
9.196e-05 -1215
9.6482e-05 -1123
0.000101022 -1037
0.000105467 -952
0.000111378 -868
0.000116985 -793
0.000122354 -720
0.000128674 -647
0.000134614 -579
0.000139896 -514
0.00014595 -453
0.000152528 -395
0.000158277 -338
0.000164207 -281
0.000171251 -227
0.000177543 -178
0.000183302 -131
0.000189593 -86
0.000211591 -42
0.000225212 1
0.000231685 43
0.000237311 84
0.000243402 120
0.000248866 155
0.000254949 189
0.00026045 222
0.000266076 255
0.00027173 286
0.000277689 313
0.000283724 340
0.000289901 365
0.000296469 402
0.000302656 427
0.000308567 450
0.000313765 472
0.000318286 491
0.000323055 512
0.000328699 533
0.000341264 552
0.000350773 575
0.000359378 593
0.000366317 608
0.000374865 625
0.000380348 640
0.000384127 654
0.000393569 675
0.000399195 687
0.000402498 696
0.000414148 705
0.000417413 716
0.000419546 724
0.000421697 742
0.000425114 750
0.000426237 756
0.000427703 764
0.000429911 770
0.00043074 775
0.000432405 778
0.000435299 791
0.000441105 809
0.000442495 813
0.000444532 815
0.00044575 819
0.000447654 821
0.000448996 831
0.00045169 832
0.000457392 834
0.000458877 835
0.000474611 837
0.000475791 838
0.0004766 841
0.000485053 842
0.000505737 843
0.000550542 845
0.000555301 849
0.000557471 852
0.000678063 853
0.000692341 862
0.000708323 863
0.000709513 864
0.000731834 866
0.00073468 871
0.000870683 872
0.000880954 886
2 886
