0 -20160
5.7e-08 -19822
9.641e-06 -19512
1.5116e-05 -19207
2.6659e-05 -18904
4.3467e-05 -18607
6.4795e-05 -18310
8.1975e-05 -18020
9.5219e-05 -17741
0.000108434 -17463
0.000121601 -17185
0.00013432 -16910
0.000146732 -16643
0.000159211 -16377
0.000171939 -16116
0.000184514 -15856
0.000196544 -15598
0.000208422 -15346
0.000220605 -15095
0.000235014 -14844
0.000247388 -14597
0.000260604 -14356
0.000273312 -14116
0.00028669 -13876
0.00029937 -13638
0.000312069 -13403
0.000325399 -13175
0.000339359 -12947
0.000353014 -12721
0.000364948 -12495
0.000374246 -12272
0.000384011 -12051
0.000395315 -11834
0.000409715 -11617
0.00042057 -11400
0.000431721 -11188
0.000443035 -10977
0.000454157 -10768
0.000465003 -10559
0.000478323 -10350
0.000488308 -10145
0.000499469 -9944
0.000512961 -9745
0.000526558 -9546
0.000538015 -9349
0.000549272 -9154
0.000558063 -8961
0.000568574 -8769
0.000577632 -8582
0.000586327 -8395
0.000596963 -8211
0.000606155 -8027
0.00061701 -7844
0.000628801 -7661
0.000639178 -7480
0.000649259 -7300
0.0006587 -7126
0.000669211 -6954
0.000679397 -6787
0.000689688 -6623
0.000700228 -6460
0.000711847 -6302
0.000726868 -6144
0.00073756 -5988
0.000747938 -5832
0.000760044 -5681
0.000769819 -5532
0.000780521 -5384
0.000790555 -5239
0.00080096 -5096
0.000812905 -4954
0.000825384 -4813
0.000838609 -4673
0.000848728 -4540
0.000861303 -4408
0.000874021 -4276
0.000887561 -4144
0.000899496 -4012
0.000911545 -3882
0.00092391 -3753
0.000935902 -3625
0.000948285 -3499
0.000961443 -3374
0.000976359 -3252
0.000988705 -3133
0.00100201 -3020
0.00101758 -2908
0.00103417 -2796
0.00105141 -2690
0.00106762 -2586
0.00108559 -2482
0.00110342 -2378
0.00112082 -2275
0.00113991 -2172
0.00115921 -2069
0.00117753 -1972
0.00119736 -1876
0.00121461 -1781
0.00123582 -1690
0.00125422 -1601
0.00127138 -1512
0.00128801 -1424
0.00130399 -1338
0.00131852 -1255
0.0013679 -1175
0.00139837 -1097
0.00141772 -1023
0.00143767 -950
0.00145257 -882
0.00147034 -815
0.0014862 -748
0.00150392 -681
0.00151966 -619
0.00153567 -564
0.00155337 -512
0.00157059 -461
0.00158839 -410
0.00160835 -359
0.00162477 -314
0.00164158 -269
0.00165766 -225
0.00167209 -181
0.00168949 -138
0.00170564 -97
0.001722 -57
0.00174079 -23
0.00175695 8
0.00177418 37
0.00179165 65
0.0018089 91
0.00182334 114
0.00184051 137
0.00185475 162
0.00186804 181
0.00188497 195
0.00190213 215
0.00191929 237
0.00193987 255
0.00195812 272
0.00197282 286
0.00198773 299
0.00200378 311
0.00201935 323
0.00203531 335
0.00205083 347
0.00206729 358
0.00208274 375
0.00210631 385
0.00213314 404
0.00215179 418
0.00216936 431
0.00218626 440
0.00219974 457
0.00221447 472
0.00222911 489
0.00224395 502
0.00225591 515
0.00226973 522
0.00228457 528
0.00229813 532
0.00231143 540
0.00232411 549
0.00233912 553
0.00235515 564
0.00236746 572
0.00238579 579
0.0024052 589
0.00242431 603
0.00244503 609
0.00246467 611
0.00248534 613
0.00250464 615
0.00252456 622
0.0025422 629
0.00256691 633
0.00259053 636
0.00260595 637
0.00262071 641
0.00263687 642
0.00265047 649
0.00266655 650
0.00268194 655
0.00269668 669
0.00273906 672
0.00275703 677
0.00277337 688
0.00279016 698
0.00280407 705
0.00281716 710
0.00283166 716
0.00284703 722
0.0028607 726
0.00287631 733
0.00289099 740
0.00290606 742
0.00310791 746
0.00316703 747
0.00344973 748
0.003465 749
0.00358158 756
0.00359854 758
0.00361213 767
0.00362574 768
0.00368369 773
0.00370282 775
0.00372124 779
0.00373764 781
0.00396239 793
0.00397838 794
0.0043783 796
0.00442786 801
0.00444517 803
0.00452016 811
0.00453392 817
0.00454946 819
0.00456394 820
0.00458081 821
0.00696764 823
0.00707212 824
0.00910812 825
0.0117656 827
0.0163649 828
0.0164051 829
0.0244032 830
0.0244169 832
0.0325531 834
0.0325694 835
0.0325845 836
0.0342787 842
0.034328 848
2 848
