0 -12461
4.7e-08 -12164
2.5243e-05 -11889
4.4252e-05 -11622
8.4897e-05 -11364
0.000134308 -11108
0.000186604 -10853
0.00022267 -10615
0.000254225 -10379
0.000278602 -10146
0.000301865 -9917
0.000324939 -9712
0.000347384 -9510
0.000371961 -9311
0.000394101 -9118
0.000418479 -8929
0.00044099 -8742
0.000482168 -8560
0.000550912 -8380
0.000596192 -8204
0.000630631 -8030
0.000671 -7860
0.000703106 -7690
0.000731738 -7523
0.000756268 -7358
0.000778228 -7193
0.00080132 -7036
0.000822223 -6879
0.000889244 -6723
0.000913697 -6568
0.000934172 -6416
0.000956474 -6269
0.000976797 -6125
0.000997471 -5981
0.00101718 -5839
0.00103799 -5698
0.00105797 -5557
0.00107855 -5418
0.00109929 -5279
0.00111652 -5146
0.00113606 -5017
0.00115544 -4888
0.00117295 -4762
0.00119576 -4638
0.00122435 -4515
0.001252 -4392
0.0012773 -4270
0.00130153 -4149
0.00132282 -4031
0.00134084 -3917
0.00136137 -3804
0.0013801 -3692
0.00141286 -3580
0.00143263 -3469
0.00145209 -3361
0.00147253 -3257
0.00149068 -3160
0.00151121 -3065
0.00153102 -2971
0.00154821 -2878
0.00156678 -2787
0.00165794 -2697
0.00170835 -2609
0.00174231 -2522
0.00176824 -2436
0.00179055 -2351
0.00180854 -2266
0.00182718 -2181
0.00184576 -2097
0.00186201 -2014
0.00188167 -1932
0.00189998 -1851
0.00191911 -1770
0.00193703 -1691
0.00195515 -1612
0.00197257 -1535
0.00199122 -1462
0.00200945 -1391
0.00202776 -1320
0.00204501 -1249
0.00206263 -1179
0.00208042 -1112
0.0020991 -1046
0.00211607 -980
0.00213293 -915
0.00215386 -851
0.00217123 -787
0.00218939 -723
0.00220703 -659
0.00222304 -599
0.00223943 -542
0.00225587 -489
0.00227256 -437
0.0022902 -385
0.00230965 -336
0.00232793 -287
0.00234364 -240
0.00236235 -193
0.00238814 -148
0.00241304 -104
0.0024372 -62
0.00245822 -21
0.00247751 17
0.00249421 55
0.00251339 91
0.00253732 127
0.00256063 162
0.00258558 196
0.00260576 229
0.00262162 262
0.00263959 294
0.00266229 326
0.00268944 358
0.00271722 387
0.00274294 416
0.00276932 445
0.00279267 473
0.00280964 501
0.00282659 529
0.00284412 556
0.0028626 583
0.00288025 611
0.00289622 637
0.00291419 663
0.00293049 688
0.00294829 710
0.00296654 730
0.00298505 749
0.00300134 768
0.00302511 787
0.00304389 805
0.00306275 822
0.00308026 839
0.00309769 859
0.00311363 879
0.00313019 904
0.00314776 921
0.00316623 937
0.00318323 954
0.00319986 974
0.00321693 990
0.00323357 1008
0.00325302 1032
0.00326894 1059
0.00328674 1075
0.00331894 1103
0.00333855 1118
0.00335487 1133
0.00337387 1147
0.00339197 1170
0.00341024 1182
0.00342777 1205
0.00344674 1221
0.00346517 1233
0.00348182 1245
0.00349883 1271
0.00351762 1286
0.00353484 1298
0.00355185 1319
0.00357101 1330
0.00358587 1341
0.00360375 1352
0.00362007 1364
0.00363687 1380
0.00365507 1390
0.00367393 1410
0.0036918 1429
0.00371099 1439
0.00373031 1449
0.0037474 1459
0.00376531 1469
0.00378236 1479
0.00379871 1496
0.00381678 1506
0.00383689 1516
0.00386744 1525
0.00389403 1540
0.00391653 1548
0.00393007 1556
0.00394183 1563
0.00395642 1570
0.00397387 1575
0.00398788 1581
0.00399949 1589
0.0040046 1594
0.00401033 1598
0.00401999 1602
0.00402329 1605
0.00402834 1608
0.00403346 1631
0.00404613 1633
0.00404993 1634
0.00405529 1635
0.0040622 1636
0.00406916 1652
0.004083 1653
0.00408739 1654
0.00409507 1666
0.00412458 1675
0.00421918 1677
0.00422264 1679
0.00423247 1683
0.00425164 1684
0.00431923 1686
0.00432331 1688
0.00440252 1693
0.00440518 1696
0.00440871 1697
0.00441149 1701
0.00443515 1703
0.00443804 1705
0.00512697 1707
0.00570372 1708
2 1708
