0 -7336
6.6e-08 -7112
0.000390959 -7039
0.000391637 -6958
0.000392644 -6764
0.000395065 -6549
0.000415152 -6523
0.00041551 -6320
0.000420737 -6264
0.00042328 -6028
0.000439958 -6016
0.00044025 -5968
0.000441418 -5899
0.000443499 -5786
0.0004438 -5597
0.000447878 -5477
0.000448839 -5424
0.000456288 -5284
0.000461882 -5251
0.000462513 -5121
0.000463257 -5051
0.000477798 -4967
0.000484644 -4723
0.000487206 -4600
0.00048763 -4456
0.000494636 -4404
0.000495088 -4149
0.000516315 -4106
0.000523444 -4013
0.000523868 -3905
0.000537269 -3811
0.000542317 -3772
0.000543475 -3566
0.000551857 -3537
0.000556114 -3408
0.000556274 -3246
0.00055941 -3176
0.000563959 -3173
0.000565757 -3046
0.000565917 -2866
0.000567245 -2650
0.000569308 -2633
0.000570871 -2585
0.000572208 -2519
0.000577812 -2468
0.000594245 -2418
0.000599529 -2376
0.00059983 -2298
0.000610547 -2197
0.000613344 -2021
0.000613514 -1999
0.000616066 -1853
0.000617384 -1774
0.00062829 -1688
0.000629165 -1568
0.000632669 -1525
0.000634185 -1401
0.000637726 -1351
0.000637971 -1254
0.000638376 -1194
0.000639082 -1137
0.000639807 -1089
0.000642067 -1029
0.000646955 -944
0.000651664 -917
0.000652022 -766
0.000663219 -753
0.000665555 -747
0.000667871 -683
0.000681178 -538
0.000681819 -472
0.000684522 -464
0.000685492 -355
0.000689739 -336
0.00069214 -285
0.000692291 -237
0.000701492 -180
0.000704072 -122
0.00071187 -83
0.000720073 -28
0.000723209 -18
0.000726863 -8
0.000729001 0
0.000733964 12
0.000737702 34
0.000740537 68
0.000754249 129
0.000758835 158
0.000760549 181
0.000767104 214
0.000767367 226
0.000768111 228
0.000769317 242
0.000793454 262
0.000796581 270
0.000799434 283
0.000800706 288
0.000813645 296
0.000816395 297
0.000818928 366
0.000837038 372
0.000863436 389
0.000865046 390
0.000870941 395
0.000877006 406
0.000898506 407
0.00090282 442
0.000918472 465
0.000930498 466
0.000934952 477
0.000948287 492
0.000952855 497
0.000995648 505
0.00100536 538
0.00102638 543
0.0010279 548
0.00103374 558
0.00103554 563
0.00106064 565
0.00106474 573
0.00107725 581
0.00107973 592
0.00110291 602
0.0011191 603
0.00113038 607
0.00113143 615
0.0011645 616
0.00119291 617
0.00147155 623
0.00150341 630
0.00150943 634
0.00151011 639
0.00152855 640
2 640
