0 -203
2.22e-07 -165
0.000337841 -142
0.000338368 -106
0.000342392 -62
0.000342577 -13
0.00034266 31
0.000431681 39
0.00043194 64
0.000432246 84
0.000432745 93
0.000432995 104
0.000433069 107
0.000433134 124
0.00043479 130
0.000434984 134
0.000435049 174
0.000439942 225
0.000440923 241
0.00044108 263
0.000441154 329
0.000441719 343
0.000451978 361
0.000456464 389
0.000458352 395
0.000459082 398
0.000466335 430
0.000466502 433
0.000484273 436
0.000490489 459
0.000490693 467
0.000494994 469
0.000499074 487
0.000499259 493
0.000499314 513
0.000499379 546
0.000500193 563
0.000500952 577
0.000501026 583
0.000501118 595
0.000504587 623
0.00050555 636
0.000505633 663
0.000505762 685
0.000509 691
0.00050925 708
0.000510045 711
0.000511757 735
0.000512127 741
0.00054358 748
0.000543904 756
0.000543978 759
0.000544588 771
0.000544866 799
0.000545125 804
0.000545199 820
0.000556457 824
0.000556531 855
0.000556716 858
0.000562905 892
0.000563044 897
0.00056358 918
0.000565171 923
0.00056988 932
0.000570676 937
0.000594413 943
0.000594756 951
0.000594996 952
0.00059742 958
0.000607244 960
0.000610001 973
0.000617494 992
0.000618132 997
0.000618928 1002
0.000619603 1014
0.000620242 1043
0.000620676 1044
0.000620741 1045
0.000621694 1046
0.000621842 1052
0.000622083 1061
0.000625626 1063
0.000627309 1064
0.00062804 1067
0.000628577 1074
0.000628734 1090
0.000630519 1097
0.000663175 1101
0.000665182 1109
0.000701806 1121
0.000721751 1123
0.000724119 1134
0.000739402 1143
0.000742242 1151
0.000754166 1153
0.000756729 1164
0.000758718 1169
0.000758875 1178
0.000765314 1193
0.000833428 1194
2 1194
