0 321
1.0074e-05 329
0.000454809 340
0.000455068 341
0.000455419 358
0.00045591 374
0.000456529 375
0.000456742 405
0.000463764 416
0.000463995 436
0.000467547 444
0.000469943 460
0.000470878 468
0.000472922 484
0.000490156 513
0.000496142 536
0.000497372 548
0.000497835 550
0.000548057 562
0.000548242 574
0.000548455 586
0.00055692 590
0.000557984 612
0.00055852 621
0.000558585 626
0.000560139 638
0.000567456 651
0.000567614 669
0.000568095 682
0.000568317 688
0.000568705 712
0.000569001 719
0.000573951 724
0.000574182 747
0.00057494 759
0.000575144 767
0.000687782 773
0.000701298 799
0.000719633 805
0.000720142 807
0.000746951 808
0.000776581 821
2 821
