0 -26100
1.57e-07 -25542
0.000230115 -25348
0.000231105 -24781
0.000232289 -24333
0.00023598 -24013
0.000237451 -23426
0.00023759 -23054
0.000238524 -22680
0.000265287 -22432
0.000268673 -21838
0.000269514 -21396
0.000270005 -20943
0.000272179 -20453
0.000273057 -19914
0.00027402 -19437
0.000277572 -19424
0.00027846 -18957
0.000280005 -18522
0.000280606 -18105
0.000281106 -17642
0.000283428 -17120
0.000284658 -16680
0.000285888 -16227
0.000286823 -15721
0.000289321 -15318
0.000293021 -14868
0.000293363 -14506
0.000293964 -14104
0.000298914 -13793
0.000300764 -13348
0.000300995 -12980
0.000302827 -12696
0.00030464 -12265
0.000306203 -12214
0.000308229 -11774
0.000310366 -11412
0.000311042 -11002
0.000311495 -10608
0.000312697 -10476
0.000327157 -10131
0.000330727 -9775
0.000331347 -9380
0.000331486 -9005
0.000332337 -8699
0.000346611 -8682
0.000351172 -8381
0.000362384 -7994
0.000363041 -7647
0.000377111 -7315
0.000380349 -6951
0.000387565 -6536
0.000388527 -6067
0.000400608 -5856
0.000401829 -5493
0.000402912 -5166
0.000436085 -4968
0.000437741 -4629
0.000443791 -4320
0.000444624 -4031
0.000446345 -3680
0.000453209 -3389
0.000470693 -3217
0.00047357 -2993
0.000485587 -2685
0.00049802 -2347
0.000501378 -2043
0.000519325 -1806
0.000549464 -1532
0.000554487 -1235
0.000579057 -1064
0.000588798 -966
0.000597022 -848
0.00062434 -687
0.000628642 -586
0.000671187 -481
0.000700456 -473
0.000709541 -335
0.000715859 -290
0.000723509 -146
0.000748496 -105
0.000754537 19
0.000823243 22
0.000825778 31
0.000827702 33
0.000833567 81
0.000837341 100
0.000878628 157
0.000999592 158
0.00100397 172
0.00104189 174
0.00106638 179
0.00109256 188
0.00130108 206
0.00131207 209
0.00133925 210
0.00141077 214
2 214
