0 -1809
2.26e-07 -1729
1.0774e-05 -1671
0.000505467 -1667
0.000506248 -1632
0.000506851 -1560
0.000506974 -1525
0.000507972 -1499
0.000508433 -1470
0.00050898 -1422
0.000510232 -1391
0.000510618 -1329
0.000513801 -1269
0.000516504 -1268
0.00051738 -1230
0.000517634 -1180
0.00051786 -1167
0.000518557 -1153
0.000520017 -1136
0.000521392 -1096
0.000521919 -1034
0.000522258 -958
0.000522503 -910
0.000523078 -875
0.000550746 -870
0.000551594 -807
0.000552102 -804
0.000553044 -716
0.000553487 -599
0.000554061 -577
0.000556086 -551
0.000556227 -542
0.000561567 -509
0.000563526 -493
0.000565334 -465
0.000568724 -439
0.000569308 -421
0.000569666 -384
0.000570118 -369
0.000572115 -347
0.00057283 -313
0.000600433 -297
0.00060307 -294
0.000603729 -274
0.000604021 -250
0.000604445 -228
0.000604869 -198
0.000605066 -174
0.000605867 -156
0.000606686 -99
0.000608457 -89
0.000609097 -61
0.00061083 -54
0.000610952 -51
0.000611047 -49
0.000611894 -44
0.000612083 -25
0.000612177 -17
0.000612374 29
0.000614691 67
0.000615463 135
0.000615595 146
0.00061665 164
0.000617196 168
0.000625907 178
0.000627103 186
0.000631068 193
0.000632085 213
0.000632179 255
0.000635344 275
0.000643509 284
0.000647097 323
0.000649508 351
0.00065092 364
0.000651721 389
0.000656693 403
0.000657343 429
0.000659085 434
0.000659537 451
0.000659632 480
0.000661044 516
0.000661892 539
0.00066289 540
0.000674332 558
0.000678015 617
0.000679503 634
0.000680491 678
0.000680689 684
0.000681104 707
0.000682205 742
0.000682855 777
0.000683222 795
0.000686801 839
0.000689137 849
0.000689287 874
0.000690248 877
0.0006907 893
0.00069167 908
0.000696143 918
0.000696416 936
0.000696916 952
0.00070121 986
0.000702387 990
0.000702472 996
0.000706493 1004
0.000707397 1005
0.000707878 1026
0.000707962 1031
0.000708273 1039
0.000737505 1052
0.000738673 1056
0.000739652 1057
0.00074018 1071
0.000740594 1107
0.000756491 1111
0.000757197 1112
0.0007578 1119
0.00076039 1137
0.000761407 1149
0.00076232 1160
0.00076264 1182
0.000763074 1201
0.000763526 1213
0.000765447 1240
0.000767142 1272
0.000767236 1292
0.000768065 1300
0.000768225 1305
0.00076846 1313
0.00078367 1320
0.000785619 1321
0.000785751 1324
0.000787569 1325
0.000794406 1327
0.000794585 1343
0.000799755 1346
0.000807468 1347
0.000847841 1350
0.000857428 1364
0.000888797 1371
0.000892291 1376
0.000898497 1377
0.000903282 1384
0.00091172 1385
0.000915779 1403
0.000916419 1405
0.000917295 1409
0.000942562 1411
0.000949041 1430
0.000985958 1438
0.000990573 1444
0.000991552 1446
0.00100978 1448
2 1448
