0 -8010
1.22e-07 -7811
2.0647e-05 -7764
0.000496263 -7729
0.000496611 -7603
0.000500021 -7486
0.000509619 -7339
0.000510966 -7150
0.000512106 -6990
0.000512294 -6816
0.000516354 -6797
0.000516683 -6624
0.000536228 -6576
0.000537556 -6424
0.000538601 -6268
0.000540071 -6148
0.000543688 -6141
0.000544243 -6068
0.000544771 -5942
0.000553031 -5757
0.000554011 -5626
0.000555 -5516
0.000562931 -5385
0.00056375 -5258
0.00056392 -5129
0.000564372 -4999
0.000568027 -4949
0.000569119 -4804
0.000571003 -4780
0.000572887 -4616
0.000578623 -4614
0.000578821 -4441
0.000579207 -4311
0.000580592 -4193
0.0005863 -4184
0.000589568 -4092
0.000591442 -4061
0.00059407 -3900
0.000597339 -3870
0.000600381 -3845
0.000610309 -3790
0.00061208 -3677
0.000616073 -3576
0.000617298 -3488
0.00061808 -3372
0.000621819 -3262
0.000622243 -3164
0.000625408 -3139
0.000626415 -3026
0.000627046 -2934
0.000650067 -2869
0.000651027 -2771
0.000651432 -2742
0.000651922 -2641
0.000659203 -2556
0.000660239 -2364
0.000664308 -2265
0.000664911 -2183
0.000665787 -2086
0.000666173 -1977
0.00066736 -1856
0.00068034 -1823
0.000683608 -1737
0.000684964 -1682
0.000686095 -1575
0.000689165 -1479
0.000692443 -1473
0.000699055 -1319
0.000699658 -1262
0.000700553 -1175
0.000701419 -1160
0.000705112 -1073
0.000720908 -1026
0.000723102 -911
0.000727491 -833
0.000729441 -792
0.00072962 -734
0.000733331 -654
0.000746 -629
0.000746961 -590
0.000749071 -551
0.000762173 -485
0.000778326 -484
0.000779937 -458
0.000780766 -385
0.000780954 -340
0.000781303 -285
0.000782489 -218
0.000783629 -186
0.000786116 -166
0.000789149 -120
0.000796797 -109
0.00081361 -104
0.000828973 -43
0.000831233 -27
0.000831516 46
0.000836687 64
0.000839239 67
0.000844928 88
0.000846341 109
0.000850608 110
0.000864558 118
0.000865406 160
0.0008668 191
0.000877321 192
0.00090295 212
0.000905823 217
0.00090911 223
0.000910024 224
0.000910118 237
0.000945204 257
0.00098548 266
0.000989191 298
0.000989992 317
0.00103242 341
0.00103279 343
0.00103714 350
0.00104052 363
0.00109281 383
0.00109352 391
0.00109681 396
0.00110466 402
0.00111448 410
0.00111672 419
0.00112353 424
0.00114025 428
0.00114643 432
0.00115377 454
0.00115412 466
0.00118752 474
0.00119201 479
0.00119371 496
0.00120709 518
0.00121027 530
0.00122198 535
0.00124903 541
0.00125919 558
0.00129472 559
0.00129893 560
0.00133664 568
0.00134953 589
0.00140334 599
0.00143463 605
0.00145763 616
0.00147715 617
0.00150308 626
0.00152418 630
0.00162815 640
0.00164312 647
0.00180008 649
0.00197884 651
0.00366771 652
0.00369895 653
0.00380109 657
0.00389897 658
0.00395248 661
2 661
