0 -7384
2.83e-07 -7273
0.0004527 -7228
0.000455403 -7208
0.000457551 -7194
0.0004582 -7057
0.000458417 -6938
0.00045854 -6790
0.000458747 -6649
0.000460452 -6620
0.000460668 -6517
0.000461054 -6420
0.000462025 -6356
0.000462571 -6353
0.00046372 -6242
0.000464144 -6137
0.00046454 -6035
0.000465218 -5966
0.000467676 -5851
0.00046874 -5729
0.000476935 -5709
0.00047766 -5585
0.000478216 -5446
0.000478678 -5305
0.000480825 -5191
0.000481042 -5059
0.00048123 -4961
0.000482926 -4880
0.000484856 -4784
0.00048642 -4678
0.000487126 -4586
0.000494228 -4499
0.000495349 -4469
0.000496527 -4330
0.00049745 -4212
0.000498326 -4082
0.000499541 -3958
0.000499814 -3850
0.000502093 -3771
0.000502687 -3680
0.000503874 -3607
0.000504448 -3573
0.000505051 -3441
0.000505352 -3349
0.00050782 -3273
0.000510015 -3165
0.000512341 -3076
0.000512643 -2967
0.000513679 -2854
0.000515987 -2750
0.000519189 -2657
0.000520197 -2595
0.000521402 -2515
0.00052387 -2438
0.000525123 -2367
0.000525302 -2263
0.0005268 -2206
0.000530209 -2125
0.00053361 -2079
0.000533939 -1997
0.000535946 -1967
0.000537302 -1862
0.000549895 -1839
0.000558014 -1733
0.00056117 -1661
0.00056425 -1626
0.000567857 -1536
0.000570372 -1490
0.000580168 -1426
0.00059521 -1340
0.000595512 -1241
0.00060349 -1232
0.000606146 -1184
0.000611355 -1119
0.000616902 -1047
0.000619427 -989
0.000621132 -911
0.000623383 -851
0.000635411 -820
0.000636127 -775
0.000637521 -693
0.000643464 -637
0.000644632 -607
0.000651376 -545
0.000669188 -521
0.000670365 -476
0.000676309 -456
0.000709859 -426
0.000715275 -361
0.000741008 -333
0.000748666 -326
0.000755419 -280
0.000764631 -225
0.000788339 -191
0.000810257 -174
0.000824216 -128
0.000841962 -119
0.000848037 -72
0.000848574 -68
0.000849365 -65
0.000870633 -30
0.000873393 -9
0.000882021 27
0.000958532 66
0.000970702 99
0.00098873 103
0.000995116 121
0.00099813 151
0.00104546 170
0.00105068 173
0.00105597 205
0.00110085 223
0.00110107 250
0.00110966 255
0.00111877 257
0.00114592 263
0.00116511 287
0.00119726 290
0.00120881 291
0.00121655 294
0.00122921 295
0.00123296 305
0.00125331 306
0.00126566 311
0.00128677 315
0.00131304 325
0.0013136 330
0.00131649 338
0.0013234 339
0.00136303 350
0.00140657 353
0.00147558 361
0.00149523 362
0.00158038 370
0.00159885 373
0.00165859 382
0.00166086 384
0.00196531 387
0.00203179 391
0.00210035 392
0.0021116 397
0.0023801 402
0.00254032 406
0.00319797 407
2 407
