0 688
6.5e-08 716
0.000630234 729
0.000630583 748
0.000650685 770
0.000651034 775
0.000660746 800
0.000662931 817
0.000665042 829
0.000665739 853
0.000665918 854
0.000673717 870
0.000674254 876
0.000675912 880
0.000677438 887
0.000677938 905
0.000679115 909
0.000679435 911
0.000679596 918
0.000681583 934
0.00068229 939
0.000683156 943
0.000683919 946
0.000684023 957
0.000684664 984
0.000685153 987
0.000686209 1041
0.000686435 1042
0.00068651 1051
0.00070291 1060
0.000721986 1075
0.000722419 1080
0.000722514 1081
0.00072273 1102
0.000723324 1116
0.000726018 1119
0.000727139 1122
0.000727356 1128
0.000727732 1129
0.000728948 1136
0.000767853 1159
0.000768182 1178
0.00076854 1188
0.000768653 1197
0.000768945 1203
0.000771037 1214
0.000772412 1216
0.000774682 1219
0.000775332 1220
0.000778384 1227
0.000778761 1230
0.000780306 1232
0.000785261 1252
0.000786787 1255
0.000787823 1261
0.000788596 1264
0.000795171 1269
0.000796876 1273
0.000797441 1274
0.000803677 1284
0.000804064 1285
0.000804412 1287
0.000809282 1294
0.00081777 1302
0.000818382 1306
0.000822132 1316
0.000823375 1320
0.000829121 1321
0.000829215 1324
0.000830063 1336
0.000834086 1340
0.000834952 1345
0.000835046 1348
0.000836855 1356
0.000839191 1364
0.000839446 1371
0.000840162 1387
0.000849026 1398
0.000850166 1404
0.000851259 1411
0.000857806 1415
0.000857984 1416
0.000867584 1421
0.000904934 1429
0.00090516 1437
0.000918999 1440
0.00092337 1448
0.000926167 1453
0.00092759 1457
0.000928051 1463
0.000946986 1466
0.000953928 1468
0.000982999 1471
0.000983234 1472
0.000988142 1474
0.000988481 1485
0.00099111 1488
0.00113251 1490
2 1490
