0 520
2.45e-07 532
0.000574147 536
0.000575136 542
0.000575306 562
0.000575786 612
0.000576559 616
0.000594202 625
0.000594834 641
0.000595606 654
0.000596991 657
0.000598018 699
0.000601625 707
0.000601748 727
0.000606091 740
0.000661453 775
0.000661622 777
0.000661971 780
0.000662301 794
0.00066248 802
0.000664335 820
0.000664448 825
0.000672653 832
0.000672908 845
0.00067416 884
0.000674584 899
0.000675055 903
0.000687188 905
0.000687339 921
0.000688196 923
0.000691541 946
0.000696543 951
0.000696656 957
0.000696929 958
0.000704051 962
0.000704493 963
0.000705944 968
0.000706453 979
0.000707658 987
0.000708365 990
0.000727733 993
0.000727836 1000
0.00072842 1021
0.000728863 1027
0.000729334 1038
0.000734412 1042
0.000734722 1057
0.000735495 1058
0.00075621 1071
0.000756596 1079
0.000758904 1087
0.000759121 1091
0.000759629 1098
0.000760637 1104
0.00078154 1109
0.00078188 1110
0.000782219 1117
0.000782925 1132
0.000783104 1137
0.000784065 1144
0.000785309 1145
0.000785459 1154
0.000786128 1157
0.000787221 1159
0.000787343 1164
0.000788125 1165
0.000788737 1167
0.000788841 1168
0.000802821 1173
0.000802962 1174
0.000803951 1183
0.000804149 1188
0.000807116 1191
0.000807446 1205
0.000809773 1208
0.000810762 1213
0.000812222 1230
0.000813004 1233
0.000813136 1236
0.000814388 1238
0.000822669 1242
0.000824223 1245
0.000824336 1251
0.000828387 1261
0.000830977 1267
0.000831542 1282
0.000832673 1284
0.000834623 1290
0.000834717 1301
0.000841273 1302
0.000841839 1311
0.000842178 1312
0.000864569 1315
0.000864833 1321
0.000864927 1329
0.000868441 1337
0.000869892 1338
0.000870118 1340
0.000870382 1344
0.000871851 1346
0.00087431 1361
0.000874668 1370
0.000879029 1373
0.000882731 1376
0.000904624 1386
0.000904916 1389
0.000905453 1393
0.000906574 1399
0.000917548 1408
0.000917652 1409
0.000920817 1413
0.000930096 1414
0.000931123 1415
0.000932357 1416
0.0009362 1418
0.000939299 1427
0.000941909 1433
0.000951903 1434
0.000953806 1440
0.000958271 1441
0.000963631 1445
0.000987248 1460
0.00101702 1465
0.00105222 1479
0.00106712 1482
0.00109889 1484
0.00111533 1486
0.00111718 1487
0.00113413 1490
0.00130562 1495
2 1495
