0 -3895
1.41e-07 -3796
4.33e-07 -3654
7.733e-06 -3531
0.00029281 -3489
0.00035231 -3476
0.000352932 -3464
0.000371949 -3411
0.000373108 -3380
0.000374229 -3349
0.00037485 -3264
0.000375076 -3180
0.000375698 -3152
0.00037582 -3002
0.000376678 -2987
0.000380389 -2949
0.000381811 -2856
0.000382555 -2781
0.000424753 -2744
0.000425327 -2731
0.000426052 -2672
0.000426947 -2647
0.00042803 -2520
0.000428435 -2435
0.000435622 -2432
0.000436046 -2325
0.000439013 -2255
0.00044068 -2253
0.000441387 -2196
0.000447358 -2180
0.000447471 -2089
0.000447594 -1987
0.000463399 -1947
0.000463748 -1769
0.000467317 -1688
0.000468937 -1611
0.000470576 -1533
0.000473864 -1474
0.000474617 -1414
0.000483396 -1403
0.000487936 -1393
0.000496639 -1371
0.000500548 -1310
0.00050213 -1234
0.000516654 -1218
0.0005224 -1186
0.00052322 -1098
0.000523464 -1063
0.000524209 -1056
0.000524755 -980
0.000525687 -852
0.000537697 -812
0.00053813 -752
0.000539053 -701
0.000540136 -658
0.000540626 -582
0.00054073 -529
0.000549442 -510
0.000549875 -439
0.000561988 -406
0.000562516 -310
0.000564324 -277
0.000566924 -256
0.000568186 -219
0.000568619 -173
0.000569072 -116
0.00057137 -83
0.000571813 -76
0.000575542 -47
0.000576334 -37
0.000577276 -35
0.000577464 0
0.000577907 48
0.000578849 73
0.000580064 79
0.000580949 106
0.000584378 139
0.000645526 176
0.000648644 181
0.000648719 219
0.000663959 244
0.000664713 258
0.000664967 270
0.000665212 271
0.000665476 272
0.000665551 274
0.00066638 284
0.000686264 321
0.000686556 334
0.000688468 345
0.000688684 352
0.000707909 367
0.000716904 374
0.000718373 375
0.000720417 436
0.000722414 439
0.000725485 446
0.000725909 447
0.000727623 451
0.000728687 475
0.000748938 478
0.000754335 482
0.000759638 498
0.00076025 499
0.000771553 502
0.000772552 507
0.000787726 510
0.000791946 511
0.000798558 514
0.000799622 522
0.000801723 524
0.00080307 542
0.000803559 556
0.000808504 558
0.000811886 562
0.000822011 581
0.000824272 595
0.000824903 601
0.000827493 605
0.000829688 613
0.000831091 617
0.000832645 629
0.000835151 631
0.000849581 641
0.000851295 649
0.000859377 665
0.000867571 667
0.000874334 671
0.000874711 682
0.000878234 683
0.000890978 688
0.000892598 698
0.000896648 702
0.000914394 720
0.001007 721
0.00106945 727
0.00107532 729
0.00108267 738
0.00115247 740
2 740
