0 -2628
1.96e-07 -2528
8.794e-06 -2477
9.728e-06 -2443
0.000563509 -2388
0.000563948 -2330
0.000566823 -2314
0.000567962 -2274
0.000568355 -2190
0.000576645 -2154
0.000577373 -2014
0.000593291 -1975
0.000593553 -1910
0.000593683 -1802
0.000597689 -1757
0.000599808 -1696
0.000601264 -1658
0.000602777 -1623
0.000603272 -1540
0.000605232 -1529
0.000612664 -1524
0.000612916 -1492
0.00061356 -1457
0.000615483 -1351
0.000615782 -1276
0.000616398 -1194
0.000616986 -1137
0.000617603 -1088
0.000617789 -1055
0.000620665 -1023
0.000623587 -990
0.000631299 -926
0.000631429 -921
0.000633875 -911
0.000634762 -857
0.000637909 -795
0.000638329 -789
0.000639356 -735
0.000639598 -691
0.000643585 -673
0.00066095 -654
0.00066207 -593
0.000662285 -540
0.000674161 -534
0.000674366 -503
0.000676084 -465
0.00067924 -447
0.000680042 -333
0.000680687 -319
0.000690891 -317
0.000692179 -308
0.000692273 -275
0.000693309 -262
0.000695391 -197
0.000696054 -144
0.000697286 -109
0.000698033 -94
0.000704195 -89
0.000705185 -71
0.00070539 -50
0.000705483 11
0.000706081 14
0.000706762 48
0.000706874 59
0.000708368 60
0.000708564 78
0.000709442 97
0.000709946 117
0.000710058 118
0.000717023 121
0.000719273 175
0.0007241 179
0.000726079 186
0.000726256 228
0.000728516 263
0.000728702 265
0.000730093 272
0.000731036 274
0.00073113 313
0.00073282 332
0.000748327 336
0.000750101 360
0.000751314 369
0.000754302 373
0.000755376 377
0.000755656 385
0.000756804 395
0.000757215 431
0.000757486 435
0.000758083 445
0.00075827 455
0.000760324 459
0.00076952 502
0.000770705 503
0.000771042 521
0.000772946 543
0.000774029 548
0.000776513 552
0.000776606 599
0.000777157 606
0.000777418 608
0.000778165 618
0.000782637 632
0.00078541 636
0.000786017 640
0.000786624 644
0.000787819 646
0.000797173 657
0.00079863 660
0.000799115 665
0.000813689 670
0.000815061 692
0.000817666 699
0.000818441 700
0.000819813 719
0.000819907 720
0.000822969 724
0.000824285 727
0.000824827 732
0.000827488 736
0.000828197 747
0.000829924 791
0.000833379 796
0.000838262 807
0.000849054 830
0.000854572 834
0.000862806 835
0.000865392 837
0.000865794 856
0.000867502 865
0.000867689 894
0.000868875 896
0.000871255 916
0.000872871 917
0.000873048 927
0.000874691 943
0.000876885 965
0.000881768 972
0.000884009 978
0.00088596 981
0.000887491 989
0.000892122 995
0.000900132 1015
0.000901654 1021
0.000902055 1029
0.000903045 1035
0.000903652 1040
0.000906518 1047
0.000915639 1054
0.000917329 1063
0.000921129 1075
0.000932771 1080
0.000934685 1083
0.000940193 1087
0.000959687 1097
0.000959977 1103
0.000965279 1127
0.000969938 1129
0.000970536 1131
0.000976436 1133
0.000989983 1137
0.00102182 1138
0.00102842 1141
0.00106027 1146
0.00109903 1149
0.00110074 1157
0.00110713 1160
0.00111141 1169
0.00111191 1183
0.00111288 1184
0.00111361 1209
0.0011197 1211
0.00116985 1223
0.0011704 1224
0.00120597 1225
0.00122431 1232
0.00126591 1235
0.00129289 1236
0.001293 1249
0.00134177 1254
0.00139279 1260
0.00142333 1270
0.0014266 1275
0.00145872 1276
0.00152241 1278
0.00156357 1291
0.00156725 1292
2 1292
