0 -2300
1.31e-07 -2261
0.000626342 -2252
0.000628115 -2224
0.000632681 -2209
0.000633269 -2202
0.000634548 -2136
0.000635435 -2125
0.000637321 -2096
0.000646694 -2062
0.000647404 -2005
0.000647917 -1976
0.000648926 -1940
0.000658841 -1914
0.000661604 -1875
0.000663835 -1825
0.000664806 -1808
0.000665469 -1759
0.000667122 -1713
0.000677522 -1680
0.000677755 -1659
0.000679501 -1582
0.000681994 -1562
0.000684281 -1535
0.000684804 -1523
0.000685719 -1477
0.000691181 -1463
0.000692068 -1449
0.000692544 -1409
0.000693505 -1398
0.000694915 -1385
0.000695149 -1364
0.000695914 -1349
0.000696512 -1339
0.000696988 -1324
0.000697576 -1265
0.000697679 -1166
0.00070062 -1144
0.000703635 -1124
0.000709834 -1077
0.000710096 -1069
0.000710189 -1040
0.000713298 -1019
0.000713886 -937
0.000714204 -906
0.000717303 -811
0.00071946 -741
0.000721747 -739
0.00072185 -674
0.000722074 -663
0.00075448 -643
0.000754816 -606
0.000755021 -567
0.000755133 -485
0.000755675 -479
0.000757308 -471
0.000757645 -446
0.000758121 -410
0.000758569 -342
0.000760548 -300
0.000764311 -292
0.000764525 -240
0.00076474 -182
0.000773217 -165
0.000774319 -153
0.00077458 -134
0.000774767 -120
0.00077964 -117
0.0007857 -114
0.000785998 -95
0.000786269 -92
0.000787324 -23
0.000788136 0
0.000790022 52
0.000791264 60
0.000794606 108
0.000795829 114
0.000797304 127
0.000798331 135
0.00079892 171
0.000810226 198
0.000810823 235
0.000811028 260
0.000811757 261
0.000812167 278
0.000812569 291
0.000813316 331
0.000813409 338
0.000814259 348
0.000814707 353
0.000814772 363
0.000818339 377
0.000818768 378
0.000819851 435
0.00082113 459
0.00082395 530
0.000824332 535
0.000828244 570
0.000828683 585
0.00083098 611
0.000850016 613
0.00085052 646
0.000850744 657
0.000850903 659
0.000851902 661
0.0008539 664
0.000854096 688
0.000854488 708
0.000857933 710
0.000862863 711
0.000866653 732
0.000869071 748
0.000870444 761
0.000872115 770
0.000874589 791
0.000875961 807
0.000882739 811
0.000883962 827
0.000888061 828
0.000890283 833
0.000892495 876
0.000893242 886
0.000893541 889
0.000893634 893
0.000894157 919
0.00089511 964
0.000897966 1003
0.000899619 1008
0.000900216 1012
0.000901383 1015
0.000902037 1019
0.000910757 1035
0.000916984 1040
0.000917908 1047
0.000918291 1056
0.000926824 1072
0.000928393 1080
0.000928467 1093
0.000932743 1098
0.000936394 1102
0.000944899 1181
0.000954795 1202
0.000966055 1211
0.000966195 1221
0.000971246 1222
0.000972534 1239
0.000976492 1246
0.000978826 1251
0.000981095 1257
0.000984456 1272
0.000987248 1286
0.000990823 1294
0.000997377 1302
0.00100255 1309
0.00101033 1320
0.0010122 1343
0.00101249 1348
0.00101364 1375
0.00102451 1400
0.00102888 1402
0.00103177 1420
0.00103512 1421
0.00103697 1431
0.0010375 1440
0.00105464 1464
0.00106202 1470
0.00106524 1474
0.00107312 1484
0.00109913 1498
0.00111964 1505
0.00112764 1511
0.00114969 1514
0.00115319 1517
0.0011573 1535
0.00115958 1539
0.00115986 1540
0.00116043 1550
0.00116054 1561
0.00116679 1568
0.00117568 1574
0.00117915 1587
0.0011953 1588
0.00122043 1605
0.00123409 1606
0.00124934 1615
0.0012659 1617
0.00127279 1627
0.00127826 1642
0.00128472 1644
0.00128647 1645
0.00132462 1646
0.00133739 1656
0.00134638 1660
0.0013635 1662
0.00144863 1674
0.0014849 1679
0.00154957 1680
0.00155219 1681
0.0015528 1690
0.00156891 1698
0.00162121 1709
2 1709
