0 -15
4.2e-07 5
6.16e-07 16
5.2469e-05 23
5.2712e-05 56
5.358e-05 57
5.3692e-05 58
5.4588e-05 65
5.5289e-05 76
5.9284e-05 80
5.9378e-05 92
5.9593e-05 95
5.9658e-05 114
8.4847e-05 120
8.5136e-05 129
8.592e-05 156
8.6415e-05 178
0.000277871 203
0.000278086 220
0.000278384 237
0.000278543 258
0.000278627 279
0.000341272 281
0.000341982 291
0.000358367 306
0.000358871 309
0.000359058 343
0.000360215 345
0.000360486 349
0.000360878 373
0.000361037 375
0.00036114 417
0.000413207 433
0.000429872 441
0.000430983 455
0.000431282 471
0.000431469 473
0.000431525 477
0.000432701 484
0.000432785 489
0.000434643 496
0.000434755 499
0.000434802 519
0.000479214 541
0.000479344 551
0.000479802 554
0.000487719 557
0.000491126 565
0.000491453 567
0.000491519 574
0.000491864 595
0.00049192 600
0.000492144 605
0.000492303 610
0.000529825 617
0.000532215 619
0.000532345 631
0.000532439 634
0.00053326 636
0.000533746 644
0.000534203 647
0.000534306 650
0.000534595 657
0.000536939 658
0.000537125 673
0.000538078 691
0.000539394 704
0.000544492 709
0.000544716 730
0.000545407 731
0.000545799 738
0.000559084 749
0.000559355 750
0.000559896 756
0.000560083 759
0.000560858 776
0.000561334 779
0.000562314 784
0.000569596 788
0.000571706 798
0.000571753 814
0.000575114 823
0.000576421 826
0.000576879 828
0.000606119 829
0.000613691 831
0.000615082 838
0.000620506 839
0.000620936 840
0.000621169 849
0.000621337 853
0.000662799 859
0.000663574 866
0.000663733 868
0.000664339 880
0.000664619 884
0.000668438 886
0.000671369 891
0.000722139 896
0.000732288 897
0.000733931 904
0.000734734 906
2 906
