0 -773
1.31e-07 -736
8.664e-06 -716
0.000442037 -711
0.000442205 -690
0.000442924 -689
0.000443017 -567
0.00045128 -538
0.000451457 -512
0.000453735 -456
0.000454837 -452
0.000454912 -436
0.000455388 -399
0.000458198 -383
0.000458693 -336
0.000458861 -286
0.000460336 -279
0.000476403 -278
0.000476581 -240
0.00047729 -159
0.000477468 -77
0.000485646 -24
0.000502461 -11
0.00050317 -10
0.000504216 5
0.000507175 10
0.000518248 83
0.000518659 92
0.000518901 98
0.000529815 115
0.00053003 119
0.000530581 148
0.0005313 184
0.000531981 187
0.000532476 223
0.000533298 238
0.000540244 244
0.000540318 253
0.000540477 284
0.00054198 296
0.000542316 318
0.000542895 348
0.000543231 351
0.000569802 369
0.000571557 370
0.00057307 385
0.000573527 400
0.000573751 403
0.000573985 406
0.000575842 414
0.000576365 423
0.000576701 435
0.000578475 437
0.000580062 439
0.000582648 464
0.000584096 477
0.000584366 508
0.000585813 516
0.000587363 540
0.000588717 553
0.000590425 565
0.000623242 576
0.000623942 580
0.000625977 584
0.000628647 588
0.000629646 597
0.000631971 599
0.000634202 600
0.00063536 604
0.00063578 610
0.000636994 615
0.000637097 619
0.000637479 621
0.000641074 635
0.000641214 642
0.00064267 653
0.000644229 659
0.000646965 666
0.000647684 672
0.000649654 690
0.000652613 705
0.000654088 714
0.000656348 726
0.000656469 731
0.000656936 740
0.000657552 748
0.000657757 752
0.000659578 754
0.000659634 768
0.000660138 774
0.000662342 790
0.000663434 793
0.000665824 799
0.00066968 804
0.000672975 820
0.000673433 837
0.00068233 838
0.000686391 840
0.000688725 844
0.000691722 846
0.000694654 851
0.000695924 854
0.000704485 859
0.000704905 878
0.000705586 880
0.00070975 885
0.000710497 897
0.000713158 912
0.000720459 924
0.0007234 937
0.000729113 940
0.000754862 942
0.000755142 949
0.000761902 950
0.000783664 955
0.000791908 958
0.000796081 968
0.000797556 972
0.000798929 975
0.000802262 984
0.000821942 987
0.000829505 991
2 991
