0 -758
1.1e-07 -682
0.000471139 -639
0.000474329 -596
0.000474576 -562
0.000475328 -532
0.000476144 -509
0.000476575 -490
0.000476868 -446
0.000477134 -423
0.000477427 -395
0.000489656 -373
0.000490233 -350
0.000490838 -309
0.000491297 -264
0.000491856 -248
0.000491929 -233
0.000492296 -224
0.000492745 -198
0.000493341 -171
0.000498236 -154
0.00049841 -136
0.000498768 -102
0.000498869 -88
0.000499318 -86
0.000499969 -58
0.000501087 -32
0.000507742 -21
0.000508952 -6
0.000539001 40
0.000543603 46
0.00054473 51
0.000557481 65
0.000558325 100
0.000558948 121
0.000559406 125
0.000560176 145
0.000562294 178
0.000565182 180
0.000566832 198
0.000566969 227
0.00056872 240
0.000575128 265
0.000575329 275
0.000575907 278
0.000578116 305
0.000578217 347
0.000578492 364
0.000578776 377
0.000580573 388
0.000581022 424
0.000581389 433
0.000581563 457
0.000581728 465
0.000581792 468
0.000583534 473
0.000583891 488
0.000584294 496
0.000584744 510
0.000585358 516
0.000585422 517
0.000588016 528
0.000591775 535
0.000591912 542
0.000591976 569
0.000593379 570
0.00059601 602
0.00060283 605
0.000603728 617
0.000604901 623
0.000605039 625
0.000606047 641
0.00060613 645
0.000606194 661
0.000607037 663
0.00060767 692
0.000610017 706
0.000614563 720
0.000615177 726
0.000616983 741
0.000618533 750
0.000618789 767
0.000625188 779
0.000625261 782
0.000627269 791
0.000628103 799
0.000628259 815
0.000629019 822
0.000631834 841
0.000632485 854
0.000633264 855
0.000633814 879
0.000636646 881
0.000637233 887
0.000637453 898
0.000639204 906
0.000642027 922
0.000647353 940
0.000647619 954
0.000648847 962
0.000650415 969
0.000651643 976
0.00065795 982
0.000660361 997
0.000661855 1011
0.000662423 1030
0.000662625 1032
0.000663762 1035
0.000663835 1040
0.000665577 1047
0.000669995 1054
0.000671994 1055
0.00067401 1058
0.000674294 1070
0.000676385 1081
0.000677145 1088
0.00067963 1120
0.000680381 1125
0.000686175 1130
0.000688109 1137
0.000690483 1146
0.000694223 1147
0.000696597 1150
0.000697267 1158
0.00070053 1168
0.000703143 1175
0.000710394 1176
0.000712401 1190
0.000713272 1192
0.000714436 1195
0.000715793 1196
0.000716379 1200
0.000726371 1201
0.000729818 1211
0.000731221 1216
0.000736895 1219
0.000739232 1223
0.00074014 1224
0.000740947 1225
0.000748253 1226
0.000750141 1235
0.000751048 1238
0.00075323 1246
0.000759363 1254
0.00076017 1265
0.00076083 1268
0.000760985 1282
0.000761233 1299
0.000761425 1301
0.000762095 1310
0.00076336 1315
0.000764258 1319
0.000766348 1331
0.000768429 1332
0.000772169 1333
0.000774791 1343
0.000776624 1344
0.000783545 1356
0.000786818 1357
0.000790273 1358
0.000791997 1366
0.00080098 1374
0.000802099 1376
0.000804665 1380
0.000807085 1383
0.000824924 1402
0.000830938 1406
0.000831414 1410
0.000835952 1415
0.000842909 1416
0.000887836 1418
0.000891961 1421
0.000941416 1422
0.000997123 1437
2 1437
