0 -279
2.92e-07 -200
8.161e-06 -175
8.34e-06 -138
8.641e-06 -114
0.000545983 -87
0.00054744 -76
0.000548324 -45
0.000548409 -37
0.000548756 -17
0.000549415 19
0.000550035 30
0.000550327 55
0.000550421 60
0.000553326 93
0.000553655 135
0.000557877 160
0.000559682 181
0.000561581 210
0.000561891 223
0.00056332 236
0.000566846 251
0.000567504 321
0.000567815 364
0.000568839 383
0.000574227 399
0.000574725 434
0.00058346 443
0.000591198 450
0.000593125 497
0.000596604 528
0.000597102 540
0.000601051 543
0.00060296 552
0.000603298 573
0.000604981 639
0.000605207 641
0.000605433 659
0.000606063 672
0.000606373 673
0.000609955 696
0.00061004 703
0.000610331 711
0.000612512 721
0.000613077 796
0.000615324 799
0.000615493 801
0.000615719 812
0.000616019 833
0.000616292 861
0.000617411 890
0.000621736 896
0.000624904 927
0.000625873 930
0.000625967 936
0.000627227 938
0.000627387 951
0.000627735 953
0.000627838 955
0.000628891 956
0.000630207 987
0.00063253 990
0.000632849 1004
0.000633761 1028
0.00063504 1029
0.000635632 1036
0.000635783 1043
0.000636027 1049
0.000636149 1056
0.000636385 1061
0.000637616 1101
0.000638105 1110
0.000642787 1115
0.000644499 1123
0.00064479 1146
0.000648194 1170
0.000648955 1176
0.000662118 1196
0.000662306 1202
0.000662795 1214
0.00066288 1236
0.000664986 1242
0.000670909 1260
0.000673946 1279
0.000674031 1294
0.000674285 1297
0.00067436 1310
0.00067451 1351
0.000675742 1357
0.000676052 1383
0.000676541 1385
0.000677622 1395
0.000678497 1421
0.000679202 1422
0.000679597 1424
0.000680283 1428
0.00068049 1433
0.000680932 1446
0.000695092 1451
0.000699163 1452
0.000702952 1464
0.000703723 1469
0.000703807 1481
0.000709232 1483
0.000709449 1492
0.000709825 1497
0.000712091 1504
0.000722085 1507
0.000723166 1513
0.000723467 1524
0.000728751 1533
0.000731365 1535
0.000736696 1547
0.000737119 1563
0.000737702 1567
0.000739291 1573
0.000741745 1579
0.000741811 1581
0.000746437 1595
0.00075283 1601
0.000760954 1614
0.000762731 1627
0.000769763 1630
0.000770356 1633
0.000773383 1635
0.00077595 1636
0.000777022 1659
0.000788925 1663
0.000789414 1670
0.000791228 1671
0.000793278 1677
0.000794952 1682
0.000810268 1684
0.000811509 1686
0.000822782 1693
0.000851506 1694
0.000852766 1698
0.000855577 1701
0.000857918 1708
0.000858294 1711
0.00085977 1720
0.000861491 1728
2 1728
