0 -23167
1.12e-07 -22759
8.033e-06 -22732
0.000320075 -22706
0.000321812 -22335
0.000322159 -22078
0.000323492 -21702
0.000327987 -21320
0.000329385 -21256
0.000329583 -20893
0.000331112 -20533
0.000332004 -20158
0.000333656 -19839
0.0003339 -19518
0.000335626 -19473
0.00033634 -19020
0.000363247 -18979
0.000364072 -18655
0.00036456 -18302
0.000365199 -17952
0.000365583 -17622
0.000366503 -17485
0.00036914 -17073
0.000370332 -16726
0.000371421 -16403
0.000372472 -16146
0.00037281 -15841
0.000379952 -15764
0.000380731 -15419
0.000381116 -15192
0.000381941 -14805
0.000382101 -14633
0.000386634 -14554
0.000386925 -14300
0.000387122 -13971
0.000390745 -13905
0.000396122 -13670
0.000397474 -13338
0.00039799 -13038
0.000398178 -12688
0.000400111 -12267
0.000401519 -12173
0.000404156 -11777
0.000405498 -11372
0.000407394 -11085
0.000409458 -10778
0.000410341 -10483
0.000411608 -10235
0.000413578 -10016
0.000418346 -9703
0.000418956 -9360
0.000421931 -9029
0.000426192 -8731
0.000432217 -8393
0.000433615 -8243
0.000441114 -8207
0.000448763 -7925
0.000451766 -7699
0.000452207 -7359
0.000455848 -7089
0.00045796 -6691
0.000468931 -6414
0.000470433 -6411
0.000471503 -6208
0.000477256 -6067
0.0004775 -5867
0.000482483 -5676
0.000485777 -5512
0.000488856 -5419
0.000489494 -5265
0.000504144 -5199
0.000508564 -5013
0.000509465 -4794
0.000509662 -4649
0.000510713 -4438
0.000516279 -4111
0.000518118 -3957
0.000519986 -3724
0.000521666 -3492
0.000522285 -3283
0.000523195 -3054
0.000524575 -2940
0.00052618 -2790
0.000528235 -2638
0.00053502 -2535
0.000540267 -2403
0.000542078 -2380
0.000543486 -2207
0.000547953 -2098
0.000548113 -2008
0.000550459 -1894
0.000550722 -1766
0.000551989 -1660
0.000552777 -1500
0.000554823 -1330
0.00056371 -1208
0.000566967 -1170
0.0005683 -1071
0.000611565 -1031
0.000614624 -936
0.000618753 -823
0.000633244 -760
0.000635421 -689
0.000643774 -593
0.000686053 -563
0.000686222 -489
0.000705114 -454
0.000708474 -410
0.000708728 -384
0.000722458 -349
0.00072594 -332
0.000729346 -292
0.000731242 -276
0.000733063 -218
0.00073372 -146
0.000741387 -114
0.000754236 -98
0.000761012 -90
0.000761725 -82
0.000766596 -81
0.000769646 -29
0.000788913 -28
0.000791869 9
0.000796224 21
0.000797744 32
0.000800729 88
0.000803413 116
0.000805637 135
0.000806707 138
0.000811043 158
0.000811353 172
0.000813568 194
0.000829353 220
0.000855519 266
0.000860033 292
0.000865551 296
0.000867982 307
0.000895011 309
0.000898155 318
0.000913143 345
0.000927971 351
0.000928637 360
0.00092874 367
0.000936051 407
0.000953939 412
0.000954821 414
0.00096369 416
0.000987584 421
0.00112208 425
0.00114083 426
0.0011751 427
0.00119085 428
0.00125509 434
0.00126171 435
0.00135029 449
0.00139038 453
0.00141212 518
0.00153462 520
0.00194152 526
2 526
