0 -3902
8.37e-07 -3775
1.2754e-05 -3764
0.000744406 -3693
0.000744694 -3585
0.000747043 -3531
0.00076976 -3484
0.000777887 -3456
0.00078857 -3453
0.000788948 -3398
0.00079046 -3394
0.000791936 -3350
0.000793367 -3233
0.000800576 -3219
0.000801179 -3113
0.000802079 -3068
0.000802385 -2933
0.000803195 -2878
0.000806138 -2874
0.000807812 -2869
0.000809225 -2802
0.000811161 -2781
0.000811557 -2698
0.000811692 -2632
0.000812097 -2548
0.000820503 -2463
0.000821223 -2388
0.000823509 -2315
0.000824742 -2251
0.000827739 -2228
0.000828585 -2186
0.000829908 -2108
0.000830547 -2057
0.000832437 -1966
0.000832635 -1852
0.000833544 -1779
0.000834084 -1707
0.000837711 -1632
0.000837999 -1602
0.000838152 -1497
0.000839142 -1407
0.00084006 -1369
0.00084123 -1312
0.000843381 -1266
0.000847233 -1225
0.000856575 -1142
0.000857106 -1038
0.000858304 -1007
0.000858718 -896
0.000859672 -851
0.000860482 -834
0.000861724 -828
0.000863092 -736
0.000864361 -734
0.000865297 -731
0.000865954 -620
0.000866233 -604
0.000874873 -557
0.000877249 -512
0.000877699 -436
0.00087832 -394
0.000879517 -342
0.000879724 -272
0.000894079 -228
0.000894646 -164
0.00089659 -117
0.000897229 -87
0.000905915 -74
0.000906986 -41
0.000911918 28
0.000912269 99
0.000913412 126
0.000914456 141
0.000915788 154
0.000915995 241
0.000925139 269
0.000926894 274
0.000927119 326
0.000928919 348
0.000929135 349
0.000929576 350
0.000930638 369
0.000931232 398
0.000931601 422
0.000934166 427
0.000935741 436
0.000935858 476
0.000937307 501
0.00093755 513
0.000939602 522
0.000939692 582
0.000941024 591
0.000941402 598
0.000943994 618
0.0009452 626
0.000945911 628
0.000946478 631
0.000946595 632
0.000946838 679
0.000953625 693
0.000959493 732
0.00096501 757
0.000965748 787
0.00097374 794
0.000974442 802
0.000975342 809
0.000979869 824
0.000980283 869
0.000981129 873
0.000981345 883
0.000981516 897
0.000984612 931
0.000985332 961
0.000987609 962
0.000992172 963
0.000993693 989
0.000995187 1004
0.000996078 1010
0.000999444 1072
0.0010057 1106
0.00100603 1110
0.00100614 1116
0.00100648 1132
0.00100737 1139
0.00100746 1154
0.00100876 1164
0.00101203 1165
0.00101275 1180
0.00101483 1182
0.0010175 1190
0.00102065 1193
0.00102858 1199
0.00103015 1224
0.00103118 1253
0.001034 1264
0.00103824 1273
0.00103917 1283
0.00103928 1290
0.00105335 1299
0.00105345 1306
0.00105408 1314
0.00105931 1340
0.0010621 1347
0.00106499 1353
0.00107833 1386
0.00107974 1387
0.00108045 1388
0.00108171 1406
0.00108613 1414
0.0010931 1415
0.00109658 1474
0.00110073 1528
0.00110152 1532
0.00110379 1539
0.00110463 1540
0.00110623 1544
0.00110634 1558
0.00110677 1577
0.00110701 1603
0.0011169 1623
0.00111761 1630
0.00111822 1638
0.00112006 1640
0.00112064 1648
0.0011261 1663
0.00112736 1664
0.00112745 1667
0.0011471 1674
0.00114782 1694
0.00114816 1712
0.0011504 1719
0.00116311 1773
0.00116606 1786
0.00116726 1792
0.00117328 1794
0.00119119 1801
0.0012162 1803
0.00122012 1807
0.00122212 1843
0.00130794 1846
0.00131386 1850
0.00143739 1852
2 1852
