0 428
0.000356826 435
0.000357082 444
0.000357186 462
0.00036058 467
0.000370107 474
0.00037041 503
0.000370628 514
0.000370922 535
0.000371396 563
0.000371633 577
0.000371918 594
0.000458797 604
0.000458854 607
0.000464617 638
0.000464873 648
0.000465196 661
0.00046566 666
0.00046603 668
0.000466238 680
0.000466703 684
0.000466892 695
0.000508678 697
0.000509891 700
0.000516963 707
0.000517058 721
0.000517143 736
0.000551004 743
0.000559374 752
0.000559839 756
0.00056 758
0.000560057 761
0.000562256 765
0.000565451 766
0.000570446 771
0.000570788 772
0.000572077 779
0.000573034 784
0.000573262 785
0.000573432 794
0.000575376 799
0.000633836 801
0.000638974 806
0.000669147 808
0.000673308 815
0.000674057 829
0.00067455 831
0.000674891 834
0.000675176 840
0.000689812 856
0.000697566 865
0.000703652 873
0.000732811 881
2 881
