0 -1389
2.52e-07 -1379
0.000537339 -1372
0.000539886 -1339
0.000540633 -1272
0.000541758 -1255
0.000542217 -1225
0.000543522 -1198
0.000543621 -1178
0.000543963 -1127
0.000551568 -1107
0.000551919 -1086
0.000552036 -1007
0.000553179 -998
0.000553296 -977
0.0005565 -941
0.000563403 -922
0.000563835 -892
0.000564177 -851
0.000565239 -764
0.000568272 -689
0.000569046 -668
0.000569739 -618
0.000570063 -603
0.000570252 -521
0.000570351 -489
0.000574338 -485
0.000575643 -471
0.000584914 -449
0.000586192 -410
0.000599566 -401
0.000599881 -397
0.000600502 -360
0.000601708 -341
0.000602266 -293
0.000603913 -255
0.000604021 -224
0.000607306 -192
0.000607801 -134
0.000612022 -74
0.000612472 -55
0.000613255 -35
0.000615658 -17
0.000615766 -13
0.000616216 23
0.000616531 65
0.000624505 68
0.000624973 96
0.000625081 108
0.000625306 144
0.000625963 167
0.000626936 198
0.000627476 218
0.000628205 220
0.000628304 228
0.000628376 246
0.000631985 281
0.000632714 317
0.000632921 392
0.000638924 407
0.000639014 416
0.000641291 440
0.000641444 476
0.000642173 486
0.000649022 496
0.000650084 538
0.000656258 546
0.00067956 551
0.000682449 615
0.000682656 616
0.000683052 619
0.000684483 632
0.000686256 633
0.000686544 663
0.00068712 689
0.000687777 750
0.000687885 800
0.00069963 815
0.000711069 826
0.00071142 853
0.000711834 856
0.000711933 857
0.000712149 864
0.000713067 868
0.000713472 910
0.000714777 931
0.000715092 933
0.000715443 946
0.000718224 958
0.0007188 961
0.000719727 968
0.000724867 1000
0.000727756 1005
0.000731734 1011
0.000732472 1013
0.000732931 1050
0.000736657 1076
0.000736756 1097
0.000737287 1101
0.000737683 1103
0.000742471 1113
0.000743182 1114
0.00074428 1116
0.000744478 1131
0.000744568 1136
0.000744757 1150
0.000744838 1159
0.000746458 1172
0.000749437 1177
0.000749653 1180
0.000751273 1182
0.000754396 1188
0.000754567 1201
0.000755611 1216
0.000756286 1232
0.000756691 1235
0.000758869 1242
0.00075904 1253
0.000759238 1284
0.000760219 1296
0.000760597 1346
0.000761389 1348
0.000763459 1349
0.000765331 1367
0.00076714 1382
0.000767869 1392
0.000769481 1394
0.000771641 1420
0.000772766 1427
0.000773918 1432
0.000785825 1434
0.000788237 1444
0.00078857 1471
0.000789857 1476
0.000790532 1500
0.000791783 1515
0.000791954 1521
0.000792044 1572
0.000792863 1580
0.000793286 1583
0.000793385 1601
0.000793565 1632
0.000798641 1655
0.000798965 1672
0.000807092 1676
0.000809684 1679
0.000816885 1696
0.000817515 1699
0.000817686 1716
0.000826839 1733
0.000829179 1736
0.000831024 1744
0.00083178 1748
0.000834642 1767
0.000836982 1772
0.000837486 1775
0.000839547 1777
0.000842454 1781
0.000844875 1782
0.00084663 1796
0.000846999 1800
0.000848448 1803
0.000851823 1806
0.000860013 1825
0.000865342 1833
0.000865666 1840
0.000876952 1844
0.000882352 1847
0.000889246 1854
0.000895195 1863
0.000906274 1865
0.00090901 1867
0.000910054 1869
0.000913601 1870
0.000923798 1874
0.000925688 1876
0.000930206 1890
0.000946343 1891
0.00097266 1892
0.000975531 1900
2 1900
