0 -28582
6.34e-07 -27976
0.000239869 -27478
0.000241723 -26869
0.000242708 -26513
0.000244666 -25919
0.000244865 -25521
0.00024495 -25087
0.0002453 -24605
0.000247231 -24277
0.00024937 -23833
0.000251092 -23273
0.000252332 -22658
0.000253344 -22137
0.000256221 -21531
0.000256325 -20918
0.000261397 -20475
0.000262741 -20289
0.00026381 -19537
0.000263971 -19104
0.000264208 -18697
0.000264444 -18233
0.000264586 -17757
0.000267747 -17173
0.000273595 -16926
0.000273888 -16562
0.000275942 -16149
0.000276197 -15753
0.000277522 -15309
0.000278677 -14778
0.00028161 -14279
0.000283304 -13777
0.000286417 -13318
0.000286663 -12915
0.000289266 -12485
0.000290278 -11963
0.000292142 -11586
0.000293694 -11138
0.000300754 -11112
0.000303233 -10692
0.000309129 -10441
0.000311097 -10129
0.000311712 -9732
0.000313926 -9723
0.000314106 -9241
0.00031492 -8749
0.000317834 -8443
0.000320002 -8170
0.000325433 -7677
0.000328282 -7372
0.000329767 -7132
0.000339344 -6630
0.000342221 -6181
0.000344728 -5709
0.000344908 -5412
0.000349006 -5036
0.000353557 -4656
0.000373089 -4624
0.000378767 -4357
0.000380716 -4045
0.00039105 -3871
0.000391901 -3600
0.000398157 -3358
0.000411433 -3027
0.000417679 -2771
0.000419723 -2485
0.000425391 -2166
0.000426744 -2034
0.000449919 -1926
0.000469016 -1724
0.000483674 -1546
0.000493761 -1403
0.000498171 -1274
0.000502448 -1121
0.000515914 -1046
0.000517637 -905
0.000530828 -896
0.000558384 -721
0.000568727 -656
0.000589801 -557
0.000597306 -406
0.000609078 -391
0.00062508 -334
0.000659582 -314
0.000664909 -168
0.000666774 -106
0.000679804 -75
0.000722776 -17
0.000766788 33
0.000770914 66
0.000809466 102
0.000861551 124
0.000895665 148
0.00098228 151
0.000996844 179
0.00102577 184
0.00107522 195
0.00107615 204
0.0013884 212
2 212
