0 -653
6.39e-07 -614
8.96e-07 -512
0.000476482 -470
0.000476711 -443
0.000484649 -372
0.000484859 -360
0.000485021 -351
0.00048705 -345
0.000488813 -313
0.000489395 -287
0.000490376 -224
0.000505052 -170
0.000505529 -120
0.000506825 -107
0.00050693 -48
0.000508149 -41
0.000508512 -36
0.000512066 -17
0.000512266 21
0.000513572 49
0.000513791 98
0.000513896 112
0.000518832 114
0.000518947 134
0.000519709 152
0.000519804 185
0.00051989 210
0.000520262 214
0.000521091 233
0.000542123 246
0.000543658 253
0.000544677 266
0.000547145 277
0.000547622 285
0.000547955 299
0.000548623 334
0.000549318 340
0.000549833 352
0.000552025 354
0.000557886 379
0.000557981 389
0.000558543 393
0.000559925 414
0.000560011 419
0.000560096 435
0.000560497 465
0.000562002 474
0.000567234 497
0.000567482 500
0.000567596 515
0.000590582 519
0.000591078 547
0.000592641 551
0.000593079 564
0.000593965 601
0.000594328 605
0.000594718 611
0.000610843 619
0.000610929 624
0.000611014 639
0.000614655 642
0.000615007 659
0.000616627 662
0.00061678 673
0.000617618 687
0.000618371 691
0.000619048 695
0.000620592 705
0.000620916 716
0.000623012 734
0.000631818 760
0.000640738 777
0.000641052 817
0.000666211 835
0.000667164 857
0.000667478 865
0.000668937 866
0.000670309 873
0.000670385 889
0.000670681 896
0.000671024 897
0.000671967 911
0.00067211 912
0.000673273 926
0.000673644 927
0.000674092 939
0.000692961 943
0.000693276 956
0.000693447 959
0.000699384 963
0.000704769 967
0.000707894 976
0.000722542 979
0.000738066 983
0.00075501 990
0.000756382 1005
0.000760833 1012
0.000766627 1027
0.000769714 1039
0.00101224 1046
0.00101596 1050
2 1050
