0 381
1.62e-07 414
0.000577965 415
0.00058131 421
0.000583692 451
0.000584741 453
0.000595643 465
0.000595738 501
0.0005961 520
0.000597006 540
0.000597854 544
0.000598073 545
0.000598273 555
0.000599255 576
0.000599931 578
0.000602847 579
0.000603515 592
0.000603953 599
0.000604506 600
0.000604973 609
0.00060523 627
0.00060664 652
0.000606945 653
0.000627425 654
0.000627949 658
0.000628082 675
0.00063279 677
0.000638708 697
0.000638851 698
0.000639413 705
0.0006413 714
0.000722189 737
0.000727936 742
0.000743184 760
0.000743727 766
0.000744222 768
0.000744327 775
0.000744632 785
0.000745728 788
0.000745909 795
0.000746624 832
0.000748263 846
0.000760118 858
0.000760347 863
0.000761786 865
0.0007619 872
0.000764359 875
0.000764454 881
0.000765093 883
0.000766074 889
0.000766332 890
0.000766427 901
0.000775957 907
0.000787126 914
0.000787459 915
0.000788012 919
0.000788126 924
0.000789298 936
0.000790585 944
0.000790852 953
0.000798047 962
0.000798361 978
0.000804422 980
0.000805947 988
0.00080629 990
0.000806862 1005
0.000812875 1011
0.000816039 1029
0.000817745 1040
0.000819012 1041
0.000819241 1047
0.000820585 1060
0.000862221 1067
0.000863726 1076
0.000864517 1081
0.000871655 1088
0.000878107 1100
0.000880737 1103
0.000881052 1104
0.000881518 1125
0.000888723 1128
0.000890734 1143
0.000893783 1145
0.000905391 1146
0.000909774 1154
0.000912376 1162
0.000912862 1172
0.000913491 1175
0.000913825 1193
0.000932122 1196
0.000948713 1199
0.000949399 1204
0.000953097 1213
0.00102256 1219
0.00106392 1224
0.00106757 1226
2 1226
