0 -2736
9.6e-08 -2604
0.000715614 -2598
0.000717634 -2516
0.000718044 -2500
0.000725115 -2471
0.000725239 -2360
0.000728155 -2312
0.000733578 -2255
0.000735407 -2233
0.000736417 -2193
0.000738285 -2146
0.000738686 -2101
0.000738943 -2054
0.000740468 -1960
0.000746824 -1910
0.000747253 -1869
0.000749597 -1778
0.00075096 -1746
0.000751427 -1681
0.000752218 -1675
0.000752447 -1627
0.000752885 -1520
0.000753924 -1461
0.000754515 -1348
0.00080507 -1328
0.000805766 -1296
0.000806052 -1201
0.000806624 -1134
0.000807272 -1084
0.000807539 -1062
0.000810807 -994
0.000811894 -893
0.000814066 -881
0.000814324 -853
0.000814448 -761
0.000814753 -699
0.000815401 -698
0.000816277 -696
0.000817364 -684
0.000819251 -644
0.000821233 -581
0.000821843 -529
0.000826617 -519
0.000827523 -472
0.000828333 -466
0.000829705 -446
0.000834394 -401
0.000834679 -359
0.00083549 -351
0.000837681 -323
0.000839702 -283
0.000840693 -260
0.000840969 -169
0.000841388 -138
0.000850833 -132
0.000851471 -90
0.0008519 -69
0.000853529 -40
0.000854178 -19
0.000855178 13
0.000855435 53
0.000855559 55
0.000856512 94
0.000862278 167
0.000863355 183
0.000865718 208
0.000866099 239
0.000867576 262
0.000867843 288
0.000869292 295
0.000869521 313
0.000869759 326
0.000869968 327
0.000870178 328
0.000871884 397
0.000872017 409
0.00087825 434
0.000880956 436
0.000889066 440
0.000889295 483
0.000889972 535
0.00089021 573
0.000900769 584
0.000901017 587
0.000902637 591
0.000907554 618
0.00091433 635
0.000914558 644
0.000914873 648
0.000915635 684
0.000915769 691
0.000924022 692
0.000927672 694
0.000927872 697
0.000929034 699
0.000931264 706
0.000931979 729
0.000936382 756
0.000936506 828
0.000941614 855
0.000945225 882
0.00094716 899
0.000949066 935
0.000949438 944
0.000954431 946
0.000955718 965
0.000958863 970
0.000959215 1002
0.000959654 1018
0.000961359 1025
0.000963027 1032
0.000963809 1052
0.000969946 1060
0.000971461 1062
0.000971718 1077
0.000971833 1090
0.000975978 1091
0.000978637 1099
0.000981248 1106
0.000984469 1128
0.000984965 1237
0.000985718 1239
0.000990816 1243
0.000992112 1244
0.000994609 1257
0.00100119 1265
0.00100233 1269
0.00100429 1284
0.00100681 1298
0.0010075 1299
0.00100894 1300
0.00100907 1391
0.00101613 1402
0.00102308 1403
0.00102328 1409
0.00102382 1437
0.00103188 1456
0.0010324 1457
0.00103381 1459
0.0010374 1481
0.00103775 1482
0.00103792 1492
0.00103903 1499
0.00103945 1529
0.00104249 1530
0.00104414 1537
0.00104648 1539
0.00104671 1541
0.00104874 1551
0.00104885 1566
0.00105508 1578
0.00105555 1588
0.00106014 1601
0.00106423 1605
0.0010645 1606
0.00106487 1628
0.00106664 1644
0.00106686 1645
0.00107546 1654
0.00108459 1667
0.00108475 1669
0.00108743 1675
0.00108944 1677
0.00109006 1678
0.00109147 1679
0.00109457 1680
0.00110527 1681
0.0011094 1685
0.00111062 1686
0.00111577 1688
0.00111708 1703
0.00111743 1706
0.00111852 1712
0.00112475 1729
0.00113589 1753
0.00114628 1762
0.00115252 1763
0.00115946 1766
0.00116364 1779
0.0011661 1808
0.00117089 1826
0.00117713 1831
0.00118582 1849
0.00119295 1854
0.00119596 1861
0.00120419 1863
0.00120796 1871
0.00120896 1884
0.00121846 1906
0.00122648 1909
0.00127003 1914
0.00127704 1916
0.00130916 1918
0.00131215 1920
0.00131594 1921
0.00136472 1925
2 1925
