0 -10872
1.99e-07 -10509
4.92e-07 -10198
0.000237437 -10102
0.000243569 -10023
0.000253685 -9930
0.000253789 -9616
0.000255994 -9297
0.000256126 -9014
0.000256893 -8767
0.000257924 -8487
0.000258908 -8386
0.000259013 -8212
0.000259401 -8196
0.000262675 -8038
0.00026294 -7887
0.000263451 -7589
0.000263971 -7309
0.00026417 -7091
0.000264293 -6844
0.000266119 -6767
0.000267425 -6657
0.000269554 -6616
0.000270311 -6385
0.000271106 -6188
0.00027334 -6079
0.000274239 -5936
0.000274485 -5560
0.000276765 -5348
0.000278222 -5138
0.00027861 -4882
0.000287099 -4820
0.000287913 -4649
0.000289957 -4529
0.000290193 -4290
0.000296619 -4158
0.000298984 -3850
0.000299562 -3704
0.000310491 -3632
0.000313037 -3559
0.000313188 -3313
0.000340253 -3111
0.000340536 -2941
0.000340678 -2745
0.00034399 -2664
0.000346044 -2480
0.000346328 -2327
0.000350132 -2144
0.000350662 -1990
0.000352668 -1782
0.000353141 -1706
0.000356321 -1523
0.000378455 -1342
0.000386404 -1184
0.000386886 -1103
0.000397911 -1005
0.000404639 -988
0.000405822 -855
0.000405973 -747
0.000406229 -572
0.000406673 -471
0.000411831 -354
0.000412928 -351
0.000413449 -288
0.000480021 -251
0.000509243 -240
0.000511467 -207
0.000516388 -85
0.000516634 -41
0.000518214 -15
0.000519331 21
0.000519425 22
0.000528708 34
0.000529768 46
0.00053292 53
0.000536137 90
0.000543348 96
0.000553577 119
0.000555612 120
0.000561063 122
0.000562491 131
0.000577689 140
0.000578068 148
0.000592915 150
0.000611302 172
0.000619913 174
0.000628808 182
0.000643381 189
0.000661598 202
0.000710171 204
0.000714316 215
0.000716417 218
0.000718527 223
0.000799095 231
0.000829604 236
0.000876739 239
0.000880174 247
0.000894482 254
0.000903775 257
0.000909084 269
0.000910437 270
0.000949131 275
0.000958443 288
0.00097471 289
0.0010229 313
2 313
