0 -381
3.22e-07 -352
8.668e-06 -324
8.867e-06 -256
0.000344681 -249
0.00034558 -225
0.000349507 -197
0.00040743 -168
0.000407704 -164
0.000408007 -153
0.000408234 -80
0.00041007 -52
0.000469971 -25
0.000471362 -6
0.000474608 8
0.000474816 35
0.000475091 53
0.000475677 55
0.00047722 77
0.000477873 78
0.000478507 139
0.000478857 152
0.00050259 159
0.000502675 169
0.000502742 175
0.000505637 200
0.000505902 226
0.000506281 244
0.00051123 276
0.000511817 323
0.000512214 325
0.000513037 337
0.000513274 364
0.00053695 380
0.000537092 389
0.000540745 399
0.000541502 402
0.000541833 424
0.000551296 449
0.000551486 463
0.000584171 480
0.000592044 497
0.000593255 498
0.000595602 501
0.000596208 504
0.000596539 526
0.000597627 540
0.000598687 546
0.000599018 555
0.000599624 559
0.00060092 567
0.00061661 574
0.000616856 580
0.000633445 583
0.000638451 585
0.000638839 600
0.000641536 604
0.000659052 616
0.000659837 621
0.000677211 627
0.000680741 639
0.000688955 655
0.000689295 657
0.00069538 661
0.00069627 665
0.000702581 675
0.000789414 678
0.000811823 686
0.000870881 692
2 692
