0 -23712
8.5e-08 -23159
3.98e-07 -22624
0.000281326 -22583
0.000281591 -22141
0.000283115 -21604
0.000284033 -21150
0.000284146 -20751
0.00028795 -20620
0.000290174 -20552
0.000292758 -20485
0.00029412 -20446
0.000296353 -19959
0.000296505 -19479
0.000297839 -19036
0.000311646 -18725
0.000312147 -18258
0.000312478 -17841
0.00031263 -17495
0.000314929 -17166
0.00032214 -16909
0.000332398 -16607
0.000333789 -16165
0.000335275 -15874
0.000335597 -15495
0.000340281 -15011
0.000343299 -14643
0.000345599 -14040
0.00034575 -13655
0.000348533 -13330
0.000351267 -13238
0.000353084 -12858
0.000354059 -12503
0.000358298 -12056
0.000360532 -11644
0.00036214 -11255
0.000368197 -10915
0.000372569 -10822
0.000372871 -10348
0.000373846 -9997
0.000374915 -9574
0.00037731 -9513
0.0003817 -9151
0.000383849 -8868
0.000384946 -8485
0.000385211 -8082
0.000386044 -7771
0.000386754 -7268
0.000387113 -7020
0.000387492 -6721
0.000387984 -6451
0.000390851 -6163
0.000398251 -5800
0.000409758 -5508
0.000410014 -5123
0.00041132 -4742
0.000413297 -4489
0.000413487 -4217
0.000413922 -3893
0.000418672 -3555
0.000438734 -3318
0.000446304 -3021
0.000448178 -2842
0.000451708 -2620
0.000478857 -2567
0.000480702 -2325
0.000488916 -2152
0.000494121 -2123
0.000507549 -2018
0.000522993 -1943
0.000534452 -1688
0.00054349 -1536
0.00054718 -1359
0.000561942 -1266
0.000567497 -1174
0.000577566 -1158
0.000584739 -986
0.000603182 -794
0.000604034 -668
0.000652428 -667
0.000661929 -485
0.000672206 -401
0.000679028 -277
0.000693706 -130
0.000729097 -48
0.000734822 -28
0.000752102 1
0.000768236 63
0.000849448 69
0.00085012 79
0.000858674 80
0.000884281 85
0.000893072 96
0.000893593 97
0.000904418 113
0.000928994 115
0.000944315 134
0.00095285 144
0.00096148 145
0.000979886 150
0.000991431 159
0.000995036 164
0.00100343 174
0.00102202 178
0.00103478 204
0.00105741 215
0.00106228 238
0.00112779 239
0.00128172 240
0.00142123 241
0.00149323 250
0.0016 256
2 256
