0 -1251
1.62e-07 -1147
0.000596434 -1118
0.000596662 -1013
0.000597377 -997
0.000597815 -923
0.000597968 -902
0.000598988 -865
0.000600684 -858
0.000601742 -791
0.000604477 -777
0.000604601 -765
0.000604706 -725
0.000605306 -711
0.000605859 -676
0.000610709 -625
0.000610843 -558
0.000611586 -543
0.000612263 -475
0.000612653 -430
0.000614617 -427
0.000619048 -391
0.000619829 -318
0.000635249 -296
0.000635954 -256
0.00063684 -208
0.000638775 -144
0.000640681 -105
0.000641081 -99
0.000641824 -62
0.00064212 -58
0.000642796 -54
0.000642987 -24
0.000646646 37
0.000683393 52
0.000683813 56
0.0006857 99
0.000697755 103
0.00069805 109
0.000700928 118
0.000702024 121
0.000705121 164
0.000714546 169
0.000715328 195
0.000715528 207
0.000720626 213
0.000721465 221
0.000722656 249
0.000727412 290
0.000728183 301
0.000728879 319
0.000729489 338
0.000730499 382
0.000733739 410
0.000733939 426
0.000735617 437
0.000736103 444
0.000736312 465
0.000736722 486
0.000738924 489
0.000742345 493
0.00074245 545
0.00074447 586
0.00074487 588
0.000745385 602
0.000745699 620
0.000748358 625
0.000748806 629
0.000749216 632
0.000749854 635
0.000751722 647
0.000752732 648
0.000754238 681
0.000756125 721
0.000756468 734
0.000756554 755
0.000757535 773
0.000760185 812
0.000761242 841
0.000762157 856
0.00076738 860
0.000767561 866
0.000768533 897
0.000769038 901
0.00076981 905
0.000770134 907
0.000770877 928
0.000772764 966
0.000774051 973
0.000774937 982
0.000776433 1004
0.000776948 1042
0.000777567 1043
0.000777996 1058
0.000778387 1071
0.00077912 1090
0.000779397 1110
0.000780512 1111
0.000781179 1140
0.000785 1180
0.00078561 1188
0.000786049 1196
0.000786687 1201
0.000787049 1210
0.000787173 1229
0.00080751 1233
0.000809654 1234
0.000814247 1238
0.000816172 1243
0.000816363 1246
0.000818317 1251
0.000818488 1252
0.000820585 1257
0.000820775 1266
0.000821843 1278
0.000823081 1280
0.000823291 1286
0.000824673 1287
0.000824844 1292
0.000827427 1296
0.000831982 1325
0.000832735 1327
0.000838729 1333
0.000838882 1348
0.000841493 1350
0.000844971 1355
0.000845715 1357
0.000845963 1364
0.000846248 1370
0.000846801 1399
0.000848069 1403
0.0008594 1426
0.000859657 1445
0.000860886 1449
0.00086102 1456
0.000861296 1463
0.000862687 1465
0.000863002 1469
0.000863459 1486
0.00086365 1488
0.00088412 1504
0.000886903 1509
0.000888551 1513
0.000901779 1520
0.000904695 1523
0.00100018 1530
0.00100712 1537
0.00100793 1548
0.00101373 1553
0.00102236 1554
0.0010255 1557
0.00102795 1560
0.0010506 1567
0.00105711 1570
0.00106877 1571
0.00107623 1573
0.001096 1576
0.00109641 1578
0.00109874 1579
0.00109997 1580
0.00111063 1589
0.00112764 1590
0.00117575 1591
0.00122071 1592
0.00130033 1596
0.00130273 1604
0.00130323 1613
0.00130709 1621
2 1621
