825 0.274025
782 0.204115
799 0.227391
783 0.443049
761 0.319274
825 0.298626
813 0.246716
747 0.291434
825 0.273394
784 0.406711
411 0.360064
446 0.566297
457 0.517479
467 0.355138
472 0.390713
449 0.427561
459 0.394871
451 0.384838
435 0.475524
442 0.370501
1204 0.0589714
1197 0.084269
1182 0.0294966
1170 0.0423869
1185 0.0779208
1214 0.0648098
1186 0.0860165
1209 0.0930479
1208 0.0678462
1200 0.0584323
1092 0.0915894
1137 0.0461255
1126 0.0456974
1122 0.0672505
1094 0.079496
1134 0.0546628
1037 0.0489779
1067 0.133539
1104 0.0875991
1068 0.0470027
