0 -31599
4.7e-08 -31201
5.1822e-05 -30843
0.000134902 -30487
0.000214226 -30135
0.00029243 -29785
0.000416533 -29440
0.000540212 -29099
0.000665228 -28758
0.000778202 -28418
0.000882533 -28079
0.0009858 -27752
0.00108098 -27429
0.00117412 -27106
0.00126676 -26790
0.00135491 -26475
0.00143861 -26163
0.00151908 -25852
0.001596 -25550
0.00167308 -25251
0.00175014 -24952
0.00182437 -24657
0.00189903 -24363
0.00197933 -24072
0.00204972 -23788
0.00212044 -23507
0.00222714 -23228
0.0023415 -22952
0.00244909 -22679
0.00253136 -22409
0.00262467 -22139
0.00273095 -21871
0.0028304 -21604
0.00292698 -21337
0.00301746 -21070
0.00309979 -20804
0.00317736 -20542
0.00325101 -20282
0.00331887 -20023
0.0033855 -19765
0.00345077 -19510
0.00351099 -19256
0.00357247 -19007
0.00363826 -18759
0.0036968 -18513
0.00375655 -18269
0.00381698 -18025
0.00387922 -17784
0.00393485 -17548
0.00399294 -17317
0.00404933 -17087
0.00410731 -16860
0.00416416 -16635
0.00421944 -16411
0.00427691 -16188
0.00434806 -15966
0.00440501 -15744
0.00446156 -15523
0.00451868 -15311
0.00457701 -15099
0.00463273 -14892
0.00468348 -14687
0.00473726 -14482
0.00479406 -14278
0.00484808 -14074
0.00490058 -13872
0.00495438 -13670
0.00500679 -13469
0.00505799 -13269
0.00511154 -13073
0.00516139 -12878
0.00521383 -12683
0.00526774 -12489
0.00531975 -12295
0.00536757 -12105
0.00541348 -11916
0.00546263 -11728
0.00551419 -11543
0.00556554 -11360
0.0056152 -11180
0.00566259 -11003
0.0057142 -10827
0.00576536 -10652
0.00581705 -10477
0.00586965 -10303
0.00591979 -10130
0.00597275 -9959
0.00602473 -9789
0.00607476 -9619
0.0061224 -9449
0.00618847 -9279
0.00624154 -9113
0.00628999 -8949
0.00633647 -8786
0.00638298 -8626
0.00643044 -8466
0.00648161 -8307
0.00652801 -8153
0.00657259 -8001
0.00661354 -7853
0.00665988 -7706
0.00669968 -7561
0.00674476 -7417
0.00678665 -7273
0.00683207 -7129
0.00687642 -6988
0.00692229 -6847
0.00696616 -6706
0.00700739 -6565
0.00704984 -6425
0.00709414 -6286
0.0071377 -6149
0.00718099 -6013
0.00721682 -5877
0.00725843 -5743
0.0072995 -5612
0.00733621 -5482
0.00737896 -5356
0.0074191 -5231
0.00746042 -5106
0.00749665 -4981
0.00753762 -4860
0.00757749 -4739
0.00761983 -4619
0.00766188 -4502
0.00770169 -4387
0.00773946 -4273
0.00777603 -4159
0.0078163 -4046
0.00786411 -3936
0.00790747 -3826
0.00795185 -3719
0.00799667 -3612
0.00804032 -3506
0.00809545 -3402
0.00814415 -3304
0.00818794 -3207
0.00824851 -3111
0.00829119 -3016
0.00833527 -2921
0.00837706 -2827
0.00841798 -2737
0.00846011 -2648
0.00849922 -2560
0.00853946 -2473
0.00857873 -2389
0.00861848 -2306
0.00865994 -2227
0.00870229 -2150
0.00874598 -2073
0.00879054 -1998
0.00883188 -1923
0.00887459 -1850
0.00891578 -1778
0.00895885 -1708
0.00900194 -1639
0.00904542 -1570
0.00908868 -1502
0.00913033 -1436
0.00917181 -1371
0.00921332 -1307
0.00925363 -1244
0.00933112 -1183
0.00937156 -1124
0.00941316 -1065
0.00945483 -1007
0.00949528 -949
0.00953627 -893
0.00957642 -837
0.00961782 -782
0.00966117 -728
0.00970404 -676
0.009747 -624
0.00978955 -574
0.00983089 -525
0.00987225 -476
0.0099108 -428
0.00996617 -380
0.0100384 -333
0.0101067 -286
0.010165 -240
0.0102225 -195
0.0102722 -151
0.010317 -108
0.010362 -67
0.0104052 -28
0.0104461 10
0.0104882 48
0.0105304 85
0.0105718 122
0.0106139 157
0.010655 191
0.0106996 224
0.0107422 257
0.0107818 289
0.010825 321
0.010869 352
0.0109113 383
0.0109531 414
0.0109927 443
0.0110313 472
0.0110726 500
0.011115 528
0.0111561 557
0.0111967 584
0.011238 610
0.0112793 634
0.0113201 658
0.01136 681
0.0114007 704
0.011441 727
0.0114812 750
0.0115227 772
0.011564 794
0.0116023 815
0.011647 834
0.0116874 859
0.0117269 878
0.0117666 898
0.0118074 916
0.0118588 934
0.0119011 951
0.0119432 972
0.0119831 989
0.0120234 1006
0.0120639 1022
0.0121047 1037
0.0121453 1052
0.0121862 1066
0.0122268 1085
0.0122683 1099
0.0123098 1118
0.0123521 1135
0.0123943 1150
0.0124363 1164
0.0124777 1183
0.0125197 1200
0.0125617 1221
0.012604 1236
0.0126448 1250
0.012685 1265
0.0127252 1283
0.0127669 1298
0.0128073 1321
0.0128485 1338
0.0128881 1352
0.0129289 1365
0.0129678 1378
0.0130087 1390
0.013053 1412
0.0130938 1428
0.0131353 1446
0.0131743 1458
0.0132134 1470
0.0132541 1482
0.0132951 1493
0.0133343 1504
0.0133819 1527
0.0134222 1538
0.0134629 1549
0.0135041 1578
0.0135447 1588
0.0135857 1598
0.0136235 1608
0.0136638 1618
0.0137037 1632
0.0137524 1642
0.0137923 1651
0.0138328 1659
0.0138733 1667
0.0139129 1682
0.0139641 1693
0.0140349 1701
0.0140945 1708
0.0141476 1725
0.0142208 1735
0.0142712 1742
0.0143173 1749
0.0143623 1756
0.0144069 1774
0.0144509 1782
0.0144944 1789
0.0145387 1796
0.0145819 1804
0.0146251 1811
0.0146667 1819
0.0147104 1832
0.0147506 1842
0.0147933 1852
0.0148351 1862
0.014877 1868
0.0149206 1885
0.0149712 1897
0.0150131 1903
0.0150566 1909
0.0150787 1917
0.0151087 1923
0.015119 1928
0.0151315 1933
0.0151464 1938
0.0151635 1950
0.0151877 1964
0.0151954 1968
0.0152103 1973
0.0152355 1976
0.0152452 1979
0.01525 1981
0.0152632 1989
0.0152917 2000
0.0152963 2002
0.0153053 2004
0.0153169 2013
0.0153419 2016
0.0153464 2038
0.0153937 2047
0.0154003 2049
0.0154083 2059
0.0154235 2061
0.0154306 2062
0.0154416 2063
0.0154557 2080
0.015489 2081
0.0155002 2086
0.0155251 2102
0.0155527 2103
0.0156157 2113
0.0156349 2114
0.0156389 2118
0.0158307 2119
0.015889 2141
0.015944 2144
0.0159585 2147
0.016112 2150
0.0161216 2153
0.0164825 2154
0.0164881 2157
0.0165866 2159
0.0166245 2162
0.0166387 2165
0.01835 2171
0.0184448 2172
0.0184536 2175
0.0184701 2196
2 2196
