0 -118576
5.6e-08 -117762
1.63e-05 -116965
3.1014e-05 -116208
4.1648e-05 -115466
6.8965e-05 -114724
9.9523e-05 -113989
0.000135308 -113255
0.000170738 -112522
0.000204003 -111794
0.000242524 -111081
0.000275676 -110374
0.000306308 -109674
0.000335026 -108981
0.0003631 -108293
0.000392966 -107611
0.000422029 -106932
0.000451765 -106255
0.000480576 -105583
0.000524717 -104911
0.000586121 -104240
0.000634827 -103577
0.000671537 -102919
0.000703859 -102263
0.000734742 -101609
0.000763554 -100957
0.000791954 -100306
0.000820756 -99656
0.00084827 -99009
0.000877156 -98364
0.000906219 -97721
0.00093897 -97080
0.000968911 -96440
0.000998871 -95805
0.00102865 -95173
0.00105755 -94542
0.00108628 -93912
0.00111397 -93282
0.0011466 -92654
0.00117514 -92026
0.00120524 -91402
0.00123467 -90782
0.00126448 -90162
0.00129327 -89549
0.00132388 -88937
0.00136012 -88326
0.00139251 -87717
0.00142911 -87108
0.00145905 -86502
0.00148962 -85898
0.00152011 -85294
0.00154958 -84692
0.00157995 -84092
0.00160998 -83493
0.00164019 -82897
0.00166961 -82302
0.00169823 -81712
0.00172665 -81123
0.00175657 -80534
0.00178647 -79948
0.00181583 -79364
0.0018459 -78781
0.00187943 -78199
0.00190851 -77621
0.00194942 -77044
0.00198166 -76468
0.00201331 -75893
0.00204321 -75321
0.00207462 -74749
0.00210357 -74180
0.00213275 -73613
0.00216263 -73047
0.00219301 -72481
0.00222555 -71919
0.00225625 -71357
0.00228726 -70799
0.00231785 -70241
0.00234798 -69684
0.0023767 -69127
0.00241859 -68571
0.00245101 -68016
0.00248267 -67461
0.00251491 -66906
0.0025473 -66352
0.00257839 -65799
0.00260914 -65246
0.00264126 -64693
0.00267397 -64142
0.00270472 -63591
0.00273563 -63042
0.00276581 -62495
0.0028011 -61951
0.00283243 -61407
0.00286323 -60864
0.00289383 -60324
0.00292596 -59786
0.00295793 -59251
0.00298741 -58718
0.00302104 -58186
0.00305302 -57656
0.00308634 -57129
0.00312095 -56605
0.00315384 -56085
0.00318683 -55566
0.00321821 -55051
0.00325252 -54536
0.00328718 -54022
0.00331938 -53509
0.00335389 -52999
0.00338861 -52489
0.00341996 -51980
0.00345484 -51472
0.00348782 -50966
0.00352272 -50462
0.00355469 -49958
0.0035875 -49455
0.00361836 -48956
0.00365156 -48459
0.00368355 -47967
0.00371593 -47479
0.00375482 -46992
0.00378965 -46506
0.00382256 -46020
0.00385924 -45535
0.00389318 -45051
0.00392981 -44570
0.00396488 -44093
0.00399622 -43617
0.00403005 -43141
0.00406766 -42666
0.00410084 -42192
0.00413739 -41718
0.00417489 -41245
0.00421283 -40776
0.00424717 -40308
0.00428892 -39840
0.00432012 -39378
0.00435189 -38918
0.00438972 -38459
0.00442626 -38000
0.00446356 -37542
0.00450136 -37085
0.0045387 -36630
0.0045738 -36184
0.00461216 -35739
0.00465157 -35294
0.00469168 -34849
0.00473305 -34405
0.00476864 -33961
0.00480857 -33520
0.00484293 -33084
0.00487876 -32648
0.00491814 -32213
0.00495609 -31780
0.004993 -31349
0.00502659 -30923
0.00505994 -30503
0.00509685 -30083
0.00514371 -29665
0.00518448 -29249
0.00521978 -28837
0.00525796 -28425
0.00529418 -28016
0.00533444 -27610
0.00537391 -27206
0.00542202 -26802
0.00546219 -26402
0.00549962 -26004
0.00554118 -25606
0.0055864 -25208
0.00562622 -24812
0.00566347 -24420
0.00570069 -24029
0.00573929 -23640
0.00577965 -23251
0.00582236 -22863
0.00586567 -22476
0.00590859 -22090
0.00594968 -21709
0.00599534 -21330
0.00603551 -20953
0.00607708 -20576
0.00612227 -20200
0.00620511 -19833
0.00626632 -19467
0.00631994 -19103
0.00637164 -18744
0.00644348 -18387
0.00649797 -18030
0.00654896 -17674
0.00659456 -17318
0.00669171 -16968
0.00676219 -16622
0.0068227 -16280
0.00688088 -15946
0.00694325 -15619
0.00700052 -15295
0.00705922 -14971
0.00711376 -14648
0.00716904 -14327
0.00722774 -14011
0.00732839 -13695
0.00742392 -13382
0.00750839 -13074
0.00758964 -12769
0.00766655 -12467
0.00773996 -12165
0.00781301 -11869
0.00788708 -11579
0.00796324 -11290
0.00806041 -11007
0.00814635 -10725
0.00830487 -10444
0.00841365 -10164
0.00851637 -9886
0.00861609 -9611
0.00871336 -9343
0.00881052 -9077
0.00891062 -8815
0.00900844 -8553
0.00910843 -8297
0.00921039 -8042
0.00930824 -7788
0.00944938 -7539
0.00955107 -7291
0.00970724 -7048
0.00981538 -6808
0.00994636 -6576
0.0100796 -6348
0.0102471 -6128
0.0103783 -5908
0.0105038 -5689
0.010656 -5476
0.0107973 -5265
0.0109314 -5057
0.0110634 -4851
0.0111933 -4656
0.0113213 -4468
0.0114474 -4281
0.0116119 -4098
0.0117492 -3916
0.0118794 -3738
0.0120079 -3561
0.0121345 -3391
0.0122592 -3222
0.0124439 -3054
0.0125992 -2896
0.01274 -2738
0.0128758 -2586
0.0130064 -2441
0.0131379 -2297
0.0132608 -2155
0.0133812 -2016
0.0135451 -1883
0.0136883 -1754
0.013817 -1626
0.0139391 -1501
0.0140681 -1377
0.0141775 -1262
0.0142833 -1147
0.0143818 -1036
0.0144766 -929
0.0145691 -828
0.0146593 -734
0.0147471 -644
0.0148307 -558
0.0149142 -478
0.0149942 -399
0.0150735 -329
0.0151519 -269
0.0152288 -215
0.0153244 -161
0.0154215 -114
0.0155184 -75
0.0156045 -36
0.0156801 -1
0.0157476 31
0.0158108 67
0.0158726 97
0.0159359 123
0.0160004 149
0.0160614 169
0.0161221 187
0.0161841 204
0.016242 225
0.0163017 243
0.0163615 259
0.0164239 268
0.0164855 275
0.0165472 281
0.0166068 290
0.0166664 295
0.0167291 299
0.0167882 310
0.01685 327
0.0169127 337
0.0169731 343
0.0170338 350
0.0170957 355
0.017162 365
0.0172262 375
0.0172915 393
0.0173626 399
0.017439 401
0.0175065 412
0.0175697 419
0.0176356 426
0.0176993 432
0.0177917 434
0.0178649 443
0.0180564 451
0.0181178 468
0.0183142 471
0.0183768 478
0.0184461 485
0.0185083 493
0.0186407 502
0.0194184 506
0.0194927 510
0.0224873 514
0.0225555 516
0.0263626 517
0.0269254 518
0.0270081 520
0.0270782 522
0.0271476 525
0.0274198 527
0.0274879 539
0.0275577 540
0.0277643 541
0.0278355 545
0.0279737 550
0.0329289 552
0.0329957 562
0.033136 569
0.0438344 578
0.0440574 585
0.0776258 589
0.0776956 592
2 592
