0 -30537
4.7e-08 -30086
4.4498e-05 -29654
7.4379e-05 -29236
9.6548e-05 -28826
0.000148749 -28430
0.000236727 -28035
0.000338897 -27641
0.000425857 -27254
0.000505529 -26877
0.000601126 -26516
0.000678443 -26159
0.000749997 -25802
0.000864852 -25447
0.000964244 -25095
0.00105639 -24743
0.00114178 -24399
0.00122133 -24058
0.00128851 -23722
0.00135218 -23390
0.00141009 -23061
0.00146369 -22732
0.00151567 -22414
0.00156785 -22099
0.0016174 -21786
0.00166819 -21479
0.00171682 -21176
0.00177157 -20875
0.00182734 -20576
0.00187598 -20279
0.00194885 -19983
0.00203966 -19689
0.00212538 -19405
0.00220744 -19124
0.00228617 -18846
0.00235812 -18570
0.00242395 -18298
0.00248362 -18033
0.00254069 -17769
0.0025889 -17506
0.00265426 -17247
0.00274182 -16988
0.00282051 -16730
0.00289462 -16473
0.00296379 -16222
0.0030247 -15971
0.00307864 -15724
0.00312656 -15483
0.00317185 -15242
0.00321842 -15002
0.00325909 -14764
0.00329756 -14526
0.00333476 -14290
0.00337468 -14059
0.00341889 -13829
0.00345888 -13600
0.00349865 -13373
0.00353901 -13149
0.00357749 -12925
0.00361045 -12704
0.00364591 -12484
0.00368834 -12266
0.00372627 -12048
0.00381042 -11832
0.00388357 -11620
0.00394682 -11409
0.00400297 -11201
0.00404921 -10994
0.00409544 -10788
0.00413893 -10582
0.00417332 -10379
0.00420676 -10177
0.00423865 -9977
0.00427114 -9778
0.00430426 -9586
0.00434138 -9398
0.00438394 -9210
0.00442163 -9022
0.00445631 -8838
0.0044902 -8656
0.00457781 -8477
0.00465056 -8298
0.0047077 -8122
0.00475606 -7948
0.00479166 -7774
0.00482918 -7602
0.00486304 -7430
0.00489165 -7263
0.00492485 -7098
0.00496241 -6934
0.00499844 -6771
0.00503239 -6608
0.00506753 -6453
0.00510748 -6300
0.00514406 -6147
0.00517319 -5995
0.005207 -5846
0.00524366 -5700
0.00527327 -5555
0.00530886 -5411
0.0053443 -5272
0.00538102 -5137
0.00541269 -5003
0.00544323 -4873
0.00547309 -4743
0.0055044 -4615
0.00554148 -4491
0.00557424 -4368
0.00560102 -4246
0.00562842 -4124
0.00565751 -4004
0.00568748 -3888
0.0057191 -3773
0.00575085 -3661
0.00577987 -3550
0.0058117 -3441
0.00584415 -3333
0.00587793 -3227
0.00591062 -3122
0.00593849 -3018
0.00596906 -2915
0.00599797 -2813
0.00602548 -2712
0.00605385 -2614
0.00608464 -2518
0.00611736 -2422
0.00614676 -2327
0.00617951 -2234
0.00620936 -2148
0.00624305 -2062
0.00627267 -1978
0.00630337 -1894
0.00633069 -1813
0.00635676 -1733
0.00638353 -1653
0.00641993 -1573
0.00646244 -1494
0.00649175 -1416
0.00652013 -1339
0.00654837 -1263
0.00657731 -1191
0.00660432 -1119
0.00663038 -1048
0.00665911 -980
0.00668665 -915
0.00671724 -851
0.00674517 -789
0.00677453 -729
0.00680611 -672
0.00684287 -616
0.00687939 -560
0.0069093 -507
0.00693675 -455
0.00696208 -406
0.00698389 -357
0.00700946 -308
0.00703466 -261
0.00705931 -214
0.00708856 -172
0.00711656 -130
0.00714737 -90
0.00717951 -50
0.00720891 -12
0.00723539 25
0.0072676 62
0.0072958 96
0.00732375 129
0.00735406 161
0.00737982 195
0.00740604 227
0.00743845 259
0.00746754 290
0.00749459 321
0.00752696 352
0.00755488 382
0.00757936 412
0.00761045 441
0.00764223 469
0.00767035 499
0.00769605 525
0.00771824 549
0.00774724 572
0.00777855 594
0.00780382 619
0.00782827 648
0.00785165 672
0.00787928 696
0.00790162 718
0.00792918 739
0.0079531 760
0.00797766 780
0.00800077 798
0.00802565 814
0.00805269 832
0.00808209 850
0.00811304 868
0.00814456 889
0.00817674 909
0.00820414 926
0.00823077 943
0.00825863 959
0.00829744 980
0.00834312 1000
0.00837817 1018
0.00841054 1035
0.00844049 1064
0.00847364 1087
0.00851502 1103
0.00854833 1118
0.00857886 1133
0.00860997 1148
0.00863948 1161
0.00866737 1180
0.00870263 1194
0.00872944 1211
0.00875968 1224
0.00879066 1237
0.00882097 1250
0.00884594 1263
0.00887637 1287
0.00891031 1306
0.00893718 1323
0.00896493 1335
0.00899229 1346
0.00901906 1366
0.00904757 1385
0.00907927 1399
0.00910719 1410
0.00913923 1426
0.00917024 1437
0.00921208 1448
0.00924227 1459
0.00926901 1469
0.00929899 1484
0.00933058 1509
0.00936023 1523
0.0093897 1531
0.00941899 1545
0.0094531 1555
0.0094831 1570
0.00951163 1580
0.00954147 1599
0.0095842 1608
0.00963698 1616
0.00968559 1624
0.00972186 1633
0.00975678 1650
0.00979099 1661
0.00983015 1678
0.00983895 1687
0.00984872 1695
0.00986908 1700
0.00989365 1704
0.00990348 1708
0.00992137 1713
0.00994934 1716
0.00995668 1719
0.00997965 1721
0.00999614 1738
0.0100229 1748
0.0100268 1758
0.0100494 1760
0.0100624 1764
0.0100829 1765
0.0101105 1767
0.0101184 1771
0.0101514 1777
0.0101566 1778
0.0101989 1779
0.0102119 1781
0.0102268 1792
0.010247 1794
0.0102502 1797
0.0102654 1799
0.01031 1801
0.0103732 1806
0.0103946 1813
0.0103999 1820
0.0105081 1826
0.0105474 1832
0.01059 1835
0.010669 1849
0.0107091 1855
0.0109502 1862
0.0114095 1864
0.0122789 1865
0.0123032 1874
0.012356 1876
0.0123697 1877
0.0123783 1881
0.0143753 1882
0.0145453 1883
0.0161389 1885
0.0161474 1889
0.0168795 1905
2 1905
