0 -16902
4.7e-08 -16590
2.5741e-05 -16291
4.3658e-05 -16004
6.6792e-05 -15719
8.5651e-05 -15442
0.000125477 -15180
0.000179144 -14932
0.000221636 -14691
0.000248846 -14452
0.000272441 -14215
0.000293681 -13978
0.000313011 -13741
0.000333452 -13507
0.000355662 -13280
0.000374578 -13059
0.000394114 -12839
0.000412408 -12622
0.000431663 -12410
0.000451934 -12201
0.000473363 -11993
0.000491346 -11785
0.000510101 -11579
0.00052881 -11382
0.000547339 -11187
0.000567582 -10992
0.000588088 -10799
0.000606542 -10607
0.000625646 -10416
0.000645267 -10227
0.000666075 -10039
0.000684821 -9854
0.000706382 -9671
0.000724309 -9490
0.000742367 -9310
0.000760962 -9133
0.000777364 -8959
0.00079755 -8786
0.000819535 -8614
0.00084151 -8442
0.000859446 -8270
0.000878578 -8098
0.000896505 -7929
0.000914215 -7764
0.000930353 -7601
0.000948252 -7440
0.000966753 -7280
0.000986176 -7122
0.00100502 -6964
0.00102359 -6809
0.00104091 -6656
0.00105811 -6508
0.00107931 -6361
0.0010994 -6215
0.00111715 -6069
0.00113374 -5927
0.00115366 -5786
0.00117083 -5646
0.00119058 -5506
0.00120925 -5368
0.00122585 -5230
0.00124335 -5092
0.00125985 -4955
0.00127469 -4820
0.00129259 -4689
0.00131186 -4560
0.00132759 -4431
0.00134508 -4302
0.00136172 -4179
0.00138087 -4058
0.00139603 -3939
0.00141383 -3827
0.00142903 -3717
0.00144469 -3608
0.00146163 -3499
0.00147848 -3391
0.00149346 -3286
0.00150876 -3186
0.00152194 -3087
0.00153856 -2988
0.00158844 -2889
0.00162335 -2792
0.00164329 -2701
0.00166103 -2612
0.00167897 -2523
0.00169796 -2434
0.00171337 -2348
0.0017281 -2262
0.00174836 -2177
0.00176608 -2092
0.00178267 -2010
0.00179868 -1928
0.00181652 -1847
0.0018327 -1768
0.00184842 -1690
0.00186629 -1613
0.00188253 -1537
0.00189842 -1463
0.00191127 -1390
0.00192789 -1318
0.00194439 -1246
0.00195905 -1175
0.00197597 -1107
0.00199234 -1040
0.00200816 -976
0.00202374 -913
0.0020398 -851
0.00205715 -789
0.00207566 -729
0.00209208 -669
0.00210734 -610
0.0021231 -552
0.00213849 -495
0.00215368 -440
0.0021708 -388
0.00218704 -338
0.00220172 -290
0.00221559 -243
0.00223195 -198
0.00224686 -154
0.0022626 -110
0.00227771 -67
0.00229326 -25
0.00230844 16
0.00232512 56
0.00234125 91
0.00235772 125
0.00237473 159
0.0023906 192
0.00240931 224
0.00242384 255
0.00243989 286
0.00245503 315
0.00247179 344
0.00248711 373
0.0025033 401
0.00252111 428
0.00253689 455
0.00255121 482
0.00256443 509
0.00258003 544
0.00259849 571
0.00261416 598
0.00263171 623
0.0026469 647
0.00266273 671
0.00267865 693
0.00269783 727
0.00271196 749
0.00272808 772
0.00274347 793
0.00275678 814
0.00277244 835
0.00278758 856
0.00280711 876
0.00285586 896
0.00289879 915
0.00292295 934
0.00294642 952
0.00296267 980
0.00297885 998
0.00299342 1016
0.0030095 1038
0.00302431 1056
0.00303793 1074
0.00305404 1102
0.00307015 1122
0.0030851 1139
0.00310034 1162
0.00311501 1178
0.0031305 1193
0.00314394 1207
0.00315925 1219
0.00317355 1230
0.00318856 1241
0.00320314 1255
0.00321913 1269
0.00323438 1285
0.00324985 1296
0.00326467 1306
0.00328125 1328
0.0032978 1340
0.00331398 1350
0.00332949 1360
0.00334535 1370
0.00336162 1396
0.00338026 1406
0.00339529 1415
0.00341023 1428
0.00342686 1437
0.00346404 1448
0.00350983 1457
0.00353136 1466
0.00356243 1484
0.00356832 1493
0.00357923 1502
0.00358718 1517
0.00361045 1525
0.00361598 1533
0.00362385 1543
0.00363648 1551
0.00364032 1557
0.00365084 1567
0.00365905 1572
0.00366195 1576
0.00366872 1580
0.0036756 1583
0.00367807 1586
0.00368437 1588
0.00369196 1590
0.00370238 1597
0.00371372 1598
0.00371711 1599
0.00372291 1603
0.00373203 1618
0.00375618 1636
0.00377015 1644
0.00384142 1659
0.00386682 1660
0.00390435 1662
0.00392024 1665
0.00394177 1667
0.00394482 1669
0.00395568 1675
0.00399407 1700
0.00501395 1703
2 1703
