0 -50697
5.7e-08 -50116
6.7796e-05 -49537
0.000119074 -49005
0.000155633 -48475
0.000200752 -47972
0.000262078 -47494
0.00036633 -47017
0.000514297 -46540
0.000690893 -46068
0.000874006 -45600
0.00105582 -45141
0.00123603 -44682
0.00141397 -44228
0.00159092 -43775
0.0017603 -43325
0.00192905 -42885
0.00209795 -42451
0.00228533 -42018
0.00246707 -41588
0.0026373 -41165
0.00280504 -40746
0.00297096 -40331
0.00313504 -39917
0.00329759 -39504
0.00345881 -39094
0.00362336 -38687
0.00379085 -38280
0.00394927 -37880
0.00412918 -37480
0.00430328 -37083
0.0044719 -36687
0.00463672 -36297
0.00479736 -35907
0.00495448 -35518
0.00510947 -35140
0.00526611 -34764
0.00541743 -34399
0.00556537 -34035
0.00571396 -33673
0.00586477 -33316
0.00601882 -32959
0.00617241 -32602
0.00634454 -32246
0.00655777 -31893
0.00676359 -31546
0.00696864 -31199
0.00716686 -30855
0.00736535 -30515
0.00756933 -30175
0.00781017 -29835
0.00802033 -29495
0.00822752 -29155
0.00842966 -28818
0.00862865 -28482
0.00882928 -28148
0.00909193 -27815
0.00931018 -27483
0.00952667 -27157
0.0097517 -26831
0.00996968 -26507
0.0101796 -26188
0.0103844 -25869
0.0105861 -25551
0.0107936 -25234
0.0109937 -24922
0.0111837 -24611
0.0113684 -24301
0.0115658 -23991
0.0117621 -23682
0.0119409 -23381
0.0121076 -23080
0.0122687 -22781
0.0124301 -22493
0.0125874 -22206
0.0127436 -21922
0.0129004 -21639
0.0130525 -21357
0.0132019 -21076
0.0133481 -20796
0.0135269 -20521
0.0137145 -20247
0.0138928 -19974
0.0140648 -19701
0.0142287 -19429
0.0143876 -19160
0.0145424 -18891
0.0146948 -18623
0.0148435 -18356
0.0149913 -18089
0.0151566 -17830
0.0153413 -17576
0.0155195 -17323
0.015691 -17071
0.0158654 -16821
0.0160199 -16571
0.0161703 -16323
0.0163148 -16077
0.0164549 -15833
0.0165917 -15590
0.0167254 -15348
0.0168551 -15109
0.016988 -14871
0.0171161 -14635
0.0172564 -14399
0.017384 -14165
0.0175095 -13933
0.017626 -13702
0.0177404 -13472
0.0178541 -13243
0.0179658 -13016
0.0180772 -12798
0.0181883 -12581
0.0182991 -12365
0.0184086 -12151
0.0185111 -11937
0.0186135 -11723
0.0187141 -11515
0.0188177 -11313
0.0189179 -11115
0.0190109 -10920
0.0191119 -10726
0.0192121 -10533
0.0193032 -10340
0.0193935 -10148
0.0194857 -9958
0.019571 -9769
0.0196662 -9580
0.0197743 -9392
0.0198686 -9204
0.0199519 -9017
0.0200347 -8831
0.020118 -8645
0.0202009 -8463
0.0202881 -8283
0.0203726 -8106
0.0204559 -7930
0.0205358 -7758
0.0206203 -7586
0.0207009 -7415
0.0207738 -7247
0.0208572 -7082
0.0209388 -6924
0.0210377 -6769
0.021127 -6615
0.0212107 -6463
0.0212923 -6317
0.0213693 -6172
0.0214463 -6029
0.0215272 -5886
0.0216114 -5746
0.0216911 -5606
0.0217687 -5468
0.0218464 -5332
0.0219276 -5197
0.0220122 -5063
0.0220939 -4930
0.0221696 -4798
0.0222493 -4667
0.0223235 -4542
0.0223965 -4419
0.0224733 -4297
0.022555 -4180
0.0226386 -4064
0.0227282 -3948
0.0228142 -3833
0.0229132 -3719
0.0229976 -3607
0.023081 -3496
0.0231778 -3386
0.0232621 -3279
0.0233442 -3175
0.0234266 -3073
0.0235231 -2973
0.02361 -2875
0.0237008 -2777
0.0238001 -2682
0.0238872 -2591
0.0239742 -2501
0.0240777 -2412
0.0242065 -2324
0.0243235 -2237
0.0244293 -2152
0.0245278 -2068
0.0246213 -1985
0.0247128 -1904
0.0248274 -1823
0.0249476 -1744
0.0250576 -1666
0.0251589 -1589
0.0252541 -1512
0.0253462 -1436
0.0254354 -1361
0.0255223 -1288
0.0256064 -1217
0.0256921 -1147
0.0257736 -1077
0.0258541 -1007
0.0259336 -940
0.0260111 -873
0.0260909 -807
0.0261697 -748
0.0262488 -689
0.026324 -632
0.0263977 -575
0.0264756 -519
0.0265578 -463
0.0266348 -408
0.0267494 -353
0.0268548 -299
0.0269535 -246
0.0270458 -195
0.0271323 -145
0.0272163 -97
0.0272991 -50
0.0273821 -3
0.0274623 42
0.0275465 86
0.0276264 126
0.027719 165
0.0278276 201
0.0279257 237
0.0280159 273
0.0281021 305
0.0281842 332
0.0282644 358
0.0283476 383
0.0284292 415
0.0285191 439
0.0286128 470
0.0286938 494
0.0287733 519
0.0288572 549
0.0289373 576
0.0290167 602
0.029096 626
0.029174 661
0.0292519 683
0.0293284 704
0.0294073 724
0.0294866 744
0.0295651 765
0.0296444 783
0.0297248 808
0.0298049 827
0.0298839 847
0.0299653 864
0.0300472 890
0.0301275 907
0.0302118 930
0.0302949 946
0.0303717 968
0.0304645 986
0.0305455 1003
0.0306242 1019
0.0307068 1035
0.0307878 1049
0.0308801 1068
0.03096 1082
0.0310376 1096
0.0311126 1110
0.0311855 1122
0.0312604 1134
0.0313348 1159
0.0314113 1171
0.0314914 1196
0.0315673 1217
0.0316468 1230
0.0317917 1240
0.0318785 1254
0.0319628 1266
0.0320439 1284
0.0321297 1294
0.0322133 1305
0.0322931 1316
0.0323865 1326
0.0324688 1341
0.032553 1351
0.0326356 1362
0.0326952 1380
0.0327517 1393
0.0328032 1403
0.0328564 1415
0.0329108 1423
0.032995 1439
0.0330696 1453
0.0331374 1465
0.0332 1481
0.0332592 1494
0.033316 1504
0.0333714 1517
0.0334265 1536
0.0334781 1543
0.0335263 1550
0.0335763 1563
0.0336273 1570
0.0336813 1577
0.0337359 1596
0.0337915 1604
0.0338451 1622
0.0338955 1628
0.033941 1633
0.0339846 1647
0.0340341 1653
0.0340855 1662
0.0341361 1666
0.034182 1677
0.0342573 1684
0.0343353 1694
0.0344073 1699
0.0344774 1707
0.0345416 1713
0.0346041 1719
0.034666 1723
0.0347271 1735
0.0347853 1744
0.034845 1754
0.0349059 1761
0.0349652 1770
0.0350244 1788
0.0350819 1793
0.0351372 1797
0.0351903 1799
0.0352455 1812
0.0353015 1815
0.0353549 1829
0.0354109 1840
0.0354662 1849
0.0355304 1861
0.0355878 1872
0.0356449 1877
0.0357035 1881
0.0358437 1891
0.0358987 1913
0.0359532 1922
0.0360084 1930
0.0360628 1935
0.0361448 1946
0.0363995 1953
0.0364596 1955
0.0364935 1960
0.0365391 1961
0.0365514 1962
0.0365628 1964
0.0366029 1965
0.0366818 1978
0.0368671 1982
0.036916 1983
0.0369339 1985
0.0369673 1986
0.0371457 1989
0.0371573 1991
0.0371998 1998
0.03721 2000
0.0372433 2008
0.0372963 2012
0.0373059 2015
0.0373116 2016
0.0374965 2019
0.0376486 2022
0.0376708 2026
0.0376998 2028
0.0377197 2030
0.0377859 2034
0.0377943 2048
0.0384888 2054
0.0385058 2058
0.0385587 2060
0.0400627 2067
0.0400944 2073
0.0401798 2074
0.041296 2075
0.0413005 2077
0.0416212 2078
0.0416509 2085
0.0422194 2086
0.0427006 2088
0.0427047 2090
0.0435215 2092
0.0462532 2095
0.0471383 2096
0.0472202 2101
0.0510886 2102
0.0520322 2105
0.0565919 2107
0.0566251 2109
0.0572099 2112
0.0625884 2121
2 2121
