445 0.192941
443 0.116841
437 0.153478
449 0.178662
442 0.139981
445 0.352336
445 0.1212
482 0.0992412
425 0.144932
448 0.141837
168 0.173736
168 0.187466
158 0.128241
163 0.180795
160 0.16302
171 0.227247
168 0.151988
168 0.144817
151 0.143369
170 0.167618
1770 0.0327588
1701 0.0176194
1624 0.0211514
1673 0.0102597
1860 0.0521802
1743 0.0096927
1772 0.0158781
1749 0.0161302
1620 0.00874624
1811 0.0120376
1563 1.82562
1484 0.0420722
1393 0.11198
1411 0.176627
1552 0.325385
1325 0.198344
1339 0.129622
1546 0.14393
1388 0.249432
1327 0.180225
