0 -99
1.89e-07 -64
0.000113001 -63
0.000113115 -25
0.000113333 -12
0.000398742 26
0.000398865 66
0.000401575 68
0.000402324 91
0.000403395 97
0.000403461 112
0.00040457 160
0.000408644 164
0.000408929 176
0.000421067 179
0.000421352 202
0.000423474 204
0.000423891 213
0.00044019 215
0.000440597 225
0.000440702 238
0.000440768 254
0.000440891 271
0.000441251 304
0.000443554 329
0.000492735 348
0.000493872 349
0.000493948 374
0.000494677 379
0.000501993 396
0.000502069 445
0.000502552 482
0.000530118 502
0.000530497 518
0.000535879 533
0.000535955 537
0.00053658 558
0.000537784 581
0.000539831 586
0.000540769 588
0.000540977 593
0.000542768 606
0.000545469 607
0.000545573 610
0.00054852 624
0.000549904 632
0.000565928 641
0.000583174 644
0.000592906 655
0.000597492 656
0.000605414 657
0.0006055 678
0.000605689 687
0.000605841 697
0.000605945 699
0.000607594 707
0.000612303 708
0.000612938 710
0.000614653 730
0.000614729 735
0.000622026 739
0.000622149 745
0.000623438 749
0.000624186 752
0.000624499 755
0.000626148 767
0.000628981 774
0.00062954 776
0.000632232 784
0.000635709 786
0.000635804 791
0.000636174 792
0.000637377 796
0.000641433 800
0.000641632 803
0.000642106 811
0.000642371 814
0.000644077 819
0.000647791 838
0.000648331 842
0.000657836 846
0.000689922 857
0.000691599 870
0.000702174 882
0.000704496 888
0.000727504 891
0.000728906 898
2 898
