0 -13912
4.83e-07 -13591
1.3311e-05 -13535
1.3633e-05 -13229
1.3879e-05 -12881
0.000395638 -12718
0.000396016 -12424
0.000396196 -12212
0.000396755 -12001
0.000398071 -11672
0.000399926 -11523
0.000400816 -11512
0.000401365 -11277
0.000406525 -11039
0.000407566 -10974
0.00041195 -10949
0.000430771 -10894
0.000430998 -10567
0.000432692 -10192
0.000433696 -10008
0.00043558 -9948
0.000436214 -9517
0.00043665 -9448
0.000450614 -9444
0.000451807 -9064
0.000456569 -8957
0.000457298 -8603
0.000459703 -8595
0.000462164 -8382
0.000477283 -8327
0.000481544 -8298
0.000501321 -8262
0.000503905 -7988
0.000507948 -7926
0.000509122 -7624
0.00051005 -7400
0.000510466 -7135
0.000512549 -7055
0.000512757 -6784
0.000519839 -6631
0.00053172 -6593
0.00053367 -6514
0.000541197 -6467
0.000546432 -6178
0.000547228 -6053
0.000551639 -5955
0.000555635 -5726
0.000556354 -5472
0.000560027 -5298
0.00056211 -5155
0.000562299 -4966
0.000569438 -4751
0.00057313 -4614
0.000573338 -4509
0.000591752 -4302
0.000596637 -4113
0.000597205 -4025
0.00061027 -3907
0.000611463 -3785
0.000613035 -3775
0.000615875 -3627
0.000625569 -3606
0.000627633 -3459
0.000631799 -3293
0.000632547 -3031
0.0006348 -3007
0.000637148 -2797
0.000639429 -2642
0.000644381 -2501
0.000666383 -2475
0.000667358 -2405
0.00066839 -2363
0.000680593 -2352
0.000685497 -2299
0.000687002 -2172
0.000687769 -2101
0.000695447 -2024
0.000717231 -1966
0.000718036 -1819
0.000729425 -1786
0.000735219 -1749
0.000737037 -1625
0.000737207 -1585
0.000738003 -1499
0.00074142 -1403
0.000743058 -1267
0.000744261 -1164
0.000745917 -1075
0.000750083 -1015
0.000751399 -888
0.000761747 -882
0.000770002 -763
0.000772587 -733
0.000777093 -679
0.000778418 -623
0.000782385 -592
0.000789495 -517
0.000791635 -478
0.000816136 -476
0.000816581 -398
0.000817405 -347
0.000818172 -332
0.000818304 -320
0.000820311 -319
0.000824997 -292
0.000825121 -271
0.00083099 -189
0.000836548 -172
0.000838166 -132
0.000838327 -92
0.000841508 -57
0.000841755 -53
0.000841868 -26
0.000842578 -2
0.000846772 6
0.000855596 22
0.000861418 25
0.000877219 42
0.000878166 92
0.000884613 96
0.000898113 112
0.00089977 129
0.000909076 133
0.00094278 135
0.000953052 144
0.000961998 165
0.000972166 168
0.00097335 182
0.00099698 231
0.00100294 247
0.00101362 252
0.00101679 262
0.00102218 277
0.00102625 283
0.00103501 293
0.00103543 294
0.00105525 301
0.00105536 318
0.00106494 326
0.00107002 328
0.00114009 330
0.00114432 333
0.00115175 346
0.00121468 351
0.00122914 357
2 357
