0 -60091
1.7e-07 -59334
4.16e-07 -58521
1.3112e-05 -58390
1.3367e-05 -57784
2.7398e-05 -57697
3.8749e-05 -57693
4.0094e-05 -56969
4.1163e-05 -56313
0.000253174 -56125
0.000253372 -55440
0.000255332 -54908
0.000257065 -54129
0.000287975 -53433
0.00028824 -52629
0.000290768 -51986
0.000295331 -51148
0.000296931 -51105
0.000302422 -50340
0.000304089 -49652
0.000307677 -48785
0.000317352 -48781
0.000318053 -47989
0.00032184 -47166
0.000324036 -46333
0.000325636 -45585
0.00033 -45101
0.000331544 -44599
0.000333115 -43940
0.000333371 -43137
0.000336391 -42517
0.000337054 -41779
0.000340367 -40978
0.00034139 -40104
0.000342185 -39255
0.000342393 -38604
0.000343274 -37815
0.000344561 -37294
0.000346672 -37104
0.000354057 -36529
0.000358156 -35969
0.000360419 -35148
0.000363013 -34565
0.000367264 -34007
0.000373048 -33519
0.000374023 -32841
0.000374213 -32261
0.000374383 -31693
0.000377791 -31004
0.000384182 -30295
0.000384399 -29642
0.000385365 -29123
0.000389105 -28545
0.000390724 -27868
0.000395126 -27796
0.000396101 -27340
0.000404631 -26618
0.000405048 -25844
0.000408001 -25128
0.000411694 -24745
0.000415443 -23943
0.000420517 -23270
0.000420706 -22672
0.000426519 -21995
0.000430467 -21461
0.000436166 -20983
0.000438145 -20183
0.000442349 -19649
0.000451125 -19145
0.000452479 -18415
0.000458727 -17708
0.000465032 -16971
0.000468014 -16469
0.000468687 -15806
0.000468895 -14985
0.000469387 -14327
0.000489836 -13932
0.000492071 -13223
0.000493813 -12731
0.000504094 -12303
0.000504293 -11682
0.000505022 -11255
0.0005127 -10840
0.000514707 -10403
0.000519696 -9956
0.000520927 -9264
0.000525197 -8865
0.000557546 -8553
0.000566805 -8077
0.000578365 -7630
0.000589243 -7211
0.000594327 -6648
0.000637602 -6283
0.00064722 -6057
0.000654737 -5645
0.000658752 -5307
0.00066091 -4996
0.000684929 -4495
0.00069699 -4193
0.000697833 -3881
0.000704393 -3435
0.000719011 -3014
0.000739062 -2669
0.000757088 -2413
0.000773145 -2183
0.000780283 -2145
0.00078514 -1806
0.000785736 -1587
0.000803421 -1313
0.000835193 -995
0.000841281 -788
0.000852954 -610
0.00086031 -452
0.000884328 -340
0.000889441 -194
0.000892044 -100
0.000959858 -64
0.000976795 -42
0.00100147 -19
0.00101872 -10
0.00102762 21
0.001069 39
0.00109532 42
0.00120441 61
0.00144634 77
0.00148712 82
0.00148773 83
2 83
