0 -2045
1.07e-05 -2001
1.0992e-05 -1987
1.1416e-05 -1882
0.000555341 -1877
0.000565164 -1851
0.000566003 -1790
0.000569444 -1782
0.000569972 -1705
0.000570576 -1700
0.000571377 -1669
0.000571952 -1613
0.000572207 -1552
0.000572669 -1543
0.000609058 -1476
0.000609634 -1417
0.000613951 -1404
0.000614969 -1391
0.000615856 -1385
0.000616044 -1365
0.000616544 -1341
0.000619674 -1324
0.000620258 -1277
0.000620551 -1273
0.000620739 -1262
0.000621635 -1213
0.000622738 -1186
0.000624765 -1160
0.000631628 -1146
0.000632061 -1100
0.000632618 -1067
0.000634164 -1061
0.000634993 -1053
0.000636257 -985
0.000636389 -933
0.000636719 -929
0.000637115 -894
0.000637482 -883
0.000637586 -828
0.000637699 -825
0.000644628 -775
0.000645194 -745
0.000645524 -686
0.000645665 -636
0.000647899 -614
0.000648201 -601
0.000651124 -548
0.000651727 -517
0.000653047 -479
0.00067556 -468
0.000676597 -463
0.00068016 -457
0.000680613 -437
0.00068148 -410
0.000681678 -400
0.000686806 -369
0.000688767 -308
0.000689456 -306
0.000690332 -217
0.000690511 -210
0.000692359 -196
0.000692878 -145
0.000696055 -128
0.000696592 -80
0.000698016 -49
0.000698412 -6
0.000698902 6
0.000699656 8
0.000700627 54
0.000701334 63
0.00070206 64
0.000702428 68
0.000703088 77
0.000703201 123
0.000703691 125
0.00070437 128
0.0007047 178
0.000709178 181
0.000709574 201
0.000712854 204
0.000715513 232
0.000716211 307
0.000716936 309
0.000719095 324
0.000722829 336
0.000723715 343
0.000723913 377
0.000726571 405
0.000729871 413
0.000730163 422
0.000732888 435
0.000733783 436
0.000734688 464
0.000735942 468
0.000737856 503
0.000740043 521
0.00074042 544
0.000760746 551
0.000766798 560
0.000766892 570
0.000767175 593
0.000768467 598
0.000769721 659
0.000771201 660
0.000771521 687
0.000772643 726
0.000773746 735
0.000775556 737
0.000799247 773
0.000802179 779
0.000802886 788
0.000803763 799
0.000803848 804
0.00080925 806
0.000810607 810
0.000813106 852
0.000816481 876
0.000817376 896
0.000819365 910
0.000820846 947
0.000821034 953
0.000823476 990
0.000823872 1010
0.000824918 1016
0.000830462 1020
0.000832573 1065
0.000834204 1089
0.000837796 1099
0.000838135 1100
0.000838447 1102
0.000847129 1110
0.000848986 1111
0.00084958 1122
0.000853417 1135
0.000853898 1141
0.000855152 1149
0.000856406 1154
0.000858602 1156
0.000860733 1162
0.00086128 1163
0.000861996 1166
0.00086226 1167
0.000862543 1191
0.000866427 1207
0.000866964 1215
0.000870471 1222
0.000876439 1243
0.000876967 1246
0.0008807 1251
0.000884113 1258
0.000884292 1262
0.000884707 1267
0.000886149 1268
0.000894379 1277
0.000896915 1283
0.000901657 1284
0.000903354 1293
0.000906645 1297
0.000910557 1306
0.000911075 1315
0.000911349 1326
0.000914026 1327
0.000914318 1328
0.000917873 1365
0.000919249 1366
0.000920644 1380
0.000923095 1391
0.00093043 1392
0.000930562 1395
0.000931297 1408
0.000932872 1422
0.000933861 1434
0.000935078 1437
0.000946287 1440
0.000949058 1444
0.000951368 1451
0.00095184 1456
0.000962125 1473
0.000962596 1475
0.000963662 1476
0.000968818 1482
0.000975116 1483
0.000976266 1488
0.000977162 1490
0.000982865 1497
0.000983063 1500
0.000984911 1514
0.00099365 1520
0.000994979 1524
0.000996516 1534
0.00100076 1542
0.00100203 1544
0.00100816 1552
0.00102478 1553
0.00102922 1555
0.00103979 1569
0.00104124 1571
0.00105203 1573
0.0010968 1576
0.00110771 1578
0.00112516 1579
0.00113006 1586
0.00114455 1610
0.00114589 1612
0.00117308 1634
0.00118179 1639
0.00123421 1648
0.00123735 1650
0.00125634 1652
0.00128267 1653
0.0013272 1654
0.00133023 1660
0.00134807 1670
0.00136086 1677
0.00153857 1678
0.00154922 1688
0.00165407 1690
0.0017094 1694
0.00173085 1698
2 1698
