0 -777
1.98e-07 -725
7.909e-06 -645
0.000497994 -627
0.000498201 -623
0.000500803 -557
0.000500926 -514
0.000501482 -476
0.000501586 -413
0.000501934 -410
0.000519403 -385
0.00051946 -370
0.000519601 -347
0.000519781 -336
0.000519856 -227
0.000519969 -223
0.000570811 -214
0.000571933 -210
0.000573894 -188
0.00057808 -183
0.000578268 -176
0.000587715 -143
0.000588629 -70
0.000588723 -36
0.000588978 -3
0.000590288 10
0.000591721 25
0.000592334 70
0.000593258 78
0.000594568 92
0.000595153 134
0.000596105 142
0.000596548 144
0.000596906 158
0.000600611 161
0.000601375 164
0.000602025 173
0.000602157 240
0.000602412 260
0.000602874 298
0.000623086 305
0.000623426 309
0.00062368 320
0.000626603 323
0.000626753 354
0.000627357 378
0.000628837 392
0.000629261 393
0.000647937 409
0.000651368 433
0.000655111 470
0.000657657 478
0.000658326 522
0.000663332 549
0.000663483 550
0.00066929 559
0.00067111 570
0.000685317 576
0.000686655 597
0.000687183 598
0.000687353 602
0.000692755 630
0.000693207 634
0.000705246 643
0.000709375 650
0.000710573 661
0.00071374 696
0.000714438 720
0.000715805 724
0.000717587 726
0.000718228 737
0.000718859 752
0.000720519 756
0.00072082 761
0.000721867 763
0.000723535 768
0.000724855 774
0.000727495 776
0.000727806 784
0.000727947 790
0.00072971 797
0.000730314 822
0.000730795 831
0.000732171 837
0.000734518 855
0.000737639 868
0.00073877 870
0.000740778 880
0.000742475 891
0.000744427 892
0.000745944 893
0.000747283 897
0.000748905 912
0.00075277 927
0.000756456 943
0.000761905 948
0.000762339 951
0.000770343 968
0.000772294 981
0.000774651 984
0.000776235 999
0.000779968 1006
0.000807373 1008
0.000813548 1024
0.000818611 1026
0.000925556 1030
2 1030
