0 -49512
3.48e-07 -48709
0.000202651 -48704
0.000204829 -47877
0.000205093 -47099
0.000205253 -46377
0.000209326 -45639
0.00020943 -44842
0.00020975 -43971
0.000210184 -43259
0.000210429 -42617
0.000212522 -42021
0.000213616 -41573
0.000213851 -40903
0.00021585 -40148
0.000216943 -39598
0.000217368 -38976
0.000218471 -38296
0.000220941 -38270
0.00023083 -37403
0.000235383 -37292
0.000235506 -36558
0.000237373 -36006
0.000238853 -35168
0.000242888 -34425
0.000243661 -33794
0.000244462 -33028
0.000247262 -32406
0.000248884 -31746
0.000249402 -30979
0.000250448 -30432
0.000252353 -29749
0.000255464 -29136
0.000258066 -28514
0.000258707 -27512
0.000260649 -26826
0.000268012 -26289
0.000269558 -25505
0.000269718 -24871
0.000273376 -24441
0.000275969 -23874
0.000285066 -23566
0.000285415 -23016
0.000286452 -22296
0.000288526 -21647
0.000288696 -21129
0.000289638 -20457
0.00028977 -19889
0.000291316 -19297
0.000293485 -18867
0.000301507 -18410
0.000301856 -17698
0.000305769 -17050
0.000305919 -16512
0.000311265 -15880
0.000311962 -15292
0.0003125 -14800
0.00032155 -14378
0.000333231 -14115
0.000342404 -13569
0.000350917 -12863
0.000351803 -12276
0.000353999 -11640
0.000356337 -11270
0.000356743 -10582
0.000360467 -10069
0.000371431 -9558
0.000375701 -9183
0.000385016 -8677
0.000389692 -7940
0.000390606 -7419
0.000391643 -7003
0.000394914 -6585
0.00039811 -6373
0.00039911 -6033
0.000406934 -5542
0.000413034 -5076
0.000431002 -4655
0.000435471 -4225
0.000466195 -3925
0.000494836 -3513
0.000508901 -3235
0.000514671 -3010
0.000542802 -2708
0.000545301 -2333
0.000555407 -2009
0.000631477 -1602
0.000644345 -1270
0.000652472 -1073
0.000670996 -878
0.00071507 -651
0.000735895 -446
0.000736121 -276
0.000799964 -182
0.000820902 -111
0.000847082 -89
0.00089107 -46
0.000895265 -43
0.000900083 22
0.00098574 33
0.000988154 60
0.0010012 71
0.00101887 75
0.00103308 86
0.00135703 89
0.00148372 91
2 91
