0 -1070
6.6e-08 -998
8.758e-06 -989
8.937e-06 -983
9.238e-06 -972
1.0785e-05 -882
1.0888e-05 -818
1.8468e-05 -784
0.000245207 -761
0.00024564 -733
0.000337671 -660
0.00033818 -538
0.000338274 -526
0.00033835 -430
0.000406416 -391
0.000406727 -383
0.000409923 -370
0.000410554 -355
0.00041128 -332
0.000411403 -282
0.000411488 -269
0.000411846 -220
0.000444493 -219
0.000444587 -204
0.000451931 -200
0.000452092 -175
0.000452544 -147
0.000452874 -105
0.000453166 -72
0.000453279 -52
0.000465893 -31
0.000466195 -24
0.000472851 -11
0.000473322 30
0.000475736 39
0.000476348 68
0.000478253 72
0.000480082 94
0.000484079 130
0.000484465 144
0.0005002 178
0.000501274 179
0.000507082 202
0.000516236 209
0.00052127 231
0.000521411 236
0.000521543 261
0.000522448 267
0.000522731 278
0.000523325 287
0.000523401 295
0.000523806 308
0.000525361 321
0.000527643 376
0.000528143 386
0.000528463 403
0.000531282 406
0.00053361 417
0.000534261 432
0.000535402 442
0.000537202 447
0.000538673 460
0.000562053 478
0.000562628 489
0.00056457 492
0.000569934 495
0.000573045 505
0.000574742 510
0.000574969 514
0.000578956 523
0.000579909 530
0.000579984 549
0.00060639 553
0.000606767 565
0.000610557 569
0.000618985 575
0.000620164 576
0.000620786 590
0.00062467 595
0.000624764 602
0.000625151 604
0.000631543 615
0.000640291 616
0.000648493 627
0.00065266 641
0.000661116 642
0.000737214 644
0.000746972 656
0.000752694 658
0.000760283 659
2 659
