0 -24797
2.36e-07 -24399
6.6e-07 -23984
0.00032436 -23849
0.000326434 -23529
0.000327622 -23329
0.000328404 -23014
0.000329385 -22637
0.000330959 -22276
0.000336785 -22056
0.000337077 -21811
0.00033737 -21338
0.00033802 -21077
0.000341009 -21072
0.000343111 -20767
0.000343479 -20316
0.000345119 -20269
0.000348579 -20040
0.000361673 -19875
0.000362484 -19446
0.000363455 -19062
0.000364153 -18835
0.000364398 -18248
0.000378237 -17998
0.000379114 -17523
0.000380396 -17245
0.000381688 -16900
0.000383347 -16588
0.000384705 -16316
0.000393548 -15869
0.000394669 -15507
0.000397366 -15176
0.000400986 -14924
0.000401297 -14551
0.000411874 -14170
0.000412572 -13883
0.00041343 -13518
0.000413788 -13261
0.00041936 -12945
0.000420208 -12597
0.00042545 -12272
0.000426044 -12064
0.000426364 -11796
0.000437178 -11532
0.000438168 -11263
0.000439035 -10955
0.000441099 -10658
0.000441477 -10388
0.000441769 -10098
0.000443475 -9827
0.00044389 -9618
0.000447472 -9401
0.000450791 -9193
0.000454515 -8815
0.000465818 -8745
0.000467459 -8568
0.000467845 -8296
0.000468015 -8039
0.000468486 -7870
0.000470739 -7570
0.000480798 -7439
0.000487143 -7184
0.000496118 -6873
0.000496354 -6586
0.000500209 -6311
0.000501859 -5971
0.000503132 -5720
0.000505951 -5539
0.000508647 -5291
0.000522449 -5261
0.000523589 -5098
0.000536392 -5006
0.000536646 -4877
0.000542067 -4821
0.00054779 -4684
0.000556614 -4531
0.000557189 -4239
0.000558895 -4007
0.000565409 -3733
0.00056951 -3489
0.000591014 -3295
0.000591561 -3088
0.000592806 -2935
0.000596652 -2713
0.000598971 -2603
0.000606362 -2440
0.000609407 -2327
0.000616591 -2189
0.000618043 -2072
0.00062188 -2007
0.000623746 -1913
0.000627546 -1800
0.000630638 -1624
0.000631449 -1463
0.000637152 -1329
0.000637463 -1252
0.000638623 -1147
0.000641225 -1006
0.000642441 -994
0.000646419 -951
0.000656139 -907
0.000659241 -823
0.000660117 -786
0.00067472 -778
0.000677068 -762
0.000677294 -706
0.000679057 -622
0.000683658 -538
0.000713986 -512
0.00071441 -417
0.000733199 -322
0.000737884 -244
0.000740062 -198
0.000744021 -188
0.000751252 -171
0.000756296 -167
0.000761424 -79
0.000771493 -45
0.000780119 -21
0.000781147 0
0.000782919 37
0.000786011 70
0.000786332 75
0.000788679 78
0.000792507 118
0.00079262 124
0.000793996 137
0.000827482 140
0.000885489 151
0.000892965 152
0.000893795 155
0.000902138 167
0.000904995 169
0.000917071 178
0.000926527 214
0.000936209 215
0.000988738 216
0.000995319 228
0.00100579 231
0.00101924 237
0.00102112 238
0.00102831 239
0.0010288 259
0.00110525 265
0.00110912 274
0.00111158 275
0.00114346 283
0.00116923 295
0.00127576 329
0.0013077 332
0.00133376 334
0.00143588 344
2 344
