0 -1519
6.6e-08 -1445
0.00055057 -1428
0.000550825 -1421
0.000561327 -1419
0.000561553 -1353
0.000561817 -1314
0.000563505 -1214
0.00056507 -1148
0.000588139 -1121
0.000589515 -1020
0.0005901 -948
0.00060491 -898
0.000605023 -888
0.000606909 -741
0.000608323 -732
0.000608813 -685
0.000617317 -684
0.000620135 -639
0.000621729 -624
0.000622304 -618
0.000623784 -614
0.000628083 -585
0.00062829 -556
0.000628846 -540
0.00062895 -531
0.000629648 -472
0.000631797 -463
0.000632108 -434
0.000632325 -382
0.000632749 -357
0.00063373 -336
0.000634107 -296
0.000634333 -272
0.000634616 -252
0.000640244 -214
0.000648078 -206
0.000649294 -187
0.000650228 -109
0.00065035 -93
0.000651604 -43
0.000651953 -41
0.000654743 -23
0.000655366 9
0.000657364 36
0.000658354 49
0.00065876 103
0.000658873 155
0.00065941 184
0.000703578 187
0.000704511 246
0.000705463 272
0.000706057 280
0.000706773 295
0.00070749 314
0.000707905 337
0.000712128 366
0.000714598 412
0.000736159 419
0.000736234 443
0.000737158 449
0.000737309 487
0.000737686 496
0.000738233 519
0.000738629 527
0.000740901 538
0.000744398 543
0.000745869 547
0.000745963 567
0.000749348 577
0.000754561 599
0.000756607 601
0.000765619 608
0.00076676 612
0.000768655 623
0.000769683 626
0.000772351 630
0.000772747 636
0.000773482 665
0.000779506 698
0.00078092 714
0.000781024 731
0.000781354 733
0.000783107 750
0.000783909 762
0.000784908 764
0.00078536 767
0.000786624 794
0.000787802 807
0.000790555 811
0.000792195 812
0.000794062 822
0.000797182 833
0.000797984 850
0.000799869 858
0.000800143 867
0.000801321 889
0.000803273 918
0.000809447 929
0.000809825 935
0.000811427 936
0.000813115 942
0.000815255 946
0.000815707 948
0.000817838 954
0.000818338 956
0.00082109 969
0.000824381 976
0.000825295 982
0.000831724 997
0.000832017 1000
0.000833157 1005
0.000834713 1024
0.000835505 1034
0.000835684 1039
0.000838559 1062
0.000839257 1068
0.000839342 1089
0.000841208 1092
0.000845715 1093
0.000847063 1097
0.000848788 1107
0.000859601 1109
0.000860874 1120
0.000861826 1128
0.00086325 1136
0.000866964 1140
0.000870924 1145
0.00087296 1155
0.000873582 1159
0.000890806 1166
0.000892692 1170
0.000896283 1191
0.000898631 1201
0.000899197 1206
0.000911528 1209
0.00091642 1220
0.000919909 1223
0.000922133 1226
0.000928346 1227
0.000932061 1235
0.000934851 1249
0.000935784 1260
0.000936906 1265
0.000941139 1270
0.000950463 1272
0.00095067 1273
0.000952122 1276
0.000953687 1279
0.000958618 1282
0.000960447 1283
0.000962511 1294
0.000963831 1296
0.00096616 1297
0.000969318 1301
0.000974031 1302
0.0010043 1303
0.00101578 1316
0.0010182 1318
0.00102882 1326
0.00105812 1327
0.00105901 1342
0.00106978 1348
0.00106995 1359
0.00108544 1363
0.00108865 1373
0.00109589 1378
0.0011013 1384
0.00111577 1385
0.00112421 1394
0.00113359 1398
0.00117344 1403
0.00117532 1405
0.00122987 1407
0.00124622 1414
2 1414
