0 -29824
1.22e-07 -29377
7.636e-06 -29155
8.315e-06 -28791
0.000214954 -28635
0.000215511 -28023
0.000215888 -27579
0.000216802 -27067
0.000219461 -26613
0.000219593 -26159
0.000220319 -25682
0.00022062 -25212
0.000223194 -24673
0.00022441 -24197
0.000224806 -23753
0.000226861 -23642
0.000231122 -23149
0.000232395 -23114
0.000233272 -22535
0.000233969 -21929
0.000235516 -21921
0.000236232 -21432
0.000239136 -20934
0.000240899 -20717
0.000241408 -20366
0.000243633 -20339
0.000244283 -19848
0.000245103 -19440
0.000246923 -19204
0.000247564 -19084
0.000248375 -18570
0.000249911 -18104
0.000255096 -17809
0.000255766 -17232
0.000257161 -16692
0.000257991 -16219
0.000258443 -15672
0.000260762 -15165
0.000261375 -14628
0.000261526 -14067
0.00026591 -13665
0.000266541 -13310
0.00026952 -12901
0.000269944 -12459
0.000271755 -12035
0.000271924 -11512
0.000272565 -11172
0.000275648 -11054
0.000276148 -10684
0.000280711 -10603
0.000284161 -10123
0.000300414 -10109
0.000302535 -10056
0.00030591 -9581
0.00031036 -9155
0.000312613 -8798
0.000314055 -8472
0.000314461 -8176
0.000316365 -8175
0.000322427 -8091
0.000324105 -7650
0.000326971 -7353
0.000343016 -7033
0.000354518 -6928
0.000359571 -6506
0.000360665 -6194
0.000365133 -5861
0.00037128 -5420
0.00037259 -5093
0.000375513 -4738
0.000394151 -4381
0.000394613 -4016
0.000396102 -3660
0.000410338 -3413
0.000415287 -3314
0.000417116 -3039
0.000422537 -2762
0.000447199 -2409
0.000453336 -2226
0.000479337 -2153
0.00051551 -1886
0.000522373 -1696
0.00053511 -1408
0.00055766 -1255
0.000611208 -1111
0.000624774 -991
0.000631316 -856
0.000646627 -713
0.000664878 -640
0.00066847 -588
0.000684327 -469
0.000720255 -317
0.000752657 -163
0.000769211 -40
0.000772209 20
0.000773444 29
0.000773614 37
0.000779223 40
0.000803009 49
0.000806054 50
0.000817555 73
0.000819658 82
0.000831498 92
0.000843556 102
0.000858989 106
0.000876354 111
2 111
