0 455
7.5e-08 498
7.004e-06 507
1.4601e-05 509
0.000673175 511
0.000673335 516
0.000673626 536
0.000682906 571
0.000683602 576
0.000684091 582
0.000684758 598
0.000685322 617
0.000685595 635
0.000688011 638
0.000689459 639
0.000689873 655
0.00069259 663
0.000692806 671
0.000697827 680
0.000704286 682
0.000705527 694
0.000708602 713
0.000712607 732
0.000713153 742
0.00071383 743
0.000714384 748
0.000715014 770
0.000715268 774
0.0007154 779
0.00071603 787
0.000716208 809
0.000737137 821
0.000737279 860
0.000737899 891
0.000738228 912
0.000738538 932
0.000739817 946
0.000740381 949
0.000740494 960
0.000743982 967
0.000744246 997
0.000745186 1016
0.000746427 1037
0.000747104 1050
0.000747837 1054
0.000752482 1072
0.000754108 1073
0.000755058 1082
0.00075628 1087
0.000756713 1095
0.000756976 1098
0.000757108 1138
0.000758292 1140
0.000758556 1147
0.000760718 1174
0.000866709 1192
0.000871475 1194
0.000871588 1197
0.000871823 1216
0.000873911 1218
0.000874296 1226
0.000874606 1230
0.000876007 1231
0.000876581 1249
0.000876722 1256
0.000877361 1259
0.000897049 1260
0.000897153 1279
0.000897322 1293
0.000902455 1294
0.000905126 1299
0.00090852 1300
0.000912196 1310
0.000912929 1324
0.000913616 1334
0.000932364 1340
0.000932947 1351
0.000933257 1359
0.000933718 1363
0.00093557 1364
0.000939594 1365
0.000939923 1374
0.00094075 1387
0.000944126 1393
0.000944492 1399
0.00094532 1414
0.00094595 1430
0.00095632 1432
0.000962573 1439
0.00097409 1444
0.000974325 1447
0.000981462 1451
0.000994192 1457
0.000996505 1463
0.000998639 1468
0.000999824 1474
0.00100229 1486
0.00100323 1488
0.00100345 1489
0.00100373 1493
0.00102389 1497
0.00105132 1507
0.00105162 1513
0.00106602 1516
0.00106625 1518
0.00106747 1527
0.00106973 1532
0.00107415 1537
0.00107527 1541
0.00107615 1546
0.001106 1547
0.00111783 1551
0.00112048 1552
0.00113576 1559
0.00114418 1564
0.00119439 1578
2 1578
