0 413
6.2e-07 429
0.000379639 441
0.000379809 457
0.000379875 475
0.000393743 483
0.000394044 485
0.000394156 487
0.000394241 502
0.000395275 515
0.000395435 523
0.000396573 532
0.000398303 554
0.000398707 555
0.000400108 563
0.000400258 570
0.000426848 573
0.000427186 590
0.000427318 591
0.000436118 600
0.000447354 621
0.000471198 629
0.000471254 636
0.000477939 638
0.000478606 642
0.000479942 661
0.000480562 667
0.000481775 668
0.000482151 670
0.000482452 673
0.000482734 677
0.00048673 685
0.000487454 688
0.000515933 698
0.000516093 700
0.000517005 720
0.000517061 733
0.000518124 743
0.00051959 746
0.000535621 758
0.000537708 759
0.000538564 766
0.000539937 767
0.000540755 786
0.000541657 787
0.000543904 800
0.000591254 802
0.000610725 814
0.000615944 818
0.000616395 820
0.000635585 823
0.000657191 824
0.000711827 826
2 826
