0 138
2.16e-07 153
6.789e-06 193
6.977e-06 197
7.071e-06 204
8.067e-06 206
8.171e-06 218
0.000338064 232
0.000342803 250
0.000345802 255
0.000346093 264
0.000348284 281
0.00034851 334
0.000351669 348
0.000351772 384
0.000351847 385
0.000351913 390
0.000352035 392
0.000352186 433
0.000352261 442
0.000352675 449
0.00043987 452
0.000442522 471
0.000442804 491
0.00044287 492
0.000452751 500
0.000452864 508
0.000453644 511
0.000454171 514
0.000454707 517
0.000455196 520
0.00045528 540
0.000460677 556
0.000461072 558
0.000461467 582
0.000465012 618
0.000465407 620
0.000465529 630
0.000467146 636
0.000473727 637
0.000473859 649
0.000474028 650
0.000539919 654
0.000561459 656
0.000561534 670
0.000562126 673
0.000563255 676
0.000566677 678
0.00056994 681
0.000570278 684
0.000572036 685
0.000575694 700
0.00057591 706
0.000576286 709
0.000577311 712
0.000580573 722
0.000582228 731
0.000741313 733
0.00084782 736
0.000858915 738
2 738
