0 57
7.5e-08 67
5.92e-07 116
8.274e-06 130
9.91e-06 139
1.0323e-05 144
1.2016e-05 150
0.000805237 188
0.000806572 245
0.000807287 255
0.000807447 276
0.000808029 287
0.000808518 306
0.000808678 308
0.000808904 343
0.000812336 349
0.000812806 401
0.000814987 411
0.000817291 435
0.000817488 439
0.000818729 444
0.000819039 452
0.000819472 468
0.000819594 475
0.000820224 476
0.000821145 500
0.000823176 515
0.000823364 547
0.00082406 564
0.000825781 568
0.000825941 595
0.000829485 607
0.000831413 651
0.000833199 678
0.00083649 698
0.000836979 717
0.000838408 734
0.000838906 736
0.000839216 766
0.000841416 776
0.000841699 778
0.000843833 784
0.000844002 789
0.000844312 797
0.000847255 817
0.000911058 839
0.000915148 843
0.000916239 853
0.000916624 867
0.00091874 904
0.000919153 911
0.000923131 946
0.00092346 967
0.000924202 1000
0.000924343 1046
0.000925932 1051
0.000937986 1062
0.000940722 1070
0.000940872 1084
0.000941502 1087
0.000941944 1088
0.000943204 1100
0.000943383 1124
0.000944953 1136
0.000945244 1137
0.000947144 1148
0.00094767 1149
0.000970151 1158
0.000971664 1165
0.000971805 1180
0.000972106 1182
0.000972558 1186
0.000973225 1196
0.00097346 1198
0.000977165 1200
0.000978349 1223
0.000978763 1230
0.000979045 1235
0.00097959 1238
0.000980164 1240
0.0009818 1251
0.00098525 1259
0.000987075 1263
0.000987197 1268
0.00099171 1275
0.000993835 1285
0.000994305 1286
0.000998677 1292
0.00100009 1294
0.00100124 1323
0.0010022 1332
0.00100247 1353
0.00100263 1366
0.00100277 1397
0.00100483 1402
0.00100747 1406
0.00100878 1418
0.00102725 1422
0.00102777 1456
0.00102842 1461
0.00102859 1464
0.00103143 1465
0.00103178 1480
0.001033 1494
0.00103465 1513
0.00103493 1540
0.00103565 1543
0.00103578 1548
0.0010365 1552
0.00103782 1553
0.00103874 1558
0.00103928 1570
0.00104368 1590
0.00104524 1593
0.00104678 1595
0.00108276 1608
0.00108787 1611
0.00108841 1620
0.00108883 1627
0.00109263 1630
0.00109416 1642
0.00109491 1644
0.00109535 1646
0.00109571 1649
0.00109693 1658
0.00110473 1662
0.00111041 1664
0.00111126 1665
0.00111322 1678
0.00111378 1698
0.00111443 1703
0.00111494 1706
0.00111527 1708
0.00111539 1714
0.00112039 1721
0.00112352 1730
0.00112436 1733
0.00112659 1740
0.00113375 1759
0.00113426 1764
0.00114236 1771
0.00114477 1776
0.00116125 1782
0.00116421 1797
0.00116649 1798
0.00116743 1800
0.00116794 1808
0.001172 1810
0.00117648 1812
0.00118238 1815
0.00118932 1817
0.00120969 1821
0.00121435 1823
0.00121699 1826
0.00121992 1828
0.00123112 1835
0.00123165 1847
0.00123339 1851
0.00123931 1852
0.00124219 1853
0.0012441 1855
0.00124583 1866
0.00126512 1871
0.00127997 1874
0.00130748 1875
0.00132141 1882
0.00132693 1884
0.0017006 1885
0.00177893 1889
2 1889
