0 -6234
2.72e-07 -6111
0.000364314 -6073
0.000365057 -5949
0.000366232 -5901
0.000366495 -5776
0.00037916 -5764
0.000380834 -5732
0.000381022 -5627
0.000382667 -5603
0.000383175 -5533
0.000383466 -5413
0.000383776 -5285
0.000383871 -5168
0.00038404 -5059
0.000387236 -4982
0.000402863 -4917
0.000408166 -4846
0.000410385 -4810
0.000414484 -4739
0.000415142 -4620
0.000416214 -4600
0.000416806 -4550
0.000420576 -4549
0.000423228 -4532
0.000425108 -4518
0.00042524 -4336
0.00042539 -4263
0.000425701 -4114
0.000426096 -4032
0.000426979 -3907
0.000427995 -3798
0.000428963 -3717
0.000429217 -3612
0.000429913 -3498
0.000432348 -3470
0.000432686 -3384
0.00043295 -3305
0.00044537 -3258
0.000448416 -3208
0.00045072 -3143
0.000454199 -2999
0.000455994 -2983
0.000457358 -2866
0.000459257 -2768
0.00046063 -2764
0.000461607 -2654
0.000463986 -2634
0.00046439 -2557
0.000466562 -2521
0.000481324 -2509
0.00048688 -2441
0.000494459 -2440
0.000495972 -2328
0.000498379 -2253
0.000512624 -2243
0.000513235 -2164
0.000516619 -2049
0.00051693 -1933
0.000518838 -1830
0.000524865 -1728
0.000531682 -1643
0.000532481 -1535
0.000532763 -1447
0.000537737 -1357
0.000538216 -1273
0.000545155 -1270
0.000545935 -1192
0.000549894 -1125
0.000550787 -1048
0.000555074 -964
0.000558685 -903
0.000558854 -850
0.000566404 -793
0.000577132 -783
0.000582688 -699
0.000591555 -657
0.000608102 -596
0.000614383 -552
0.00061994 -528
0.000623541 -512
0.000625007 -460
0.000632256 -427
0.000639477 -392
0.000646463 -357
0.000667129 -333
0.000714375 -292
0.00071602 -237
0.000722188 -173
0.000727604 -122
0.000729907 -113
0.000738303 -86
0.000743606 -59
0.000757869 -45
0.000764018 -6
0.000770919 0
0.000772292 13
0.000772499 33
0.000787674 49
0.0007901 52
0.00079418 67
0.000797631 68
0.000806083 82
0.000806412 83
0.000808142 108
0.000817178 123
0.000827285 136
0.000828432 152
0.000828592 163
0.000835766 171
0.000839969 188
0.000851308 192
0.000851655 212
0.000875556 219
0.000880304 222
0.000884441 233
0.000894134 237
0.000896034 239
0.000896353 240
0.000897209 248
0.000911942 249
0.000934535 263
0.000938052 274
0.000946721 279
0.000949128 284
0.000972388 286
0.000981226 289
0.000992161 294
0.000992866 299
0.000993543 306
0.000999993 315
0.00100595 318
0.0010163 321
0.00104661 323
0.00105785 324
0.00106023 325
0.00106418 334
0.00106963 341
0.00108155 344
0.00110393 352
0.00111067 358
0.00112805 375
0.00116223 378
0.00116412 381
0.00130033 384
0.001355 387
0.00148316 389
2 389
