337 0.0106918
351 0.0109024
398 0.0111953
396 0.0108647
321 0.011045
371 0.0132027
355 0.0120375
417 0.0113833
376 0.0108949
369 0.0113841
135 0.0120153
126 0.0106424
110 0.0106232
110 0.010919
126 0.0111517
116 0.0111162
113 0.0109559
130 0.0120519
102 0.0115997
116 0.0108374
1659 0.0112824
1590 0.0127313
1441 0.0106195
1510 0.0138741
1782 0.0137749
1641 0.0153766
1688 0.0120265
1693 0.0222555
1492 0.0165566
1669 0.0292507
1394 0.0112713
1406 0.0139911
1293 0.0117331
1290 0.0121154
1463 0.0124939
1070 0.0123734
1231 0.0111336
1344 0.0109407
1270 0.0103586
1220 0.0133491
