0 -130
4.65e-07 -78
0.00067251 -58
0.000681472 -56
0.000681756 4
0.000682107 36
0.000682705 44
0.000683663 90
0.000683796 95
0.000684052 118
0.000684564 142
0.00068556 161
0.000686536 193
0.000721722 215
0.00072304 235
0.00072452 262
0.000724643 263
0.000725516 293
0.000725848 340
0.000734118 357
0.000738272 368
0.000738376 372
0.000740216 373
0.000742748 413
0.000757259 420
0.000757847 440
0.000758577 473
0.000759525 475
0.000760047 510
0.000760303 526
0.000760407 540
0.000760521 565
0.000762048 602
0.000762484 606
0.000762579 626
0.000763357 656
0.000763869 677
0.000763973 714
0.000764087 750
0.000764305 770
0.000764893 771
0.000765339 796
0.000765453 810
0.000767994 830
0.000768127 855
0.000768326 857
0.000768677 866
0.000770678 888
0.000771447 920
0.000772708 932
0.000773533 952
0.000776245 979
0.000777251 985
0.00077818 993
0.000779366 995
0.000784468 996
0.000784762 1009
0.000785331 1011
0.000786061 1027
0.000788195 1087
0.000788442 1097
0.00078867 1107
0.000788869 1121
0.000790073 1124
0.000796968 1133
0.000797205 1138
0.0007973 1150
0.000799462 1152
0.000805883 1168
0.000806917 1172
0.000807211 1192
0.000807343 1201
0.000807448 1204
0.000810113 1220
0.000810407 1224
0.000811545 1231
0.000813783 1249
0.000814703 1256
0.000814817 1258
0.000815234 1261
0.000815661 1263
0.000815765 1299
0.00081642 1304
0.000816752 1312
0.000817387 1326
0.0008177 1332
0.000818146 1345
0.000819113 1356
0.000821636 1357
0.000821987 1363
0.000823675 1380
0.000823969 1384
0.000825382 1389
0.000825515 1395
0.000825733 1431
0.000826179 1449
0.000826691 1478
0.000845554 1481
0.000846645 1482
0.000846949 1486
0.000847499 1496
0.000861971 1516
0.000865661 1524
0.000869283 1529
0.000873693 1535
0.000876434 1549
0.000878123 1558
0.000878284 1565
0.000881584 1573
0.000883187 1583
0.000883301 1600
0.000884353 1616
0.000886174 1623
0.00088626 1624
0.000889095 1627
0.000894331 1628
0.000894539 1641
0.000895317 1645
0.000902781 1654
0.000904279 1663
0.000904602 1676
0.000906764 1690
0.000908357 1706
0.0009096 1717
0.000911231 1737
0.000911999 1740
0.000912455 1748
0.000912919 1764
0.000913422 1779
0.000915015 1790
0.00093276 1798
0.000933092 1807
0.000939304 1814
0.000959315 1831
0.000963355 1834
0.000966324 1837
0.000967035 1839
0.000970772 1845
0.000972962 1865
0.000974916 1867
0.000978681 1868
0.000983158 1872
0.000985472 1873
0.000998256 1875
0.00100655 1876
0.0010111 1879
0.00105286 1890
0.0010578 1894
0.00106841 1900
0.00106855 1905
0.00106897 1910
0.00107168 1913
0.00107321 1919
0.00108109 1924
0.0010855 1926
0.00111235 1936
0.00111681 1939
0.001117 1942
0.00112371 1951
0.00115226 1952
0.00115547 1959
0.00115807 1963
0.00119122 1972
0.00128097 1974
2 1974
