0 -8375
7e-08 -8157
3.69e-06 -7947
6.98e-06 -7753
8.86e-06 -7560
1.14e-05 -7368
1.394e-05 -7179
1.841e-05 -6991
2.5001e-05 -6808
3.1171e-05 -6626
3.7111e-05 -6451
4.1971e-05 -6278
4.6281e-05 -6107
5.0511e-05 -5941
5.4421e-05 -5778
5.9561e-05 -5616
6.4021e-05 -5454
6.8611e-05 -5294
7.3372e-05 -5138
7.7592e-05 -4982
8.1832e-05 -4830
8.5982e-05 -4680
9.0232e-05 -4530
9.5062e-05 -4381
9.9502e-05 -4233
0.000103542 -4087
0.000108582 -3949
0.000114402 -3811
0.000120202 -3673
0.000124713 -3537
0.000130623 -3403
0.000135273 -3271
0.000141323 -3141
0.000146803 -3017
0.000152073 -2899
0.000157503 -2782
0.000163003 -2670
0.000168793 -2562
0.000175384 -2455
0.000181274 -2350
0.000187454 -2245
0.000192464 -2141
0.000197884 -2038
0.000202994 -1937
0.000208404 -1837
0.000213224 -1738
0.000218904 -1640
0.000223734 -1545
0.000230015 -1450
0.000237365 -1358
0.000244645 -1267
0.000252065 -1183
0.000257525 -1102
0.000264525 -1021
0.000270175 -944
0.000278406 -872
0.000286006 -803
0.000293176 -734
0.000299036 -672
0.000306216 -610
0.000313786 -550
0.000324566 -490
0.000334537 -434
0.000344237 -379
0.000351557 -328
0.000359207 -280
0.000370017 -235
0.000379228 -191
0.000387498 -151
0.000397438 -113
0.000410738 -76
0.000421008 -43
0.000444859 -12
0.000466499 17
0.00048038 45
0.00049467 72
0.00050784 90
0.00052052 108
0.000531871 121
0.000544131 131
0.000555541 142
0.000568421 157
0.000582692 167
0.000593502 178
0.000603232 187
0.000620422 195
0.000633203 202
0.000645183 208
0.000656193 213
0.000666313 223
0.000677753 231
0.000691104 253
0.000703884 264
0.000715784 272
0.000724074 283
0.000735345 285
0.000745855 290
0.000757955 297
0.000770335 311
0.000783496 320
0.000797696 339
0.000810296 346
0.000821196 354
0.000833917 355
0.000898248 357
0.000909178 369
0.000921578 378
0.000935109 380
0.000945979 381
0.000957659 386
0.000969989 389
0.00098297 390
0.00100572 393
0.00106626 394
0.00107397 395
0.00108538 396
0.0011222 397
0.00113619 398
0.00132304 399
0.00134344 405
0.00135469 407
0.00136837 408
0.00138935 416
0.00141474 417
0.00142706 418
0.00143999 420
0.00154315 423
0.00155507 425
0.00156801 427
0.00158439 435
0.00179829 440
0.00180887 446
0.00182258 447
0.00183947 451
0.00186374 456
0.00187535 457
0.0019123 460
0.00196243 462
0.00280399 466
0.00281628 468
2 468
