0 -18156
5e-08 -17870
6.14e-06 -17599
1.182e-05 -17349
1.665e-05 -17106
2.082e-05 -16879
2.529e-05 -16655
3.674e-05 -16432
5.2211e-05 -16217
6.6051e-05 -16002
8.0191e-05 -15788
9.3652e-05 -15574
0.000107202 -15360
0.000120132 -15148
0.000133562 -14937
0.000147113 -14726
0.000160293 -14516
0.000173343 -14308
0.000184983 -14107
0.000198134 -13906
0.000211324 -13706
0.000236464 -13507
0.000253515 -13309
0.000268435 -13113
0.000282615 -12919
0.000296995 -12729
0.000311076 -12539
0.000325256 -12349
0.000339306 -12161
0.000354227 -11974
0.000368157 -11788
0.000381817 -11604
0.000395337 -11420
0.000409508 -11237
0.000422638 -11055
0.000433098 -10874
0.000445408 -10696
0.000457209 -10518
0.000470869 -10341
0.000484019 -10165
0.000497189 -9989
0.00050991 -9815
0.00052349 -9642
0.00053586 -9470
0.00055217 -9298
0.000568351 -9130
0.000584441 -8963
0.000600391 -8796
0.000613442 -8631
0.000626612 -8466
0.000638252 -8302
0.000652192 -8139
0.000668913 -7976
0.000682383 -7815
0.000693103 -7656
0.000707273 -7500
0.000733284 -7344
0.000747174 -7189
0.000761195 -7035
0.000774285 -6882
0.000786965 -6730
0.000799505 -6579
0.000811156 -6429
0.000823376 -6280
0.000836386 -6133
0.000849526 -5987
0.000862477 -5844
0.000879957 -5702
0.000897267 -5562
0.000916708 -5423
0.000937698 -5284
0.000954968 -5146
0.000974639 -5009
0.000993759 -4877
0.00101175 -4745
0.00103226 -4614
0.00105284 -4485
0.00107446 -4357
0.00109143 -4229
0.00111139 -4101
0.00116776 -3974
0.00119189 -3850
0.00121276 -3727
0.00125529 -3605
0.00127837 -3485
0.00129965 -3366
0.00132233 -3248
0.00134535 -3131
0.00136558 -3016
0.00138364 -2902
0.00140342 -2790
0.00142003 -2680
0.0014403 -2571
0.00145622 -2462
0.00147312 -2356
0.00149016 -2253
0.0015072 -2151
0.00152662 -2050
0.00154112 -1952
0.00155596 -1854
0.00157555 -1757
0.00159162 -1662
0.00161026 -1569
0.00163009 -1478
0.0016477 -1391
0.00167436 -1306
0.00169497 -1223
0.00171697 -1143
0.00174978 -1064
0.00177407 -987
0.00179467 -912
0.00182227 -837
0.00185203 -763
0.00187852 -690
0.00190925 -619
0.00194022 -554
0.00196554 -489
0.00199432 -430
0.00202352 -377
0.00205052 -329
0.00208834 -282
0.0021224 -241
0.00216009 -202
0.00219531 -164
0.00224666 -130
0.00228771 -98
0.00232989 -66
0.00237119 -39
0.00241057 -13
0.0024634 10
0.00250466 28
0.00254672 49
0.00258663 68
0.00262803 85
0.00266896 101
0.00271085 113
0.00275654 126
0.00279605 139
0.00283315 151
0.00287082 166
0.00290799 184
0.00293852 195
0.00297318 211
0.00301003 222
0.00304272 234
0.0030802 245
0.00311548 263
0.00315385 274
0.00319661 285
0.0032581 295
0.00331701 305
0.00336688 313
0.00340469 325
0.00345098 335
0.00349994 344
0.0035417 351
0.00357771 358
0.00361074 367
0.00364674 370
0.00368053 379
0.00371602 383
0.00377802 386
0.00382145 391
0.0038618 392
0.003899 404
0.00393744 412
0.00397704 417
0.00401424 425
0.00405297 433
0.00409334 435
0.00413194 440
0.00417505 441
0.00421262 447
0.00424896 451
0.00435447 453
0.00438995 457
0.00443372 462
0.00579403 463
0.00583752 468
0.00591566 470
0.00595865 471
0.0244167 472
2 472
