0 -6794
6e-08 -6521
6.721e-06 -6261
1.0281e-05 -6002
1.4351e-05 -5763
2.4681e-05 -5554
3.4041e-05 -5352
4.9321e-05 -5151
5.6332e-05 -4955
6.1622e-05 -4771
6.7402e-05 -4588
7.2532e-05 -4413
7.7482e-05 -4239
8.2322e-05 -4066
8.7682e-05 -3903
9.2922e-05 -3745
9.8282e-05 -3588
0.000104072 -3436
0.000109693 -3286
0.000115293 -3136
0.000120293 -2988
0.000125543 -2841
0.000130223 -2704
0.000135233 -2572
0.000140873 -2441
0.000146223 -2311
0.000150943 -2184
0.000156164 -2058
0.000161484 -1943
0.000167584 -1828
0.000174114 -1718
0.000180644 -1609
0.000187124 -1500
0.000194094 -1394
0.000201364 -1294
0.000207345 -1194
0.000214605 -1104
0.000221995 -1015
0.000228885 -932
0.000235785 -851
0.000242595 -771
0.000248405 -698
0.000253795 -625
0.000259236 -559
0.000265056 -493
0.000271756 -432
0.000277376 -372
0.000283986 -314
0.000290026 -256
0.000296166 -201
0.000302526 -150
0.000309227 -101
0.000315527 -56
0.000323427 -13
0.000331267 28
0.000337017 68
0.000343937 107
0.000349957 146
0.000357297 175
0.000363638 201
0.000370008 227
0.000376298 252
0.000382098 277
0.000387088 299
0.000392658 320
0.000405638 336
0.000411428 351
0.000416519 371
0.000423299 385
0.000429029 399
0.000435139 419
0.000441189 432
0.000446899 445
0.000452929 457
0.000458559 474
0.00046527 493
0.00047304 514
0.00047918 535
0.00048637 546
0.00049381 555
0.0005006 563
0.00050653 569
0.00051258 578
0.000518751 585
0.000525341 590
0.000531601 598
0.000537171 610
0.000543291 627
0.000550221 633
0.000557391 638
0.000563851 651
0.000570852 658
0.000572262 662
0.000575792 665
0.000582462 678
0.000592202 686
0.000595842 692
0.000606502 694
0.000608422 699
0.000624333 709
0.000736835 717
2 717
