0 -24457
5.5e-08 -23988
6.7166e-05 -23601
0.000117831 -23217
0.000201176 -22858
0.000314166 -22506
0.000415744 -22163
0.00051811 -21821
0.000687734 -21493
0.000868513 -21177
0.00110221 -20878
0.00131818 -20582
0.00153768 -20292
0.00172213 -20007
0.00190001 -19722
0.00207262 -19446
0.00224308 -19173
0.00244857 -18902
0.00263785 -18642
0.00284814 -18386
0.00306157 -18132
0.00323451 -17878
0.00341282 -17624
0.00359029 -17371
0.00377034 -17130
0.00393299 -16890
0.00409622 -16652
0.00427007 -16415
0.00443194 -16178
0.00458791 -15943
0.00474142 -15709
0.00489338 -15476
0.00504304 -15249
0.00519295 -15024
0.00534097 -14801
0.00548838 -14580
0.00563693 -14359
0.00577882 -14146
0.00591816 -13934
0.00606848 -13725
0.00621578 -13516
0.00635602 -13309
0.00649887 -13104
0.00665125 -12903
0.00679233 -12704
0.00696772 -12507
0.00710731 -12311
0.00723829 -12122
0.00736789 -11935
0.00749488 -11749
0.00761861 -11565
0.00774005 -11381
0.00786459 -11199
0.00799607 -11018
0.00811712 -10837
0.00823634 -10657
0.00835615 -10477
0.00847977 -10305
0.00861898 -10133
0.00876176 -9962
0.0089023 -9792
0.0091343 -9625
0.00932665 -9459
0.00953142 -9296
0.0097527 -9134
0.00999568 -8973
0.0102028 -8813
0.0103822 -8654
0.0105498 -8496
0.0107164 -8338
0.0108659 -8182
0.0110192 -8027
0.0111692 -7877
0.0113103 -7727
0.0114587 -7577
0.0115804 -7430
0.0116966 -7289
0.0118417 -7151
0.0119853 -7014
0.012123 -6878
0.0122647 -6742
0.0123909 -6606
0.0125106 -6471
0.0126243 -6337
0.0127332 -6204
0.0128402 -6075
0.0129442 -5946
0.0130465 -5822
0.0131462 -5699
0.0132447 -5577
0.0133429 -5457
0.0134352 -5338
0.0135249 -5221
0.013642 -5105
0.0137682 -4990
0.0138892 -4876
0.0140023 -4764
0.0141067 -4653
0.0142042 -4543
0.0142994 -4433
0.0143954 -4325
0.0144813 -4219
0.014559 -4116
0.0146532 -4013
0.0147303 -3914
0.014818 -3816
0.0148918 -3718
0.0150084 -3621
0.0150845 -3524
0.0151705 -3429
0.0152462 -3334
0.0153173 -3242
0.0153861 -3152
0.015464 -3062
0.0155268 -2972
0.0155866 -2888
0.0156462 -2806
0.015699 -2725
0.015749 -2645
0.0157992 -2567
0.0158494 -2490
0.0159015 -2414
0.0159542 -2340
0.0160066 -2266
0.0160627 -2192
0.0161208 -2118
0.0161717 -2046
0.0162386 -1975
0.0163102 -1905
0.0163829 -1835
0.0164406 -1766
0.016492 -1699
0.0165431 -1633
0.0165874 -1568
0.0166328 -1503
0.0166774 -1441
0.0167296 -1380
0.0167912 -1319
0.0168511 -1258
0.0169166 -1198
0.0169986 -1140
0.0170573 -1082
0.0171193 -1027
0.0171822 -973
0.017244 -919
0.0173255 -866
0.0173816 -814
0.0174415 -762
0.0174969 -710
0.0175455 -658
0.0175935 -610
0.0176436 -564
0.0177036 -519
0.0177612 -474
0.0178133 -430
0.0179183 -386
0.0180414 -343
0.0181568 -300
0.018257 -257
0.0183449 -215
0.0184201 -174
0.0184866 -133
0.0185484 -94
0.0186111 -55
0.0187118 -17
0.018798 21
0.0188833 57
0.0190093 92
0.0190725 126
0.0191636 159
0.0192492 191
0.01933 222
0.019404 253
0.0194703 283
0.0195321 313
0.0195911 343
0.0196443 373
0.0196972 402
0.0197507 430
0.0198032 457
0.0198538 483
0.0199028 508
0.0199552 532
0.0200076 554
0.0200632 576
0.0201172 597
0.0201701 618
0.0202257 640
0.0202812 662
0.020338 683
0.0203953 704
0.0204531 724
0.0205051 744
0.0205577 763
0.0206089 782
0.0206611 802
0.0207154 821
0.0207637 839
0.0208135 856
0.0208631 876
0.020916 898
0.0209826 916
0.0210348 932
0.0210892 950
0.0211437 966
0.0212011 983
0.0212587 999
0.0213156 1016
0.0213828 1032
0.0214382 1055
0.0214892 1073
0.0215506 1089
0.021602 1104
0.02165 1119
0.021694 1133
0.0217354 1150
0.0217793 1169
0.021822 1190
0.021871 1204
0.0219238 1217
0.0220131 1233
0.0220958 1249
0.0221697 1262
0.022236 1278
0.0222954 1293
0.0223495 1306
0.0224066 1319
0.0224631 1331
0.022507 1343
0.0225529 1358
0.0226016 1374
0.0226478 1389
0.0226961 1401
0.0227467 1412
0.0228158 1426
0.022874 1439
0.022962 1450
0.0230588 1464
0.0231414 1477
0.0232155 1488
0.0232846 1499
0.0233471 1509
0.023407 1524
0.0234619 1540
0.0235199 1556
0.0235787 1569
0.0236328 1580
0.0236828 1598
0.0237346 1608
0.0237844 1620
0.0238332 1636
0.0238872 1649
0.023939 1660
0.0239872 1674
0.0240375 1688
0.0240888 1698
0.024143 1713
0.0242038 1726
0.024256 1741
0.0243081 1750
0.0243572 1759
0.0244018 1781
0.0244683 1793
0.0245328 1803
0.0245468 1812
0.0245591 1821
0.0245804 1832
0.0246372 1840
0.0246522 1848
0.0246678 1856
0.0246806 1863
0.0247048 1873
0.0247467 1880
0.0247576 1887
0.0247813 1898
0.024825 1910
0.0248317 1916
0.0248441 1922
0.024864 1930
0.0248874 1936
0.0248935 1942
0.0249038 1946
0.0249207 1954
0.0249401 1962
0.0249475 1966
0.0249624 1975
0.024986 1981
0.0249916 1985
0.0250066 1988
0.025021 2004
0.0250657 2007
0.0250717 2010
0.0250843 2011
0.025098 2012
0.0251107 2023
0.025138 2024
0.0251471 2035
0.0251649 2036
0.0251714 2039
0.0251858 2040
0.025192 2043
0.0252118 2045
0.0252169 2046
0.0252429 2049
0.0252859 2065
0.0253356 2068
0.025499 2080
0.0255254 2083
0.0255307 2086
0.0255455 2087
0.025558 2088
0.0255682 2089
0.0255812 2090
0.0255913 2091
0.0256408 2093
0.0256859 2094
0.0257066 2096
0.0257144 2101
0.0257315 2103
0.025738 2104
0.0257601 2109
0.0257868 2111
0.0261955 2113
0.0262262 2114
0.0262726 2116
0.0262923 2118
0.0262999 2121
0.0263126 2122
0.0263566 2130
0.0264608 2132
0.0264696 2135
0.0264793 2136
0.0264893 2143
0.0265196 2144
2 2144
