0 -9226
1.11e-07 -8933
0.000232048 -8823
0.000239083 -8768
0.000242308 -8726
0.00024305 -8508
0.000262365 -8255
0.000262735 -8004
0.000263041 -7659
0.00026369 -7414
0.00026382 -7044
0.000264274 -6952
0.000265145 -6736
0.000266535 -6263
0.000266665 -5999
0.000270113 -5730
0.000272217 -5400
0.000301254 -5358
0.000304238 -5113
0.000305508 -4895
0.000306787 -4771
0.000310327 -4550
0.000311949 -4357
0.000312645 -4174
0.000313395 -3972
0.000314943 -3762
0.000317019 -3583
0.000321208 -3295
0.000323331 -3100
0.000331339 -2982
0.000335528 -2888
0.000336779 -2742
0.00033752 -2572
0.000340403 -2451
0.000360292 -2276
0.00037337 -2127
0.00037742 -2033
0.000377689 -1896
0.000383759 -1735
0.000384964 -1543
0.000385261 -1435
0.000385548 -1191
0.000390396 -1181
0.000390859 -1080
0.00041314 -1019
0.000423993 -930
0.000424873 -796
0.000430981 -705
0.000436579 -679
0.000447413 -641
0.000447868 -542
0.000457887 -441
0.000469008 -398
0.000470797 -291
0.000472215 -279
0.00047266 -264
0.000473828 -145
0.000478165 -127
0.000480167 -99
0.000481187 -96
0.000490103 -42
0.000493829 -39
0.000538158 -32
0.000538631 -9
0.000545731 1
0.000547723 15
0.000549095 46
0.000565722 62
0.000597901 82
0.00059957 102
0.000603666 142
0.000605223 158
0.000605835 170
0.000612415 172
0.000615455 198
0.000615835 200
0.000625799 202
0.000635382 204
0.000653974 235
0.000656004 244
0.000673928 251
0.000678034 256
0.00085704 269
0.00086325 270
2 270
