0 -999
6.5e-08 -919
3.15e-07 -905
0.000519742 -875
0.000519872 -836
0.000520141 -752
0.000520252 -719
0.000521104 -656
0.000522764 -626
0.000524988 -602
0.00052547 -580
0.000527518 -577
0.000542607 -551
0.000542801 -476
0.000548603 -458
0.000549206 -431
0.000549929 -397
0.000551782 -388
0.000552338 -375
0.000552969 -368
0.000553061 -344
0.00055434 -332
0.000554998 -300
0.000557186 -247
0.000558437 -230
0.000558567 -195
0.00055877 -189
0.000558845 -172
0.000559243 -141
0.000559336 -124
0.000563145 -103
0.00056663 -96
0.000568901 -80
0.00057587 -73
0.000583072 -34
0.000583368 -19
0.000603768 -16
0.000603999 -14
0.000604268 12
0.000614954 36
0.000619978 53
0.000620163 94
0.000620274 131
0.000621081 156
0.000621451 196
0.00062198 229
0.000622378 263
0.000624519 286
0.000625122 312
0.000626567 328
0.000626697 330
0.000627698 336
0.000628106 343
0.000628755 396
0.000629292 419
0.000629709 451
0.000634649 482
0.000640785 483
0.000640915 501
0.000641257 502
0.000641712 507
0.000642082 510
0.000643009 521
0.000647551 531
0.000651592 553
0.000652018 563
0.000652194 568
0.000653658 607
0.000654233 618
0.000655429 634
0.000655605 654
0.000656624 665
0.000657699 700
0.000657783 720
0.000661156 738
0.000661944 747
0.000669618 748
0.000670267 750
0.000670684 751
0.000670767 753
0.000670953 765
0.000671138 769
0.000671231 775
0.000672408 786
0.00067263 803
0.000673001 830
0.00067314 849
0.000673233 880
0.000682167 883
0.000683298 884
0.000684531 896
0.000684892 903
0.000685393 917
0.000686523 923
0.000692288 952
0.000694114 954
0.000694281 958
0.00069442 962
0.000694624 969
0.000695134 989
0.000695467 1000
0.000695727 1017
0.000698461 1023
0.000699193 1030
0.000699777 1038
0.000699953 1048
0.000701566 1068
0.00070202 1078
0.000702103 1084
0.000705903 1090
0.000712159 1098
0.000723837 1110
0.000724449 1111
0.000728573 1117
0.000728925 1132
0.000768528 1140
0.000768677 1143
0.00076889 1146
0.000772653 1152
0.000773274 1166
0.000773672 1203
0.000774451 1228
0.000774877 1231
0.000776008 1240
0.00077851 1241
0.000781624 1246
0.000784192 1261
0.000785332 1267
0.000786777 1268
0.000787843 1291
0.000789243 1293
0.000790021 1303
0.000790401 1319
0.000790698 1339
0.00079523 1342
0.000796268 1348
0.000796732 1354
0.000810541 1355
0.000811422 1372
0.000828855 1387
0.000830829 1389
0.000835176 1406
0.00084311 1412
0.000843221 1426
0.000863648 1427
0.000884399 1429
0.000886698 1444
0.000891008 1456
0.000898506 1464
0.000964829 1469
0.000988389 1474
0.000988787 1493
0.00101777 1497
0.00103174 1511
2 1511
