0 307
0.000115639 319
0.000115778 331
0.000120551 337
0.000315953 339
0.000316509 343
0.000316555 349
0.000316898 356
0.000317167 370
0.000319336 385
0.000319401 416
0.000321393 421
0.000386326 430
0.00038957 444
0.000392721 468
0.00039324 475
0.000422417 485
0.000424548 489
0.000443317 490
0.000443428 493
0.000443548 501
0.000444512 504
0.000455541 532
0.000456848 540
0.000462715 551
0.000463466 558
0.000464902 560
0.00046519 562
0.000465477 570
0.000465801 583
0.00046658 586
0.000471677 592
0.000472057 596
0.000472326 608
0.000473837 611
0.000474828 619
0.000481826 620
0.000489695 622
0.000489834 624
0.000492058 626
0.000493291 645
0.000493717 656
0.000530994 661
0.000531337 671
0.000531652 674
0.000531874 680
0.000532115 692
0.000557853 700
0.000557992 701
0.000558159 704
0.000559243 718
0.000560615 728
0.000565416 732
0.000574184 742
0.000575963 745
0.000576074 747
0.000576139 762
0.000582405 768
0.000613351 778
0.000619246 788
0.000625492 794
0.000625872 795
0.000638681 798
0.000642917 801
0.000644455 803
0.000644863 804
0.000668803 815
2 815
