667 0.483938
667 1.16877
714 1.0239
716 1.47553
671 1.12814
685 0.722016
637 0.576349
660 0.680901
632 0.608064
621 0.63985
232 0.818754
232 0.786612
229 0.760574
255 0.766395
218 0.852826
237 1.45397
238 1.29145
258 1.36524
242 0.712882
252 1.00691
1757 0.350111
1728 0.342111
1736 0.194712
1742 0.186873
1753 0.176417
1756 0.556881
1734 0.196434
1758 0.178558
1712 0.15125
1753 0.368158
1722 0.806756
1680 2.00069
1687 0.527875
1595 0.738884
1709 0.313104
1637 0.554085
1664 0.584421
1699 0.880398
1654 1.0216
1611 0.411212
