0 -10150
4.7e-08 -9875
2.0212e-05 -9607
3.8724e-05 -9344
5.3791e-05 -9090
8.2705e-05 -8849
0.000106071 -8623
0.000149377 -8400
0.000193959 -8181
0.000221371 -7963
0.000241789 -7753
0.000259316 -7544
0.000275951 -7340
0.000295102 -7137
0.000315144 -6936
0.000332953 -6740
0.000349297 -6546
0.000368269 -6353
0.000384341 -6164
0.00040597 -5976
0.000425318 -5801
0.000443568 -5629
0.000461273 -5463
0.000485399 -5298
0.000511591 -5136
0.000537313 -4977
0.000566283 -4822
0.000585369 -4670
0.000602379 -4518
0.000620647 -4373
0.000637526 -4231
0.000655419 -4090
0.000672364 -3949
0.000690022 -3809
0.000731215 -3674
0.000783552 -3539
0.000813067 -3406
0.000834574 -3273
0.000854898 -3146
0.000873458 -3025
0.000893435 -2910
0.000912548 -2795
0.000928873 -2681
0.00094547 -2574
0.000965138 -2467
0.000982148 -2361
0.00099853 -2256
0.0010159 -2153
0.00103158 -2051
0.00104748 -1951
0.00106499 -1854
0.00108073 -1757
0.00110167 -1661
0.00111951 -1566
0.00113465 -1473
0.00115087 -1381
0.00116417 -1291
0.001181 -1202
0.00119835 -1115
0.00121353 -1032
0.00122974 -952
0.00124424 -878
0.00125862 -808
0.0012742 -738
0.00128846 -669
0.00130452 -600
0.00132021 -534
0.0013361 -469
0.00135328 -408
0.00137063 -347
0.00138597 -286
0.00140202 -226
0.00141745 -170
0.00143139 -114
0.00144785 -59
0.00146418 -4
0.00148138 50
0.00149804 101
0.00151469 151
0.00153157 200
0.00154599 248
0.00157287 293
0.00159005 336
0.00160659 377
0.00162093 417
0.00163503 457
0.00165203 495
0.00166875 530
0.00168379 563
0.00169853 595
0.00171355 627
0.00173006 656
0.00174613 685
0.0017608 713
0.00177657 739
0.00179276 763
0.0018088 787
0.00182375 811
0.0018381 834
0.0018517 857
0.00186666 878
0.00188137 898
0.00189609 918
0.00191441 937
0.0019281 955
0.00194328 973
0.00195862 989
0.00197293 1005
0.00198772 1020
0.0020037 1035
0.00201857 1050
0.00203563 1064
0.00205216 1077
0.00206745 1090
0.00208195 1103
0.00209588 1115
0.00211163 1127
0.00212786 1148
0.00214345 1160
0.00215835 1172
0.00217356 1183
0.00218809 1193
0.00220206 1203
0.00221801 1213
0.00223188 1221
0.00224508 1229
0.00226027 1237
0.00227547 1244
0.00228885 1251
0.00230809 1258
0.00232224 1266
0.00233701 1274
0.0023535 1281
0.00236769 1288
0.00238251 1294
0.00239624 1306
0.00241139 1317
0.00242917 1327
0.00244391 1338
0.0024596 1347
0.00247452 1353
0.00249012 1359
0.00250644 1370
0.00252003 1376
0.00253628 1388
0.00255186 1403
0.00256799 1417
0.00258319 1426
0.0025987 1431
0.00261415 1436
0.00262794 1445
0.00264232 1454
0.00265774 1462
0.00267314 1467
0.00268807 1472
0.00270371 1477
0.00271691 1488
0.00273386 1498
0.00274832 1511
0.0027644 1517
0.00278261 1521
0.00279739 1525
0.00281092 1533
0.00282588 1536
0.00283948 1542
0.00285895 1545
0.00287412 1548
0.00288866 1550
0.00290378 1556
0.00291661 1564
0.0029302 1565
0.00295098 1568
0.00297516 1569
0.00304363 1570
0.00305231 1571
0.00306786 1572
0.00307929 1574
0.00308706 1575
0.00309676 1577
0.003153 1578
0.0031623 1586
0.00319769 1587
0.00322151 1590
0.00328441 1593
0.00330267 1596
0.00331082 1598
0.00339678 1600
0.00346066 1603
0.00352036 1605
0.00352717 1608
0.00357024 1613
0.00357503 1614
0.00374154 1617
0.00414909 1621
0.00416382 1622
0.00429189 1623
0.00429545 1627
0.00431926 1630
0.00433473 1631
0.00434735 1633
0.00435724 1634
0.00437021 1635
0.00444163 1636
0.00446497 1639
0.00449279 1640
0.00450562 1642
0.00461198 1643
0.0047586 1645
0.00477957 1646
0.00484743 1649
0.00484997 1653
0.00485577 1656
0.00485885 1657
0.00488767 1659
0.00546488 1661
0.00547005 1664
0.00547541 1665
0.00548917 1667
0.00552486 1675
2 1675
