0 -15153
4.7e-08 -14870
2.7318e-05 -14589
4.9642e-05 -14321
8.9014e-05 -14060
0.000153845 -13807
0.000200023 -13561
0.000242652 -13319
0.000288014 -13081
0.000329995 -12844
0.000391569 -12608
0.000433795 -12378
0.00046362 -12148
0.00048967 -11924
0.000516575 -11702
0.000540861 -11481
0.000563195 -11265
0.000586072 -11053
0.000608659 -10847
0.000631049 -10641
0.000653204 -10437
0.000676307 -10234
0.000702836 -10037
0.00072623 -9849
0.000750216 -9666
0.00077621 -9484
0.000800215 -9303
0.000827289 -9122
0.000849294 -8941
0.000872143 -8761
0.000894035 -8585
0.000918687 -8409
0.000944907 -8234
0.000970179 -8061
0.00099147 -7893
0.00101892 -7728
0.00104189 -7568
0.00106723 -7417
0.00109179 -7267
0.00112105 -7117
0.00114405 -6967
0.00116856 -6818
0.00118943 -6669
0.00121198 -6521
0.00123452 -6375
0.00125588 -6230
0.00127934 -6088
0.00130407 -5948
0.00137309 -5809
0.0014197 -5671
0.00145563 -5534
0.00148351 -5399
0.00150984 -5264
0.00153495 -5130
0.00156389 -5001
0.00159575 -4877
0.00161917 -4753
0.00164422 -4629
0.00167021 -4507
0.00169087 -4385
0.00171306 -4265
0.00173619 -4148
0.0017583 -4032
0.0017796 -3916
0.00179982 -3800
0.00182041 -3686
0.00185541 -3575
0.00191283 -3465
0.00194984 -3355
0.00197479 -3246
0.00199919 -3138
0.00201893 -3030
0.0020407 -2927
0.00206374 -2825
0.00208521 -2725
0.00210641 -2628
0.00212545 -2532
0.00214755 -2436
0.00216871 -2347
0.00218799 -2258
0.00220732 -2171
0.00222862 -2085
0.0022491 -2000
0.00226799 -1916
0.00228805 -1832
0.00230743 -1752
0.00232767 -1672
0.00234748 -1592
0.00236652 -1516
0.00238726 -1442
0.00240606 -1369
0.00242551 -1299
0.00244582 -1229
0.00246786 -1159
0.0024857 -1091
0.00250505 -1023
0.00252493 -955
0.00254447 -888
0.00256355 -822
0.00258638 -756
0.00260989 -695
0.00263291 -634
0.00265197 -573
0.00267118 -514
0.00269085 -456
0.00271228 -400
0.00273424 -344
0.00275404 -290
0.00277425 -237
0.00279445 -184
0.00281486 -132
0.00283471 -82
0.00285129 -33
0.00287117 15
0.00289066 61
0.00291033 105
0.00293115 149
0.00295133 192
0.00297217 235
0.00299235 278
0.00301029 320
0.00302834 361
0.0030531 402
0.00307183 440
0.00309104 475
0.00310773 507
0.00312665 539
0.00314635 570
0.00316592 601
0.00320075 629
0.00324518 656
0.00327933 681
0.0033268 706
0.00334972 730
0.00336896 754
0.00339093 777
0.00340805 799
0.00342751 820
0.00344745 840
0.00346847 869
0.00349023 889
0.00350953 909
0.00352858 928
0.00354685 946
0.00356849 963
0.00358838 980
0.00360789 996
0.00362974 1011
0.00364933 1026
0.00366769 1041
0.00368478 1056
0.00370211 1073
0.00372004 1087
0.00373844 1101
0.00375882 1119
0.00377945 1133
0.00379792 1147
0.0038175 1160
0.00383558 1172
0.00385545 1184
0.00387254 1195
0.00389151 1205
0.00390892 1219
0.00392738 1232
0.00394791 1242
0.00396978 1252
0.00399039 1261
0.00401043 1280
0.00403167 1292
0.00405271 1309
0.0040719 1318
0.00409095 1325
0.00410868 1342
0.00412794 1354
0.0041476 1360
0.00416653 1365
0.0041849 1373
0.00420261 1383
0.00422202 1390
0.00424085 1396
0.00425909 1401
0.0042763 1405
0.00429606 1417
0.00431633 1420
0.004337 1438
0.00435517 1440
0.0043736 1441
0.00439455 1442
0.00441429 1444
0.00445668 1452
0.00457856 1453
0.00463103 1471
0.00465285 1479
0.00467057 1481
0.00470737 1482
0.00472635 1487
0.00474593 1497
0.00476583 1509
0.00478608 1516
0.0048048 1521
0.00482338 1523
0.00484243 1536
0.00486244 1538
0.00491971 1546
0.0049417 1548
0.00496212 1557
0.00498246 1558
0.00500554 1569
0.00502452 1571
0.00504317 1575
0.00506307 1577
0.00509863 1578
0.00519396 1583
0.00525329 1587
0.00540667 1598
0.0054646 1600
0.00556045 1602
0.00558105 1603
0.00561683 1604
0.00576296 1605
0.00578134 1607
0.00626673 1608
0.00628535 1611
0.00630152 1614
0.00632647 1615
0.00634386 1616
0.00636331 1617
0.00638377 1619
0.00655855 1626
0.00656976 1632
0.00658961 1642
0.0065998 1656
0.00661399 1658
0.0066201 1660
0.00662427 1661
0.00663234 1669
0.00665953 1670
0.00666621 1671
0.00673557 1673
0.00680404 1675
0.00682417 1677
0.00683012 1680
0.00837073 1685
0.00866814 1686
0.00867783 1690
0.00869489 1695
0.00912774 1696
0.00915139 1699
0.00925479 1703
0.0095665 1706
0.010564 1711
0.011185 1713
0.0113146 1714
0.011324 1716
0.0113418 1719
0.011723 1720
2 1720
