0 -10387
4.7e-08 -10107
2.1367e-05 -9844
3.5073e-05 -9597
4.6864e-05 -9356
6.731e-05 -9121
8.9315e-05 -8896
0.00012297 -8671
0.000158906 -8458
0.000207891 -8246
0.000236044 -8040
0.000258631 -7836
0.000279716 -7645
0.000298407 -7454
0.000319257 -7266
0.000337187 -7080
0.000353925 -6895
0.000370936 -6724
0.000386838 -6555
0.000403483 -6387
0.000419996 -6221
0.000435729 -6058
0.000452759 -5896
0.000470783 -5743
0.00048984 -5596
0.000508578 -5452
0.000526715 -5308
0.000543509 -5165
0.00056282 -5022
0.000582046 -4879
0.000601891 -4736
0.000618799 -4598
0.00063488 -4462
0.000653561 -4326
0.000669623 -4192
0.000686503 -4060
0.00070494 -3935
0.000721359 -3810
0.000739017 -3688
0.000758074 -3567
0.000774606 -3449
0.000791053 -3332
0.000807397 -3219
0.000823347 -3113
0.00083802 -3008
0.000853106 -2905
0.00086913 -2804
0.000886582 -2704
0.000904851 -2605
0.000919167 -2506
0.000938411 -2408
0.000957947 -2314
0.00097415 -2222
0.000989199 -2130
0.0010076 -2039
0.00102457 -1950
0.00104353 -1863
0.00105968 -1776
0.0010756 -1689
0.0010907 -1607
0.00111146 -1525
0.00112624 -1446
0.00114104 -1367
0.00115815 -1289
0.00117581 -1213
0.00119282 -1141
0.0012076 -1069
0.00122347 -997
0.00123913 -925
0.00125712 -856
0.00127467 -788
0.00129183 -720
0.00130743 -654
0.00132298 -590
0.00133634 -526
0.00135337 -463
0.00136933 -401
0.00138504 -339
0.00140132 -277
0.0014163 -216
0.00143234 -155
0.00144824 -95
0.00146343 -36
0.00147811 21
0.00149472 75
0.00151185 126
0.00152923 173
0.00154364 220
0.00157347 267
0.00160959 314
0.0016293 359
0.00164397 403
0.00165856 447
0.00167451 491
0.00169235 534
0.00170784 575
0.00172247 613
0.00173849 648
0.0017929 681
0.00182853 714
0.00185007 746
0.00186535 778
0.00188055 809
0.00189694 838
0.00191321 865
0.00192833 891
0.00194367 916
0.00195904 941
0.0019742 966
0.0020194 987
0.00203535 1008
0.00205414 1029
0.00206938 1050
0.00208445 1070
0.0021005 1090
0.00211511 1107
0.00213096 1122
0.00214768 1135
0.00216258 1148
0.00217873 1161
0.00219567 1174
0.00221167 1186
0.00222776 1198
0.00224253 1209
0.00225797 1224
0.00227301 1235
0.00228799 1244
0.00230328 1259
0.00231803 1268
0.00237184 1276
0.00240116 1284
0.00241791 1295
0.00243316 1305
0.00245054 1314
0.00246532 1323
0.00247958 1332
0.00249434 1340
0.00250854 1359
0.00252746 1366
0.0025427 1373
0.00255698 1380
0.00257248 1386
0.00258704 1395
0.00260205 1402
0.00261743 1407
0.00263285 1412
0.00264573 1417
0.0026614 1422
0.00267595 1437
0.0026898 1442
0.00270407 1446
0.00271807 1449
0.00273171 1452
0.00274669 1455
0.00276087 1458
0.00277438 1461
0.00278887 1471
0.00280353 1473
0.00281808 1475
0.00283329 1477
0.00284853 1479
0.00286305 1480
0.00287691 1481
0.00289229 1489
0.00292198 1496
0.00293748 1498
0.00306909 1507
0.00308546 1508
0.00315617 1512
0.0031723 1513
0.00320008 1514
0.00345988 1516
0.00347532 1517
0.00362824 1520
0.00364377 1524
0.00365973 1528
0.00367518 1530
0.00369075 1532
0.00370515 1533
0.00371831 1535
0.00373448 1536
0.0037499 1537
0.00376346 1538
0.00403747 1539
0.00405147 1540
2 1540
