0 -41726
4.7e-08 -41173
1.058e-05 -40623
1.9221e-05 -40079
3.0213e-05 -39548
4.0961e-05 -39062
5.9621e-05 -38586
9.3036e-05 -38111
0.00011398 -37643
0.000130908 -37182
0.000146796 -36727
0.000162881 -36276
0.000177478 -35831
0.000191774 -35388
0.000206277 -34952
0.000221641 -34526
0.00023693 -34102
0.000252772 -33684
0.000268529 -33266
0.000283659 -32851
0.00029834 -32439
0.000312964 -32027
0.000326952 -31617
0.000342466 -31207
0.000356865 -30799
0.000371246 -30391
0.000387022 -29985
0.00040218 -29579
0.000417591 -29180
0.000433723 -28781
0.000454948 -28386
0.000470256 -27997
0.000486959 -27610
0.000502042 -27224
0.000517621 -26840
0.000533529 -26461
0.000550128 -26082
0.000567843 -25704
0.000585051 -25327
0.000600677 -24955
0.000618139 -24586
0.000633999 -24219
0.000666862 -23853
0.000695455 -23490
0.000713544 -23129
0.000728477 -22768
0.000745152 -22412
0.000761976 -22057
0.000780196 -21705
0.000796646 -21355
0.000813452 -21008
0.000829706 -20661
0.000844939 -20315
0.000860977 -19971
0.000878288 -19630
0.000894879 -19292
0.000909672 -18956
0.000928519 -18621
0.000947281 -18289
0.000966025 -17960
0.000982616 -17634
0.000998598 -17309
0.00101549 -16984
0.00103191 -16660
0.00104914 -16339
0.00106615 -16027
0.00108345 -15716
0.00110257 -15408
0.00112091 -15104
0.00113827 -14807
0.00115466 -14511
0.00117318 -14217
0.0011916 -13927
0.00121045 -13645
0.00123324 -13365
0.00125374 -13087
0.00129984 -12811
0.00132779 -12536
0.00134783 -12261
0.00136826 -11987
0.00139316 -11720
0.00141321 -11453
0.00143112 -11188
0.00144787 -10930
0.0014707 -10675
0.00149228 -10421
0.00153723 -10172
0.00157452 -9927
0.00159786 -9682
0.00161965 -9438
0.00164141 -9194
0.00166383 -8957
0.00168356 -8720
0.00170294 -8489
0.00172737 -8258
0.00175198 -8030
0.00177512 -7802
0.00180097 -7575
0.00182856 -7351
0.0018556 -7129
0.0018822 -6910
0.0019035 -6694
0.00193049 -6483
0.00196076 -6278
0.00198648 -6073
0.00201398 -5869
0.00204182 -5672
0.00206967 -5480
0.00209953 -5289
0.00213088 -5102
0.00215881 -4915
0.00219311 -4729
0.00222239 -4545
0.0022524 -4369
0.00228576 -4194
0.00231862 -4023
0.00234838 -3852
0.00238497 -3681
0.00241806 -3516
0.00245313 -3354
0.00248782 -3197
0.0025192 -3044
0.00255641 -2895
0.00259018 -2750
0.00262505 -2608
0.00266457 -2472
0.00270659 -2336
0.00274814 -2205
0.00279322 -2075
0.00284171 -1945
0.00288562 -1821
0.00292371 -1701
0.00296351 -1584
0.00300896 -1470
0.00305806 -1359
0.0031047 -1252
0.00316576 -1146
0.00321084 -1042
0.00325738 -941
0.00330065 -846
0.00334018 -753
0.0033771 -660
0.0034124 -573
0.00345691 -492
0.00350242 -414
0.00357189 -340
0.0036262 -274
0.00367222 -208
0.00371421 -147
0.00375805 -91
0.00379566 -39
0.00383102 11
0.00386282 60
0.00389465 107
0.00392501 148
0.00395536 178
0.00398479 205
0.00401287 228
0.0040414 250
0.00407414 271
0.00410512 287
0.00413462 301
0.00416228 312
0.00418396 324
0.00421053 335
0.00423901 349
0.00426788 357
0.00429389 367
0.00431819 383
0.0043465 386
0.0043976 388
0.00442162 397
0.0046425 398
0.00466935 405
0.00469751 419
0.00472632 428
0.00505458 436
0.00508156 437
0.00510819 443
0.00513373 447
0.00641075 450
0.00643796 459
0.00646417 464
0.00649004 468
0.0207981 470
0.0208276 472
0.0208565 474
0.02221 480
0.0222915 486
0.0223749 493
0.0224019 498
2 498
