0 -3028
4e-07 -2904
9.05e-07 -2882
1.1064e-05 -2881
1.1245e-05 -2869
0.000582005 -2818
0.000582472 -2753
0.000583873 -2729
0.000584026 -2675
0.000584378 -2670
0.000584864 -2617
0.000585998 -2549
0.000586494 -2514
0.000586856 -2451
0.000598892 -2397
0.000599674 -2394
0.000600779 -2381
0.000601236 -2279
0.000602218 -2234
0.000602647 -2157
0.000604505 -2145
0.000605477 -2104
0.00060624 -2056
0.000606516 -2028
0.000607021 -1970
0.000608003 -1965
0.000608346 -1897
0.000609613 -1891
0.000610614 -1890
0.00061069 -1825
0.000611405 -1797
0.000612739 -1781
0.000612872 -1715
0.000613482 -1657
0.000613863 -1601
0.000616151 -1566
0.000619248 -1544
0.000619324 -1521
0.000619724 -1464
0.000621907 -1421
0.000622755 -1402
0.000622974 -1384
0.000624403 -1367
0.000630312 -1349
0.000630493 -1314
0.000632037 -1252
0.000632323 -1186
0.000632447 -1157
0.000642234 -1152
0.000643187 -1091
0.000648895 -1054
0.000649048 -999
0.000651278 -992
0.000654832 -950
0.00065529 -947
0.000656023 -931
0.000659102 -886
0.000664391 -876
0.000668593 -872
0.000668908 -855
0.000669861 -755
0.000689502 -750
0.00068994 -746
0.000691417 -733
0.000692942 -699
0.000694886 -672
0.000696554 -648
0.000700966 -641
0.000701614 -576
0.000702176 -532
0.000702415 -492
0.000702558 -428
0.000702872 -322
0.000703758 -306
0.000704263 -304
0.000704378 -251
0.000706246 -231
0.000708523 -230
0.000711134 -215
0.000711535 -195
0.000732729 -159
0.000732872 -152
0.000733873 -135
0.000737113 -128
0.000737446 -91
0.000737694 -89
0.00073818 -75
0.000738313 -61
0.000738437 -41
0.000740019 -16
0.000740915 0
0.000741163 18
0.000742097 23
0.000742592 43
0.000750302 61
0.000750769 74
0.000751245 84
0.000756858 129
0.000761633 159
0.000764797 175
0.000766426 185
0.00076716 193
0.000787878 234
0.000793968 237
0.000796398 264
0.000796817 273
0.000798875 288
0.000799304 292
0.000804346 297
0.000807786 368
0.000810159 370
0.000811989 392
0.000813656 394
0.000813933 400
0.000818335 407
0.000820546 413
0.000820661 420
0.000824377 445
0.000825502 449
0.000829285 453
0.000830352 479
0.000830705 480
0.000836242 481
0.000839453 495
0.00083992 503
0.000844228 516
0.000846791 556
0.00084723 562
0.000850584 569
0.000851347 580
0.000853605 677
0.000855673 693
0.000856331 694
0.000857465 704
0.000858256 714
0.00086039 717
0.000861277 722
0.000863345 729
0.000865289 747
0.000866204 767
0.0008677 775
0.000868558 792
0.000868662 821
0.00087115 835
0.000871455 851
0.000871636 861
0.000871893 863
0.000874599 865
0.000876258 866
0.000877144 885
0.000879622 886
0.000880765 889
0.000883643 923
0.000884444 937
0.000888218 939
0.00089323 941
0.000893935 946
0.000899329 948
0.000899415 952
0.000899996 972
0.000900073 988
0.000900654 1000
0.000902732 1006
0.000903399 1010
0.000903846 1024
0.000905038 1026
0.000905114 1038
0.000905409 1052
0.000906925 1054
0.000908707 1055
0.000913138 1057
0.000913615 1059
0.000916292 1069
0.000919018 1079
0.000921972 1091
0.00092243 1097
0.000926985 1115
0.000927071 1116
0.000927785 1121
0.000928081 1128
0.000933017 1129
0.000933618 1134
0.000936076 1142
0.000937477 1145
0.000941099 1155
0.000944596 1187
0.000946731 1191
0.000947912 1198
0.000950762 1222
0.00095262 1226
0.000960396 1233
0.000961702 1234
0.000967401 1236
0.000968449 1243
0.000968535 1245
0.000970012 1260
0.000976149 1275
0.000981629 1284
0.000983935 1287
0.000984145 1300
0.000990711 1303
0.000996019 1305
0.00100561 1308
0.0010111 1309
0.0010164 1323
0.0010201 1324
0.00102317 1334
0.0010261 1335
0.00103036 1345
0.00103503 1355
0.00103687 1356
0.00104268 1358
0.00104692 1368
0.00104938 1370
0.00105154 1379
0.00105744 1384
0.00106915 1387
0.00108161 1389
0.00108538 1390
0.00109272 1399
0.0011064 1403
0.0011075 1405
0.00113928 1409
0.00114208 1425
0.00115808 1426
0.00116332 1432
0.00116531 1440
0.00116864 1443
0.00121854 1450
0.00122216 1458
0.00123584 1483
0.00123775 1484
0.00125474 1508
0.00125825 1516
0.00126545 1531
0.00126619 1540
0.0012672 1542
0.00128327 1551
0.00132142 1565
0.00132838 1572
0.00135489 1579
0.00135665 1580
0.00136741 1586
0.00138194 1588
0.00139093 1593
0.00139113 1599
0.00139345 1600
0.00140715 1605
0.00141167 1609
0.00143183 1613
0.00145456 1622
0.00149509 1623
0.00158542 1636
0.00162422 1640
0.00168083 1643
0.00168296 1650
0.00177781 1659
0.00185679 1660
0.00185926 1664
0.0018815 1666
0.00197854 1668
0.00200131 1674
0.00200577 1677
0.00201698 1691
0.00215116 1696
0.00220846 1702
0.00223336 1712
0.00227106 1718
0.00235076 1730
0.00247181 1744
0.00247839 1746
0.00260096 1748
2 1748
