0 4
1.498e-05 20
1.8992e-05 72
2.006e-05 77
2.0165e-05 88
2.108e-05 130
0.00026409 154
0.000268054 169
0.000378267 170
0.000379544 202
0.000379772 208
0.000386663 219
0.000389674 220
0.000389779 223
0.000431615 247
0.000431681 257
0.000431748 262
0.000432911 268
0.000433006 281
0.000467361 283
0.000467571 291
0.000469343 308
0.000469934 329
0.000471192 331
0.000494616 356
0.000494912 372
0.000495007 413
0.000495093 418
0.00049516 430
0.000521081 439
0.000521319 449
0.000523806 450
0.000523892 461
0.000529391 468
0.000531411 484
0.000531792 492
0.000531849 511
0.000532335 532
0.000532488 537
0.000532755 540
0.000532869 575
0.000533088 583
0.000533774 588
0.000534098 632
0.000540712 640
0.000540769 644
0.000544934 645
0.000546287 669
0.000546421 684
0.000546907 685
0.000548422 690
0.000548555 716
0.000601007 725
0.000601131 730
0.000601598 735
0.000601674 740
0.000601808 746
0.00060237 752
0.00060257 767
0.000611909 768
0.000612577 784
0.000629845 788
0.000630273 789
0.000631064 792
0.000635124 803
0.000635534 806
0.000635896 807
0.000636525 808
0.000655327 821
0.000656928 823
0.000664724 834
0.000665353 837
0.000666658 847
0.000668488 852
0.000669231 856
0.000669479 877
0.000671538 894
0.000674606 896
0.000675531 897
0.00071325 898
0.000715222 900
0.000730451 901
0.000730546 906
0.000734825 908
0.000778748 912
0.000779005 938
2 938
