0 -32129
3.52e-07 -31652
8.1e-07 -31098
0.000256228 -30630
0.000257162 -30259
0.000257791 -29759
0.000258258 -29167
0.000264872 -29086
0.000265958 -28563
0.000266435 -28024
0.000267197 -27538
0.000267454 -26974
0.00026836 -26471
0.000268617 -25936
0.000269141 -25383
0.00026936 -24875
0.000270494 -24412
0.000271285 -23881
0.000272295 -23334
0.000273172 -22965
0.000274001 -22841
0.000275145 -22523
0.000279748 -22088
0.000279853 -21482
0.000280348 -21054
0.000280491 -20625
0.000281882 -20047
0.000287496 -19820
0.000290459 -19438
0.000293042 -19373
0.000294062 -18776
0.000295882 -18731
0.000296482 -18222
0.000296711 -17732
0.00029733 -17244
0.000301314 -16778
0.000311806 -16314
0.000316028 -15838
0.000316133 -15259
0.000316552 -14883
0.000316685 -14521
0.000317171 -14051
0.000319506 -13673
0.000321727 -13155
0.000323251 -12688
0.000324938 -12206
0.000326025 -11878
0.000328817 -11394
0.000333201 -11361
0.000335545 -10948
0.000339014 -10405
0.000339443 -9983
0.000341177 -9461
0.000343769 -9010
0.000348143 -8629
0.000348696 -8062
0.000349983 -7709
0.000361866 -7440
0.000366431 -6853
0.000372949 -6414
0.000378077 -6293
0.000381441 -5951
0.000384452 -5577
0.000411726 -5418
0.000422886 -5128
0.000424677 -4833
0.000437009 -4496
0.000438629 -4224
0.000454896 -3994
0.000464255 -3906
0.000469811 -3565
0.000486307 -3518
0.000493292 -3198
0.000493692 -2821
0.000496351 -2632
0.000501402 -2298
0.000506281 -2130
0.000516078 -1892
0.000531126 -1770
0.000534661 -1662
0.000546659 -1376
0.000566948 -1189
0.00057623 -1009
0.000577831 -767
0.000594346 -684
0.000616227 -583
0.000625766 -484
0.000631122 -398
0.000641509 -284
0.000674769 -221
0.000685899 -142
0.00068711 -132
0.000689292 -33
0.000706389 2
0.000728888 4
0.000729003 42
0.000772468 68
0.000773336 101
0.000807929 107
0.000813894 125
2 125
