0 -3455
2.18e-07 -3332
2.2607e-05 -3280
3.6461e-05 -3116
3.6972e-05 -3107
0.000410667 -3059
0.000410932 -2909
0.000412077 -2787
0.000417499 -2691
0.00041801 -2575
0.000419836 -2554
0.00042118 -2506
0.000422656 -2411
0.000422931 -2387
0.000439907 -2349
0.000440097 -2276
0.000443144 -2241
0.000446191 -2209
0.000446295 -2169
0.000452777 -2147
0.000454991 -2090
0.000457622 -2089
0.000458076 -1997
0.000458606 -1917
0.000460253 -1864
0.000477002 -1835
0.00049467 -1745
0.000494925 -1662
0.000498786 -1581
0.000501313 -1521
0.000534178 -1475
0.000535872 -1348
0.000542714 -1312
0.000543073 -1260
0.00054349 -1200
0.000549101 -1131
0.000559245 -1088
0.000565538 -1063
0.000570734 -1047
0.000571945 -1039
0.000574481 -1003
0.000575645 -915
0.000575948 -802
0.000579354 -789
0.000580537 -695
0.000581238 -674
0.000581332 -638
0.000585619 -610
0.000586433 -505
0.000586811 -478
0.00058806 -432
0.000604233 -414
0.000604308 -355
0.00060605 -354
0.000607497 -333
0.000612513 -288
0.00061345 -258
0.000613525 -223
0.000617585 -213
0.000625903 -170
0.000626196 -162
0.000626376 -158
0.000626442 -154
0.000628032 -128
0.000630398 -121
0.00065627 -87
0.000659639 -85
0.000661257 -21
0.000661881 -20
0.000663651 39
0.000671619 62
0.000672092 70
0.000673436 99
0.00067547 130
0.000678205 152
0.000678735 158
0.000689182 192
0.000691614 221
0.000691803 242
0.000693024 244
0.000710275 259
0.00071548 262
0.000716748 283
0.000738731 289
0.000740841 292
0.000745042 293
0.000758224 316
0.000760477 320
0.000764924 326
0.000767063 337
0.000768586 339
0.000770119 344
0.000771444 345
0.000774378 351
0.000774557 363
0.000787664 364
0.000788705 365
0.000792149 369
0.000798035 377
0.000807158 383
0.000825771 403
0.000832528 416
0.000834241 428
0.000837042 437
0.000850281 439
0.000864314 450
0.000874052 466
0.000927556 468
0.00101085 472
0.00103688 486
2 486
