0 -17601
4.7e-08 -17286
3.2106e-05 -16975
4.9863e-05 -16665
6.5492e-05 -16376
0.000102353 -16095
0.000142161 -15821
0.000182044 -15565
0.000240306 -15312
0.000322728 -15063
0.00038678 -14822
0.00043541 -14582
0.0004726 -14343
0.000502117 -14110
0.000531446 -13885
0.000557084 -13663
0.000583701 -13446
0.000608199 -13233
0.000632528 -13022
0.000657338 -12815
0.00068452 -12611
0.000711438 -12409
0.000737801 -12207
0.000765133 -12005
0.000791788 -11805
0.000815468 -11607
0.000841266 -11410
0.000867807 -11215
0.000894415 -11020
0.000922548 -10826
0.000950219 -10635
0.000996712 -10452
0.00104175 -10272
0.00107544 -10095
0.00110371 -9919
0.00113094 -9744
0.00115722 -9569
0.00117954 -9395
0.0012038 -9224
0.00122747 -9053
0.00125067 -8885
0.00127409 -8721
0.00129851 -8558
0.00132404 -8397
0.00134958 -8240
0.00137415 -8086
0.00139763 -7932
0.00142242 -7780
0.00144493 -7629
0.00147077 -7481
0.00149425 -7334
0.00151683 -7188
0.00154299 -7044
0.00156754 -6900
0.00159278 -6763
0.00161791 -6628
0.00164029 -6493
0.00166405 -6359
0.00168868 -6226
0.00171168 -6093
0.0017369 -5960
0.0017585 -5828
0.00178271 -5696
0.00180583 -5565
0.00182842 -5436
0.00185043 -5310
0.00187398 -5186
0.00189777 -5062
0.00191884 -4942
0.00194428 -4823
0.00196687 -4704
0.00198943 -4586
0.00201103 -4470
0.00203435 -4355
0.00205542 -4248
0.00207882 -4142
0.00209865 -4036
0.00212245 -3931
0.00214588 -3828
0.00216594 -3725
0.00218815 -3622
0.00220726 -3521
0.00223126 -3421
0.00225264 -3322
0.00227589 -3224
0.00229777 -3127
0.00232322 -3032
0.00234589 -2939
0.00236757 -2848
0.00238954 -2757
0.00241065 -2669
0.00243096 -2581
0.00245554 -2498
0.00247591 -2416
0.00249724 -2336
0.00251643 -2257
0.00253675 -2178
0.00255901 -2100
0.00258169 -2023
0.00260325 -1949
0.00262298 -1875
0.00264702 -1801
0.0026711 -1727
0.00269885 -1654
0.00271894 -1581
0.00274 -1512
0.00276237 -1445
0.00278402 -1379
0.0028027 -1314
0.00282243 -1249
0.00284267 -1186
0.00289469 -1127
0.00294018 -1068
0.00296983 -1012
0.00299338 -957
0.00301462 -902
0.00303412 -848
0.00305418 -795
0.00307525 -744
0.00309392 -693
0.00311144 -642
0.0031306 -593
0.0031515 -547
0.00317209 -502
0.00320465 -457
0.0032259 -412
0.0032437 -369
0.00326387 -326
0.00328529 -284
0.00330901 -242
0.00332871 -200
0.0033508 -158
0.00337097 -116
0.00338959 -77
0.00340906 -40
0.00342975 -4
0.00344902 32
0.00346787 67
0.00348824 102
0.00351042 137
0.00352773 170
0.00354794 202
0.00356616 234
0.00358665 265
0.0036048 294
0.00362351 322
0.00364478 351
0.00366627 379
0.00368538 407
0.00370996 433
0.00372848 458
0.00374584 485
0.00376369 510
0.00378372 535
0.00380461 559
0.00382413 583
0.00384286 606
0.00386411 630
0.00388351 652
0.00390155 674
0.00392218 701
0.00394178 722
0.00396129 743
0.00397927 762
0.00399723 782
0.00401554 801
0.00403516 818
0.00405645 835
0.00407559 851
0.00409609 870
0.00411579 888
0.00413493 904
0.00415442 923
0.00417321 940
0.00419099 957
0.00421037 975
0.00422854 1003
0.00424878 1016
0.00426941 1031
0.0042945 1044
0.00431393 1058
0.00433138 1071
0.00434897 1084
0.00436759 1097
0.0043872 1115
0.00440755 1128
0.00442703 1144
0.00444632 1158
0.00446566 1171
0.00448306 1187
0.00450146 1204
0.00452024 1219
0.00454063 1234
0.00456011 1248
0.00457906 1261
0.00459706 1276
0.0046164 1291
0.00463776 1306
0.00466064 1325
0.00468086 1337
0.00470231 1350
0.00472155 1364
0.00475393 1379
0.0047774 1397
0.00479888 1409
0.00482104 1422
0.00484254 1434
0.0048643 1447
0.00488491 1458
0.00490401 1469
0.00492127 1480
0.00494029 1491
0.00495851 1511
0.00497681 1525
0.0049959 1535
0.00501546 1545
0.00503636 1560
0.00505523 1570
0.00509329 1583
0.00513279 1592
0.00514262 1601
0.00515492 1614
0.00517418 1622
0.00518012 1630
0.0051889 1638
0.00519657 1644
0.00520707 1653
0.00522242 1663
0.00522643 1668
0.00523397 1671
0.00524145 1677
0.00525211 1679
0.00525688 1681
0.0052629 1687
0.00527517 1688
0.00527838 1689
0.00528571 1696
0.0052967 1706
0.00530342 1709
0.00531797 1721
0.00534183 1728
0.00539785 1751
0.00542993 1752
0.00543402 1753
0.0061302 1756
0.00615117 1759
0.00615401 1761
0.00615733 1766
0.00616437 1768
0.00617128 1771
0.00618954 1774
0.00619788 1775
0.00636865 1776
0.00637783 1779
0.00640175 1780
0.00641175 1783
0.0065382 1784
0.00700515 1787
0.00702688 1788
0.00703179 1789
0.00726699 1790
0.00727197 1791
0.00754563 1792
0.0075527 1793
0.00897799 1795
0.00916007 1796
0.00917039 1800
0.0109811 1809
0.0110241 1810
0.0110267 1815
0.0110327 1818
0.0110403 1821
0.0110509 1822
0.0110531 1823
2 1823
