0 -44900
4.7e-08 -44484
1.3031e-05 -44076
2.9325e-05 -43699
5.4099e-05 -43331
7.5442e-05 -42976
0.000107625 -42621
0.000132146 -42267
0.000150997 -41919
0.000168494 -41572
0.000187157 -41227
0.000210399 -40886
0.000229137 -40550
0.000247189 -40219
0.000265486 -39890
0.000284807 -39562
0.000304213 -39241
0.000323694 -38923
0.000341793 -38606
0.000361067 -38292
0.000381573 -37980
0.000401186 -37670
0.000419783 -37360
0.000454373 -37051
0.000489029 -36742
0.000511726 -36437
0.000530812 -36132
0.000560795 -35827
0.000583755 -35523
0.000610353 -35226
0.00063274 -34930
0.00065365 -34634
0.000685984 -34339
0.000707975 -34047
0.000727616 -33756
0.0007469 -33465
0.000766531 -33176
0.000791691 -32887
0.000811924 -32599
0.000830531 -32313
0.00086121 -32027
0.0008837 -31741
0.000902805 -31455
0.000923451 -31169
0.000942538 -30885
0.000961229 -30602
0.00098086 -30320
0.00100097 -30040
0.00102021 -29760
0.00103933 -29482
0.00105795 -29205
0.00107804 -28928
0.00109692 -28654
0.00112588 -28380
0.00114965 -28107
0.00116837 -27835
0.00118886 -27566
0.00120917 -27298
0.00122971 -27031
0.00124959 -26764
0.00126921 -26498
0.00128909 -26235
0.00130871 -25973
0.00133065 -25711
0.00135275 -25449
0.00137343 -25189
0.00139661 -24929
0.00141627 -24669
0.00143589 -24410
0.00145755 -24151
0.00147878 -23892
0.00149823 -23637
0.0015182 -23383
0.00153849 -23130
0.00155908 -22878
0.0015797 -22629
0.0016015 -22380
0.00162355 -22131
0.00164387 -21882
0.00166393 -21635
0.00168522 -21389
0.00170686 -21145
0.00172694 -20902
0.00174708 -20660
0.00176867 -20419
0.00178925 -20179
0.00181094 -19939
0.00183198 -19699
0.00185296 -19460
0.00187455 -19222
0.00189505 -18986
0.00191574 -18750
0.00193724 -18517
0.00196089 -18286
0.00198253 -18057
0.00200395 -17830
0.00202482 -17603
0.00204541 -17377
0.00206748 -17152
0.0020909 -16928
0.00211314 -16706
0.00213484 -16485
0.00215591 -16266
0.00217516 -16049
0.00219737 -15832
0.00222155 -15615
0.00224515 -15399
0.00226897 -15183
0.00228885 -14967
0.00231008 -14754
0.00233364 -14541
0.00235696 -14331
0.00237915 -14122
0.00239902 -13914
0.00242107 -13708
0.00244488 -13503
0.00246855 -13298
0.00251304 -13096
0.00254221 -12895
0.00256924 -12696
0.00259394 -12498
0.00261501 -12301
0.00263943 -12107
0.00266476 -11913
0.00270036 -11720
0.00272682 -11528
0.0027506 -11337
0.0027775 -11148
0.00280509 -10959
0.00283621 -10772
0.00286257 -10588
0.00288531 -10404
0.0029415 -10222
0.00297945 -10041
0.00301828 -9860
0.00305055 -9681
0.00307842 -9502
0.00310292 -9326
0.00312767 -9150
0.0031544 -8975
0.00318034 -8801
0.00320974 -8627
0.0032375 -8454
0.00326534 -8285
0.00329497 -8118
0.00332556 -7952
0.00335265 -7791
0.00338115 -7630
0.00340997 -7470
0.00343964 -7310
0.00346958 -7153
0.00349534 -6997
0.00352858 -6842
0.00355955 -6687
0.00358945 -6534
0.00361834 -6382
0.00364668 -6231
0.00367925 -6081
0.00370955 -5933
0.00374088 -5786
0.00377206 -5640
0.00380289 -5494
0.00383474 -5348
0.00387052 -5203
0.00389988 -5060
0.0039325 -4918
0.00396681 -4777
0.00400422 -4637
0.00404188 -4499
0.00407716 -4366
0.0041136 -4233
0.00414737 -4106
0.00418253 -3979
0.00422011 -3854
0.00425417 -3729
0.00428985 -3606
0.00432507 -3485
0.0043607 -3368
0.00440424 -3251
0.00444651 -3136
0.0044916 -3022
0.00453443 -2909
0.00457643 -2799
0.00461986 -2691
0.00465996 -2585
0.00470558 -2479
0.00474972 -2377
0.00479905 -2276
0.00485285 -2176
0.00494054 -2076
0.0050269 -1977
0.00510363 -1879
0.00517363 -1781
0.00524121 -1688
0.00530694 -1595
0.00536889 -1502
0.00542724 -1413
0.00548343 -1328
0.00553649 -1246
0.00558911 -1165
0.00564723 -1090
0.00570688 -1016
0.00576398 -943
0.005822 -877
0.00588254 -816
0.00594199 -756
0.00600353 -698
0.00606628 -640
0.006131 -584
0.00619147 -529
0.0062699 -476
0.00634352 -425
0.00640591 -374
0.00646121 -328
0.00651322 -284
0.00656487 -240
0.00661311 -198
0.00666096 -156
0.00673926 -117
0.00682316 -82
0.00688878 -48
0.00697332 -16
0.00703376 10
0.00708153 35
0.00712869 60
0.00716937 84
0.00720977 108
0.00725285 129
0.00729207 146
0.00733376 160
0.00737132 174
0.0074086 190
0.00744755 204
0.00748598 223
0.00752265 241
0.00756149 257
0.00760004 271
0.00763581 284
0.00767598 300
0.00775677 312
0.00781524 325
0.00786012 338
0.00790307 353
0.00794478 366
0.007985 376
0.00802825 385
0.00806896 397
0.0081065 406
0.0081472 414
0.00819014 422
0.00822699 429
0.00832708 441
0.0083963 446
0.00845695 455
0.00850441 460
0.00855157 465
0.00859618 469
0.00866877 475
0.00872248 479
0.00877073 483
0.00880978 490
0.00884815 501
0.00888793 510
0.00892964 516
0.00905584 524
0.00911598 529
0.00916931 532
0.00922175 540
0.00927295 542
0.0093207 548
0.0093665 554
0.00941116 559
0.009455 561
0.00949761 563
0.00953605 570
0.00961864 573
0.00966253 576
0.0097047 586
0.00974607 589
0.00983345 597
0.00987987 598
0.00995941 602
0.0100013 606
0.0100404 607
0.0100814 611
0.010121 612
0.0102028 614
0.0102431 618
0.0103179 624
0.0103603 627
0.0105476 631
0.0106379 633
0.0106862 636
0.0107317 644
0.0107743 651
0.0108176 652
0.0108655 653
0.0110008 657
0.0115786 662
0.0118025 663
0.0118426 665
0.0120157 666
0.0120713 669
0.0121371 670
0.0121989 671
0.0122611 673
0.0126488 677
0.012702 680
0.0127482 682
0.0130092 684
0.0130961 686
0.0131387 689
0.013274 690
0.0133591 691
0.0134469 693
0.0134897 699
0.0135353 700
0.0135791 703
0.0136631 706
0.0137034 708
0.0141277 710
0.0141707 712
0.0143678 716
0.0145471 718
0.0145906 719
0.0147759 720
0.0148288 724
0.0190093 728
0.0205006 731
0.0205656 733
0.0208281 734
0.0208711 735
0.020952 742
2 742
