0 -30982
5.6e-08 -30619
1.3652e-05 -30257
2.3515e-05 -29898
3.8812e-05 -29558
6.3342e-05 -29222
9.215e-05 -28897
0.000111508 -28574
0.000126909 -28254
0.000141858 -27934
0.000157832 -27619
0.000172848 -27307
0.000186885 -27005
0.000201759 -26705
0.000216736 -26405
0.000231084 -26105
0.000246466 -25807
0.000262553 -25510
0.000279326 -25213
0.000294783 -24919
0.00030945 -24628
0.000324493 -24337
0.000340279 -24047
0.000356865 -23758
0.000371372 -23470
0.000386114 -23187
0.000401459 -22907
0.000416427 -22630
0.000431639 -22354
0.000445977 -22080
0.000461876 -21806
0.000477333 -21533
0.000491944 -21261
0.000507467 -20989
0.000523949 -20722
0.000540506 -20459
0.000555869 -20196
0.000570696 -19936
0.000585645 -19677
0.000600688 -19418
0.000616766 -19162
0.000632871 -18907
0.000647952 -18656
0.000665562 -18406
0.000681198 -18157
0.000695649 -17909
0.00071057 -17662
0.000728002 -17418
0.000742584 -17175
0.000758041 -16936
0.000774213 -16697
0.000790403 -16459
0.000807844 -16223
0.000823442 -15987
0.000840789 -15752
0.000855268 -15518
0.000870377 -15287
0.000885712 -15056
0.00090272 -14828
0.000920377 -14600
0.000937564 -14375
0.000954676 -14150
0.000970763 -13926
0.0009881 -13703
0.0010169 -13484
0.00105574 -13265
0.00107696 -13048
0.00109527 -12832
0.00111268 -12617
0.00112991 -12404
0.00114845 -12192
0.00116259 -11981
0.00117982 -11771
0.0011985 -11567
0.00121391 -11363
0.00123003 -11161
0.00124569 -10960
0.00126232 -10761
0.00127735 -10568
0.00129583 -10376
0.00131428 -10185
0.00133196 -9995
0.00135066 -9805
0.00136939 -9615
0.00138692 -9427
0.00140549 -9241
0.00142503 -9057
0.00144542 -8873
0.00146284 -8690
0.00147881 -8509
0.00149607 -8329
0.0015171 -8151
0.00154076 -7973
0.00156099 -7796
0.00158006 -7623
0.0016019 -7452
0.00162017 -7283
0.00164115 -7116
0.00166295 -6951
0.00168548 -6787
0.00170868 -6623
0.00173084 -6460
0.00175042 -6297
0.00177316 -6135
0.00179276 -5973
0.00181122 -5814
0.00183417 -5658
0.00185535 -5504
0.00187924 -5350
0.00190528 -5199
0.00192905 -5050
0.00195433 -4901
0.00197608 -4754
0.00199681 -4607
0.00201708 -4461
0.00203912 -4322
0.00206269 -4185
0.0020862 -4048
0.00210694 -3911
0.00212848 -3775
0.00215034 -3641
0.00217176 -3510
0.00219189 -3380
0.00221941 -3253
0.00224476 -3128
0.0022743 -3009
0.00230335 -2891
0.00233185 -2773
0.00235912 -2659
0.00239462 -2549
0.00242391 -2440
0.00245393 -2333
0.00248511 -2230
0.00251668 -2128
0.0025539 -2028
0.00258697 -1929
0.00262212 -1833
0.00265272 -1742
0.00268225 -1651
0.00271839 -1563
0.00275202 -1475
0.00278697 -1387
0.00282821 -1305
0.0028699 -1223
0.00293739 -1143
0.00301368 -1064
0.00306534 -986
0.00310706 -910
0.00314692 -839
0.00318734 -768
0.00322685 -698
0.00326425 -631
0.0033032 -569
0.0033437 -513
0.00338093 -458
0.00342105 -404
0.00347983 -350
0.00353115 -300
0.00356943 -254
0.00360648 -210
0.00364142 -168
0.0036763 -127
0.00371516 -90
0.00375295 -57
0.00379204 -25
0.00382734 7
0.00386462 36
0.00389809 64
0.00392605 90
0.00395753 112
0.00398695 132
0.00401429 151
0.00404406 168
0.00407364 183
0.00410156 197
0.00412791 211
0.00415336 224
0.00418049 239
0.00420477 262
0.00423183 277
0.0042563 288
0.00428166 300
0.00430775 309
0.00433366 322
0.00435951 335
0.00438799 350
0.00441792 361
0.00444942 372
0.00448348 382
0.00451269 395
0.00454073 408
0.00457119 418
0.00460015 431
0.00462831 441
0.00465398 451
0.00467931 460
0.00470699 465
0.00473605 475
0.00476502 482
0.00481229 486
0.00484782 496
0.00487797 500
0.00491007 505
0.00493878 515
0.00496851 524
0.00499546 537
0.00502453 548
0.00505155 567
0.0050809 579
0.00511112 589
0.00513788 595
0.00516482 600
0.00519362 607
0.00522556 612
0.00525306 615
0.00528217 617
0.00531657 618
0.00534985 619
0.00541025 626
0.00546863 628
0.00549621 629
0.00552686 632
0.00555573 634
0.00558306 639
0.00561117 644
0.00564572 648
0.00567266 654
0.00571282 657
0.00574922 666
0.00578188 672
0.00581025 677
0.00583966 681
0.0058664 691
0.00589406 702
0.0059242 704
0.0059543 707
0.00598332 710
0.00601115 711
0.00630422 712
0.00633307 721
0.00636054 724
0.00638551 727
0.00640852 728
0.00651833 730
0.00654541 735
0.00661074 737
0.00677489 741
0.00710997 742
0.0071958 743
0.00722304 748
0.0072514 752
0.00727987 754
0.00788877 757
0.00792154 759
0.00795153 761
0.0082781 762
0.00830657 763
0.00834655 765
0.00840959 775
0.00843876 778
0.0153875 779
0.0154454 787
2 787
