0 -41370
5.5e-08 -41134
1.5145e-05 -40908
2.9811e-05 -40682
4.2659e-05 -40457
5.4124e-05 -40235
7.1705e-05 -40015
9.4515e-05 -39800
0.00012035 -39585
0.000146056 -39370
0.000175544 -39155
0.000208177 -38944
0.000247572 -38737
0.000298901 -38530
0.000344484 -38324
0.000394025 -38124
0.000436712 -37925
0.000482193 -37726
0.000523229 -37529
0.000563758 -37332
0.000603945 -37135
0.000643625 -36939
0.000683591 -36743
0.000723557 -36548
0.000763035 -36353
0.000802438 -36159
0.000841731 -35965
0.000881226 -35771
0.000920833 -35578
0.00096031 -35385
0.000999704 -35192
0.00103905 -34999
0.00107825 -34806
0.00111756 -34614
0.00115669 -34423
0.0011956 -34232
0.0012346 -34041
0.00127344 -33851
0.00131244 -33661
0.00135153 -33471
0.00139061 -33281
0.00143327 -33092
0.00147174 -32904
0.00151031 -32718
0.00155013 -32532
0.00158843 -32346
0.00162746 -32161
0.00166643 -31976
0.00170523 -31792
0.0017438 -31608
0.00178233 -31424
0.00182054 -31241
0.00185878 -31059
0.00189721 -30877
0.0019359 -30695
0.00197502 -30513
0.00201453 -30332
0.00205411 -30151
0.00209331 -29970
0.00214273 -29789
0.0021854 -29608
0.0022321 -29428
0.00227235 -29249
0.00231216 -29070
0.00235501 -28891
0.00239393 -28712
0.00243243 -28534
0.00247167 -28356
0.00251047 -28179
0.00254955 -28002
0.00258852 -27826
0.00262736 -27650
0.00266601 -27475
0.00270446 -27301
0.00274258 -27127
0.0027809 -26954
0.00281932 -26782
0.0028574 -26610
0.00289547 -26438
0.00293365 -26267
0.00297355 -26096
0.00301201 -25925
0.00305011 -25754
0.00308817 -25584
0.00312632 -25414
0.00316486 -25245
0.00320318 -25077
0.00324128 -24909
0.00328325 -24741
0.00332115 -24573
0.00335922 -24405
0.00339718 -24239
0.00343581 -24073
0.00347431 -23908
0.00351263 -23743
0.00355062 -23579
0.00358895 -23415
0.00362742 -23252
0.00366937 -23089
0.00370816 -22926
0.00374635 -22763
0.00378537 -22600
0.00382316 -22438
0.00386128 -22276
0.00389929 -22115
0.00393958 -21954
0.00399846 -21793
0.00403924 -21633
0.00407876 -21473
0.00411777 -21314
0.00415688 -21155
0.00419513 -20996
0.00423297 -20837
0.00427057 -20678
0.00430874 -20519
0.00434746 -20361
0.00439445 -20203
0.004434 -20045
0.00447263 -19887
0.00451087 -19729
0.00454896 -19572
0.00458748 -19415
0.00462591 -19258
0.00466459 -19103
0.00470376 -18948
0.00474279 -18793
0.00478129 -18638
0.00481914 -18484
0.00485646 -18330
0.00489895 -18177
0.00493663 -18024
0.00497394 -17871
0.00501268 -17718
0.00505129 -17565
0.00508947 -17413
0.00512728 -17261
0.00516495 -17109
0.00520277 -16957
0.005241 -16805
0.00527862 -16655
0.00531591 -16505
0.00535325 -16355
0.00539018 -16205
0.00542833 -16055
0.00546608 -15906
0.00550302 -15757
0.00553999 -15608
0.00557931 -15460
0.00561931 -15312
0.00565821 -15164
0.00569741 -15017
0.0057364 -14870
0.00577515 -14723
0.00582142 -14577
0.00586557 -14431
0.00590522 -14285
0.00594427 -14139
0.00598293 -13994
0.00602228 -13849
0.00606211 -13705
0.00610299 -13561
0.00614368 -13417
0.00618491 -13273
0.00622717 -13130
0.00626876 -12987
0.00630784 -12844
0.00634651 -12701
0.00638386 -12559
0.00642032 -12417
0.00645941 -12275
0.00649849 -12134
0.00653763 -11994
0.00657636 -11854
0.00661511 -11714
0.00665679 -11574
0.00669988 -11434
0.00674201 -11294
0.00678436 -11155
0.00682669 -11019
0.00686912 -10883
0.00691293 -10747
0.00695847 -10611
0.00700241 -10475
0.00704773 -10340
0.00709213 -10205
0.00713598 -10070
0.00717936 -9936
0.00722152 -9803
0.00726199 -9670
0.00730342 -9538
0.00734756 -9406
0.00739251 -9274
0.00743588 -9142
0.00747772 -9010
0.00752087 -8879
0.0075668 -8748
0.00761549 -8618
0.00767371 -8488
0.00772225 -8358
0.00776816 -8228
0.0078128 -8099
0.00785834 -7970
0.00790702 -7842
0.00796289 -7715
0.00800742 -7588
0.00806633 -7461
0.00811657 -7335
0.00816663 -7210
0.00821708 -7087
0.00826728 -6964
0.00831461 -6841
0.00836555 -6719
0.00842586 -6599
0.00847903 -6480
0.00853258 -6361
0.00858406 -6242
0.00863393 -6124
0.00868836 -6007
0.00874164 -5890
0.00879623 -5774
0.00885156 -5659
0.00890685 -5545
0.00896136 -5432
0.00901761 -5319
0.00907644 -5207
0.00913585 -5096
0.00919522 -4986
0.0092509 -4877
0.00930918 -4769
0.00936433 -4662
0.00942491 -4555
0.00948334 -4448
0.00954925 -4342
0.00960754 -4236
0.00966465 -4131
0.0097238 -4026
0.00978647 -3922
0.00984861 -3818
0.00991103 -3716
0.00997654 -3615
0.0100871 -3514
0.0101666 -3415
0.0102439 -3317
0.0103162 -3220
0.0103894 -3123
0.0104609 -3028
0.0105288 -2935
0.0106 -2843
0.010672 -2752
0.0107435 -2661
0.0108176 -2571
0.0108891 -2481
0.0109632 -2392
0.0110415 -2304
0.0111208 -2217
0.0111992 -2131
0.0112772 -2046
0.0113767 -1962
0.0114654 -1881
0.0115568 -1801
0.0116762 -1722
0.0117689 -1644
0.0118583 -1566
0.0119659 -1489
0.0120646 -1413
0.0121696 -1338
0.0122802 -1263
0.0123911 -1190
0.0125277 -1120
0.0126602 -1051
0.0127922 -984
0.0129262 -918
0.0130652 -854
0.0132148 -792
0.0133738 -731
0.0135327 -673
0.0136922 -617
0.0138535 -563
0.0140192 -510
0.014195 -459
0.0143735 -408
0.0145576 -359
0.0147438 -312
0.0149341 -267
0.0151392 -227
0.015344 -191
0.0155474 -156
0.0157531 -125
0.0159677 -95
0.0161735 -67
0.0163804 -40
0.0165904 -16
0.0167942 6
0.0170049 25
0.0172045 42
0.017394 58
0.017576 75
0.0177503 89
0.0179298 102
0.0181026 116
0.018281 128
0.0184526 139
0.0186157 160
0.018778 170
0.0189412 180
0.0191114 190
0.0192727 200
0.0194407 212
0.0196183 221
0.0197936 230
0.0200221 238
0.0201975 253
0.0203636 259
0.0205447 267
0.0207452 276
0.0209306 285
0.021123 293
0.0213093 306
0.0214879 313
0.0216718 319
0.02185 328
0.0220322 337
0.0222099 341
0.022395 346
0.0225971 351
0.0227837 358
0.0229603 363
0.0231442 366
0.0233349 373
0.0235289 379
0.0237214 385
0.0239048 390
0.0241046 397
0.0242907 402
0.0244951 403
0.0246927 409
0.0248864 410
0.0277699 411
0.0293743 415
0.0392551 416
0.0394444 417
0.0536349 418
0.0692692 420
2 420
