0 -6797
5.6e-08 -6533
1.6913e-05 -6317
4.5128e-05 -6109
7.1384e-05 -5909
0.000105946 -5719
0.000135686 -5532
0.00015389 -5348
0.000169796 -5172
0.000188763 -5001
0.000205667 -4830
0.000220443 -4662
0.000233675 -4495
0.000245823 -4344
0.000259545 -4195
0.000273125 -4048
0.000288353 -3904
0.000305982 -3766
0.000322218 -3631
0.000335148 -3497
0.000348634 -3366
0.000363796 -3242
0.000379382 -3119
0.000393894 -2996
0.000413624 -2884
0.000431197 -2773
0.000445737 -2663
0.000459882 -2554
0.000490348 -2446
0.00052005 -2340
0.000537821 -2237
0.000551881 -2135
0.000564472 -2036
0.000576828 -1939
0.000590013 -1845
0.000605551 -1755
0.000619084 -1668
0.000634971 -1581
0.000650049 -1495
0.000662772 -1412
0.000676615 -1334
0.000690139 -1258
0.000702438 -1183
0.000714295 -1109
0.000728562 -1039
0.000740861 -970
0.000753396 -907
0.000764245 -846
0.000775838 -786
0.00078776 -726
0.000800219 -668
0.000811925 -611
0.000826664 -555
0.000838935 -500
0.000850791 -446
0.000862911 -398
0.000872319 -351
0.000886691 -304
0.000897813 -260
0.000910206 -219
0.000922053 -180
0.000935642 -142
0.000946981 -105
0.000959516 -69
0.000973557 -34
0.000988682 0
0.00100092 29
0.0010133 57
0.00102662 85
0.00103737 113
0.00104792 140
0.0010605 167
0.00107452 193
0.00108789 219
0.00110012 244
0.00110982 269
0.00112205 293
0.00113222 316
0.00114061 338
0.00114916 360
0.00115788 382
0.00116968 403
0.00118029 424
0.00119168 444
0.00120373 464
0.00121558 483
0.00122774 501
0.00123864 518
0.00124887 534
0.00125839 554
0.00126886 570
0.00128089 585
0.00129103 600
0.00130213 614
0.00131281 627
0.00132433 642
0.00133645 655
0.0013473 668
0.00135692 680
0.00136983 704
0.00138135 723
0.00139391 739
0.0014053 755
0.00141544 771
0.00142729 785
0.0014378 799
0.00144727 813
0.0014582 831
0.00146783 843
0.00147783 857
0.0014898 868
0.00151272 879
0.00153122 899
0.00154486 908
0.00155149 915
0.001556 922
0.00156324 929
0.00156586 936
0.00156951 947
0.00157531 953
0.00157717 957
0.00157997 961
0.00158359 964
0.00158707 967
0.0015909 975
0.00159347 978
0.00159722 989
0.0016035 992
0.00160571 994
0.00161278 996
0.00161654 1010
0.00162867 1012
0.00163166 1020
0.00163792 1022
0.00163994 1030
0.00164447 1031
0.00164674 1037
0.00165009 1038
0.00165195 1047
0.00165821 1048
0.0016647 1057
0.00167652 1067
0.00169604 1069
0.00171329 1077
0.00172117 1079
0.00172909 1082
0.00173486 1083
0.00173713 1085
0.00186457 1087
0.00186951 1088
0.00191612 1091
0.00191769 1092
0.00191967 1094
0.00192389 1097
0.00211266 1098
0.00212341 1102
0.00236698 1103
0.00236872 1106
0.00240847 1110
0.00241413 1111
0.00241607 1116
0.0024227 1118
0.00250106 1124
0.00259636 1125
0.00260426 1128
0.0026896 1129
0.00269426 1131
0.00270293 1132
0.00271539 1133
0.00282567 1138
0.00315093 1145
0.00316941 1146
0.00321757 1153
0.00324227 1154
0.00324785 1155
2 1155
