0 -11882
3.7e-08 -11599
2.318e-05 -11356
4.8931e-05 -11114
9.6563e-05 -10873
0.000125496 -10640
0.000185472 -10408
0.000232981 -10179
0.000260719 -9953
0.000281235 -9730
0.000302513 -9512
0.000321344 -9315
0.000341963 -9120
0.000361801 -8926
0.000380415 -8734
0.0003987 -8543
0.000417182 -8361
0.000435711 -8180
0.000456255 -8004
0.000473533 -7830
0.000490838 -7665
0.000510393 -7501
0.000526221 -7342
0.00054169 -7184
0.000560982 -7028
0.000577637 -6878
0.000594933 -6728
0.000611975 -6580
0.000628395 -6436
0.000646426 -6293
0.000663646 -6153
0.000680754 -6013
0.000736219 -5874
0.000782646 -5735
0.000808538 -5597
0.000829148 -5460
0.000847781 -5323
0.000864248 -5188
0.000883747 -5054
0.000901919 -4922
0.000918951 -4790
0.000943648 -4663
0.000961612 -4539
0.00097742 -4416
0.000994999 -4293
0.00101357 -4172
0.00103024 -4051
0.00104772 -3933
0.00106447 -3815
0.00108173 -3702
0.00109989 -3591
0.00111609 -3481
0.00113178 -3373
0.00114835 -3268
0.00116549 -3164
0.00118291 -3060
0.0011998 -2956
0.00121596 -2853
0.00123066 -2750
0.0012455 -2650
0.00126027 -2551
0.00127642 -2453
0.00129378 -2357
0.00131002 -2264
0.00132624 -2171
0.00134187 -2081
0.0013582 -1992
0.00137553 -1905
0.00139341 -1819
0.0014086 -1734
0.00142501 -1651
0.00144144 -1570
0.0014589 -1493
0.00147416 -1418
0.00149098 -1344
0.00150794 -1272
0.00153797 -1202
0.00155821 -1134
0.00157432 -1066
0.00158977 -998
0.00160686 -933
0.0016221 -870
0.0016379 -809
0.0016541 -749
0.00166989 -690
0.00168737 -631
0.00170357 -573
0.00171944 -520
0.00173361 -468
0.00174738 -420
0.00176144 -372
0.001778 -324
0.00179653 -278
0.00181229 -232
0.00182909 -186
0.00184283 -141
0.00185659 -98
0.00187307 -57
0.00188973 -16
0.00190436 24
0.00191873 62
0.00193493 99
0.00195053 136
0.0019668 173
0.00198353 209
0.00200307 243
0.00202027 277
0.00203506 307
0.00205129 336
0.00206649 365
0.00208139 392
0.00209812 417
0.00211321 441
0.00212947 465
0.00214352 488
0.00215886 511
0.00217307 537
0.00218675 561
0.00220265 587
0.00221864 609
0.00223328 630
0.00224815 650
0.00226778 669
0.00228744 690
0.00231884 710
0.0023369 729
0.00235353 748
0.00236826 766
0.00238449 784
0.0024041 802
0.00241807 820
0.00243324 838
0.00244773 854
0.00246241 877
0.00248362 895
0.00252966 912
0.00254968 928
0.00256612 944
0.00258041 963
0.00259703 979
0.00261652 997
0.00262932 1014
0.00264318 1030
0.00265875 1047
0.00267132 1061
0.00269776 1075
0.00271308 1088
0.00272651 1101
0.00274179 1121
0.00275602 1134
0.00276994 1147
0.00278392 1159
0.00279801 1171
0.00281145 1183
0.00282583 1205
0.0028384 1218
0.00285335 1231
0.00287009 1248
0.0028871 1266
0.00290177 1280
0.00291755 1294
0.00293518 1314
0.00294973 1335
0.00296619 1350
0.00298067 1362
0.00299442 1382
0.00300941 1398
0.00302471 1424
0.00303864 1438
0.00305512 1452
0.00309035 1464
0.00309779 1475
0.00311116 1487
0.00312852 1496
0.00313227 1505
0.00314054 1513
0.00315039 1524
0.00316175 1539
0.00316557 1547
0.00317146 1558
0.00317967 1565
0.00318341 1571
0.00318878 1576
0.00319388 1582
0.00320266 1586
0.00320571 1590
0.00321119 1595
0.00321981 1599
0.00322414 1601
0.00322825 1602
0.00323557 1603
0.00323882 1604
0.00325315 1619
0.00327142 1626
0.00328811 1629
0.00329734 1631
0.00330217 1638
0.00330921 1640
0.00350151 1648
0.00351075 1652
0.00351611 1653
0.00370468 1655
0.00370752 1659
2 1659
