0 -8817
6.4e-08 -8577
1.8321e-05 -8345
3.0758e-05 -8115
3.7756e-05 -7898
6.1235e-05 -7682
8.2347e-05 -7468
0.000120203 -7258
0.00015038 -7050
0.000170504 -6845
0.00018587 -6644
0.000198941 -6445
0.000214425 -6248
0.000227324 -6062
0.000243152 -5879
0.000257248 -5698
0.000269966 -5529
0.000283854 -5365
0.00030037 -5203
0.000315545 -5041
0.000327801 -4882
0.00033935 -4724
0.000355032 -4572
0.000372772 -4420
0.000385645 -4271
0.000399723 -4131
0.000414227 -3994
0.000429955 -3858
0.000444223 -3727
0.00045715 -3597
0.000473576 -3469
0.000488841 -3343
0.000499683 -3218
0.000517786 -3098
0.000533514 -2980
0.000547184 -2865
0.000560555 -2751
0.000573001 -2641
0.000585801 -2533
0.000599552 -2427
0.000613667 -2324
0.000625034 -2224
0.000636773 -2127
0.000649582 -2032
0.000663533 -1941
0.000683087 -1853
0.000696131 -1766
0.000707444 -1681
0.000721223 -1600
0.000736044 -1519
0.00074685 -1443
0.000761336 -1367
0.000774589 -1294
0.000789066 -1224
0.000803706 -1157
0.000820304 -1090
0.000832841 -1023
0.000845414 -957
0.00086 -892
0.000873842 -829
0.000886723 -766
0.00089742 -705
0.000910229 -644
0.000923863 -586
0.000934197 -530
0.000944132 -476
0.000954312 -423
0.000967058 -371
0.000976576 -321
0.000989285 -275
0.00100111 -230
0.0010241 -185
0.00105475 -140
0.00107329 -97
0.00108656 -55
0.00109866 -14
0.00111165 25
0.00112318 63
0.0011356 101
0.00114918 136
0.00116096 171
0.00117176 205
0.0012135 237
0.00122742 266
0.00123943 293
0.00124888 320
0.00126023 347
0.00127102 372
0.00127983 397
0.00128853 422
0.00129875 447
0.00130893 471
0.00131893 493
0.00133052 514
0.00134092 537
0.00135278 557
0.00136348 576
0.00137408 594
0.00138427 620
0.00139402 637
0.00140437 659
0.00141686 676
0.00143121 693
0.00144112 710
0.0014506 725
0.00146099 747
0.00147125 763
0.00148307 777
0.00149275 790
0.001502 802
0.00151279 819
0.00152449 831
0.00153422 843
0.00154552 865
0.0015561 879
0.00156632 892
0.00157819 905
0.00158702 923
0.00159641 937
0.00160662 949
0.00161822 968
0.00162816 982
0.00163953 999
0.00164989 1011
0.00165952 1024
0.00167 1036
0.0016834 1050
0.00169307 1062
0.0017021 1074
0.00171155 1084
0.0017279 1099
0.00174353 1113
0.00174831 1120
0.00175588 1130
0.00176435 1134
0.00176791 1138
0.00177172 1141
0.00177676 1144
0.00178278 1146
0.00178549 1148
0.00179234 1155
0.00180374 1157
0.00180779 1162
0.00181413 1164
0.00181688 1166
0.00182133 1168
0.00183164 1170
0.00184181 1174
0.00184405 1178
0.00185179 1185
0.00186458 1190
0.00196814 1198
0.00197659 1200
0.00199234 1201
0.00199926 1205
0.00202116 1214
0.00202776 1216
0.00202946 1221
0.00204166 1222
0.00204488 1223
0.00205347 1228
0.00205901 1230
0.00206098 1236
0.00207143 1238
0.00207544 1240
0.0021421 1241
0.00214356 1245
0.00223789 1246
0.00224095 1250
0.00224698 1251
0.00276719 1252
0.0028869 1253
0.00300049 1254
0.00342925 1255
2 1255
