0 -8186
4.6e-08 -7934
1.7541e-05 -7692
2.9081e-05 -7469
4.5099e-05 -7247
6.1987e-05 -7027
8.8185e-05 -6823
0.000122025 -6619
0.000146183 -6417
0.000166897 -6217
0.000182044 -6034
0.000197618 -5856
0.000211406 -5685
0.000225847 -5518
0.000241185 -5351
0.000255299 -5190
0.000271262 -5038
0.000285513 -4890
0.000297714 -4742
0.000311239 -4595
0.000323105 -4450
0.000334763 -4312
0.000350563 -4177
0.000394855 -4045
0.000424126 -3915
0.000442292 -3786
0.000456126 -3659
0.000470186 -3536
0.000482877 -3415
0.000494299 -3299
0.000508512 -3185
0.000522273 -3071
0.00053491 -2961
0.000549523 -2857
0.000563909 -2755
0.000581731 -2654
0.000596008 -2554
0.000711569 -2456
0.000727143 -2359
0.000738946 -2267
0.000752026 -2176
0.000767981 -2089
0.000780155 -2003
0.000790653 -1918
0.000804359 -1835
0.000817095 -1758
0.000829968 -1682
0.000841516 -1607
0.000854815 -1534
0.000866046 -1461
0.000878248 -1389
0.000889307 -1318
0.00090179 -1248
0.000914372 -1179
0.000937234 -1111
0.000950768 -1046
0.000963804 -984
0.000976277 -924
0.00099011 -864
0.00100286 -804
0.00101303 -747
0.00102445 -691
0.00103494 -639
0.00105228 -588
0.00106455 -538
0.00108288 -489
0.00109284 -440
0.00110259 -392
0.00111412 -345
0.00112524 -299
0.00113571 -253
0.00114724 -210
0.00115981 -167
0.00116981 -128
0.00117989 -90
0.00119119 -52
0.00120243 -14
0.0012132 22
0.00122507 57
0.00123646 92
0.00124805 126
0.00125879 157
0.00127051 187
0.00128138 214
0.00129149 241
0.0013018 267
0.00131449 292
0.00132934 316
0.00134136 340
0.0013526 363
0.0013632 385
0.00137457 407
0.00138591 428
0.00139835 449
0.00140979 469
0.00141981 494
0.0014332 514
0.00144337 535
0.00145465 554
0.00146635 573
0.00147684 592
0.00148762 611
0.00149643 629
0.00150719 646
0.00151739 662
0.00152763 678
0.00153852 695
0.00154824 718
0.00155904 738
0.00156858 757
0.00157829 772
0.00158912 790
0.00160057 805
0.00161194 820
0.00162194 835
0.00163386 849
0.00164675 869
0.00165766 886
0.00168039 902
0.00169836 915
0.00170827 935
0.00172111 947
0.00172901 958
0.00173411 969
0.00174098 979
0.00174959 989
0.00175706 998
0.00176617 1021
0.00178167 1029
0.00178801 1043
0.00179482 1051
0.00179751 1059
0.00180101 1066
0.00180485 1075
0.00181133 1081
0.00181401 1087
0.00181935 1103
0.00182967 1108
0.00183249 1111
0.00183615 1113
0.00184189 1116
0.00184513 1118
0.00184981 1130
0.00186025 1132
0.00186418 1139
0.00187024 1140
0.00187283 1141
0.00187743 1143
0.00188192 1149
0.00190224 1161
0.00191339 1162
0.00192931 1168
0.00193713 1169
0.00193922 1170
0.00194415 1171
0.00194756 1172
0.00206767 1173
0.00245202 1175
0.00246465 1176
0.00275663 1178
0.00276977 1179
0.00277325 1181
0.00286327 1185
0.00314446 1187
0.00345917 1188
2 1188
