0 -12770
4.5e-08 -12470
3.0857e-05 -12172
5.8496e-05 -11889
0.000107973 -11626
0.000147651 -11367
0.000185534 -11120
0.000249071 -10874
0.000298973 -10630
0.000337563 -10400
0.000374494 -10173
0.000406865 -9949
0.000440234 -9725
0.000470565 -9508
0.000497262 -9293
0.000523179 -9088
0.000549685 -8885
0.0005764 -8683
0.000604238 -8485
0.00063195 -8297
0.000656861 -8113
0.000688317 -7931
0.000712529 -7750
0.000743305 -7571
0.000774045 -7398
0.000803832 -7226
0.000831988 -7057
0.000854932 -6893
0.000876153 -6731
0.000900239 -6574
0.000928349 -6418
0.000958853 -6265
0.000987753 -6113
0.00101696 -5963
0.0010408 -5816
0.00106429 -5671
0.0010884 -5528
0.00111813 -5386
0.00114994 -5245
0.00117757 -5107
0.00120286 -4973
0.00123021 -4840
0.00125304 -4710
0.00128099 -4580
0.00130771 -4451
0.00133465 -4328
0.00136028 -4210
0.00138822 -4092
0.00145994 -3975
0.00152305 -3860
0.00156887 -3747
0.00160734 -3635
0.00164182 -3524
0.00167032 -3416
0.00169705 -3311
0.00172149 -3206
0.00174467 -3102
0.00176639 -3007
0.00179163 -2915
0.0018132 -2825
0.00183649 -2736
0.00186294 -2647
0.00188598 -2559
0.00190609 -2472
0.00192825 -2385
0.00195485 -2300
0.00197559 -2217
0.00200779 -2134
0.00206511 -2053
0.0021069 -1975
0.00213674 -1898
0.00216299 -1822
0.00218658 -1749
0.00221138 -1679
0.00224546 -1609
0.00226848 -1540
0.00228998 -1471
0.00231138 -1403
0.00233141 -1336
0.00235449 -1269
0.00237777 -1204
0.00240103 -1139
0.00242187 -1077
0.00244433 -1016
0.00246335 -956
0.00248606 -897
0.0025141 -838
0.00254055 -782
0.00256277 -727
0.00258478 -675
0.00260617 -623
0.00262929 -572
0.0026497 -521
0.00266898 -473
0.00269026 -425
0.00271303 -381
0.00273579 -338
0.00275592 -296
0.0027786 -254
0.00280072 -215
0.0028208 -178
0.00284348 -141
0.00286047 -105
0.00293724 -69
0.00297976 -35
0.00300764 -2
0.00302965 30
0.00304829 61
0.00306754 92
0.00309016 121
0.00311148 149
0.00313009 177
0.00314993 203
0.00316929 229
0.00319116 254
0.00321674 276
0.00324578 302
0.00327044 327
0.00329303 352
0.0033163 374
0.00333393 395
0.00335281 416
0.00336953 437
0.00338526 458
0.00340143 479
0.00341851 498
0.00343526 517
0.00345432 536
0.00347513 555
0.00349809 575
0.00351925 593
0.00353805 611
0.00355757 629
0.00357847 647
0.00360353 664
0.00363802 680
0.00365705 697
0.00367783 716
0.00370102 733
0.00371966 749
0.00373898 765
0.00375711 782
0.00377983 798
0.00380058 813
0.00381914 828
0.0038374 843
0.00385576 861
0.00387267 880
0.00389057 895
0.00390925 910
0.00392865 929
0.00394771 944
0.00396749 958
0.00398666 974
0.0040041 988
0.00402223 1003
0.00404303 1025
0.00406062 1040
0.00408157 1054
0.00410039 1073
0.00411726 1087
0.00413831 1105
0.00415725 1120
0.00417782 1142
0.00420034 1158
0.0042191 1172
0.00424119 1186
0.00426115 1207
0.00428043 1222
0.00431646 1236
0.00434207 1252
0.00437746 1265
0.00438361 1277
0.00439294 1289
0.00440803 1300
0.00441189 1310
0.00441682 1319
0.00442364 1328
0.00443242 1338
0.00444646 1346
0.00444991 1354
0.00445758 1361
0.00446784 1375
0.00449006 1384
0.00449632 1391
0.00450199 1397
0.0045133 1408
0.00452952 1415
0.00453478 1421
0.00454153 1429
0.00455078 1438
0.00455413 1442
0.00456009 1452
0.00457513 1456
0.00457998 1461
0.00458726 1464
0.00459039 1466
0.00459707 1468
0.00460344 1477
0.00461859 1478
0.0046269 1479
0.00464848 1486
0.00467882 1492
0.0046988 1493
0.00470152 1494
0.00470655 1495
0.00473197 1499
0.00473464 1501
0.00483051 1503
0.00484122 1505
0.00484701 1506
0.00485495 1509
0.00487109 1514
0.004883 1516
0.00496485 1517
0.00497239 1520
0.00497837 1522
0.00498564 1524
0.0049922 1526
0.00676361 1527
0.00676658 1531
0.00677198 1532
0.0067933 1533
0.00727267 1534
0.008398 1537
0.00852384 1539
0.00853004 1541
0.00853229 1544
0.00853899 1545
0.00934856 1547
0.0103808 1548
2 1548
