0 -19752
4.7e-08 -19499
5.763e-06 -19250
1.1047e-05 -19002
1.7873e-05 -18758
2.5602e-05 -18517
3.553e-05 -18279
4.8656e-05 -18044
6.133e-05 -17810
8.932e-05 -17579
0.000102737 -17351
0.000112853 -17123
0.000122622 -16896
0.000135306 -16669
0.000144059 -16448
0.000152812 -16228
0.00016228 -16008
0.000171541 -15789
0.000180793 -15571
0.000189744 -15357
0.000198657 -15148
0.000207382 -14940
0.000216418 -14733
0.000226083 -14529
0.000236632 -14329
0.000245658 -14131
0.000254863 -13935
0.000264256 -13741
0.000273113 -13548
0.000282045 -13356
0.000291043 -13164
0.000300163 -12974
0.000309377 -12785
0.000318863 -12596
0.00032819 -12408
0.000337245 -12221
0.000346384 -12034
0.000355663 -11851
0.000364548 -11670
0.000374148 -11490
0.000384105 -11311
0.000393789 -11132
0.0004029 -10953
0.000411935 -10775
0.000421713 -10597
0.000430674 -10419
0.000439954 -10242
0.00044913 -10066
0.000458006 -9891
0.000467408 -9717
0.000476236 -9548
0.000486551 -9381
0.000498632 -9216
0.000510206 -9051
0.000521103 -8887
0.000531314 -8723
0.000542305 -8561
0.000552093 -8399
0.000563939 -8239
0.000574677 -8083
0.000584446 -7929
0.000593848 -7775
0.000603222 -7623
0.000613366 -7471
0.000623408 -7320
0.000633308 -7171
0.000645099 -7024
0.000655779 -6878
0.000666489 -6732
0.000676173 -6586
0.000686797 -6441
0.000696547 -6296
0.000707125 -6152
0.000718924 -6009
0.00072969 -5866
0.000739364 -5724
0.000749857 -5582
0.000759842 -5444
0.000771548 -5307
0.000783714 -5171
0.000793897 -5035
0.000804042 -4900
0.000815174 -4765
0.000828534 -4632
0.000840616 -4499
0.000853055 -4372
0.000865644 -4245
0.000876824 -4123
0.000887787 -4002
0.000901232 -3882
0.00091478 -3764
0.000928385 -3648
0.000941435 -3532
0.000952727 -3418
0.000966482 -3305
0.000977821 -3193
0.00099279 -3081
0.00100584 -2970
0.00101943 -2861
0.00103356 -2754
0.00104806 -2649
0.00106184 -2545
0.00107922 -2446
0.00109421 -2348
0.00110863 -2251
0.0011235 -2155
0.00113789 -2060
0.0011522 -1966
0.00116766 -1872
0.00118273 -1778
0.00119871 -1685
0.00121792 -1595
0.00123049 -1506
0.00124648 -1418
0.00126071 -1331
0.00127362 -1248
0.00128837 -1168
0.00130872 -1089
0.00133011 -1012
0.0013514 -937
0.00137796 -863
0.00141274 -794
0.00144281 -728
0.00146895 -664
0.00149768 -604
0.00152525 -546
0.00156174 -490
0.00158846 -435
0.00161889 -381
0.00165444 -330
0.00168496 -283
0.00171897 -237
0.0017496 -191
0.00178084 -148
0.00181932 -112
0.00185448 -76
0.00188968 -45
0.00192354 -17
0.00197546 9
0.00202324 31
0.00206703 51
0.00210542 71
0.00214158 90
0.0021761 111
0.00221114 129
0.0022475 143
0.00228541 157
0.00232396 172
0.00235954 184
0.00242161 193
0.00246127 207
0.00249687 220
0.00253148 229
0.00256845 238
0.00260206 250
0.00263549 263
0.00266503 275
0.00269945 285
0.00273108 295
0.00277175 303
0.00280892 311
0.00284596 327
0.00288356 334
0.00291999 342
0.00296035 349
0.00299782 356
0.00303177 361
0.00306636 369
0.00310002 376
0.00313471 381
0.00317056 385
0.00320602 387
0.00324137 396
0.00327393 401
0.00330608 409
0.00335257 417
0.00341602 419
0.00345483 420
0.003494 427
0.00353008 431
0.00356343 432
0.00359739 433
0.00363364 436
0.00366561 437
0.0037293 440
0.00376688 442
0.00380199 443
0.00388477 445
0.00392435 448
0.00396049 452
0.00401374 455
0.00406192 457
0.00410329 459
2 459
