0 -8251
9.6e-08 -8080
1.2768e-05 -7860
1.3419e-05 -7635
0.000423982 -7544
0.000425229 -7262
0.000425583 -7108
0.000435485 -7018
0.000437133 -6866
0.000438763 -6818
0.000439338 -6528
0.000441868 -6496
0.000442376 -6305
0.000442789 -6090
0.000445405 -5933
0.000445913 -5801
0.00044623 -5628
0.000446757 -5454
0.000473298 -5328
0.000479375 -5323
0.000491386 -5216
0.000496274 -5147
0.000497213 -5000
0.000531854 -4858
0.000535065 -4712
0.000547009 -4570
0.000547977 -4457
0.000554638 -4352
0.000556268 -4196
0.000556479 -3944
0.000562297 -3811
0.000574758 -3744
0.000575064 -3630
0.000576732 -3485
0.000577202 -3356
0.000577509 -3256
0.000578228 -3204
0.000580298 -2989
0.000584554 -2884
0.000588934 -2806
0.000589557 -2712
0.000590554 -2633
0.000592922 -2569
0.000600935 -2502
0.000602881 -2320
0.000606552 -2269
0.000609897 -2257
0.00061699 -2202
0.000617652 -2050
0.000619415 -2033
0.000619789 -1802
0.000625157 -1667
0.000625588 -1477
0.000625924 -1350
0.000628454 -1273
0.00063202 -1248
0.000656778 -1099
0.000660756 -1035
0.000664216 -975
0.000665654 -877
0.000672249 -763
0.000678029 -723
0.000681134 -657
0.00068146 -592
0.000685036 -553
0.00068864 -542
0.000692694 -454
0.000695263 -378
0.000695685 -339
0.000698186 -266
0.000717405 -241
0.000718421 -190
0.000718584 -171
0.000721728 -158
0.000722303 -150
0.000722399 -123
0.000785258 -81
0.000787568 -80
0.000791719 -58
0.000800183 -51
0.000801362 -47
0.000801467 7
0.000804611 18
0.000807649 19
0.000807812 62
0.000813286 82
0.000817378 97
0.000820283 123
0.000823695 132
0.000859122 146
0.00086586 153
0.000871334 173
0.00087257 189
0.000875148 204
0.000892871 214
0.000899869 232
0.000913518 236
0.000914592 237
0.000918541 247
0.000923669 261
0.000972323 262
0.000981985 308
0.000987631 319
0.00100095 339
0.00101091 341
0.00103457 350
0.00106538 352
0.00107122 365
0.00112455 368
0.00115983 376
0.00116226 378
0.00122288 381
0.00123445 388
0.00128903 394
0.00132725 417
2 417
