0 -7838
3.74e-07 -7591
0.000486459 -7355
0.000487417 -7200
0.000493197 -7099
0.00049614 -6936
0.00049682 -6744
0.000498086 -6592
0.00049938 -6496
0.000521723 -6465
0.000522087 -6202
0.000523352 -6033
0.000530925 -5848
0.000532056 -5723
0.000532257 -5541
0.000547766 -5383
0.000548571 -5200
0.000550421 -5107
0.000552913 -4951
0.000553268 -4785
0.000556862 -4679
0.000559057 -4544
0.00055922 -4432
0.000560437 -4309
0.000565882 -4270
0.000567617 -4224
0.000569457 -4186
0.000573167 -4039
0.000574346 -3880
0.000575946 -3763
0.000590669 -3710
0.000591024 -3584
0.00059366 -3494
0.000621505 -3418
0.000622569 -3274
0.000623729 -3106
0.000624917 -3057
0.00062877 -2998
0.000629067 -2763
0.000630505 -2631
0.000630649 -2437
0.000632096 -2308
0.000632461 -2227
0.000633831 -2176
0.000645084 -2005
0.000648056 -1938
0.000649906 -1817
0.000656069 -1693
0.00065743 -1569
0.000658973 -1509
0.000666699 -1329
0.000669105 -1283
0.000676974 -1168
0.000677971 -1090
0.000679332 -1070
0.000686579 -1040
0.000696682 -996
0.000698043 -968
0.000698186 -921
0.000700564 -828
0.000702011 -720
0.000703008 -626
0.00070712 -588
0.000710657 -573
0.000711261 -528
0.00072074 -405
0.000747263 -336
0.000747378 -330
0.000749113 -317
0.000755036 -295
0.0007896 -289
0.000789725 -286
0.000792917 -273
0.00079377 -199
0.000796224 -133
0.00079839 -51
0.000885366 -50
0.00089038 -16
0.000895584 -12
0.000901326 1
0.000903272 13
0.000905342 44
0.000906186 45
0.000916528 51
0.000932219 54
0.000961109 66
0.000962115 133
0.00096939 145
0.00097033 151
0.000972218 152
0.000974164 159
0.000975985 161
0.000983586 164
0.000985724 185
0.00098788 204
0.00102621 243
0.00103134 246
0.00103289 250
0.00104228 253
0.00104475 255
0.00107192 266
0.00108141 270
0.00108274 280
0.00109841 287
0.00109849 291
0.00112699 298
0.0011415 309
0.00114934 311
0.00115037 319
0.00115747 327
0.00116607 337
0.00117609 341
0.00120665 344
0.00120943 350
0.00130245 377
2 377
