0 -3861
5.9e-07 -3697
1.2167e-05 -3692
0.000693271 -3589
0.000693687 -3515
0.000700205 -3473
0.0007027 -3423
0.000704344 -3405
0.000704635 -3361
0.000711279 -3215
0.000712894 -3159
0.000713068 -3145
0.000724102 -3001
0.000725137 -2966
0.000727139 -2890
0.000727748 -2881
0.000733164 -2834
0.000733773 -2754
0.000734566 -2624
0.000736771 -2606
0.000737777 -2489
0.000738193 -2425
0.000739528 -2347
0.000740224 -2262
0.000747603 -2247
0.000747971 -2183
0.000749934 -2165
0.000760939 -2117
0.000764392 -2050
0.000765901 -1997
0.000771926 -1926
0.000772081 -1847
0.000772255 -1787
0.000773434 -1720
0.000778899 -1688
0.000787593 -1669
0.000788222 -1640
0.000799343 -1573
0.000800272 -1570
0.000822583 -1558
0.000824594 -1536
0.000831364 -1530
0.000831596 -1480
0.000833356 -1409
0.000839672 -1341
0.00084001 -1291
0.000840329 -1276
0.000841296 -1189
0.000846045 -1124
0.00084824 -1081
0.000852118 -1068
0.000852283 -1014
0.000854275 -990
0.000856896 -985
0.000867611 -940
0.000868047 -817
0.000873849 -766
0.000876944 -739
0.000877708 -700
0.000877834 -679
0.000888627 -674
0.000891992 -672
0.000893656 -631
0.000893772 -619
0.000894555 -589
0.000896634 -584
0.00089881 -573
0.000900348 -564
0.000902814 -549
0.000903404 -472
0.000917301 -458
0.000917862 -372
0.000918007 -345
0.000919119 -296
0.000919516 -287
0.000920135 -255
0.000921769 -221
0.000923104 -138
0.000923559 -136
0.000923916 -116
0.000924013 -106
0.000924806 -68
0.000924932 -54
0.000926402 -36
0.000927369 -27
0.000929197 -10
0.000930435 12
0.000930638 34
0.000931972 41
0.000932997 86
0.000945202 106
0.000946344 168
0.000948471 180
0.000949593 192
0.000955792 195
0.000965067 275
0.000970415 292
0.000972088 332
0.00098084 339
0.000982339 343
0.000983664 356
0.000985221 393
0.000988277 411
0.000988858 413
0.00099143 419
0.000991662 454
0.000992175 485
0.000992755 501
0.000994902 517
0.000997436 530
0.000997552 542
0.000998055 559
0.00100332 571
0.0010149 573
0.00102123 581
0.00102206 582
0.00102345 604
0.00102845 621
0.00102889 634
0.0010328 648
0.00103585 660
0.00103713 667
0.00103986 669
0.00105114 681
0.0010636 718
0.00106464 761
0.00106943 762
0.0010732 778
0.001079 822
0.00110685 853
0.00111171 895
0.00111363 896
0.00111418 909
0.00112127 916
0.00112372 941
0.00112441 966
0.0011261 1043
0.00112931 1044
0.00113199 1047
0.0011321 1052
0.00113221 1053
0.00113522 1054
0.00113793 1062
0.00113827 1068
0.00114792 1100
0.00115729 1104
0.0011593 1107
0.00115961 1109
0.00117236 1117
0.00119721 1120
0.0012098 1123
0.00121702 1126
0.00121751 1134
0.00121935 1136
0.0012202 1147
0.00122569 1153
0.00123787 1174
0.00124641 1178
0.00125349 1181
0.00127519 1184
0.00128946 1185
0.00129064 1223
0.0013232 1225
0.00133729 1229
0.00136291 1231
0.00138322 1248
0.00142134 1249
0.001432 1251
0.00148483 1253
0.00155184 1255
0.00163046 1259
2 1259
