0 -6
3.19e-07 11
1.175e-05 59
1.262e-05 70
0.000254001 89
0.000255287 91
0.000255393 119
0.000255461 127
0.000377084 132
0.00037752 139
0.000378013 165
0.000378496 210
0.000427751 220
0.000427925 243
0.000437035 251
0.000437093 258
0.000439879 265
0.000440778 295
0.000441484 314
0.000441639 320
0.000441677 328
0.000441755 330
0.000442712 335
0.000443322 340
0.000443409 346
0.00044365 349
0.000443747 353
0.000446262 365
0.000446581 369
0.000449792 377
0.000449859 378
0.000450053 380
0.000455923 387
0.000456155 408
0.000456378 418
0.000456706 429
0.000456774 433
0.000467199 455
0.00046982 465
0.000469898 466
0.00047012 467
0.000470255 474
0.000470381 484
0.000471696 507
0.000473215 512
0.000473592 516
0.000512218 528
0.000512402 532
0.000513359 535
0.000513476 544
0.000519713 547
0.0005198 548
0.000520187 551
0.000520381 553
0.00052069 570
0.000520961 572
0.000521541 585
0.000521609 587
0.000530613 592
0.000530738 593
0.000532324 608
0.000532469 633
0.00053363 636
0.000533746 642
0.000539355 647
0.000544191 649
0.000576241 659
0.00057979 660
0.000579993 661
0.000580312 677
0.000581067 689
0.000581724 691
0.000583687 695
0.000585506 697
0.000587034 700
0.000587227 705
0.000588301 714
0.000589664 734
0.000591183 737
0.000591405 741
0.000593649 755
0.000593919 761
0.00059596 764
0.000600351 767
0.000608755 768
0.000610235 774
0.000612826 785
0.000613523 786
0.000614973 802
0.000616511 814
0.000618445 816
0.000618716 821
0.000619354 823
0.000621414 829
0.000623455 831
0.000626201 837
0.000627468 840
0.000627739 844
0.000629654 847
0.000640689 851
0.000642565 856
0.000752312 859
0.000776432 860
2 860
