0 -59473
2.97e-07 -58753
0.000183969 -58749
0.000184582 -57809
0.000186384 -57372
0.000186557 -56623
0.000188886 -56395
0.000189557 -55759
0.00018995 -55041
0.000190439 -54246
0.000191943 -53483
0.000192912 -52575
0.000193966 -51717
0.000194215 -50864
0.000194359 -50284
0.000196976 -50024
0.000197858 -49173
0.000198452 -48249
0.000203915 -47891
0.000218753 -47486
0.000220459 -47134
0.000220843 -46436
0.000220967 -45873
0.000221648 -45836
0.000222079 -45110
0.000222309 -44448
0.000230083 -43783
0.000230802 -43706
0.000231607 -42938
0.000231732 -41956
0.000232403 -41306
0.000235537 -41221
0.000237703 -40569
0.000239026 -40153
0.00024032 -39397
0.00024125 -38703
0.000241892 -37993
0.000244116 -37904
0.000250547 -37289
0.000251123 -36513
0.000251247 -35661
0.00025141 -34959
0.000252129 -34798
0.000255589 -34041
0.00025719 -33336
0.00026182 -33274
0.00026598 -32580
0.000266909 -31955
0.00026782 -31292
0.000267964 -30598
0.000270533 -29976
0.00027082 -29275
0.000273197 -29271
0.000283664 -28684
0.000286089 -27950
0.00029231 -27384
0.000295032 -26820
0.000300323 -26232
0.000302346 -25544
0.000302969 -24950
0.000305499 -24224
0.000307388 -23538
0.000308835 -22922
0.0003145 -22251
0.000315871 -21664
0.000318114 -20983
0.000321497 -20426
0.000328408 -19849
0.00033667 -19595
0.00033784 -18960
0.000338559 -18408
0.000338865 -17856
0.000358362 -17406
0.000359387 -16828
0.000363202 -16302
0.00037204 -15726
0.000379545 -15347
0.000390712 -14832
0.000391546 -14308
0.000398562 -13789
0.000400105 -13072
0.000401764 -12614
0.00040439 -12051
0.000406595 -11555
0.000431497 -10988
0.000445395 -10456
0.000447792 -9889
0.000467087 -9352
0.000469406 -8993
0.000470758 -8521
0.000473729 -8023
0.00049475 -7482
0.000514332 -7033
0.000519614 -6719
0.000539934 -6253
0.000547679 -5731
0.000553948 -5257
0.000556593 -4737
0.000563265 -4410
0.000570521 -4073
0.000572419 -3761
0.000575936 -3514
0.000581381 -3081
0.000597024 -2810
0.000607472 -2522
0.000608804 -2293
0.000639218 -1957
0.000667763 -1670
0.000674539 -1469
0.000778529 -1252
0.000826609 -1039
0.000836548 -847
0.0008446 -661
0.000863147 -546
0.000890916 -448
0.000916297 -382
0.00096593 -256
0.00106214 -114
0.00106677 -110
0.00125302 1
0.00125427 8
0.00126389 35
0.00131978 41
0.00138759 49
0.00140104 54
0.00141536 55
0.00153371 78
0.00160847 99
0.00167622 105
0.00168474 108
0.00184737 120
0.00189031 127
2 127
