0 -2109
3.77e-07 -2052
1.0522e-05 -2043
0.000518737 -2012
0.000518892 -1992
0.000521155 -1975
0.000522161 -1930
0.000522257 -1898
0.00053335 -1880
0.000534124 -1858
0.000534994 -1835
0.000536145 -1826
0.000536706 -1767
0.000536812 -1711
0.000537547 -1699
0.000537654 -1597
0.00053777 -1578
0.000538021 -1533
0.000538379 -1494
0.000542557 -1483
0.000543118 -1395
0.000543273 -1366
0.000556793 -1352
0.000557847 -1304
0.000557963 -1249
0.000577373 -1247
0.000577469 -1234
0.000577547 -1129
0.000577682 -1102
0.000577769 -1063
0.000594829 -1025
0.000595458 -993
0.000595719 -912
0.000596512 -846
0.000603997 -831
0.000605119 -767
0.000608649 -744
0.000609384 -715
0.000632566 -703
0.000633639 -690
0.000646095 -676
0.000646347 -638
0.000646995 -610
0.000647372 -607
0.000653136 -596
0.000653861 -566
0.000657043 -560
0.000658213 -528
0.000658339 -517
0.000658465 -436
0.00068946 -428
0.000690128 -378
0.000693029 -344
0.000697246 -301
0.000700273 -290
0.000701346 -251
0.00070183 -237
0.000703532 -234
0.000703735 -204
0.000703803 -200
0.00070857 -158
0.000713532 -151
0.000713822 -120
0.000716143 -34
0.000717352 -25
0.000718087 -18
0.000718174 -12
0.000747893 2
0.00074799 5
0.000751771 9
0.000752332 72
0.000752825 76
0.000753193 78
0.000754924 109
0.000755553 112
0.000755707 123
0.000762332 145
0.00076299 209
0.000764063 210
0.000764537 238
0.000766133 251
0.00076622 252
0.000766307 266
0.000766403 268
0.000767129 272
0.000767738 325
0.000767941 336
0.000768889 337
0.000771732 359
0.000772545 380
0.000773028 401
0.000777109 423
0.000777332 425
0.000778637 439
0.000785581 444
0.000787728 469
0.000788241 487
0.000788802 520
0.000789111 524
0.000789904 536
0.000792641 543
0.000792738 550
0.000794034 552
0.000796055 554
0.000797041 559
0.000797747 573
0.000807418 614
0.000807892 655
0.000808163 672
0.000808743 683
0.000808821 689
0.000808985 693
0.00081002 707
0.000811345 729
0.000814565 733
0.000818028 734
0.000821567 745
0.000821819 750
0.000822283 758
0.000823298 763
0.000823937 777
0.000825378 796
0.000825639 801
0.000827109 808
0.000827592 832
0.000828028 836
0.000829449 847
0.000832776 883
0.00083383 921
0.000834691 924
0.000836074 941
0.00085617 957
0.000856422 983
0.000856751 984
0.000857689 985
0.000858172 1011
0.000859836 1013
0.000866557 1014
0.000870077 1032
0.000870522 1041
0.000870619 1052
0.000872592 1053
0.000872766 1074
0.000882273 1088
0.000893017 1093
0.000900918 1094
0.000901276 1095
0.000919409 1111
0.000920821 1116
0.000925657 1122
0.000926363 1125
0.000927523 1127
0.00092763 1143
0.000928046 1153
0.000933723 1170
0.000933829 1185
0.000939709 1186
0.000940077 1188
0.000945879 1189
0.000947552 1203
0.000948906 1205
0.000949612 1207
0.000950415 1217
0.000951392 1219
0.000953558 1238
0.000956846 1246
0.00095996 1248
0.000964196 1251
0.000965763 1258
0.00096937 1259
0.000970018 1262
0.000973587 1273
0.000978529 1284
0.000985492 1285
0.000985734 1289
0.000988732 1291
0.000989621 1292
0.000995376 1293
0.0010047 1294
0.00100567 1298
0.00100867 1305
0.00100952 1306
0.00101353 1314
0.00103312 1318
0.00103549 1320
0.00103834 1321
0.0010411 1322
0.00104346 1323
0.00104438 1328
0.00104522 1339
0.00104788 1341
0.00105168 1343
0.00105412 1346
0.00105773 1352
0.00105886 1358
0.00106019 1362
0.00106056 1367
0.00107458 1371
0.0010763 1373
0.00107726 1380
0.00107736 1395
0.00108753 1397
0.00108927 1402
0.00109232 1411
0.00109726 1412
0.00110111 1423
0.00110596 1435
0.00110993 1436
0.00112042 1446
0.00113213 1460
0.00113237 1467
0.00113978 1473
0.00114048 1478
0.00114257 1485
0.00116931 1486
0.00117665 1489
0.00118776 1492
0.00119358 1494
0.00119462 1504
0.00119695 1508
0.00127627 1533
0.00128067 1537
0.00139672 1540
0.00139773 1543
2 1543
