0 -9543
3.36e-07 -9301
5.46e-07 -9034
0.000380197 -8893
0.0003806 -8747
0.000381702 -8525
0.000381855 -8315
0.000382843 -8109
0.000418567 -8022
0.000419123 -7873
0.000420982 -7866
0.000421404 -7668
0.000422583 -7665
0.000423311 -7460
0.000436587 -7451
0.000440134 -7325
0.000440661 -7091
0.00044276 -6961
0.000454291 -6788
0.000456246 -6641
0.000459505 -6504
0.000459668 -6389
0.000463914 -6278
0.000464643 -6254
0.000466512 -6128
0.000475474 -6086
0.000476078 -5922
0.000478618 -5795
0.0004788 -5615
0.000479356 -5421
0.000480305 -5319
0.000482002 -5314
0.000484446 -5301
0.000489056 -5176
0.000493025 -4965
0.000494204 -4836
0.000530378 -4767
0.000531643 -4545
0.000531979 -4398
0.000536014 -4389
0.000543251 -4262
0.000544814 -4100
0.000546309 -3830
0.000547478 -3714
0.000548255 -3555
0.000549932 -3393
0.000550095 -3278
0.000552089 -3096
0.000555856 -2884
0.000559086 -2854
0.000561664 -2810
0.00056477 -2603
0.000565316 -2555
0.00056869 -2450
0.000569984 -2345
0.00057146 -2173
0.000572179 -2089
0.000575774 -2072
0.000578831 -1941
0.000580202 -1809
0.00058326 -1707
0.000596439 -1617
0.000596765 -1536
0.00059689 -1429
0.000612341 -1418
0.000616626 -1350
0.000618035 -1261
0.000619329 -1192
0.000640694 -1175
0.000641135 -1042
0.000642899 -1028
0.000644433 -909
0.000650375 -878
0.00065651 -860
0.000659587 -793
0.000660191 -717
0.000663459 -619
0.000667504 -528
0.000668396 -422
0.000670571 -396
0.000670677 -301
0.000676955 -296
0.000680598 -281
0.000680971 -212
0.00068147 -194
0.000691649 -175
0.000692684 -133
0.000698924 -119
0.000701973 -108
0.000757643 -65
0.000768465 -41
0.000769702 -22
0.000776315 13
0.00077691 45
0.000792131 57
0.000792792 66
0.000805972 67
0.000808531 83
0.000814158 99
0.000814541 110
0.000819276 111
0.000829475 119
0.000835859 156
0.000839118 162
0.000840229 185
0.000844706 200
0.000857742 201
0.000857838 241
0.000869771 247
0.000894779 252
0.00089637 257
0.000901786 259
0.000904661 278
0.000905974 292
0.000908371 307
0.000914639 314
0.000956987 319
0.000957073 330
0.00096038 338
0.000966706 340
0.000968556 342
0.000985992 345
0.000995586 347
0.000999957 353
0.00101985 354
0.00103151 364
0.00103213 365
0.00103752 370
0.00104034 386
0.00104267 393
0.00105774 394
0.00108255 395
0.00116225 398
0.00116287 422
0.00124802 432
0.00138634 433
0.00141144 435
2 435
