0 -22924
2.87e-07 -22436
1.0649e-05 -22346
0.000216002 -22019
0.000216625 -21475
0.000218255 -21460
0.000219501 -21029
0.000220153 -20406
0.000220747 -19908
0.000224543 -19854
0.000229201 -19537
0.000229757 -18975
0.000230236 -18590
0.000232556 -18405
0.000233064 -17938
0.000233792 -17419
0.000233898 -17042
0.000237444 -16956
0.000237598 -16478
0.000241154 -16183
0.000241547 -15733
0.000242112 -15405
0.000248525 -15314
0.000249397 -15305
0.000249531 -14720
0.000252004 -14507
0.000252407 -14178
0.000253298 -14152
0.000255158 -13689
0.000256519 -13642
0.000257583 -13073
0.000258915 -12703
0.000260085 -12180
0.000262232 -11915
0.000266842 -11609
0.000275939 -11230
0.000279408 -10866
0.000282073 -10457
0.000300496 -10015
0.000304081 -9572
0.000305356 -9429
0.000307397 -9064
0.000310033 -8690
0.000313302 -8266
0.000314692 -7975
0.000360787 -7745
0.000361975 -7441
0.00036995 -7020
0.00037342 -6606
0.000374599 -6330
0.000374983 -5927
0.00037689 -5662
0.000381913 -5284
0.000382095 -4960
0.00038336 -4482
0.000383705 -4337
0.000391824 -4098
0.000392964 -3815
0.000396904 -3463
0.000402454 -3423
0.000404917 -3201
0.000406154 -2982
0.00041317 -2701
0.000427759 -2530
0.00042796 -2248
0.000544679 -2102
0.000552223 -2094
0.000573655 -1937
0.00058209 -1763
0.000588014 -1583
0.000590755 -1374
0.000596008 -1307
0.000616865 -1206
0.000620268 -1073
0.000633371 -962
0.000647777 -758
0.000652455 -607
0.00065974 -554
0.000670763 -518
0.000730383 -488
0.000745221 -421
0.000750732 -327
0.000765848 -272
0.000768685 -206
0.000793501 -200
0.000797431 -141
0.000810227 -124
0.000836769 -3
0.000848856 34
0.000853073 41
0.000869301 57
0.000903444 63
0.000950008 68
0.000973799 85
0.000983384 88
0.000990899 90
0.00102645 92
0.00105666 95
0.0010607 101
0.00107527 103
0.00107741 107
0.00110933 115
0.0011332 119
2 119
