0 -58598
3.7e-07 -57913
2.0899e-05 -57672
2.2868e-05 -57105
2.5632e-05 -57039
2.6607e-05 -56925
2.7185e-05 -56789
2.9181e-05 -56549
0.000303447 -56318
0.000305596 -55794
0.000307565 -55060
0.0003077 -54308
0.000313761 -54291
0.000316533 -53481
0.00031731 -52796
0.000318701 -52079
0.000318846 -51278
0.00032179 -50333
0.000321962 -49766
0.000323542 -49023
0.000323804 -48275
0.00032459 -48248
0.000325195 -47572
0.000328356 -46759
0.000329078 -45812
0.000333477 -45735
0.000335337 -44976
0.000335527 -44338
0.000337072 -43812
0.000337252 -43050
0.000338038 -42164
0.00034166 -41438
0.000342147 -40515
0.000343629 -39702
0.000344893 -38994
0.000347033 -38266
0.000347593 -37637
0.000348867 -36783
0.000349626 -36175
0.000351594 -35464
0.000356941 -35430
0.000359705 -34823
0.000365377 -34599
0.000367219 -33943
0.00037505 -33891
0.000375781 -33133
0.000377064 -32468
0.000380776 -31513
0.00039398 -30887
0.000394359 -30217
0.000396708 -30137
0.000397358 -29444
0.000397891 -28760
0.000401558 -27855
0.000405279 -27201
0.000407166 -26498
0.000410752 -25873
0.000411863 -25227
0.000415132 -24701
0.000417255 -24210
0.000419964 -23575
0.000421012 -22993
0.000424146 -22388
0.000425239 -21829
0.000429881 -21139
0.000434496 -20603
0.000436781 -20048
0.000438398 -19363
0.000442345 -18609
0.000446355 -17941
0.000449796 -17069
0.000456895 -16609
0.000459225 -15990
0.000472502 -15358
0.000480404 -14790
0.000480937 -14231
0.000487729 -13691
0.000494214 -13251
0.000494738 -12835
0.000497041 -12203
0.000501394 -11729
0.000510624 -11253
0.000520424 -10665
0.000523404 -10168
0.000524858 -9673
0.000534477 -9042
0.000538731 -8639
0.000541413 -8110
0.000550282 -7797
0.000565465 -7354
0.000570857 -6938
0.00058715 -6446
0.000591991 -6057
0.000601077 -5596
0.000608356 -5113
0.000610587 -4742
0.000615997 -4336
0.000618535 -3884
0.000625887 -3616
0.000638459 -3336
0.000675164 -3121
0.000681495 -2948
0.000746387 -2659
0.000787518 -2245
0.000872172 -1880
0.000935032 -1609
0.00100787 -1330
0.0010303 -1179
0.00106092 -906
0.00106194 -758
0.00107781 -614
0.00108042 -433
0.00114529 -336
0.00116928 -278
0.00117848 -186
0.00118112 -169
0.0011963 -20
0.00125128 36
0.00125536 97
0.00128621 104
0.00130243 124
0.00131902 134
0.00132985 146
0.00133347 148
0.0013676 171
2 171
