0 -450
1.35e-07 -413
5.41e-06 -390
5.581e-06 -334
0.000450997 -320
0.000451665 -317
0.0004519 -300
0.000452026 -299
0.000452325 -292
0.000509694 -284
0.000509883 -271
0.000517831 -237
0.000518021 -236
0.000518265 -233
0.00051878 -204
0.000520405 -140
0.000520758 -102
0.00052101 -66
0.000544583 -42
0.000548756 -36
0.000548945 15
0.000559151 26
0.000559242 27
0.000565221 52
0.000566322 64
0.000566422 76
0.000566675 106
0.000566837 112
0.000568472 120
0.000570305 140
0.000570396 187
0.000570992 193
0.000571769 214
0.000573593 255
0.000574478 286
0.000576284 289
0.000577133 300
0.000577224 322
0.000577305 367
0.000577404 391
0.000577576 401
0.000578786 461
0.000581577 488
0.000582345 516
0.000583239 530
0.000583717 570
0.000584006 616
0.00058602 638
0.000589371 639
0.000590798 649
0.00059386 654
0.00059395 676
0.00059535 677
0.000595666 684
0.000596515 686
0.000597698 729
0.000598204 769
0.000598647 780
0.000600796 783
0.000601167 810
0.000603027 814
0.000603253 815
0.000603587 818
0.000603813 848
0.000603894 851
0.000604093 853
0.000604707 856
0.000605999 872
0.000607146 877
0.000614795 881
0.000615861 884
0.000616159 887
0.000616502 901
0.000616755 905
0.000617089 906
0.000617153 927
0.000617397 940
0.000627873 941
0.000628189 942
0.000631369 945
0.000631558 949
0.000635108 963
0.000635749 976
0.000639235 982
0.000639325 986
0.000639542 994
0.000640238 998
0.000640662 1009
0.00064152 1015
0.000642279 1042
0.000642459 1069
0.000642658 1071
0.000645079 1081
0.00064628 1100
0.000655402 1109
0.000655592 1115
0.000664551 1121
0.000664759 1132
0.000665319 1133
0.000666592 1134
0.000667116 1140
0.000670422 1152
0.000670503 1165
0.000671912 1170
0.000674097 1182
0.000674414 1192
0.000676455 1194
0.000676843 1200
0.000677439 1203
0.000680682 1204
0.000690887 1207
0.000691483 1210
0.000691673 1220
0.000691863 1222
0.000691935 1230
0.000693344 1234
0.000696568 1237
0.000697878 1239
0.000698077 1247
0.000698338 1260
0.000704363 1264
0.000706178 1275
0.00070625 1281
0.000708806 1338
0.000708906 1359
0.000709709 1365
0.00071036 1374
0.000715896 1393
0.000727402 1398
0.000727854 1412
0.000728233 1419
0.000728558 1425
0.000730925 1427
0.000732225 1468
0.000774945 1471
0.000775126 1487
0.000777004 1490
0.000784871 1494
0.000785774 1501
0.000797868 1502
0.000801905 1504
0.000806556 1511
0.000806818 1519
0.000812707 1533
0.000816175 1535
0.000818081 1540
0.000820537 1541
0.000871151 1551
0.000878728 1557
0.000882422 1559
0.000893034 1568
0.000896313 1574
0.000920473 1576
0.000923625 1588
0.000933731 1591
0.000949284 1594
2 1594
