0 -714
1e-07 -640
9.565e-06 -601
0.000514273 -561
0.000514589 -550
0.000517597 -543
0.000517985 -535
0.000520126 -510
0.000520559 -501
0.000520975 -468
0.000521851 -364
0.000523233 -326
0.000531163 -315
0.000531244 -305
0.000531741 -285
0.000544349 -226
0.000544457 -217
0.00054546 -194
0.000554789 -166
0.000555638 -148
0.000556189 -73
0.000556289 -64
0.000556469 6
0.000556659 15
0.000557634 87
0.000557914 122
0.000558014 137
0.000563017 144
0.000566874 189
0.000567497 201
0.000569692 211
0.000570694 240
0.000572392 271
0.000575219 315
0.000576023 316
0.00057866 347
0.00057913 367
0.000581261 368
0.000582688 418
0.000583167 458
0.000585849 474
0.000586328 499
0.000586527 505
0.000586626 555
0.000589498 560
0.000591052 579
0.00059116 597
0.000591539 638
0.000592081 641
0.00059219 682
0.000593635 687
0.000607399 688
0.00060758 714
0.000608058 729
0.000615555 788
0.000615654 801
0.000616954 825
0.000617207 832
0.000623358 834
0.000624893 846
0.000626104 850
0.000626492 864
0.00062679 866
0.000627693 875
0.000628145 885
0.00062865 889
0.000628813 899
0.00062912 935
0.000631234 947
0.00063891 1002
0.000639759 1036
0.000640753 1061
0.000642117 1069
0.00064432 1079
0.000645829 1083
0.000646082 1096
0.000647265 1112
0.000647346 1114
0.000653081 1152
0.000653533 1156
0.000654102 1166
0.000654174 1193
0.000656775 1195
0.000662826 1200
0.000662989 1203
0.00066307 1204
0.000664217 1230
0.000665581 1237
0.000666042 1240
0.0006669 1241
0.000667225 1250
0.00066792 1258
0.000669311 1263
0.000670485 1272
0.000678677 1289
0.000678939 1290
0.00067912 1304
0.000681242 1305
0.000686616 1311
0.000687393 1317
0.000688214 1329
0.000689136 1330
0.000690012 1333
0.000690084 1341
0.000697084 1348
0.00069852 1369
0.000698845 1384
0.000699495 1398
0.000710721 1423
0.000710812 1433
0.000711525 1440
0.000712844 1446
0.000712934 1460
0.000713241 1464
0.000716131 1467
0.000721415 1468
0.000722192 1479
0.000722282 1487
0.000723366 1488
0.000727195 1493
0.000729869 1496
0.00073079 1502
0.000731277 1509
0.000738729 1514
0.00073881 1516
0.00073956 1525
0.000739894 1544
0.000762319 1545
0.000764135 1566
0.000768642 1568
0.000772941 1581
0.000773979 1593
0.000775641 1598
0.000776309 1606
0.000788385 1611
0.000788909 1617
0.000789694 1626
0.000791862 1630
0.000792386 1636
0.000793298 1659
0.000793966 1663
0.000803703 1676
0.000805364 1691
0.000808101 1701
0.000813836 1706
0.000822579 1707
0.00083301 1708
0.000846188 1709
0.000854027 1711
0.000983668 1714
2 1714
