0 -11772
7.6e-08 -11482
0.000334991 -11475
0.00034783 -11237
0.000349863 -11036
0.00035007 -10703
0.000354457 -10683
0.000357996 -10413
0.000358919 -10355
0.000361743 -10175
0.000362609 -9999
0.000407772 -9936
0.000408281 -9674
0.000409702 -9372
0.000422955 -9287
0.000423765 -9051
0.000425723 -8862
0.000428716 -8533
0.000428867 -8311
0.000430119 -8003
0.000430759 -7806
0.000430928 -7676
0.000431775 -7361
0.000435541 -7214
0.000438628 -6979
0.000440727 -6914
0.000442525 -6713
0.000456391 -6682
0.000457558 -6550
0.000460636 -6291
0.000460993 -6133
0.000461521 -5927
0.00046313 -5695
0.000468232 -5577
0.00046859 -5439
0.00046875 -5263
0.000476045 -5100
0.000476845 -4944
0.00048126 -4698
0.00048238 -4565
0.000484422 -4233
0.000486126 -4085
0.000488771 -3876
0.000491002 -3645
0.000491765 -3446
0.000493553 -3422
0.000498024 -3307
0.00049858 -3186
0.000500312 -2951
0.000501968 -2848
0.000502919 -2670
0.000503569 -2489
0.000505461 -2400
0.000513546 -2347
0.00051654 -2163
0.000517613 -1958
0.000526263 -1923
0.000533163 -1889
0.000535846 -1780
0.000553053 -1755
0.000561873 -1666
0.000570523 -1587
0.000573055 -1563
0.000575277 -1456
0.000579334 -1369
0.000581772 -1264
0.000588596 -1142
0.000590225 -1117
0.000591138 -1015
0.000593152 -923
0.000593406 -787
0.000602085 -737
0.000604297 -661
0.000605116 -545
0.000605295 -461
0.0006065 -383
0.000646524 -277
0.000646919 -253
0.000649395 -249
0.000662818 -233
0.000663016 -167
0.000666602 -135
0.000675639 -126
0.000679696 -124
0.000680995 -24
0.00068155 29
0.000683884 34
0.000684845 38
0.000687235 45
0.000702051 50
0.000711982 134
0.000714674 139
0.000716058 144
0.000750594 161
0.000751376 183
0.000761081 186
0.000784519 204
0.000786562 211
0.000788171 213
0.000791729 226
0.000796473 231
0.00081225 255
0.000815761 257
0.000839679 263
0.000843943 275
0.00085138 281
0.000879082 284
0.00095817 296
0.000986099 297
0.00100015 306
0.00100641 309
0.00104127 312
0.00104271 317
0.00109202 336
0.00133735 343
0.00153756 354
2 354
