0 -8960
2.91e-07 -8654
8.829e-06 -8649
9.394e-06 -8600
0.000370251 -8540
0.000416187 -8460
0.000416855 -8323
0.000426645 -8215
0.000428396 -8147
0.00042865 -7882
0.000428753 -7710
0.000430288 -7597
0.000430947 -7508
0.00043137 -7325
0.00043233 -7125
0.000434373 -6872
0.000434731 -6600
0.00043699 -6453
0.000437122 -6280
0.000437442 -6056
0.000444021 -5959
0.000445847 -5845
0.000447184 -5712
0.000448229 -5531
0.000450808 -5467
0.000456748 -5294
0.000462292 -5152
0.000463808 -4953
0.000465182 -4918
0.000466631 -4697
0.000469032 -4566
0.00048301 -4497
0.000483914 -4455
0.000485194 -4308
0.000486804 -4197
0.000488498 -4052
0.000494795 -4031
0.000496377 -3898
0.00049681 -3720
0.000501431 -3697
0.000505215 -3532
0.000505846 -3425
0.000510233 -3404
0.000510487 -3315
0.000515146 -3276
0.000515532 -3201
0.000515843 -3050
0.000522112 -2953
0.00052342 -2781
0.000528739 -2770
0.000532014 -2582
0.000534113 -2396
0.000535121 -2272
0.000536561 -2242
0.000538406 -2170
0.000552977 -2120
0.000553344 -2015
0.000553476 -1932
0.000554248 -1826
0.000557034 -1691
0.000557156 -1596
0.00058597 -1546
0.000588511 -1478
0.000589641 -1333
0.000590413 -1206
0.000590648 -1062
0.000591345 -1042
0.000592173 -915
0.000592324 -874
0.000595289 -863
0.00059639 -816
0.000597162 -707
0.00059896 -668
0.000613089 -581
0.000614548 -497
0.00061611 -443
0.000619038 -400
0.000619471 -369
0.000623678 -360
0.000626728 -335
0.000659269 -327
0.000659617 -300
0.000660097 -258
0.000662243 -221
0.000662328 -179
0.000664691 -77
0.000665519 -53
0.000667788 -15
0.000679883 0
0.000681644 26
0.000684148 40
0.000742678 148
0.0007529 151
0.000754613 153
0.000758783 171
0.000762163 186
0.000762445 210
0.000772894 215
0.000807693 236
0.00081224 253
0.000834379 258
0.000841006 284
0.000844884 296
0.000851624 336
0.000857827 359
0.000858853 380
0.000882649 382
0.000888758 388
0.000896552 389
0.0009237 396
0.000962792 405
0.000986804 406
0.00100723 407
0.00103416 416
0.0012364 421
2 421
