0 -6204
8.5e-08 -6063
7.936e-06 -5937
0.000540781 -5924
0.000541195 -5850
0.000542588 -5778
0.000542899 -5698
0.00054303 -5587
0.000554712 -5568
0.000565208 -5379
0.000573425 -5326
0.000574272 -5236
0.000578085 -5171
0.000579694 -5129
0.000581586 -5020
0.000584514 -4984
0.000585794 -4828
0.000586105 -4761
0.000586378 -4621
0.000601815 -4614
0.000604206 -4584
0.000613675 -4459
0.000617902 -4314
0.000618457 -4215
0.000619107 -4081
0.000619521 -3949
0.000621959 -3896
0.000623239 -3782
0.000625912 -3707
0.000626374 -3677
0.000628153 -3617
0.000634187 -3532
0.000637434 -3520
0.000638761 -3406
0.000639853 -3309
0.000640559 -3249
0.000641717 -3186
0.000651883 -3152
0.000659508 -3125
0.000660129 -3026
0.000665993 -3005
0.000666116 -2909
0.000666332 -2851
0.000669297 -2802
0.00067006 -2744
0.000671105 -2623
0.000674154 -2569
0.000691098 -2533
0.000694308 -2476
0.000695146 -2435
0.000695626 -2372
0.000698421 -2303
0.000699316 -2275
0.00070004 -2184
0.000700426 -2131
0.000701048 -2081
0.000704257 -2050
0.0007047 -2015
0.000706789 -1971
0.000708898 -1930
0.000711242 -1830
0.000713162 -1803
0.000714678 -1757
0.000718509 -1623
0.000718669 -1539
0.000718895 -1518
0.000720758 -1516
0.000724674 -1504
0.000725107 -1399
0.000730219 -1337
0.000734643 -1273
0.000735612 -1164
0.000735961 -1034
0.000736403 -1003
0.000736507 -925
0.00073757 -854
0.000738295 -778
0.000739048 -770
0.00073966 -769
0.000743124 -735
0.000746757 -685
0.000747454 -639
0.000751859 -595
0.000752499 -571
0.000753017 -516
0.000753149 -453
0.000753939 -443
0.000754344 -438
0.000754966 -437
0.000757526 -384
0.000762863 -354
0.00076372 -295
0.000763833 -284
0.000766327 -248
0.000767278 -246
0.000768464 -206
0.000768746 -198
0.000769 -165
0.000771015 -101
0.000771128 -95
0.000771438 -91
0.00077462 -39
0.000777585 -24
0.000778376 6
0.000778489 11
0.000779035 74
0.000779675 108
0.000780908 109
0.000784127 111
0.000784617 165
0.000788382 189
0.000789295 195
0.000791102 251
0.000793051 276
0.00079403 290
0.000802596 293
0.000803951 332
0.00080461 333
0.000812526 341
0.0008208 347
0.000820979 358
0.000821666 365
0.00082466 410
0.000827879 412
0.000829225 418
0.000829762 423
0.000831946 440
0.000834412 465
0.000838196 470
0.000839702 482
0.000843797 483
0.00084423 497
0.000844719 503
0.000845265 506
0.000846112 515
0.000848004 523
0.000854104 541
0.000854462 564
0.00085513 575
0.000856335 625
0.000858547 638
0.000860109 653
0.000860345 691
0.000861672 699
0.000861766 714
0.000862256 725
0.000864119 740
0.000864326 744
0.000864684 745
0.000866689 761
0.000866868 762
0.000868543 774
0.000869146 780
0.00087437 796
0.000876648 807
0.000876846 808
0.000883538 812
0.000883746 815
0.00088511 828
0.000885675 831
0.000886391 835
0.000890401 837
0.000893676 841
0.000896303 845
0.000896397 847
0.00090196 857
0.00090677 863
0.000908803 865
0.00090933 878
0.000909952 880
0.000910733 883
0.000912455 888
0.00091527 893
0.000916183 909
0.000920946 920
0.00092136 922
0.000925295 945
0.00092601 947
0.000930679 958
0.000930896 962
0.000942097 967
0.00094606 976
0.000951011 986
0.0009528 987
0.000961093 989
0.00097349 998
0.000979345 1005
0.000980738 1013
0.000982178 1040
0.000982507 1042
0.000984823 1055
0.00099321 1056
0.000997954 1058
0.000999253 1063
0.0010019 1067
0.00101533 1069
0.00101694 1077
0.00102157 1082
0.00102267 1091
0.0010236 1094
0.00102495 1122
0.00103743 1131
0.00104396 1135
0.00104905 1147
0.00105858 1150
0.00105879 1169
0.00110338 1171
0.00116725 1197
0.00119038 1209
0.00120594 1222
0.00129852 1223
0.00130829 1244
0.0013365 1251
0.00141204 1258
0.00141567 1264
2 1264
