0 -61406
2.07e-07 -60631
7.069e-06 -60629
8.678e-06 -60451
0.000153959 -60305
0.000154147 -59481
0.000154853 -59394
0.00015651 -58769
0.000156613 -58120
0.000156745 -57389
0.000157621 -57314
0.000158656 -56718
0.000167749 -56673
0.000168144 -56021
0.00016918 -55297
0.000172258 -54691
0.000172992 -54002
0.000173566 -53194
0.000173886 -52446
0.000173999 -51774
0.000176183 -50986
0.000176654 -50856
0.000179506 -50801
0.000182151 -49982
0.000182273 -49311
0.000184429 -48458
0.00018618 -47710
0.000187403 -47697
0.000188938 -47064
0.000190011 -46176
0.000193117 -45646
0.000193211 -44877
0.000197946 -44156
0.000199038 -43382
0.00019917 -42660
0.000200506 -42038
0.000203227 -41885
0.000203453 -41281
0.000206051 -40547
0.000207651 -39975
0.000212649 -39454
0.000212894 -38871
0.000213873 -38119
0.000215238 -37383
0.000216753 -36700
0.000217327 -36062
0.000218721 -35214
0.000219699 -34545
0.000220471 -33870
0.000220575 -33258
0.000221328 -32802
0.000223964 -32095
0.000224237 -31408
0.000225752 -30817
0.000225874 -30193
0.000230656 -29572
0.00023188 -28947
0.000233998 -28774
0.0002354 -28094
0.000236615 -27455
0.00023941 -26857
0.000239909 -26173
0.0002407 -25565
0.000241735 -25088
0.000242488 -24483
0.000246197 -23807
0.000246621 -23064
0.000252457 -22877
0.000256646 -22277
0.000257417 -21518
0.000266605 -20862
0.000273354 -20331
0.000278032 -19787
0.000281656 -19262
0.000284602 -18634
0.000287991 -18148
0.000293573 -17617
0.000297244 -17037
0.000298383 -16449
0.000303617 -15911
0.000305113 -15349
0.000306525 -14761
0.000314752 -14283
0.000324222 -13711
0.000330773 -13094
0.000331507 -12487
0.000335216 -11858
0.000338821 -11328
0.000347397 -10863
0.000348959 -10379
0.000355906 -9916
0.00035713 -9440
0.000361798 -8988
0.000366166 -8598
0.000373922 -8154
0.000398048 -7669
0.000402124 -7146
0.000406576 -6749
0.000420187 -6335
0.000452785 -5872
0.000466057 -5460
0.000466895 -4976
0.000468156 -4680
0.000472599 -4321
0.000527477 -4014
0.00053721 -3644
0.000538396 -3366
0.000542312 -3076
0.000546105 -2713
0.000553288 -2424
0.000628375 -2205
0.000648058 -1965
0.000654289 -1763
0.000692534 -1502
0.000706456 -1254
0.000749069 -1015
0.000763763 -742
0.000796087 -535
0.000810338 -393
0.000812268 -288
0.000812532 -157
0.000817699 -115
0.000848471 -83
0.00085345 -68
0.000910822 3
0.00103846 39
0.00104289 40
0.00106554 52
0.0011015 57
0.00128588 89
0.00132208 101
2 101
