0 -30018
1.69e-07 -29459
4.04e-07 -28689
0.000205477 -28381
0.000206625 -28101
0.000208159 -27488
0.000208357 -27044
0.000209486 -26496
0.000209731 -26007
0.000226486 -25936
0.000227164 -25376
0.000229527 -24913
0.000230063 -24255
0.000230214 -23756
0.000233405 -23344
0.000235391 -23216
0.000235636 -22840
0.000236558 -22440
0.000238554 -22006
0.00024119 -21586
0.00024199 -21080
0.000242234 -20594
0.000243082 -20555
0.000243213 -20113
0.000245407 -20046
0.000246094 -19503
0.000246536 -19172
0.000247101 -18727
0.000247336 -18233
0.000248955 -17683
0.000249115 -17198
0.000249285 -16680
0.000252184 -16378
0.000253304 -15876
0.000257229 -15641
0.00025882 -15216
0.000265532 -15081
0.000265814 -14518
0.00027021 -14037
0.000279105 -13590
0.000288942 -13217
0.000289111 -12669
0.000291257 -12182
0.000296293 -11761
0.000297075 -11312
0.000298712 -10774
0.000304897 -10718
0.000307099 -10616
0.000308078 -9929
0.000309255 -9506
0.000312267 -9128
0.000324862 -9119
0.000326114 -8693
0.000333503 -8272
0.000358683 -7846
0.000369508 -7408
0.000370073 -6989
0.000370844 -6646
0.000375636 -6411
0.000379241 -6014
0.000379617 -5606
0.000382253 -5279
0.000382422 -4850
0.000389021 -4526
0.000398293 -4181
0.000401296 -3843
0.000401917 -3615
0.000421166 -3335
0.000423661 -3059
0.000434731 -2691
0.000438345 -2420
0.000451872 -2410
0.000477645 -2226
0.000494955 -1977
0.000500462 -1773
0.000525698 -1565
0.000526282 -1270
0.000552478 -1049
0.000562428 -878
0.000562814 -707
0.000571624 -619
0.000583287 -497
0.000595627 -361
0.000658045 -244
0.000668757 -201
0.000673548 -140
0.000683554 -88
0.000723362 -41
0.000731947 -38
0.000754274 11
0.000779548 16
0.000792472 39
0.000793113 114
0.000813303 117
0.000832967 120
0.000949124 124
0.00102892 128
2 128
