0 -42
7.72e-07 -28
1.016e-06 -27
0.000441122 -20
0.000441235 -17
0.00044147 -4
0.000441753 0
0.000441838 47
0.000441988 55
0.000443833 122
0.000444021 139
0.000464815 161
0.000465172 165
0.000466744 187
0.000466839 212
0.000479923 228
0.000480083 235
0.000480224 251
0.000506561 267
0.000506656 270
0.000511004 292
0.000511522 293
0.000511833 322
0.000512106 332
0.000514977 338
0.000515344 347
0.000516869 365
0.000518234 388
0.000519749 397
0.000521547 399
0.000522121 408
0.000522187 410
0.000522253 429
0.000522441 433
0.000522592 438
0.000522959 457
0.00052359 463
0.000526122 466
0.000526969 477
0.000527157 483
0.000527788 487
0.000527938 496
0.000529557 498
0.000530649 499
0.000533003 520
0.000551226 526
0.000552403 527
0.000552488 541
0.000556592 546
0.000556855 554
0.000557138 563
0.000557213 566
0.000557364 583
0.000557458 584
0.000557759 593
0.00055839 604
0.000558531 612
0.000558757 642
0.000558832 653
0.000559519 663
0.000559839 672
0.000561411 683
0.000561486 726
0.000561665 744
0.000562287 746
0.000562682 773
0.000563181 776
0.000564056 793
0.000564235 796
0.000564536 801
0.000565205 808
0.000567379 821
0.000567887 830
0.000571332 841
0.000571521 849
0.000571596 854
0.000571681 859
0.000571869 864
0.000572151 892
0.000572509 908
0.000573234 909
0.000573752 910
0.000574109 923
0.00061339 925
0.000614745 934
0.000615084 937
0.000618718 951
0.000626888 963
0.000626963 968
0.000630964 972
0.000631218 977
0.000631661 980
0.000632159 986
0.000637026 1002
0.000664399 1007
0.000664568 1009
0.000665463 1012
0.000665896 1017
0.000667731 1022
0.000670179 1043
0.000673172 1044
0.000678989 1045
0.000690482 1046
0.00069085 1059
0.000693288 1066
0.000696761 1067
0.000697589 1094
0.000697872 1095
0.000698832 1097
0.000701731 1101
0.000703557 1105
0.000704169 1110
0.000706767 1137
0.000708988 1138
0.000710071 1142
0.000716679 1144
0.000724661 1149
0.000732512 1154
0.000760167 1155
0.000760261 1163
0.000762596 1173
0.000774004 1182
0.000780142 1196
0.00081624 1211
0.000876305 1212
0.000896468 1213
0.000911839 1222
0.000911914 1238
2 1238
