0 -3473
6.6e-08 -3361
6.712e-06 -3355
6.919e-06 -3237
0.000395639 -3201
0.000396044 -3151
0.000403612 -3138
0.000403998 -3048
0.00040974 -2974
0.00041021 -2867
0.000411283 -2757
0.000412131 -2735
0.000425158 -2705
0.000425968 -2522
0.000426457 -2458
0.000426693 -2407
0.000429225 -2375
0.000433018 -2359
0.000437612 -2357
0.000438929 -2276
0.000439861 -2223
0.000439984 -2159
0.000446931 -2080
0.000447684 -1968
0.000447787 -1839
0.000447919 -1743
0.000448568 -1703
0.00045896 -1602
0.000459243 -1531
0.000460476 -1519
0.000462142 -1346
0.000463319 -1258
0.000463403 -1164
0.000463893 -1068
0.000481175 -1037
0.000506073 -1008
0.000508708 -997
0.000508802 -929
0.000509188 -839
0.000515316 -806
0.000515514 -752
0.000516333 -674
0.000520004 -664
0.000520088 -562
0.000520832 -553
0.000526508 -438
0.000528899 -357
0.000530151 -292
0.000563087 -288
0.000563266 -281
0.000567144 -273
0.000569046 -272
0.000569601 -252
0.000570778 -204
0.000572048 -180
0.000574025 -139
0.000574496 -97
0.000574759 -95
0.000578242 -94
0.000579014 -70
0.000579532 -52
0.000581828 -14
0.000584172 2
0.000585227 5
0.000585688 57
0.000586093 76
0.000605323 118
0.000606867 121
0.000615941 144
0.00061756 145
0.000618182 153
0.000618436 187
0.000640923 205
0.000642392 231
0.000646383 236
0.000655579 259
0.000666875 268
0.000667741 269
0.000670744 283
0.000686002 292
0.000691848 303
0.000694531 312
0.000695848 318
0.000699002 323
0.0007008 332
0.000712462 336
0.000720878 343
0.000722948 345
0.000726252 350
0.000727241 353
0.000746415 360
0.000755395 367
0.000762662 369
0.000770032 374
0.000788689 381
0.000792595 382
0.000793217 385
0.000799693 387
0.00085539 388
0.000890773 398
0.00089532 405
0.000905759 408
0.000929837 412
0.000932492 413
0.000935344 414
0.000944531 415
0.000950668 423
0.000981901 426
0.000984028 430
0.00100222 431
0.001051 436
0.00106271 439
0.00107337 440
0.00107676 450
0.00108494 461
0.00109526 478
0.00114618 483
0.0011531 489
0.00121144 493
0.00122694 496
2 496
