0 -1007
3.48e-07 -988
0.00045624 -968
0.000456409 -950
0.000457087 -920
0.000459421 -899
0.000459516 -864
0.000459685 -803
0.000459911 -758
0.00046105 -754
0.000461455 -702
0.000461972 -701
0.000463234 -657
0.000463883 -615
0.000464241 -567
0.000475744 -565
0.000476261 -562
0.000479452 -539
0.000479547 -520
0.000480582 -472
0.000480751 -431
0.000483717 -376
0.00048382 -356
0.00048431 -319
0.000484413 -235
0.000484743 -188
0.000514911 -170
0.000516257 -145
0.000516521 -131
0.000517114 -99
0.00051749 -85
0.000519015 -66
0.000525115 -49
0.000525717 -46
0.000526 -20
0.000529539 -12
0.000550003 2
0.000550944 10
0.000551104 13
0.000551198 87
0.000551603 129
0.000552281 144
0.000552667 173
0.000554606 183
0.000555124 195
0.000558955 196
0.00056497 216
0.000565629 261
0.000571361 285
0.000571822 296
0.000571982 312
0.000574797 323
0.000575418 336
0.000576181 341
0.000576614 347
0.000578139 348
0.000579776 351
0.000580897 358
0.000583287 359
0.000592098 449
0.000592898 465
0.000594216 473
0.000595251 486
0.000596099 496
0.000596456 498
0.000597765 526
0.000599299 534
0.000600363 535
0.000600438 537
0.000601624 595
0.000602264 596
0.000610133 608
0.000611084 612
0.000611781 628
0.000611988 631
0.000612242 651
0.000612637 656
0.000613014 660
0.000613541 676
0.000613635 681
0.000613899 683
0.000614812 686
0.00061532 689
0.000616064 692
0.000616431 702
0.000617268 720
0.000620422 726
0.000620488 739
0.000620742 757
0.000623829 765
0.000623914 767
0.000624498 769
0.000624865 771
0.000625166 786
0.00062815 789
0.000628536 805
0.000628621 815
0.00063087 817
0.000631953 824
0.000632442 827
0.000639926 837
0.000640283 843
0.00064178 845
0.000644962 865
0.000648388 868
0.000649292 870
0.000652887 876
0.000653998 886
0.000654902 892
0.000655071 914
0.000656191 916
0.00065718 924
0.000657613 929
0.000660606 937
0.00066166 947
0.000661801 984
0.000662724 988
0.000663119 996
0.000665548 1008
0.000668871 1017
0.000673888 1019
0.000675234 1023
0.000675554 1029
0.000676514 1038
0.000677361 1042
0.000678519 1049
0.000681644 1057
0.000681814 1059
0.000683338 1060
0.000689476 1064
0.000691057 1070
0.000693712 1087
0.000694022 1097
0.000694455 1105
0.000716538 1115
0.000716708 1121
0.000717009 1125
0.000717159 1128
0.000726083 1133
0.000727457 1139
0.000727542 1141
0.000731684 1169
0.000733585 1173
0.000741624 1178
0.000743281 1180
0.000748439 1185
0.00074859 1193
0.000749399 1194
0.000752383 1196
0.000753305 1199
0.000755292 1205
0.000756035 1212
0.00075708 1221
0.000760055 1223
0.000761156 1226
0.000761222 1228
0.000761514 1233
0.000762342 1240
0.000766503 1242
0.000785394 1249
0.000788152 1252
0.000794337 1259
0.000807732 1266
0.000814556 1268
0.000815121 1271
0.000822086 1275
0.000825221 1290
0.00083823 1292
0.000842946 1305
0.000845901 1330
0.000869067 1335
0.00088249 1347
0.000884231 1349
0.000913299 1352
0.000932416 1359
2 1359
