0 -2599
3.2e-07 -2459
5.27e-07 -2232
0.000232708 -2183
0.000282381 -2147
0.000283783 -2126
0.000285581 -2070
0.000287539 -2062
0.000300162 -1938
0.000311919 -1924
0.000311994 -1871
0.00031383 -1864
0.000313886 -1735
0.000314997 -1727
0.000315929 -1636
0.000316183 -1483
0.000316559 -1439
0.000323742 -1365
0.000325709 -1302
0.000325822 -1217
0.000327959 -1117
0.000328015 -964
0.000334849 -953
0.000335282 -935
0.000348856 -823
0.000349364 -739
0.000349919 -623
0.000365648 -608
0.000365903 -497
0.000381688 -432
0.00038182 -394
0.000384352 -385
0.000384521 -342
0.000384907 -302
0.000387336 -278
0.00038791 -270
0.000438138 -243
0.000448747 -225
0.000449678 -194
0.00045045 -107
0.000452982 -93
0.000454799 -87
0.000456493 -54
0.000463986 -44
0.000464231 -41
0.000465605 -37
0.000465746 -32
0.000467996 -2
0.000472609 26
0.000472778 34
0.000476976 45
0.000479687 48
0.000483189 77
0.00048381 91
0.00048542 133
0.000485702 147
0.000487905 150
0.000533106 154
0.000535676 157
0.000551217 167
0.000554201 170
0.000555396 177
0.00055806 191
0.000598188 199
2 199
