0 -6546
1.03e-07 -6372
3.67e-07 -6267
6.02e-07 -6093
0.000460769 -6046
0.000461004 -5835
0.000462754 -5664
0.000467261 -5660
0.000476001 -5650
0.00047617 -5415
0.000478946 -5295
0.000481797 -5174
0.00048286 -5022
0.000486943 -4912
0.000487093 -4732
0.000488119 -4575
0.000488872 -4482
0.000489229 -4393
0.000495749 -4297
0.000495918 -4184
0.000498891 -4131
0.000499776 -3985
0.000501874 -3834
0.000503276 -3765
0.000503464 -3621
0.000505261 -3585
0.000505901 -3458
0.000513634 -3348
0.000515356 -3268
0.000519693 -3201
0.000520493 -3135
0.000525206 -3015
0.000525545 -2907
0.000525997 -2829
0.000527013 -2605
0.000527568 -2557
0.000533909 -2454
0.000534624 -2377
0.000537174 -2266
0.000539526 -2227
0.0005509 -2167
0.000552622 -2075
0.000560675 -2054
0.000562209 -1969
0.00056458 -1952
0.000566104 -1830
0.000568089 -1769
0.000568249 -1689
0.000581769 -1635
0.000584582 -1581
0.000586463 -1475
0.000586633 -1387
0.000586953 -1328
0.000588392 -1217
0.000592334 -1121
0.000593736 -1005
0.000596897 -952
0.000611235 -883
0.000613268 -833
0.000619082 -818
0.000619214 -761
0.000621782 -689
0.000637917 -641
0.000638341 -625
0.000638444 -616
0.000638943 -570
0.00063962 -525
0.000662266 -510
0.000668212 -483
0.000670987 -418
0.0006746 -355
0.000676068 -327
0.000683331 -300
0.000686464 -231
0.000686737 -227
0.000686821 -212
0.000699598 -200
0.000700284 -180
0.000704838 -132
0.000705233 -95
0.000708291 -66
0.00071228 -33
0.00071609 -13
0.000717727 -3
0.000718696 11
0.000720813 24
0.000721491 26
0.000721942 28
0.000724134 66
0.000724605 73
0.000729629 110
0.000731652 114
0.000739997 140
0.000741521 141
0.000742471 148
0.000746018 159
0.000746112 163
0.000746545 193
0.000775287 243
0.000775739 244
0.000775833 277
0.00078144 283
0.000784629 291
0.000785796 295
0.000787386 308
0.000794263 310
0.000795374 324
0.000797745 356
0.000805064 363
0.000805337 379
0.000807557 394
0.000809909 409
0.00082485 411
0.000852783 427
0.000853639 431
0.000854458 438
0.000860639 457
0.00086173 467
0.000865399 468
0.000869539 479
0.000871543 485
0.000874826 493
0.00088304 499
0.000885072 504
0.000888572 505
0.000892871 521
0.000895252 527
0.000908301 528
0.000920833 536
0.000958541 542
0.000960065 557
0.000962238 559
0.000963019 561
0.000993954 566
0.00100258 572
0.00101428 580
0.0010535 584
0.00105476 586
0.00106031 590
0.00107612 597
0.00108951 604
0.00109784 605
0.00141022 610
0.00142387 614
0.00144355 615
0.00154184 618
0.00165804 623
0.0017027 633
0.0017754 634
0.00178486 642
0.00189662 647
2 647
