0 29
4.49e-07 65
7.3e-07 66
0.000482763 80
0.000483212 123
0.000483408 153
0.00048397 159
0.000484325 166
0.000484839 192
0.000485298 195
0.000486186 196
0.000486729 225
0.00048715 240
0.000487243 255
0.000494819 278
0.000494912 336
0.000495025 361
0.00049538 372
0.000503105 413
0.000503807 438
0.000548906 470
0.000549271 483
0.000549636 485
0.00054972 505
0.000574635 519
0.000575524 525
0.000575833 548
0.000578751 581
0.000579031 601
0.000579106 612
0.000579284 653
0.000582071 660
0.000582651 696
0.000582922 707
0.000584634 710
0.000585363 720
0.000585662 724
0.000586102 760
0.000586514 768
0.000587112 805
0.000588674 816
0.000590096 827
0.000590292 846
0.000590891 852
0.000591274 866
0.00059205 871
0.000596016 892
0.000596212 893
0.000596418 898
0.000598682 913
0.000601796 926
0.00060232 938
0.000602516 939
0.000602956 942
0.000618304 945
0.000619819 981
0.00062124 982
0.000622222 985
0.000636383 987
0.000636457 1008
0.000637 1013
0.000638468 1042
0.00063945 1051
0.000640058 1054
0.000641358 1076
0.00064234 1084
0.000647007 1086
0.000647709 1089
0.000647802 1094
0.000650112 1098
0.000651693 1109
0.000652329 1133
0.000652741 1142
0.00065332 1150
0.000655752 1154
0.000685775 1156
0.000686654 1157
0.000688309 1169
0.000688421 1173
0.000689132 1174
0.000689647 1188
0.000690152 1195
0.000692209 1198
0.000692714 1224
0.000694043 1240
0.00069682 1241
0.000697737 1243
0.000700028 1263
0.000700777 1279
0.000705256 1314
0.000705911 1315
0.000706248 1320
0.000707688 1334
0.000718416 1341
0.000719959 1344
0.000720502 1346
0.000720586 1367
0.000721287 1370
0.000721446 1373
0.000722737 1386
0.000725608 1396
0.000726693 1404
0.000727946 1408
0.000728115 1418
0.00073267 1419
0.000735335 1434
0.000742191 1449
0.000745165 1451
0.000751197 1452
0.000754003 1465
0.00075462 1469
0.000762187 1484
0.000768219 1485
0.000781229 1488
0.000781547 1492
0.00080232 1497
0.000803236 1498
0.000806809 1503
0.000807286 1508
0.00081387 1521
0.000837318 1522
0.000838113 1525
0.000843986 1531
0.000844763 1535
0.000848691 1543
0.000862355 1550
0.000876656 1556
0.000884288 1557
0.000889965 1578
2 1578
