0 -4907
3.76e-07 -4782
0.000445255 -4764
0.000446694 -4683
0.000447795 -4625
0.000449733 -4554
0.000454024 -4441
0.000454165 -4377
0.00045456 -4234
0.000455519 -4084
0.000457044 -4012
0.000463836 -3975
0.000471363 -3929
0.000472595 -3792
0.000473066 -3671
0.000474411 -3590
0.000475296 -3458
0.00048587 -3416
0.000486454 -3346
0.000489135 -3319
0.000506249 -3219
0.00050671 -3137
0.000510426 -3087
0.000510548 -2945
0.000530099 -2868
0.0005393 -2786
0.000545528 -2709
0.000545867 -2603
0.000553949 -2588
0.000555238 -2449
0.000556225 -2428
0.000557129 -2306
0.000557543 -2230
0.00055838 -2131
0.000558813 -2033
0.000559528 -1963
0.000560666 -1903
0.00056093 -1860
0.000562294 -1822
0.0005711 -1817
0.000578391 -1763
0.000582286 -1709
0.000584422 -1622
0.000587414 -1584
0.000587724 -1534
0.000587865 -1441
0.00058859 -1397
0.0005916 -1331
0.000592918 -1253
0.000595571 -1223
0.000598158 -1182
0.000599343 -1157
0.000600256 -1119
0.000611659 -1072
0.000613371 -1037
0.000613672 -957
0.000624868 -928
0.000658719 -882
0.000659208 -816
0.000659528 -767
0.000660601 -706
0.00066108 -690
0.000661193 -642
0.000670206 -621
0.000678457 -555
0.00068446 -466
0.000693379 -449
0.000697199 -438
0.000698168 -398
0.000723024 -363
0.000726806 -301
0.000730297 -288
0.000738012 -281
0.000740919 -277
0.000746432 -263
0.000748888 -262
0.000750045 -246
0.000758061 -220
0.000765154 -190
0.000770122 -136
0.000792166 -79
0.000802806 -44
0.000806005 -10
0.000807783 1
0.000810662 5
0.000824709 15
0.000827014 18
0.000828058 34
0.000828585 57
0.00082945 66
0.000830222 81
0.000834644 90
0.000835914 149
0.000857412 158
0.000857609 163
0.000857703 240
0.000860046 241
0.000860385 277
0.00086729 285
0.000878411 287
0.000879681 301
0.000879775 324
0.000881817 326
0.000882475 344
0.000882786 407
0.000883924 412
0.000886305 417
0.000888327 418
0.000893116 425
0.000906974 435
0.000908085 441
0.000910343 452
0.000914209 453
0.00092453 454
0.000951871 456
0.000959971 458
0.000962935 487
0.000988102 499
0.000989475 503
0.00100951 551
0.00101063 553
0.00101629 557
0.00102863 580
0.00103294 582
0.00104146 588
0.00105342 590
0.00106529 621
0.00106865 623
0.00107998 625
0.00110099 639
0.00110265 642
0.00112613 644
0.00112785 646
0.00114075 657
0.00115066 663
0.00116131 665
0.00116241 666
0.0011898 669
0.00124555 673
0.00124894 676
0.00130566 680
0.00132787 699
0.00135261 701
0.00135739 702
2 702
