0 -4114
3.58e-07 -3957
7.668e-06 -3873
9.117e-06 -3831
0.00042641 -3796
0.000428123 -3756
0.000431246 -3709
0.000431575 -3595
0.000432413 -3506
0.000441097 -3460
0.000442132 -3327
0.000442988 -3308
0.000443486 -3243
0.000444051 -3174
0.000444926 -3064
0.00044517 -2946
0.000445443 -2848
0.000447033 -2838
0.000448567 -2716
0.000451926 -2685
0.000452274 -2557
0.000452697 -2414
0.000455171 -2412
0.00048126 -2387
0.000482286 -2325
0.0004835 -2219
0.000484243 -2151
0.000484939 -2078
0.000489671 -2024
0.000489963 -1965
0.000492061 -1848
0.000496173 -1753
0.000497941 -1613
0.000499061 -1524
0.000510247 -1478
0.000511997 -1440
0.000562811 -1421
0.000564486 -1348
0.000566217 -1285
0.000567177 -1178
0.000574073 -1077
0.000574628 -1012
0.000574901 -946
0.0005878 -933
0.000588261 -901
0.000588834 -847
0.000613145 -766
0.00061403 -701
0.000615309 -654
0.000619073 -643
0.000620164 -598
0.00062071 -543
0.000624078 -487
0.000630259 -461
0.000631623 -430
0.000636967 -426
0.000642358 -378
0.000654636 -370
0.000661692 -339
0.000663451 -305
0.000663959 -257
0.000666763 -209
0.000677742 -194
0.000677874 -176
0.000680198 -169
0.000681769 -138
0.000682992 -131
0.000683218 -79
0.000684413 -69
0.000686144 -29
0.000689503 -9
0.000692777 10
0.000695289 56
0.000698394 58
0.000704697 124
0.000719957 149
0.000725348 170
0.000728086 185
0.000733797 203
0.000736186 212
0.000737315 220
0.000740401 257
0.000744597 261
0.000745049 267
0.00074663 270
0.000749001 284
0.000750261 303
0.000755511 304
0.000758305 330
0.00080879 349
0.000813259 353
0.000813344 361
0.000813842 389
0.000815197 397
0.000818038 403
0.000818132 405
0.00082262 423
0.000825132 427
0.000854241 453
0.000856142 459
0.000856669 472
0.000861109 497
0.000862633 502
0.00087684 506
0.000881441 508
0.000883021 512
0.000889362 513
0.000901715 517
0.000905225 520
0.000913984 525
0.000917756 535
0.000921256 541
0.000965484 544
0.000972145 545
0.000995911 549
0.000998188 564
0.00102472 565
0.00103302 570
0.00104023 571
0.00104857 573
0.00107082 585
0.00108104 603
0.00108191 608
0.00108502 615
0.00113881 617
0.00113909 619
0.00118393 620
0.00120521 621
0.00120773 625
0.00121945 626
0.00122182 638
0.00122696 640
0.00123434 648
0.00125407 651
0.00126499 657
0.00126837 663
0.00128537 671
0.00129022 675
0.00131435 680
0.00132784 683
0.00190933 686
2 686
