0 -8782
5.14e-07 -8647
1.0587e-05 -8569
1.1457e-05 -8546
0.000419874 -8490
0.00042023 -8403
0.000421015 -8293
0.000421558 -8276
0.000422035 -8166
0.000422297 -8047
0.000424467 -7964
0.000426505 -7860
0.0004276 -7756
0.00042904 -7606
0.000435568 -7468
0.000435783 -7346
0.000437308 -7308
0.00043771 -7219
0.00043785 -7123
0.000438814 -6974
0.000442667 -6947
0.000445211 -6841
0.000446988 -6761
0.000449055 -6652
0.000449588 -6578
0.000450523 -6550
0.000455911 -6457
0.000462935 -6351
0.000463599 -6221
0.000464272 -6076
0.000464609 -5946
0.00046633 -5808
0.000466938 -5715
0.000470744 -5708
0.000471062 -5610
0.000471455 -5484
0.000472474 -5368
0.000474139 -5285
0.000479115 -5255
0.000482454 -5252
0.000483324 -5238
0.000483932 -5141
0.000486971 -5103
0.000487878 -4996
0.000489291 -4914
0.000490114 -4808
0.000493013 -4680
0.000497923 -4621
0.00050071 -4505
0.000500888 -4419
0.000507332 -4384
0.000512579 -4310
0.000515161 -4191
0.000519117 -4170
0.000524092 -4079
0.000524523 -3996
0.000529143 -3890
0.000533268 -3767
0.000533548 -3665
0.000536644 -3566
0.00053916 -3451
0.000543911 -3382
0.000550598 -3279
0.000551262 -3179
0.00055607 -3107
0.000556799 -3032
0.000559081 -2956
0.000559296 -2849
0.000562392 -2767
0.000565591 -2670
0.000568846 -2592
0.000569612 -2504
0.000572727 -2386
0.000573101 -2297
0.000580854 -2239
0.000582688 -2128
0.000584034 -2058
0.000586532 -1967
0.000598064 -1939
0.000604246 -1854
0.000607678 -1771
0.000623138 -1689
0.000623354 -1629
0.000626777 -1526
0.000646951 -1519
0.000648933 -1473
0.000660896 -1412
0.000670174 -1375
0.000673054 -1288
0.000677805 -1237
0.000679611 -1146
0.000680967 -1060
0.000687373 -1001
0.000688561 -936
0.000705331 -862
0.000714029 -816
0.000714365 -749
0.000720089 -673
0.000732949 -564
0.000767153 -510
0.000786915 -459
0.000790563 -426
0.00079248 -381
0.000821511 -370
0.00083323 -328
0.000836363 -279
0.0008513 -244
0.000865787 -187
0.000886083 -131
0.00089797 -120
0.000919481 -100
0.000934745 -92
0.00094667 -48
0.000949401 -43
0.000950112 -39
0.00100412 -34
0.00100706 -27
0.00103447 -2
0.0010457 21
0.00105156 22
0.0010953 70
0.00110346 99
0.00114131 107
0.00115015 109
0.00115636 163
0.00117999 170
0.00118114 175
0.0011832 181
0.00118609 184
0.00118779 192
0.00121217 195
0.00125825 234
0.00126642 254
0.00126922 255
0.00127626 260
0.00135209 267
0.00136543 273
0.00138434 278
0.00138734 280
0.00139633 282
0.00143004 291
0.00143244 293
0.00145436 307
0.00159063 311
0.00166174 326
0.00166963 331
0.00167202 346
0.00169187 348
0.00174737 358
0.00180353 363
0.00186754 369
0.00188979 370
0.00193419 374
0.00200615 375
0.00206607 378
0.00213569 380
0.0022854 381
0.00291197 384
0.00374836 385
0.0039614 388
0.00408347 389
0.00469368 390
0.00475208 395
2 395
