0 -78
6.6e-08 -14
8.436e-06 23
9.259e-06 43
0.00051026 54
0.000511429 109
0.00051156 116
0.000513019 143
0.000513131 202
0.000515329 212
0.000518425 229
0.000519379 237
0.000519669 271
0.000520006 285
0.0005461 312
0.000551702 339
0.000592948 352
0.000593182 385
0.000596437 389
0.00059725 415
0.000597811 432
0.000604386 460
0.000605406 469
0.00060564 492
0.000605864 513
0.000606154 514
0.000606285 527
0.000610054 539
0.000611663 551
0.000611784 572
0.000611878 604
0.000612252 620
0.000612336 627
0.000613374 664
0.000614113 685
0.00061619 687
0.00061677 692
0.000617873 695
0.000623232 701
0.00062356 747
0.000624055 777
0.000636046 780
0.000636149 781
0.000640208 791
0.00064509 799
0.000645193 801
0.000645642 818
0.000645922 826
0.000646418 839
0.000647634 841
0.000648251 855
0.000649149 874
0.000649523 897
0.00065057 920
0.000650664 922
0.000650739 930
0.00069537 933
0.000696203 949
0.000705088 973
0.000705406 1004
0.000705808 1017
0.000706014 1023
0.000706266 1027
0.000706781 1029
0.000707258 1032
0.000707669 1040
0.000708015 1051
0.000709194 1069
0.000711495 1076
0.000711887 1091
0.000713692 1106
0.000714038 1112
0.000715516 1115
0.00071662 1119
0.000718041 1120
0.000735653 1127
0.000736074 1144
0.000736186 1149
0.000736457 1162
0.000738814 1180
0.000739515 1186
0.000739674 1188
0.000740647 1202
0.000744239 1203
0.000744416 1207
0.00074451 1211
0.000749635 1214
0.000750037 1233
0.000750973 1237
0.000751169 1238
0.000751263 1249
0.000751412 1257
0.000751721 1264
0.000752189 1281
0.000752768 1284
0.000753273 1313
0.000756771 1328
0.000758913 1330
0.000759166 1347
0.000759418 1355
0.000765507 1356
0.000765956 1372
0.000766554 1379
0.000766882 1391
0.00076719 1409
0.000768855 1419
0.000771212 1434
0.000772737 1439
0.000782342 1446
0.000783436 1448
0.000789674 1454
0.000792564 1463
0.000792677 1464
0.00080072 1469
0.000804125 1474
0.000807894 1479
0.000810971 1493
0.000811972 1511
0.000812271 1515
0.000813075 1520
0.0008146 1528
0.000815778 1529
0.000816966 1532
0.000820763 1533
0.000830209 1536
0.000830855 1538
0.000832304 1547
0.000833689 1549
0.000837187 1555
0.000837486 1578
0.00085014 1582
0.000860512 1588
0.000861289 1589
0.000862785 1603
0.000865825 1606
0.000867097 1609
0.000869304 1610
0.000876478 1615
0.000877506 1622
0.000879096 1632
0.000889441 1650
0.000894005 1651
0.000898251 1656
0.000921016 1660
0.000926524 1663
0.000927104 1665
0.000934558 1668
0.000956238 1676
0.000973943 1677
0.000986205 1682
0.000995314 1683
0.000996203 1687
0.00111936 1688
0.00124932 1690
0.00134009 1691
2 1691
