0 -75829
5.6e-08 -75128
1.6409e-05 -74457
3.2876e-05 -73795
7.0585e-05 -73176
0.000115788 -72557
0.0001482 -71947
0.000177041 -71337
0.000204005 -70751
0.0002288 -70166
0.000255717 -69583
0.000282454 -69003
0.000310281 -68427
0.000336014 -67868
0.00036097 -67311
0.000386968 -66755
0.000412237 -66202
0.000438254 -65651
0.000464091 -65105
0.000490155 -64561
0.00051657 -64021
0.000540361 -63483
0.000566757 -62952
0.000591684 -62424
0.000616394 -61899
0.000641217 -61374
0.0006655 -60858
0.000690428 -60351
0.000716739 -59844
0.000742784 -59340
0.000768678 -58837
0.000794723 -58337
0.000819973 -57838
0.000844455 -57339
0.000869487 -56844
0.000893571 -56349
0.000918271 -55855
0.000945056 -55362
0.000971243 -54870
0.000995915 -54380
0.00102031 -53892
0.00104538 -53407
0.00106857 -52922
0.00109518 -52438
0.00112196 -51961
0.00114787 -51488
0.0011919 -51017
0.00122865 -50549
0.00126392 -50082
0.00129095 -49616
0.00131899 -49150
0.00134675 -48684
0.00137366 -48218
0.00139956 -47755
0.00142508 -47295
0.0014494 -46835
0.00147361 -46376
0.00149745 -45917
0.00151973 -45462
0.00154317 -45008
0.00156781 -44557
0.00171679 -44107
0.00174362 -43658
0.00177034 -43209
0.00179531 -42761
0.00182107 -42315
0.00184498 -41870
0.00188673 -41427
0.00191166 -40984
0.00193611 -40543
0.00195743 -40102
0.00198023 -39662
0.00200469 -39224
0.0020281 -38787
0.00205212 -38352
0.00207542 -37918
0.00209956 -37484
0.00212124 -37050
0.00214445 -36626
0.00216636 -36203
0.00220965 -35783
0.00223385 -35365
0.00225813 -34951
0.00228377 -34539
0.00230777 -34128
0.00233031 -33717
0.0023553 -33308
0.00238449 -32905
0.00244774 -32505
0.0024769 -32105
0.00250354 -31706
0.00253268 -31312
0.00256085 -30919
0.00259064 -30527
0.00262245 -30137
0.00264605 -29747
0.00267067 -29363
0.00270371 -28981
0.00273598 -28600
0.00276372 -28224
0.00278995 -27848
0.00282043 -27473
0.00285457 -27101
0.00289373 -26731
0.00292877 -26364
0.00295616 -25998
0.00298281 -25632
0.00300942 -25266
0.0030369 -24902
0.00307778 -24542
0.00310421 -24184
0.00313121 -23831
0.00315716 -23480
0.00318746 -23129
0.00321219 -22779
0.00323833 -22433
0.00326601 -22088
0.00329542 -21743
0.003325 -21401
0.00335061 -21059
0.00338173 -20719
0.00341411 -20381
0.00344241 -20044
0.00346933 -19708
0.00349702 -19380
0.00352864 -19052
0.0035672 -18725
0.0036031 -18399
0.00364668 -18077
0.00369467 -17760
0.00372117 -17445
0.00375014 -17131
0.00377609 -16818
0.0038035 -16506
0.00383126 -16201
0.00385773 -15898
0.00388521 -15597
0.00391324 -15296
0.00394275 -14998
0.00397256 -14701
0.00400291 -14405
0.00403301 -14112
0.00406309 -13820
0.00409455 -13529
0.00412528 -13239
0.0041555 -12951
0.00418757 -12665
0.00422126 -12381
0.00425336 -12098
0.00428859 -11819
0.00432361 -11542
0.00436067 -11269
0.00439665 -10997
0.00443024 -10726
0.00446492 -10457
0.00449881 -10192
0.00453402 -9935
0.00457175 -9678
0.00460804 -9421
0.00464803 -9167
0.00468845 -8919
0.00472991 -8673
0.00476953 -8434
0.00480803 -8199
0.00484631 -7966
0.0048859 -7734
0.00492771 -7504
0.00498473 -7276
0.0050584 -7051
0.00512545 -6829
0.00518409 -6607
0.00524288 -6386
0.00529985 -6170
0.00535416 -5962
0.0054041 -5756
0.00545182 -5554
0.00550063 -5355
0.00555076 -5159
0.00560217 -4963
0.00565517 -4774
0.00571103 -4585
0.00577128 -4399
0.00582962 -4220
0.00588987 -4047
0.00595055 -3875
0.00601209 -3706
0.006071 -3540
0.00613008 -3379
0.00619088 -3221
0.00624738 -3066
0.00630479 -2915
0.00636403 -2765
0.00647369 -2615
0.00656646 -2475
0.00665767 -2336
0.00673962 -2198
0.00681682 -2066
0.00690787 -1941
0.00699426 -1816
0.00706704 -1695
0.00713198 -1574
0.00719072 -1464
0.00724651 -1357
0.00729781 -1251
0.00735116 -1146
0.00740681 -1049
0.00746265 -956
0.00751868 -863
0.00757248 -777
0.00762546 -695
0.00767903 -618
0.00773978 -541
0.00780166 -470
0.00785353 -401
0.00790939 -339
0.00795931 -278
0.00800722 -219
0.00805304 -162
0.00809725 -109
0.00814161 -58
0.00818369 -17
0.00822821 23
0.00827395 58
0.00831753 89
0.00835651 117
0.00839429 137
0.00843702 156
0.00848175 173
0.00852115 194
0.00856959 210
0.00861445 224
0.00865769 237
0.00869793 248
0.00874471 259
0.008806 268
0.0088523 277
0.00888984 287
0.00892735 302
0.00897408 315
0.00901815 327
0.00905979 337
0.00910609 347
0.0091594 367
0.00921549 383
0.00927701 385
0.00933254 394
0.00938401 401
0.00943266 405
0.00948105 409
0.00952431 426
0.00956849 431
0.00963696 446
0.00969427 454
0.00974078 468
0.00978698 470
0.0098288 472
0.00987048 476
0.00992475 479
0.00996548 482
0.0100069 485
0.01005 496
0.0100933 497
0.0101365 499
0.0102289 505
0.0102713 507
0.0103132 510
0.0103551 516
0.0104645 517
0.010735 533
0.0107849 534
0.0108301 545
0.010874 549
0.0109138 557
0.0109538 558
0.0111442 563
0.011326 564
0.0113687 565
0.0114111 574
0.0114549 578
0.0114996 586
0.0119156 589
0.0119597 594
0.012041 601
0.0120805 609
0.0121218 610
0.0146744 611
0.0147199 614
0.0147618 620
0.0147994 621
0.0152836 630
0.0153834 641
0.0154335 644
0.0154764 652
0.0187241 657
0.0187664 660
0.0188561 662
0.0188997 669
0.0189872 677
2 677
