0 -122932
1.52e-07 -122130
1.7225e-05 -121329
3.191e-05 -120537
5.5805e-05 -119750
8.8862e-05 -118986
0.000136765 -118229
0.000184791 -117479
0.000229738 -116730
0.000273236 -116010
0.000316753 -115309
0.000359918 -114612
0.000403189 -113915
0.000446648 -113221
0.000488431 -112527
0.000531635 -111837
0.000589344 -111153
0.000636641 -110470
0.000681143 -109792
0.000724167 -109114
0.000766584 -108437
0.000805345 -107766
0.000847402 -107095
0.000889185 -106430
0.000930759 -105768
0.000969993 -105108
0.00101157 -104451
0.00105348 -103796
0.00109478 -103143
0.00113626 -102494
0.00117782 -101845
0.00121904 -101199
0.00126 -100559
0.00129977 -99920
0.00134128 -99282
0.00138294 -98646
0.00142459 -98012
0.00146614 -97385
0.00150504 -96766
0.00154461 -96148
0.00158619 -95534
0.00162657 -94924
0.00166828 -94315
0.00171436 -93706
0.00175671 -93099
0.00179863 -92493
0.00184055 -91892
0.00188243 -91294
0.00195244 -90697
0.00199586 -90101
0.00203779 -89505
0.00207668 -88909
0.00211862 -88314
0.00215814 -87720
0.00220029 -87127
0.00224252 -86534
0.00228448 -85942
0.00232751 -85352
0.00236956 -84763
0.00240916 -84176
0.00246006 -83590
0.0025039 -83004
0.00254584 -82419
0.00258784 -81838
0.00263029 -81258
0.00267084 -80680
0.00271285 -80103
0.00275658 -79527
0.00279976 -78951
0.00284225 -78377
0.00288447 -77803
0.00292728 -77234
0.0029696 -76665
0.0030122 -76099
0.00305537 -75534
0.00309831 -74969
0.00313935 -74405
0.00317765 -73841
0.00321716 -73277
0.00326061 -72714
0.00330403 -72153
0.00334713 -71592
0.0033893 -71032
0.00342985 -70474
0.00347763 -69916
0.00351996 -69359
0.00357891 -68803
0.00362304 -68249
0.00366599 -67695
0.00370853 -67146
0.00375258 -66597
0.00379552 -66048
0.00383784 -65501
0.00388083 -64955
0.00392507 -64412
0.0039688 -63870
0.00401266 -63332
0.00405641 -62795
0.00409579 -62266
0.00413877 -61737
0.00417977 -61209
0.00422192 -60681
0.00426456 -60154
0.00430649 -59633
0.00435921 -59112
0.00440335 -58591
0.00444613 -58077
0.00448963 -57563
0.00453263 -57050
0.0045835 -56542
0.00463015 -56037
0.00467285 -55533
0.00472101 -55031
0.00477122 -54530
0.00482919 -54031
0.00488437 -53534
0.00493155 -53037
0.00497452 -52542
0.00506499 -52047
0.00511002 -51552
0.00515025 -51060
0.00519454 -50568
0.00523592 -50077
0.00527556 -49587
0.0053298 -49098
0.00538598 -48610
0.00543508 -48123
0.00548121 -47638
0.00552684 -47155
0.00559129 -46673
0.00563696 -46195
0.00568312 -45717
0.00584727 -45241
0.00599123 -44766
0.00607123 -44293
0.00613545 -43820
0.00619017 -43347
0.0062398 -42874
0.00628826 -42403
0.00633627 -41933
0.00638448 -41464
0.00643183 -40995
0.00647753 -40527
0.00652133 -40062
0.00656678 -39603
0.00661237 -39147
0.00665771 -38691
0.00670235 -38239
0.00674937 -37789
0.00679547 -37340
0.0068403 -36892
0.0068866 -36445
0.00692969 -36001
0.00697669 -35559
0.00702122 -35121
0.00706927 -34683
0.00711501 -34247
0.00716205 -33811
0.00720852 -33377
0.00725901 -32945
0.00730373 -32514
0.00734866 -32083
0.00739493 -31653
0.00743849 -31224
0.00750164 -30797
0.00755643 -30372
0.00760284 -29953
0.00765019 -29538
0.00769869 -29125
0.00774836 -28713
0.00779775 -28302
0.00784723 -27891
0.00789488 -27484
0.0079421 -27084
0.00799093 -26686
0.00803781 -26292
0.00808256 -25899
0.00813062 -25507
0.0081771 -25115
0.00822711 -24724
0.00827621 -24337
0.00831905 -23951
0.00836723 -23568
0.0084169 -23186
0.0084664 -22805
0.00851872 -22425
0.00856852 -22052
0.00861603 -21679
0.00866474 -21306
0.00871386 -20938
0.00876546 -20573
0.00881492 -20209
0.00886661 -19846
0.00891527 -19489
0.00897009 -19136
0.00902895 -18784
0.00908787 -18434
0.00914675 -18085
0.00920483 -17736
0.00926479 -17388
0.00932474 -17040
0.00939963 -16695
0.00946467 -16362
0.00952384 -16031
0.00959454 -15701
0.00968533 -15373
0.00979113 -15046
0.00987434 -14725
0.00998366 -14404
0.0100763 -14090
0.0101658 -13780
0.0102493 -13470
0.0103313 -13161
0.0104092 -12853
0.0104862 -12547
0.0105682 -12244
0.0106528 -11943
0.0108149 -11644
0.0109936 -11352
0.0111552 -11061
0.0113605 -10773
0.0114672 -10486
0.0115706 -10200
0.0116701 -9918
0.0117665 -9638
0.0118689 -9364
0.0119655 -9096
0.0120678 -8828
0.0121685 -8561
0.0122675 -8299
0.0123664 -8042
0.0124821 -7785
0.0125884 -7530
0.0126932 -7276
0.0128222 -7024
0.0129579 -6781
0.013091 -6542
0.0132259 -6306
0.013357 -6074
0.013487 -5844
0.0136154 -5620
0.0137464 -5397
0.0138725 -5174
0.0140433 -4965
0.0141926 -4761
0.014335 -4559
0.0144776 -4360
0.0146153 -4162
0.0147723 -3967
0.0149204 -3774
0.0150644 -3588
0.0152048 -3409
0.0153408 -3230
0.0154744 -3057
0.0156043 -2887
0.0157347 -2723
0.0158613 -2562
0.0159973 -2404
0.0161278 -2249
0.0162643 -2099
0.0164131 -1955
0.0165759 -1820
0.016723 -1689
0.0168504 -1562
0.0169776 -1436
0.01711 -1319
0.0172281 -1204
0.0173382 -1090
0.0174451 -980
0.0175497 -871
0.0176506 -782
0.0177566 -693
0.0178549 -613
0.0179896 -535
0.0181032 -457
0.0182064 -384
0.0183032 -315
0.0183925 -251
0.018486 -190
0.0185701 -132
0.0186509 -74
0.018727 -26
0.0188015 10
0.0188761 39
0.0189504 68
0.0190218 92
0.0190913 113
0.0191577 140
0.0192242 161
0.0192948 178
0.0193613 193
0.019432 207
0.0195017 220
0.0195682 235
0.0196337 246
0.0197019 255
0.0197694 265
0.0198368 274
0.019901 286
0.019967 293
0.0200307 303
0.0200952 310
0.020158 324
0.0202223 336
0.0202883 342
0.0203655 345
0.0204379 357
0.0205069 365
0.0206418 379
0.0207783 391
0.0208474 406
0.0209137 414
0.0209842 427
0.0210571 430
0.0211255 435
0.0211975 444
0.0213383 460
0.0214078 466
0.0217723 473
0.0218605 476
0.0219778 478
0.0221145 483
0.0222487 489
0.0223261 493
0.0223966 495
0.0224695 509
0.0225438 510
0.0240898 516
0.0241767 520
0.0242708 523
0.0244355 528
0.0249474 532
0.0250221 534
0.0274326 537
0.0278054 539
0.0279014 545
0.0283808 555
0.0284609 556
0.0285371 557
0.0286131 562
0.0287581 575
0.0288295 579
0.0288991 586
0.0289702 591
0.0291099 594
2 594
