0 -8027
5e-08 -7781
1.488e-05 -7552
2.291e-05 -7341
2.8313e-05 -7131
3.3537e-05 -6935
4.2102e-05 -6743
5.8697e-05 -6553
7.9217e-05 -6366
9.7239e-05 -6181
0.000117542 -5999
0.00013603 -5824
0.000151921 -5650
0.000164798 -5487
0.000176119 -5328
0.000187579 -5182
0.000199316 -5039
0.00021035 -4896
0.000222206 -4754
0.000232932 -4616
0.000242161 -4481
0.000253443 -4346
0.000265002 -4215
0.000276035 -4085
0.000287663 -3957
0.000297725 -3836
0.000308808 -3718
0.000319049 -3600
0.000329557 -3484
0.000340947 -3369
0.000351455 -3258
0.000363768 -3148
0.000375406 -3041
0.000384744 -2935
0.000395232 -2830
0.000406028 -2727
0.00041604 -2629
0.00042522 -2532
0.00043666 -2435
0.000446504 -2339
0.000457478 -2244
0.000468501 -2151
0.000478811 -2059
0.000489894 -1969
0.00050068 -1879
0.000511317 -1789
0.00052236 -1703
0.000532918 -1621
0.00054294 -1540
0.000557701 -1459
0.000567267 -1379
0.000578023 -1301
0.000587807 -1225
0.000597998 -1149
0.000607148 -1078
0.000617914 -1007
0.000627262 -937
0.000638187 -870
0.000648417 -804
0.000658786 -738
0.000668085 -674
0.000679931 -615
0.000690965 -558
0.000702206 -501
0.000713131 -444
0.000723222 -389
0.000732997 -334
0.000743237 -280
0.000752516 -229
0.00076237 -179
0.000772244 -130
0.00078177 -82
0.000791237 -36
0.000800754 8
0.000810509 51
0.000819867 92
0.000831089 133
0.000841428 172
0.000851579 211
0.000860571 247
0.000870058 280
0.000888328 313
0.000914142 343
0.000926316 372
0.000936358 400
0.0009475 426
0.000957265 456
0.000968031 482
0.00098183 507
0.000994915 532
0.00100458 557
0.00101336 580
0.00102543 602
0.00103659 623
0.00104823 644
0.0010603 666
0.0010739 686
0.00108626 706
0.0010987 724
0.00110993 742
0.0011213 759
0.00113017 775
0.00113926 790
0.00114865 805
0.00115782 821
0.00116685 836
0.00117593 850
0.00118498 869
0.00119343 883
0.00120368 896
0.00121606 915
0.00122821 928
0.00124111 940
0.00125228 959
0.00126321 973
0.00127261 986
0.0012837 1005
0.00129327 1018
0.00130196 1035
0.00131085 1046
0.00132058 1059
0.00133125 1070
0.00135542 1081
0.00135924 1091
0.00136487 1100
0.00137082 1110
0.00137897 1117
0.00138258 1124
0.0013861 1131
0.00139834 1137
0.00140518 1143
0.00140819 1148
0.00141348 1162
0.00141573 1168
0.00141874 1170
0.00142287 1185
0.0014313 1186
0.00143491 1187
0.0014387 1205
0.00144761 1206
0.00144981 1207
0.00145232 1208
0.00145705 1213
0.00147088 1217
0.00147751 1226
0.00150698 1231
0.00150893 1232
0.00151084 1233
0.00151291 1235
0.0015735 1236
0.00157897 1239
0.00158248 1240
0.00158421 1241
0.00158657 1242
0.00159524 1257
0.00162684 1260
0.00165085 1266
0.00165679 1267
0.00165822 1271
0.00167779 1274
0.00168435 1276
0.00168588 1280
0.00169703 1286
0.00171086 1288
0.00171272 1293
0.00171479 1297
0.0017486 1309
0.00177159 1317
0.00177442 1325
2 1325
