0 -121815
4.7e-08 -121006
1.6656e-05 -120251
3.731e-05 -119523
7.4886e-05 -118806
0.000102325 -118102
0.000142411 -117412
0.000181598 -116724
0.000219591 -116044
0.000265419 -115366
0.000309495 -114689
0.000352206 -114012
0.000395353 -113345
0.000442233 -112680
0.000485342 -112017
0.00052866 -111354
0.000584048 -110694
0.000633117 -110037
0.000678376 -109381
0.000721107 -108728
0.00076306 -108079
0.000804615 -107438
0.000843783 -106797
0.000884931 -106157
0.000924648 -105517
0.000964242 -104879
0.00100493 -104242
0.00104348 -103609
0.00108393 -102976
0.00112355 -102344
0.00116297 -101717
0.0012039 -101090
0.00124155 -100465
0.00128236 -99840
0.00132239 -99215
0.00136293 -98592
0.00140227 -97971
0.00144274 -97352
0.0014831 -96735
0.00152335 -96119
0.00156376 -95504
0.00160367 -94890
0.0016451 -94281
0.0016829 -93673
0.00174708 -93065
0.00178784 -92459
0.00182865 -91855
0.00186952 -91253
0.00190957 -90653
0.00195093 -90054
0.00199177 -89456
0.00203307 -88858
0.00207265 -88260
0.00211251 -87666
0.00215387 -87073
0.00219471 -86481
0.00223595 -85891
0.00227689 -85305
0.00231748 -84725
0.00235837 -84146
0.00239942 -83568
0.00243948 -82993
0.00249123 -82418
0.00253465 -81844
0.00257739 -81270
0.00261997 -80698
0.00266127 -80127
0.0027011 -79561
0.00273791 -78995
0.0027799 -78430
0.00282281 -77866
0.00286534 -77302
0.00290725 -76738
0.00294142 -76175
0.00298415 -75613
0.00302661 -75052
0.0030677 -74491
0.00311392 -73931
0.00315922 -73374
0.00320128 -72823
0.00324352 -72272
0.0032899 -71722
0.00333313 -71173
0.00337543 -70624
0.00341798 -70076
0.00346108 -69529
0.00350423 -68983
0.00354818 -68438
0.00359066 -67896
0.00363394 -67354
0.00367982 -66814
0.00372536 -66274
0.00376655 -65739
0.00381716 -65206
0.00387434 -64673
0.0039288 -64142
0.00397491 -63612
0.00406218 -63082
0.0041252 -62553
0.00418948 -62026
0.00425307 -61500
0.00431525 -60975
0.00439089 -60451
0.00445005 -59927
0.00450721 -59405
0.00456358 -58885
0.00461279 -58365
0.00465685 -57848
0.00470081 -57332
0.0047448 -56817
0.00478759 -56302
0.00483012 -55788
0.0048887 -55275
0.00494661 -54762
0.00499293 -54252
0.00503321 -53744
0.00507551 -53236
0.00513252 -52729
0.00517586 -52223
0.00522256 -51718
0.00526561 -51213
0.00530831 -50709
0.00535081 -50205
0.00539326 -49708
0.00543605 -49212
0.00547871 -48717
0.00551977 -48224
0.00556476 -47732
0.00560899 -47240
0.00565997 -46750
0.00570256 -46264
0.00574712 -45779
0.0057918 -45294
0.00583634 -44809
0.00588054 -44326
0.00592507 -43843
0.00596911 -43361
0.00601343 -42879
0.0060569 -42399
0.00610082 -41921
0.00614525 -41445
0.00618937 -40971
0.00623136 -40498
0.00628436 -40026
0.0063289 -39555
0.00637307 -39086
0.00641693 -38619
0.00645574 -38154
0.00649753 -37689
0.0065404 -37225
0.00658384 -36767
0.00662767 -36309
0.00667158 -35852
0.00671344 -35396
0.0067568 -34940
0.00679823 -34488
0.00683807 -34037
0.00687791 -33586
0.00694358 -33138
0.0069878 -32692
0.00703173 -32251
0.00708375 -31811
0.00713099 -31374
0.00717898 -30939
0.00722349 -30504
0.00726798 -30070
0.00731169 -29638
0.00735463 -29210
0.00739951 -28787
0.00744625 -28369
0.00749348 -27952
0.00754277 -27535
0.00759103 -27121
0.00763936 -26708
0.00768681 -26298
0.00773016 -25889
0.00777356 -25481
0.00782176 -25074
0.00787793 -24669
0.00792252 -24265
0.00797075 -23868
0.00801859 -23474
0.00807445 -23083
0.00811931 -22693
0.00818416 -22306
0.0082538 -21921
0.00831793 -21536
0.00837782 -21155
0.00843804 -20777
0.00848978 -20403
0.00854491 -20031
0.0085974 -19666
0.0086535 -19302
0.00870808 -18939
0.00876078 -18576
0.0088215 -18214
0.00888449 -17861
0.00894604 -17510
0.00901105 -17159
0.0090706 -16810
0.0091308 -16463
0.00919265 -16118
0.00925198 -15783
0.00931062 -15453
0.00937067 -15126
0.0094347 -14799
0.00950033 -14473
0.00957605 -14152
0.00965916 -13831
0.00976971 -13516
0.00998437 -13202
0.0101322 -12891
0.0102886 -12588
0.0104601 -12286
0.0105994 -11986
0.010833 -11686
0.0109933 -11389
0.011139 -11093
0.0112776 -10808
0.011413 -10523
0.0115454 -10240
0.0116724 -9958
0.0117968 -9677
0.011927 -9397
0.0120912 -9120
0.0122471 -8848
0.0124077 -8586
0.0125538 -8326
0.0126945 -8068
0.012835 -7810
0.0129749 -7558
0.0131129 -7306
0.0132466 -7062
0.0133825 -6819
0.0135375 -6586
0.0136803 -6359
0.0138218 -6133
0.0139641 -5910
0.0141157 -5690
0.0142801 -5473
0.0144312 -5261
0.0145804 -5056
0.0147353 -4854
0.014888 -4654
0.0150427 -4466
0.0151975 -4279
0.015353 -4099
0.0155043 -3920
0.0156542 -3743
0.0158022 -3568
0.0159565 -3398
0.0161218 -3235
0.0162785 -3074
0.0164323 -2915
0.0165971 -2758
0.0167413 -2609
0.0168778 -2463
0.0170222 -2318
0.0171533 -2175
0.017281 -2035
0.0174088 -1896
0.0175382 -1759
0.0176615 -1624
0.0177818 -1500
0.0178982 -1382
0.0180521 -1265
0.0181888 -1154
0.0183213 -1054
0.0184566 -957
0.0185748 -863
0.0186853 -772
0.0187906 -692
0.0188898 -613
0.0189833 -536
0.0190716 -459
0.0191579 -390
0.0192407 -323
0.0193221 -259
0.0194093 -196
0.0194892 -136
0.0195672 -83
0.0196424 -37
0.0197165 1
0.0197889 38
0.0198684 66
0.0199608 90
0.0200647 110
0.0201384 130
0.0202083 151
0.0202755 168
0.0203476 185
0.0204152 201
0.0204821 214
0.0205505 223
0.0206166 231
0.0206873 244
0.020761 255
0.0208326 263
0.0209022 270
0.0209708 276
0.0210365 281
0.0211031 283
0.0212154 285
0.0213 295
0.0213809 308
0.0214594 317
0.0215315 322
0.0215996 330
0.0216645 331
0.0217278 335
0.0218118 337
0.0218971 341
0.0219769 349
0.0220597 355
0.0221581 368
0.0222496 375
0.0223247 385
0.022398 389
0.0224701 401
0.0225415 412
0.0226139 427
0.0226906 437
0.0227626 438
0.0228366 451
0.0229125 456
0.0229846 465
0.0231292 468
0.0232002 471
0.023875 474
0.023947 478
0.0241344 483
0.0246214 487
0.0246931 491
0.0247647 492
0.0248399 493
0.0249121 508
0.0252021 513
0.0263714 516
0.0269244 519
0.027027 522
0.0299616 524
0.0300549 528
0.0301585 531
0.0302538 532
0.0393163 533
0.0396425 534
0.0397163 537
0.0397902 539
0.0582058 544
0.0621773 548
0.0622556 550
0.0625281 551
0.0731486 552
0.100533 554
0.100602 563
0.100755 564
0.101725 566
0.101817 579
0.101909 580
0.101992 587
0.102068 588
0.102214 594
2 594
