0 -120548
4.8e-08 -119782
1.7216e-05 -119017
4.7705e-05 -118257
9.2017e-05 -117501
0.000144459 -116764
0.000192722 -116039
0.000238285 -115320
0.000315114 -114608
0.000365831 -113899
0.000411243 -113191
0.000462253 -112495
0.000515614 -111801
0.00055969 -111112
0.000602344 -110424
0.000658215 -109738
0.000701637 -109053
0.00074198 -108369
0.000784558 -107687
0.000826928 -107007
0.000867318 -106332
0.000910096 -105662
0.000952485 -104994
0.000994808 -104329
0.00103694 -103668
0.00107905 -103015
0.00111809 -102362
0.00116049 -101710
0.00120239 -101061
0.00124383 -100415
0.00128625 -99770
0.00132815 -99127
0.00137045 -98494
0.0014127 -97866
0.00146111 -97240
0.00150402 -96617
0.00154675 -95997
0.00158988 -95377
0.00163247 -94757
0.00167482 -94137
0.00171741 -93519
0.00176063 -92906
0.00180434 -92293
0.00184769 -91682
0.00189151 -91073
0.00194849 -90469
0.00200279 -89865
0.00205771 -89261
0.00211343 -88657
0.00216919 -88053
0.00222391 -87451
0.00227864 -86849
0.00233225 -86250
0.00238573 -85651
0.00244599 -85053
0.00250231 -84455
0.00257583 -83859
0.00263192 -83264
0.00268761 -82672
0.00274221 -82080
0.00279474 -81492
0.00283878 -80905
0.00288856 -80318
0.00293402 -79736
0.00299178 -79154
0.00305328 -78579
0.00310886 -78004
0.0031671 -77430
0.00321382 -76858
0.0032575 -76287
0.00329855 -75716
0.00334257 -75146
0.00339044 -74578
0.00343378 -74010
0.00347852 -73445
0.00352397 -72881
0.00356868 -72318
0.00361191 -71755
0.00365648 -71193
0.00370046 -70632
0.00374241 -70073
0.00378644 -69514
0.00383124 -68955
0.00387379 -68398
0.00391974 -67843
0.00396234 -67288
0.00400657 -66735
0.00405139 -66182
0.00410222 -65633
0.00414624 -65084
0.00419066 -64537
0.00423473 -63991
0.00429937 -63445
0.00435003 -62903
0.00439441 -62364
0.00444887 -61829
0.00449268 -61294
0.00453685 -60759
0.00458149 -60227
0.004626 -59696
0.00467001 -59165
0.00471198 -58635
0.00475466 -58108
0.00479896 -57584
0.00484303 -57060
0.00488769 -56537
0.00493132 -56016
0.00497678 -55496
0.00502057 -54979
0.00506551 -54462
0.00510681 -53946
0.00515148 -53431
0.00520688 -52916
0.00525545 -52402
0.00530167 -51888
0.00534684 -51376
0.00539223 -50866
0.00543766 -50358
0.00548287 -49853
0.00552821 -49350
0.00557304 -48847
0.00561779 -48346
0.00566034 -47849
0.00571923 -47354
0.00576295 -46861
0.00580344 -46369
0.00584662 -45877
0.00589063 -45390
0.00593213 -44904
0.00598103 -44418
0.00602446 -43932
0.00606791 -43448
0.00611207 -42965
0.0061522 -42487
0.00620261 -42015
0.00624849 -41543
0.00629374 -41074
0.00635081 -40605
0.00640236 -40138
0.00645141 -39673
0.00649675 -39210
0.00654309 -38747
0.00658696 -38286
0.00663363 -37826
0.00668057 -37367
0.00672706 -36908
0.00677239 -36451
0.00681978 -35994
0.00686664 -35538
0.00691437 -35083
0.00696449 -34633
0.00701352 -34185
0.00706236 -33741
0.00711322 -33298
0.00716921 -32859
0.00723596 -32420
0.00730411 -31981
0.00735887 -31543
0.00741041 -31109
0.00746643 -30675
0.00753263 -30243
0.0075933 -29814
0.00765475 -29387
0.0077176 -28962
0.00778248 -28542
0.00783726 -28123
0.00788649 -27705
0.00794333 -27288
0.00800132 -26872
0.00805675 -26457
0.00812531 -26043
0.00822003 -25631
0.00840491 -25229
0.00853377 -24829
0.00862692 -24431
0.0086996 -24033
0.00877107 -23636
0.00882796 -23241
0.00888241 -22847
0.00893729 -22455
0.00909971 -22067
0.00922033 -21680
0.00930514 -21303
0.00937327 -20930
0.00943314 -20558
0.00948529 -20186
0.00953328 -19815
0.00958032 -19449
0.00962553 -19089
0.00967553 -18732
0.00972514 -18375
0.00977438 -18020
0.00982702 -17670
0.0098803 -17320
0.00993458 -16972
0.0099861 -16630
0.0100446 -16288
0.0101061 -15948
0.0101674 -15608
0.0102307 -15270
0.0102974 -14936
0.0103623 -14609
0.0104252 -14284
0.0104847 -13962
0.0105453 -13650
0.0106205 -13340
0.0106951 -13032
0.0107708 -12724
0.010853 -12425
0.0109279 -12129
0.0110007 -11834
0.0110745 -11540
0.0111516 -11246
0.0112302 -10959
0.011309 -10676
0.0113937 -10393
0.0114799 -10113
0.0115698 -9841
0.0116488 -9573
0.0117432 -9310
0.011842 -9050
0.0119497 -8793
0.0120715 -8540
0.0121705 -8290
0.0123117 -8041
0.0124432 -7793
0.0125781 -7547
0.0127056 -7303
0.0128189 -7059
0.0129279 -6818
0.0130444 -6582
0.013161 -6348
0.0132734 -6120
0.0133886 -5893
0.0135056 -5674
0.013619 -5461
0.0137304 -5254
0.0138589 -5050
0.0139918 -4847
0.0141226 -4648
0.0142508 -4451
0.0143811 -4256
0.0145413 -4064
0.0147138 -3873
0.0148886 -3694
0.0150628 -3521
0.0152395 -3357
0.0154088 -3193
0.0155768 -3029
0.0157413 -2870
0.0159052 -2713
0.0160768 -2556
0.0162409 -2405
0.0165159 -2257
0.0166952 -2113
0.0168671 -1972
0.0170339 -1848
0.01721 -1727
0.0173968 -1606
0.0175651 -1488
0.0177249 -1374
0.0178828 -1260
0.0180372 -1152
0.0181874 -1045
0.0183259 -947
0.018442 -855
0.0185685 -771
0.0186883 -687
0.0187979 -606
0.0188974 -529
0.0189931 -454
0.0190935 -380
0.0191861 -312
0.0192763 -255
0.0193882 -201
0.0195211 -147
0.0196238 -98
0.0197177 -54
0.0197998 -15
0.0198758 24
0.0199518 57
0.0200225 87
0.0201007 110
0.0202 128
0.0203035 145
0.020399 160
0.0204725 173
0.0205396 196
0.0206089 212
0.0206762 224
0.0207464 233
0.0208162 241
0.0208846 249
0.0209512 256
0.0210199 260
0.0210912 269
0.0211614 274
0.0212314 286
0.0213012 298
0.0213718 310
0.0214394 317
0.0215067 340
0.021577 349
0.0216449 355
0.0217153 356
0.0218497 364
0.021919 369
0.0219882 387
0.022074 402
0.0221551 416
0.0222276 429
0.0223046 438
0.0223777 444
0.0224536 448
0.022525 450
0.0225928 451
0.0226739 458
0.0228265 464
0.0229013 469
0.0229866 480
0.0231637 481
0.0232531 484
0.0233423 490
0.0234238 491
0.0234983 499
0.0235698 500
0.0236451 507
0.0237155 510
0.0237858 526
0.023953 531
0.0241396 535
0.0243227 538
0.0244047 546
0.0244965 554
0.0246578 559
0.0293642 560
0.0294613 573
0.0295363 580
0.0297282 586
0.029822 588
0.0305244 597
0.0359203 598
0.0360101 599
0.0366662 605
0.0368806 611
0.0369594 613
0.0380903 614
0.0381665 619
0.0383778 622
0.0385852 624
2 624
