0 -2290
5.9e-08 -2128
7.177e-06 -1982
1.2818e-05 -1851
1.8944e-05 -1736
2.3266e-05 -1624
3.4627e-05 -1517
4.6691e-05 -1416
5.5594e-05 -1317
6.281e-05 -1221
6.8481e-05 -1134
7.4835e-05 -1052
8.0714e-05 -971
8.6939e-05 -894
9.3224e-05 -818
9.9965e-05 -745
0.000105884 -674
0.000111336 -603
0.0001177 -532
0.000123886 -469
0.000129467 -407
0.000135604 -346
0.0001417 -286
0.000148074 -226
0.000154082 -167
0.000160516 -115
0.000166483 -64
0.000172679 -19
0.000178617 25
0.000184347 67
0.000190533 108
0.000196144 148
0.000201358 188
0.000206989 224
0.000213254 260
0.000219123 294
0.000224525 327
0.000231445 360
0.000237363 392
0.000243053 423
0.000249249 454
0.000254711 483
0.000261016 511
0.000266697 536
0.000272357 560
0.000278642 582
0.000285294 602
0.000288139 622
0.000290141 639
0.000293601 656
0.000296972 681
0.000302374 697
0.000304208 713
0.000306151 726
0.000309532 737
0.000313507 750
0.00031889 771
0.000320595 782
0.000322816 792
0.000326384 801
0.000327851 805
0.000329874 808
0.0003326 829
0.000338112 832
0.000340114 834
0.000342206 836
0.000343951 845
0.000352991 867
0.000360704 882
0.000373492 884
0.000378231 886
0.000380312 888
0.000458984 890
0.000549234 893
0.000719168 894
0.000926246 901
0.0012569 905
2 905
