0 -16898
4.7e-08 -16579
2.6657e-05 -16274
4.106e-05 -15994
5.0458e-05 -15722
5.8121e-05 -15458
9.4072e-05 -15197
0.000122841 -14939
0.000163298 -14682
0.000209872 -14428
0.000243297 -14176
0.000267871 -13927
0.000290936 -13684
0.000311174 -13449
0.000332081 -13220
0.000356108 -12993
0.000376572 -12768
0.000396763 -12545
0.000415935 -12322
0.000435758 -12102
0.000458051 -11886
0.000475141 -11672
0.000495162 -11463
0.000514193 -11255
0.000534864 -11053
0.000599122 -10853
0.000651719 -10654
0.000686605 -10457
0.00071165 -10260
0.000732755 -10064
0.000753813 -9873
0.000790038 -9683
0.000812396 -9501
0.000832398 -9323
0.000853607 -9146
0.00087705 -8970
0.00089544 -8795
0.000914302 -8620
0.000935746 -8445
0.000957435 -8271
0.000975119 -8102
0.000992302 -7937
0.00101104 -7773
0.00102876 -7613
0.00104899 -7454
0.00106827 -7297
0.0010858 -7141
0.00110139 -6986
0.00111838 -6831
0.00113796 -6679
0.00115401 -6528
0.00117584 -6379
0.0011927 -6237
0.00121652 -6096
0.00123725 -5955
0.00125625 -5815
0.0012722 -5678
0.00128896 -5542
0.00130502 -5406
0.00132547 -5274
0.00134845 -5144
0.00136864 -5017
0.0013895 -4891
0.00140988 -4765
0.00142832 -4640
0.00144592 -4515
0.00146328 -4394
0.00148315 -4276
0.00150191 -4158
0.00151958 -4041
0.00153864 -3928
0.00156676 -3819
0.00158561 -3710
0.00160499 -3602
0.0016213 -3495
0.00163636 -3391
0.00165606 -3288
0.0016734 -3185
0.00169063 -3086
0.00170935 -2990
0.00172661 -2896
0.00174403 -2802
0.00176185 -2709
0.00177684 -2619
0.00179539 -2530
0.0018123 -2441
0.00182855 -2353
0.00184295 -2266
0.00185833 -2180
0.00187598 -2098
0.00189095 -2017
0.00190489 -1936
0.0019209 -1858
0.00193687 -1782
0.00195322 -1706
0.00196934 -1631
0.0019918 -1556
0.00200889 -1482
0.00202627 -1408
0.00204338 -1334
0.00205985 -1261
0.00207631 -1191
0.00209422 -1122
0.00212062 -1055
0.00214069 -989
0.002161 -924
0.00217552 -859
0.00219131 -794
0.00220744 -730
0.00222186 -666
0.00223723 -604
0.00225771 -542
0.00227968 -481
0.00229493 -420
0.0023103 -360
0.0023284 -301
0.00234326 -243
0.00235946 -194
0.0023752 -145
0.00238958 -96
0.00240492 -48
0.00242013 0
0.00243594 45
0.00245141 90
0.00246508 131
0.0024804 172
0.00249561 211
0.00251206 250
0.00252659 287
0.00254618 322
0.00256101 357
0.0025758 387
0.00259405 415
0.0026107 442
0.00262562 468
0.0026425 494
0.00265927 518
0.00267592 544
0.00269319 567
0.00270829 598
0.00272355 621
0.00273931 644
0.00275679 666
0.00277294 687
0.00278856 708
0.00280293 727
0.00281718 746
0.00283104 765
0.00284752 797
0.00286394 817
0.00288063 840
0.00289531 858
0.0029111 885
0.00292609 905
0.00294272 931
0.00295726 952
0.00297362 970
0.00298925 999
0.00300754 1016
0.00302396 1032
0.00303842 1048
0.0030542 1069
0.00306973 1088
0.00309084 1104
0.00310648 1120
0.00312065 1141
0.00313642 1157
0.00315156 1172
0.00316661 1189
0.00318012 1206
0.00319558 1230
0.00321153 1246
0.00323127 1260
0.00327265 1274
0.00330324 1290
0.00332029 1304
0.00333673 1320
0.00335395 1334
0.00336995 1347
0.00338621 1360
0.00340044 1372
0.00341539 1384
0.00343062 1400
0.00346834 1417
0.00349534 1429
0.00351259 1442
0.00352998 1453
0.00355025 1466
0.00356506 1477
0.00358069 1487
0.00359498 1503
0.00360949 1515
0.00362478 1533
0.00365156 1542
0.00368889 1551
0.00373547 1574
0.00376019 1590
0.00377989 1605
0.00379993 1611
0.0038053 1617
0.00381257 1623
0.00382187 1628
0.00382968 1632
0.00383952 1645
0.00385095 1648
0.0038543 1650
0.00386049 1652
0.00386624 1653
0.00387399 1675
0.00388733 1680
0.0038918 1682
0.00389432 1683
0.00390039 1699
0.0039236 1702
0.00393045 1708
0.00393308 1709
0.00394687 1716
0.00395521 1718
0.00404497 1723
0.00409913 1725
0.00410346 1727
0.00411127 1728
0.00412467 1734
0.00441458 1737
0.00446764 1739
0.00449591 1743
0.00449979 1745
0.00450375 1747
0.00450852 1748
0.00459823 1761
0.00462566 1765
0.0046301 1769
0.0046326 1771
0.00463923 1775
0.00464858 1778
0.00494963 1779
0.00574285 1782
0.00574783 1784
0.00574996 1786
0.0057527 1788
0.00685779 1790
0.00686316 1792
0.00686958 1793
0.00687433 1798
0.0068991 1799
0.00690256 1803
0.00690523 1805
2 1805
