0 -52430
4.7e-08 -51844
6.635e-05 -51267
0.000154936 -50715
0.00027213 -50182
0.000462424 -49649
0.000671155 -49119
0.000862872 -48594
0.00105842 -48083
0.00127524 -47576
0.00148088 -47072
0.00171553 -46582
0.0019153 -46107
0.00211338 -45636
0.00230428 -45167
0.0025119 -44701
0.00271386 -44240
0.00291196 -43783
0.00310709 -43335
0.00330059 -42887
0.00349129 -42445
0.00368842 -42006
0.0038762 -41568
0.00406272 -41135
0.00423903 -40714
0.00441102 -40296
0.00457738 -39879
0.00477783 -39466
0.00495194 -39055
0.00512237 -38648
0.00528845 -38243
0.00546035 -37838
0.00562167 -37434
0.00578656 -37030
0.00594817 -36628
0.00610608 -36230
0.00626098 -35837
0.00641342 -35448
0.00656365 -35062
0.00672555 -34678
0.00687394 -34303
0.00701954 -33933
0.0071666 -33563
0.00732587 -33194
0.00749712 -32825
0.00766129 -32457
0.00782102 -32091
0.00797761 -31726
0.00813044 -31363
0.00827882 -31002
0.00842948 -30645
0.00857242 -30288
0.00875393 -29932
0.00890809 -29583
0.00905716 -29236
0.00921229 -28889
0.00937683 -28544
0.00951836 -28203
0.00965555 -27863
0.00978978 -27527
0.00992333 -27196
0.0100534 -26867
0.0101817 -26539
0.0103084 -26213
0.0104334 -25888
0.0105576 -25563
0.0106808 -25238
0.0108003 -24916
0.0109184 -24596
0.0110358 -24280
0.0111818 -23966
0.0113258 -23658
0.0114648 -23351
0.0115995 -23046
0.0117307 -22746
0.0118571 -22450
0.0119791 -22155
0.0120994 -21865
0.0122157 -21579
0.0123302 -21294
0.0124496 -21016
0.0126093 -20739
0.0127567 -20464
0.012901 -20189
0.0130418 -19914
0.0131749 -19643
0.0133064 -19376
0.0134281 -19119
0.0135449 -18864
0.0136555 -18610
0.0137627 -18357
0.0138683 -18105
0.0139706 -17854
0.0140705 -17604
0.0141681 -17356
0.0142669 -17109
0.0143603 -16863
0.0144524 -16618
0.014541 -16375
0.0146262 -16136
0.0147122 -15898
0.0147966 -15660
0.0149006 -15423
0.0150236 -15188
0.0151428 -14953
0.01526 -14721
0.0153692 -14491
0.0154722 -14263
0.0155693 -14036
0.0156616 -13809
0.0157503 -13583
0.0158327 -13357
0.0159135 -13132
0.0159937 -12909
0.0160701 -12688
0.0161425 -12472
0.0162095 -12257
0.0163022 -12045
0.0164229 -11835
0.0165342 -11627
0.0166842 -11420
0.0168033 -11215
0.0169032 -11015
0.0169937 -10815
0.0170769 -10615
0.0171531 -10421
0.0172248 -10227
0.0172908 -10034
0.0173572 -9843
0.0174308 -9653
0.0174955 -9463
0.0175581 -9275
0.0176141 -9087
0.0176684 -8901
0.0177263 -8718
0.0177795 -8537
0.0178375 -8360
0.0178978 -8183
0.0179548 -8006
0.0180106 -7832
0.0180605 -7658
0.0181152 -7491
0.0181695 -7327
0.0182236 -7168
0.0182737 -7009
0.0183274 -6851
0.0183803 -6697
0.0184308 -6548
0.0184861 -6400
0.0185447 -6253
0.0185992 -6107
0.0186829 -5963
0.0187853 -5819
0.0188791 -5675
0.0189677 -5532
0.0190701 -5392
0.0191647 -5253
0.0192491 -5115
0.0193268 -4977
0.0193993 -4840
0.0194658 -4704
0.0195234 -4569
0.0195743 -4434
0.0196225 -4299
0.0196681 -4166
0.0197147 -4035
0.0197648 -3908
0.0198198 -3790
0.0198726 -3672
0.0199229 -3556
0.0199695 -3443
0.0200181 -3331
0.0200732 -3219
0.0201272 -3109
0.0201861 -2999
0.020242 -2889
0.0202995 -2779
0.0203575 -2670
0.0204231 -2562
0.0204787 -2454
0.0205501 -2347
0.0206508 -2241
0.0207437 -2137
0.0208283 -2035
0.0209042 -1937
0.020976 -1840
0.0210426 -1750
0.0211058 -1660
0.0211648 -1571
0.02122 -1482
0.0212777 -1396
0.0213357 -1314
0.0213934 -1233
0.021461 -1152
0.0215165 -1073
0.0215719 -999
0.0216256 -927
0.0216785 -861
0.0217312 -796
0.0217864 -733
0.0218375 -670
0.0218923 -611
0.0219476 -554
0.022004 -498
0.0221004 -442
0.0221838 -386
0.0222582 -333
0.022326 -282
0.0223893 -233
0.0224592 -185
0.0225186 -138
0.0225748 -92
0.022632 -51
0.0226845 -11
0.0227323 28
0.0227808 66
0.0228326 102
0.0228876 138
0.022943 174
0.0230013 208
0.0230518 242
0.0231027 275
0.0231536 307
0.0232024 339
0.023255 371
0.0233088 402
0.0233607 432
0.0234123 462
0.0234633 491
0.023513 518
0.0235633 545
0.0236135 571
0.0236645 599
0.023716 624
0.0237654 649
0.0238166 674
0.0238696 697
0.023924 720
0.0239746 748
0.0240245 774
0.0240764 796
0.0241242 818
0.0241695 844
0.0242206 866
0.0242709 888
0.0243424 912
0.0244197 936
0.0244878 954
0.0245519 972
0.0246477 989
0.0247211 1011
0.0247886 1031
0.0248493 1051
0.0249054 1071
0.02496 1088
0.0250113 1104
0.0250598 1122
0.0251202 1137
0.0251695 1155
0.0252184 1170
0.0252683 1193
0.0253192 1215
0.0253709 1229
0.0254198 1252
0.0254678 1266
0.0255176 1279
0.0255691 1290
0.0256205 1301
0.0256748 1312
0.0257265 1326
0.025781 1337
0.0258347 1346
0.0258873 1364
0.0259405 1372
0.0259881 1380
0.0260382 1389
0.0261052 1399
0.0261659 1409
0.0262451 1418
0.0263206 1431
0.0263885 1440
0.0264507 1450
0.0265113 1463
0.0265673 1487
0.0266187 1499
0.0266721 1517
0.0267195 1530
0.0267667 1542
0.0268172 1552
0.0268657 1567
0.0269197 1584
0.0269738 1595
0.0270283 1604
0.0270866 1611
0.0271429 1617
0.0271988 1623
0.0272528 1628
0.0273104 1635
0.0273645 1640
0.0274197 1645
0.0274716 1650
0.0275234 1655
0.0275688 1662
0.0276197 1676
0.0276747 1682
0.0277285 1689
0.0277937 1694
0.0278744 1698
0.0279484 1715
0.0280158 1720
0.0280864 1730
0.0281512 1734
0.028208 1748
0.0282645 1764
0.0283178 1772
0.0283829 1776
0.0284359 1786
0.0284877 1791
0.0285406 1794
0.0286154 1799
0.028674 1802
0.0287282 1813
0.028784 1826
0.0288379 1838
0.0288927 1842
0.0289459 1849
0.0289965 1855
0.0290455 1865
0.0290966 1878
0.0291517 1883
0.0292086 1886
0.0292682 1896
0.0293266 1900
0.0293811 1908
0.0294373 1910
0.0294975 1921
0.0295384 1933
0.0295925 1943
0.0296028 1946
0.0296263 1958
0.0296518 1959
0.0297636 1964
0.0297815 1968
0.0298076 1974
0.0299263 1979
0.0300111 1982
0.0301693 1991
0.0302408 1995
0.0302515 1999
0.0302795 2001
0.0302873 2002
0.0303425 2014
0.0306616 2019
0.0306661 2024
0.0309033 2026
0.030927 2031
0.0309938 2036
0.0313218 2040
0.0313888 2049
0.0314465 2054
0.0315775 2057
0.0315895 2059
0.0316946 2064
0.0317595 2077
0.0318299 2081
0.0321983 2083
0.0330376 2085
0.0335162 2090
0.0339234 2091
0.0339522 2092
0.0339857 2095
0.0366872 2096
0.0367109 2099
0.0376825 2101
0.0377841 2102
0.0377897 2109
0.0463038 2115
0.0478609 2117
0.0478973 2122
0.0479031 2128
0.0486903 2131
0.0487487 2132
0.0526442 2136
0.057535 2151
0.057549 2153
0.058521 2154
0.058543 2156
2 2156
