0 -5671
5.7e-08 -5443
5.507e-06 -5223
9.498e-06 -5007
1.4374e-05 -4802
2.0568e-05 -4598
2.9783e-05 -4407
3.5102e-05 -4219
4.3969e-05 -4037
4.9099e-05 -3870
5.4747e-05 -3703
5.8973e-05 -3537
6.3058e-05 -3373
6.8028e-05 -3229
7.2989e-05 -3089
7.8016e-05 -2951
8.2713e-05 -2819
8.7768e-05 -2692
9.286e-05 -2569
9.9261e-05 -2450
0.000107592 -2333
0.000112976 -2221
0.000117833 -2109
0.000123057 -1997
0.000128234 -1890
0.000132847 -1785
0.000137864 -1681
0.000143964 -1584
0.000148623 -1490
0.000154186 -1397
0.00015989 -1304
0.000164493 -1215
0.000169671 -1126
0.000174415 -1043
0.000179357 -963
0.000184939 -886
0.000190944 -813
0.000197289 -740
0.000203558 -670
0.000208942 -600
0.000214637 -534
0.000220021 -474
0.000225415 -415
0.000231044 -357
0.000237473 -299
0.000243629 -247
0.000249616 -200
0.000256214 -154
0.000261796 -112
0.000268395 -71
0.000274871 -30
0.000281874 9
0.000287692 48
0.000292963 80
0.000298055 109
0.000304296 137
0.000310283 164
0.000315771 187
0.000321409 210
0.000327603 232
0.000332997 252
0.000338146 272
0.000342749 295
0.0003485 315
0.000354477 335
0.000360059 354
0.00036534 377
0.000371562 393
0.000377144 408
0.000381286 422
0.000386557 441
0.000391734 451
0.000416669 461
0.000425094 470
0.000430328 478
0.000436013 488
0.000441539 500
0.00044745 507
0.000453521 523
0.0004582 543
0.000463358 548
0.000469382 554
0.00047487 564
0.000481798 582
0.000486637 588
0.000491635 595
0.000497029 600
0.000502036 607
0.000506451 622
0.000518086 638
0.000526473 644
0.000531094 657
0.000536723 660
0.000539557 663
0.000544602 675
0.000551276 682
0.000556058 689
0.000584372 699
0.000596656 704
0.000673062 712
0.000679124 713
0.000688001 714
0.000691465 716
0.000698515 724
0.000773932 726
0.000776832 728
0.000778197 729
0.00091077 737
2 737
