0 -219444
5.7e-08 -218372
1.4715e-05 -217309
3.3907e-05 -216256
5.8434e-05 -215237
9.0541e-05 -214223
0.000121629 -213209
0.000154027 -212195
0.000192195 -211182
0.000234284 -210176
0.000274648 -209181
0.000327134 -208190
0.000373682 -207202
0.000417609 -206216
0.000459434 -205233
0.000499939 -204255
0.00053953 -203281
0.000579272 -202312
0.000618919 -201345
0.000658227 -200382
0.000697375 -199421
0.0007364 -198460
0.000775181 -197505
0.000813706 -196553
0.000852015 -195601
0.000890305 -194652
0.000928812 -193707
0.000967507 -192764
0.00100578 -191822
0.00104385 -190881
0.00108176 -189941
0.00111983 -189001
0.00115792 -188062
0.00119592 -187125
0.00123829 -186189
0.00127685 -185254
0.0013155 -184320
0.00135418 -183387
0.00139278 -182457
0.00143132 -181528
0.00146998 -180601
0.00150878 -179675
0.00154751 -178749
0.00158622 -177833
0.0016247 -176917
0.00166315 -176002
0.00170176 -175087
0.00174037 -174174
0.00177907 -173262
0.00181794 -172352
0.00185662 -171444
0.0018954 -170537
0.00193447 -169631
0.00197365 -168726
0.00201241 -167823
0.00205107 -166921
0.00209014 -166019
0.00212918 -165118
0.00217129 -164218
0.00222312 -163318
0.0022875 -162419
0.00232943 -161524
0.00236995 -160632
0.00240985 -159742
0.00244935 -158852
0.00248898 -157966
0.00252936 -157080
0.00256954 -156195
0.00260977 -155310
0.00264983 -154426
0.00269431 -153543
0.00273417 -152663
0.00277461 -151784
0.00281367 -150907
0.0028527 -150032
0.00290014 -149158
0.0029399 -148285
0.00298089 -147413
0.0030199 -146542
0.00305886 -145672
0.00309783 -144804
0.00314037 -143937
0.00317868 -143072
0.00321738 -142207
0.00325604 -141345
0.00330353 -140484
0.00334496 -139624
0.00338591 -138765
0.00342545 -137906
0.0034652 -137048
0.00350494 -136190
0.00354415 -135336
0.00358321 -134482
0.00362184 -133630
0.00366058 -132781
0.00369908 -131933
0.00373741 -131086
0.00377637 -130239
0.00381589 -129392
0.00385499 -128546
0.00389375 -127700
0.00393236 -126857
0.00397093 -126015
0.00400965 -125177
0.00404916 -124340
0.00410493 -123504
0.0041477 -122668
0.00418939 -121835
0.00423042 -121002
0.00427121 -120170
0.00431144 -119339
0.00435092 -118508
0.0043897 -117677
0.00442833 -116847
0.0044672 -116017
0.00450654 -115190
0.00454639 -114369
0.00458586 -113549
0.00462597 -112730
0.00466673 -111912
0.00470629 -111096
0.00474537 -110281
0.00478484 -109466
0.00482393 -108653
0.00486242 -107842
0.00490054 -107032
0.00493961 -106223
0.00497875 -105414
0.00502057 -104605
0.00506587 -103799
0.00510503 -102994
0.00514341 -102190
0.00518183 -101386
0.00522166 -100582
0.00526131 -99781
0.00530066 -98981
0.00533925 -98182
0.00537893 -97383
0.00541804 -96585
0.00545661 -95787
0.0054948 -94990
0.0055334 -94196
0.00557289 -93402
0.0056121 -92609
0.00565263 -91817
0.00569327 -91026
0.00573302 -90236
0.00577353 -89447
0.00581337 -88661
0.00585398 -87875
0.00589424 -87089
0.00593332 -86305
0.00598386 -85522
0.00602422 -84739
0.00606452 -83957
0.00610564 -83176
0.00614625 -82396
0.00618565 -81618
0.00622443 -80841
0.00626423 -80068
0.00630548 -79296
0.0063466 -78524
0.00638635 -77753
0.0064265 -76982
0.00646614 -76213
0.00650594 -75446
0.00654557 -74680
0.00658435 -73914
0.00662379 -73149
0.0066684 -72385
0.00670915 -71621
0.00674891 -70857
0.00679075 -70094
0.00683187 -69331
0.00687552 -68570
0.00692315 -67810
0.00696379 -67052
0.00700443 -66296
0.00704613 -65541
0.00708684 -64788
0.00712799 -64035
0.00717185 -63284
0.00721524 -62534
0.00725795 -61786
0.00730025 -61039
0.00734189 -60293
0.00738585 -59548
0.00743212 -58804
0.00747862 -58060
0.00752446 -57317
0.00756699 -56578
0.00761088 -55841
0.00765436 -55105
0.00769871 -54370
0.00774326 -53638
0.00778722 -52908
0.00783694 -52179
0.00789502 -51454
0.00794514 -50730
0.00799576 -50006
0.00804708 -49287
0.00809853 -48572
0.00814698 -47857
0.00819561 -47143
0.008245 -46430
0.00829468 -45717
0.0083461 -45010
0.00839732 -44303
0.00845055 -43601
0.00850256 -42899
0.00855457 -42200
0.00860478 -41502
0.00865903 -40813
0.00872804 -40124
0.00880608 -39435
0.00889129 -38749
0.00897781 -38067
0.00905656 -37386
0.00911767 -36705
0.00918568 -36032
0.00924738 -35361
0.00930321 -34692
0.00936024 -34023
0.00941673 -33357
0.00947558 -32691
0.00953628 -32032
0.00959526 -31377
0.00965651 -30724
0.00971962 -30074
0.009798 -29432
0.00986532 -28790
0.00993247 -28151
0.00999976 -27514
0.0100633 -26878
0.0101286 -26244
0.0101907 -25613
0.0102502 -24982
0.0103131 -24358
0.010387 -23741
0.0104648 -23124
0.010544 -22511
0.0106205 -21903
0.0107047 -21299
0.0107897 -20696
0.0109229 -20100
0.0110217 -19507
0.0111099 -18915
0.0111835 -18340
0.0112563 -17769
0.0113327 -17199
0.0114168 -16631
0.0115036 -16079
0.0115899 -15543
0.0116969 -15009
0.011803 -14475
0.0119075 -13942
0.0120125 -13420
0.0121251 -12898
0.0122229 -12383
0.0123217 -11873
0.0124239 -11374
0.0125284 -10881
0.0126436 -10404
0.0127615 -9946
0.0128811 -9491
0.0130065 -9038
0.013134 -8594
0.0132638 -8156
0.0133983 -7728
0.0135533 -7306
0.0136997 -6892
0.0138524 -6489
0.0140086 -6087
0.0141704 -5709
0.0143397 -5342
0.014515 -4978
0.0147134 -4623
0.0149404 -4278
0.0151412 -3962
0.0153445 -3653
0.0155609 -3346
0.0157693 -3054
0.0160053 -2768
0.0162252 -2509
0.0164471 -2261
0.0166628 -2022
0.0168772 -1790
0.0170891 -1564
0.0173061 -1357
0.0175294 -1170
0.0177337 -986
0.0179286 -827
0.0181148 -679
0.0182922 -536
0.0184624 -405
0.018623 -285
0.0187824 -191
0.0189963 -107
0.0191365 -37
0.0192718 12
0.0193901 40
0.0194986 63
0.0195982 69
0.0196885 78
0.0197926 89
0.0200867 117
0.0201759 120
0.0202843 122
0.0204865 126
0.0209064 131
0.021011 134
0.0211143 139
0.0212164 146
0.0214105 148
0.0227679 160
0.0228702 164
0.0231066 166
0.0233269 167
0.0234197 178
0.0398751 187
0.0748066 189
0.111539 191
2 191
