0 -5485
5.6e-08 -5256
5.017e-06 -5030
8.754e-06 -4825
1.3479e-05 -4630
1.9485e-05 -4436
2.3052e-05 -4245
3.0564e-05 -4067
4.1709e-05 -3895
4.7451e-05 -3725
5.3127e-05 -3556
5.8361e-05 -3394
6.367e-05 -3234
6.9186e-05 -3077
7.3403e-05 -2929
7.874e-05 -2782
8.3456e-05 -2638
8.9123e-05 -2507
9.4243e-05 -2378
9.9411e-05 -2251
0.000104795 -2127
0.000110283 -2004
0.000115526 -1882
0.000120958 -1766
0.000125683 -1658
0.000131961 -1551
0.000137826 -1447
0.00014401 -1352
0.000169482 -1257
0.000180787 -1165
0.00018683 -1075
0.000193222 -986
0.000198032 -904
0.000203595 -824
0.000208819 -751
0.000215098 -680
0.00022067 -610
0.00022692 -540
0.000233538 -471
0.000238809 -402
0.000244485 -343
0.000249888 -286
0.000254642 -229
0.000260271 -175
0.000265947 -121
0.000271397 -71
0.000277073 -26
0.00028338 17
0.000290666 59
0.000296398 97
0.000301745 133
0.000306451 169
0.000311723 205
0.000317258 238
0.000322821 268
0.000328779 296
0.00033262 322
0.000338004 349
0.00034368 374
0.000349205 393
0.000354976 410
0.000361132 424
0.000370131 447
0.000375496 460
0.000386189 473
0.000392091 490
0.000398022 507
0.00040302 518
0.000409355 532
0.000415389 543
0.000419907 554
0.000426082 563
0.00043236 571
0.000448372 578
0.000454726 585
0.000464271 591
0.000470907 605
0.000473477 610
0.000475642 618
0.000479623 619
0.000483398 623
0.000495051 627
0.000498666 630
0.000499814 634
0.000506686 638
0.000521389 661
0.00055875 667
0.000571109 670
0.000574385 672
0.00061552 673
0.000616348 676
0.000621883 682
0.000624584 683
0.000627757 688
0.00063316 691
0.00063395 693
0.00101362 695
0.00101633 702
0.00102707 707
0.00128118 708
2 708
