0 -16902
6.6e-08 -16590
2.5799e-05 -16291
4.3793e-05 -16004
6.6963e-05 -15719
8.6192e-05 -15442
0.000130561 -15180
0.000185486 -14932
0.000227875 -14691
0.000255786 -14452
0.000279681 -14215
0.000301908 -13978
0.000322014 -13741
0.000342666 -13507
0.000365166 -13280
0.00038448 -13059
0.000404539 -12839
0.000423174 -12622
0.000442828 -12410
0.000463867 -12201
0.000485151 -11993
0.000503635 -11785
0.000522714 -11579
0.000541915 -11382
0.000561021 -11187
0.000581608 -10992
0.000602223 -10799
0.000620792 -10607
0.000640436 -10416
0.000660787 -10227
0.000681996 -10039
0.000701234 -9854
0.000723027 -9671
0.000783948 -9490
0.000840995 -9310
0.000877115 -9133
0.000900794 -8959
0.000924208 -8786
0.000944814 -8614
0.000968803 -8442
0.000988409 -8270
0.00100882 -8098
0.00102766 -7929
0.00104647 -7764
0.00106728 -7601
0.00108641 -7440
0.00110569 -7280
0.00112561 -7122
0.00114523 -6964
0.00116431 -6809
0.00118301 -6656
0.00120092 -6508
0.0012224 -6361
0.00124288 -6215
0.00126151 -6069
0.00127874 -5927
0.00131443 -5786
0.00134178 -5646
0.00136288 -5506
0.00138176 -5368
0.00139875 -5230
0.00141661 -5092
0.00143369 -4955
0.00144913 -4820
0.00146759 -4689
0.00148793 -4560
0.00150491 -4431
0.00152337 -4302
0.00154104 -4179
0.0015613 -4058
0.00157775 -3939
0.00159606 -3827
0.0016121 -3717
0.00162867 -3608
0.00164629 -3499
0.00166388 -3391
0.00167955 -3286
0.00169566 -3186
0.00170976 -3087
0.00173148 -2988
0.00174855 -2889
0.00176983 -2792
0.00178597 -2701
0.00180342 -2612
0.00182143 -2523
0.00184108 -2434
0.00185736 -2348
0.00187267 -2262
0.0018892 -2177
0.00190717 -2092
0.00192383 -2010
0.00194017 -1928
0.00201203 -1847
0.00205555 -1768
0.00207832 -1690
0.00209773 -1613
0.00211489 -1537
0.00213119 -1463
0.00214408 -1390
0.00216086 -1318
0.00217788 -1246
0.00219269 -1175
0.00220957 -1107
0.00222604 -1040
0.0022419 -976
0.00225767 -913
0.00227383 -851
0.00229112 -789
0.0023095 -729
0.00232615 -669
0.00234133 -610
0.00235707 -552
0.00237239 -495
0.00238748 -440
0.00240471 -388
0.00242094 -338
0.00243556 -290
0.00244921 -243
0.00246563 -198
0.00248028 -154
0.00249576 -110
0.00251057 -67
0.00252603 -25
0.00254114 16
0.00255779 56
0.00257368 91
0.0025901 125
0.0026072 159
0.00262311 192
0.00264234 224
0.00265666 255
0.00267277 286
0.00268782 315
0.00270933 344
0.00272538 373
0.00274155 401
0.00275915 428
0.00277497 455
0.00278932 482
0.00280262 509
0.00281825 544
0.00283305 571
0.00284875 598
0.00286613 623
0.00288131 647
0.00289708 671
0.00291299 693
0.00292817 727
0.00294194 749
0.00296161 772
0.00297672 793
0.00298997 814
0.00300547 835
0.00302038 856
0.00303761 876
0.00305192 896
0.00306696 915
0.0030824 934
0.00309832 952
0.00311289 980
0.00312811 998
0.00314207 1016
0.00315711 1038
0.00317165 1056
0.00320288 1074
0.00322129 1102
0.00323753 1122
0.00325219 1139
0.00326712 1162
0.00328145 1178
0.00329652 1193
0.00330982 1207
0.00332486 1219
0.00333889 1230
0.00335362 1241
0.00336789 1255
0.0033836 1269
0.00339847 1285
0.00341355 1296
0.00342794 1306
0.003444 1328
0.00346028 1340
0.00347611 1350
0.00349141 1360
0.00350693 1370
0.00352298 1396
0.00354137 1406
0.00355606 1415
0.00357076 1428
0.00358694 1437
0.0036025 1448
0.00361838 1457
0.0036347 1466
0.00366705 1484
0.00367314 1493
0.00368457 1502
0.00369238 1517
0.00370935 1525
0.00371435 1533
0.0037207 1543
0.00373177 1551
0.00373554 1557
0.00374186 1567
0.00374972 1572
0.00375253 1576
0.00375911 1580
0.00376577 1583
0.00376824 1586
0.00377445 1588
0.00378185 1590
0.00379214 1597
0.00380307 1598
0.00380647 1599
0.00381228 1603
0.0038212 1618
0.00384485 1636
0.00385863 1644
0.00393356 1659
0.00395886 1660
0.00398314 1662
0.0039989 1665
0.00402052 1667
0.0040236 1669
0.00403447 1675
0.00407313 1700
0.00516526 1703
2 1703
