0 -16902
4.7e-08 -16590
2.6173e-05 -16291
4.4397e-05 -16004
6.7538e-05 -15719
8.677e-05 -15442
0.000127101 -15180
0.000181266 -14932
0.0002246 -14691
0.000254321 -14452
0.000279052 -14215
0.000301472 -13978
0.000367023 -13741
0.000414904 -13507
0.000451113 -13280
0.000479744 -13059
0.000504558 -12839
0.000530351 -12622
0.000554601 -12410
0.000577567 -12201
0.00060154 -11993
0.000622583 -11785
0.000643432 -11579
0.000664956 -11382
0.000686637 -11187
0.000709482 -10992
0.00073217 -10799
0.000753722 -10607
0.000776706 -10416
0.000799052 -10227
0.000822572 -10039
0.000844457 -9854
0.000867866 -9671
0.000893114 -9490
0.000913741 -9310
0.000937354 -9133
0.000960569 -8959
0.00098261 -8786
0.00100332 -8614
0.00103269 -8442
0.00105444 -8270
0.00107468 -8098
0.00109506 -7929
0.00111602 -7764
0.00113458 -7601
0.00115526 -7440
0.00117589 -7280
0.00119726 -7122
0.00122118 -6964
0.00127886 -6809
0.00130087 -6656
0.00132117 -6508
0.00134352 -6361
0.00136627 -6215
0.0013873 -6069
0.00140623 -5927
0.00142867 -5786
0.00144882 -5646
0.0014706 -5506
0.00149183 -5368
0.00151151 -5230
0.00153186 -5092
0.00155136 -4955
0.00156946 -4820
0.00158972 -4689
0.00161183 -4560
0.00163099 -4431
0.00165132 -4302
0.00167076 -4179
0.00169182 -4058
0.00170998 -3939
0.00172961 -3827
0.00174654 -3717
0.00176503 -3608
0.00178386 -3499
0.00180276 -3391
0.00181994 -3286
0.0018371 -3186
0.00185332 -3087
0.00187205 -2988
0.00188972 -2889
0.00190865 -2792
0.0019258 -2701
0.00194469 -2612
0.0019642 -2523
0.00198525 -2434
0.00200253 -2348
0.00202027 -2262
0.00203883 -2177
0.00205799 -2092
0.00207663 -2010
0.00209449 -1928
0.00211412 -1847
0.00213233 -1768
0.00215041 -1690
0.00218141 -1613
0.00220134 -1537
0.00221939 -1463
0.00223495 -1390
0.00225312 -1318
0.00227079 -1246
0.0022863 -1175
0.00230451 -1107
0.00232289 -1040
0.00234074 -976
0.00235848 -913
0.00237669 -851
0.00239586 -789
0.00241574 -729
0.00243463 -669
0.00245154 -610
0.00246902 -552
0.00248592 -495
0.00250239 -440
0.00252101 -388
0.00253898 -338
0.00255601 -290
0.00257232 -243
0.0025899 -198
0.00260633 -154
0.00262366 -110
0.00264074 -67
0.00265768 -25
0.00267493 16
0.00269965 56
0.00271892 91
0.00273767 125
0.00275545 159
0.00277448 192
0.00279629 224
0.00281373 255
0.00283196 286
0.00284943 315
0.00286765 344
0.00288575 373
0.00290392 401
0.00292309 428
0.00294122 455
0.00295655 482
0.00297325 509
0.00299158 544
0.00300899 571
0.00302654 598
0.00304582 623
0.00306283 647
0.00308393 671
0.00311041 693
0.00315263 727
0.00317932 749
0.0032058 772
0.00323092 793
0.00325019 814
0.00326812 835
0.00328468 856
0.00330372 876
0.00332096 896
0.00333715 915
0.00335416 934
0.00337274 952
0.00339014 980
0.00340636 998
0.00342217 1016
0.00343906 1038
0.00345621 1056
0.00347167 1074
0.00348965 1102
0.00350811 1122
0.00352547 1139
0.00354322 1162
0.00356059 1178
0.00358471 1193
0.00360427 1207
0.00362083 1219
0.00363752 1230
0.00365335 1241
0.00367839 1255
0.00370951 1269
0.00372892 1285
0.00374664 1296
0.00376387 1306
0.00378204 1328
0.00379982 1340
0.00381827 1350
0.00383507 1360
0.00385269 1370
0.00387032 1396
0.00389053 1406
0.00390819 1415
0.00392555 1428
0.0039438 1437
0.00396171 1448
0.0039798 1457
0.00399796 1466
0.00404287 1484
0.004049 1493
0.00406077 1502
0.00406947 1517
0.00408732 1525
0.0040923 1533
0.00409892 1543
0.00411075 1551
0.00411463 1557
0.00412134 1567
0.00412955 1572
0.00413249 1576
0.00413947 1580
0.00414688 1583
0.00414973 1586
0.0041563 1588
0.0041647 1590
0.0041799 1597
0.00419508 1598
0.00419929 1599
0.00420686 1603
0.00421845 1618
0.00424286 1636
0.00425738 1644
0.00433182 1659
0.00435696 1660
0.00438234 1662
0.0043981 1665
0.00442041 1667
0.00442368 1669
0.00443515 1675
0.00447527 1700
0.00570221 1703
2 1703
