0 -10434
6e-08 -10098
1.878e-05 -9778
5.3391e-05 -9478
9.6702e-05 -9223
0.000144583 -8985
0.000177823 -8752
0.000203134 -8533
0.000221994 -8314
0.000242235 -8098
0.000261125 -7883
0.000277995 -7671
0.000293996 -7462
0.000311986 -7254
0.000330646 -7053
0.000346147 -6855
0.000364907 -6671
0.000403558 -6490
0.000447759 -6310
0.000485249 -6132
0.00050686 -5961
0.0005238 -5790
0.000560641 -5621
0.000594452 -5454
0.000625062 -5289
0.000647383 -5127
0.000669513 -4967
0.000690604 -4808
0.000710214 -4652
0.000730114 -4496
0.000752065 -4342
0.000774195 -4191
0.000789806 -4041
0.000822336 -3896
0.000843857 -3761
0.000865367 -3627
0.000883667 -3494
0.000900268 -3365
0.000918578 -3240
0.000935378 -3119
0.000953909 -2998
0.000969899 -2878
0.000987759 -2764
0.00100125 -2652
0.00101689 -2541
0.00103063 -2432
0.00104425 -2325
0.00106314 -2221
0.00107916 -2122
0.00109476 -2027
0.00110911 -1933
0.00112462 -1839
0.00113951 -1746
0.00115631 -1655
0.00117229 -1565
0.00118802 -1479
0.00120366 -1397
0.00121899 -1316
0.00123089 -1236
0.00124566 -1156
0.00125847 -1083
0.00127245 -1011
0.0012845 -940
0.00130378 -874
0.00131806 -809
0.00133304 -746
0.00134688 -684
0.00136029 -622
0.00137294 -561
0.00138346 -503
0.00139561 -446
0.00140906 -391
0.00142369 -336
0.00143482 -283
0.00144912 -231
0.00146552 -179
0.00148167 -134
0.0014984 -89
0.00151577 -44
0.00153579 0
0.00155377 44
0.00156962 87
0.00158678 125
0.00160361 162
0.00162218 198
0.00164069 234
0.00165513 269
0.00166824 299
0.00170037 328
0.001716 356
0.00172933 383
0.00174313 410
0.00175617 435
0.00177053 460
0.00178455 493
0.00179758 514
0.00180856 535
0.00182032 559
0.0018325 578
0.00185172 597
0.00187099 616
0.00189026 634
0.00190747 652
0.00192703 668
0.00194492 685
0.00196472 701
0.0019818 721
0.00200073 743
0.0020197 759
0.0020362 781
0.00205451 800
0.00206729 818
0.00207767 841
0.00209108 863
0.00210376 878
0.00211528 892
0.00212803 906
0.00213958 919
0.00215049 944
0.00216338 974
0.00217698 987
0.00220447 998
0.00221876 1008
0.00223176 1016
0.00224657 1026
0.00226065 1039
0.00232157 1066
0.00234203 1091
0.00236159 1100
0.00237589 1110
0.00239354 1118
0.00239776 1126
0.00240321 1132
0.00241216 1158
0.00242844 1164
0.00243062 1169
0.00243461 1179
0.00244325 1180
0.0024511 1184
0.00245878 1189
0.00258471 1191
0.00261574 1193
0.00263034 1200
0.00272089 1208
0.00285689 1213
0.0028691 1221
2 1221
