0 -124930
7.6e-08 -124171
1.7606e-05 -123429
4.0976e-05 -122701
6.3511e-05 -121977
0.000101567 -121260
0.000132663 -120543
0.000181612 -119831
0.000234998 -119124
0.000279671 -118420
0.000336555 -117719
0.000383493 -117019
0.000426318 -116330
0.00046789 -115641
0.000508515 -114959
0.000550761 -114280
0.000591755 -113604
0.000632863 -112931
0.000680731 -112266
0.000724276 -111601
0.000771603 -110936
0.000819225 -110273
0.000860475 -109617
0.000901602 -108961
0.000942 -108307
0.000984966 -107656
0.00103209 -107007
0.00108001 -106361
0.0011393 -105716
0.00118048 -105073
0.00122226 -104436
0.00126394 -103800
0.00130525 -103166
0.00134719 -102535
0.00138846 -101906
0.00142978 -101282
0.00147867 -100662
0.00153052 -100043
0.00157218 -99424
0.00161348 -98807
0.00165477 -98192
0.00169791 -97578
0.00174708 -96965
0.00178917 -96352
0.00183091 -95742
0.00187894 -95132
0.00192372 -94522
0.00196623 -93913
0.00201208 -93305
0.00205305 -92699
0.00209597 -92096
0.00213842 -91493
0.0021781 -90891
0.00223533 -90291
0.00227765 -89692
0.00232385 -89100
0.00236612 -88511
0.00240772 -87922
0.00246532 -87334
0.00251367 -86746
0.00255526 -86161
0.00260348 -85577
0.00267642 -84996
0.002722 -84415
0.00276608 -83835
0.0028109 -83258
0.00285439 -82685
0.00289798 -82112
0.00294107 -81540
0.00298844 -80968
0.0030356 -80397
0.00308483 -79827
0.00312809 -79258
0.00317673 -78690
0.00323154 -78122
0.00328247 -77554
0.00332338 -76988
0.00336748 -76423
0.00341769 -75859
0.00346262 -75295
0.0035049 -74732
0.0035469 -74171
0.00358948 -73610
0.00363165 -73050
0.00367461 -72494
0.00371687 -71938
0.00377455 -71384
0.00381934 -70832
0.00386256 -70281
0.00390867 -69732
0.0039519 -69187
0.00400324 -68642
0.00404841 -68100
0.00409203 -67559
0.00415542 -67018
0.00419982 -66477
0.00424454 -65937
0.00428851 -65398
0.00433007 -64859
0.00437395 -64320
0.00441832 -63783
0.00445935 -63248
0.00451438 -62713
0.00455873 -62180
0.00461441 -61649
0.00465961 -61119
0.00471073 -60590
0.00475501 -60061
0.00480647 -59537
0.00485295 -59014
0.0048986 -58492
0.0049479 -57971
0.00499652 -57451
0.00504147 -56932
0.00508621 -56413
0.00514496 -55898
0.00519268 -55384
0.00523921 -54870
0.00528533 -54363
0.00533875 -53857
0.00538312 -53352
0.00542674 -52848
0.00547069 -52350
0.00551708 -51853
0.00557039 -51356
0.00562456 -50863
0.0056703 -50373
0.00571949 -49884
0.00576813 -49397
0.00582943 -48910
0.00587238 -48427
0.00592 -47944
0.0059628 -47461
0.00602735 -46981
0.00608382 -46501
0.00613144 -46022
0.00617879 -45543
0.00622776 -45066
0.00628259 -44590
0.00632827 -44115
0.00637089 -43640
0.00642225 -43166
0.00648351 -42692
0.00653108 -42221
0.0065752 -41750
0.00662059 -41280
0.00668683 -40812
0.00673271 -40345
0.00677687 -39879
0.00682056 -39413
0.00686527 -38951
0.00690958 -38493
0.00695492 -38035
0.00700731 -37580
0.00707309 -37128
0.00712872 -36678
0.00718111 -36229
0.00722983 -35780
0.00727912 -35333
0.00732682 -34887
0.00737295 -34443
0.00741565 -33999
0.00746348 -33556
0.00751122 -33115
0.00755526 -32674
0.00760191 -32233
0.00765315 -31793
0.00770288 -31356
0.00775141 -30925
0.00779888 -30494
0.00785297 -30064
0.00790067 -29636
0.00796968 -29209
0.00802291 -28786
0.00807224 -28366
0.00812131 -27951
0.00816813 -27538
0.00821576 -27126
0.00826195 -26715
0.0083095 -26304
0.00835832 -25895
0.00840235 -25488
0.0084511 -25084
0.00850762 -24684
0.00855611 -24286
0.00859957 -23889
0.00865042 -23495
0.0087007 -23105
0.00875 -22722
0.00879978 -22339
0.00885139 -21957
0.00890508 -21578
0.00896012 -21203
0.00901638 -20828
0.00907647 -20456
0.00913593 -20088
0.00919311 -19728
0.00925331 -19369
0.00931052 -19010
0.00937959 -18654
0.00944275 -18300
0.00949724 -17949
0.00954841 -17599
0.00960471 -17253
0.00966386 -16912
0.00972724 -16571
0.00979043 -16235
0.00987225 -15900
0.00993765 -15567
0.0100004 -15235
0.010062 -14908
0.010138 -14585
0.0102162 -14265
0.0102834 -13949
0.0103547 -13634
0.0104354 -13321
0.0105371 -13011
0.0106112 -12708
0.0107082 -12408
0.0107897 -12109
0.0108749 -11811
0.0109493 -11515
0.0110306 -11223
0.0111234 -10931
0.0112189 -10643
0.0113044 -10358
0.0113971 -10073
0.0114899 -9789
0.0116305 -9506
0.0117872 -9229
0.0119263 -8952
0.0120584 -8679
0.0121841 -8414
0.0123064 -8150
0.0124472 -7892
0.0125787 -7643
0.0127042 -7395
0.012827 -7147
0.0129472 -6904
0.0130819 -6668
0.013257 -6438
0.013411 -6211
0.0135549 -5989
0.0136901 -5772
0.0138218 -5556
0.0139481 -5346
0.0140741 -5137
0.014197 -4929
0.0143217 -4723
0.0144678 -4523
0.0145972 -4328
0.014806 -4141
0.0149374 -3954
0.0150661 -3767
0.0151973 -3582
0.0153246 -3403
0.0154571 -3228
0.0155934 -3058
0.015718 -2892
0.0158516 -2736
0.0159784 -2580
0.016107 -2430
0.0162406 -2281
0.0163658 -2134
0.0164883 -1989
0.0166091 -1848
0.0167602 -1713
0.0169056 -1580
0.0170546 -1450
0.0171857 -1330
0.0173093 -1212
0.017427 -1095
0.0175406 -991
0.0176516 -891
0.0177989 -793
0.0179214 -698
0.0180342 -612
0.0181375 -529
0.0182359 -447
0.0183265 -373
0.0184546 -306
0.0185753 -243
0.018689 -185
0.0187815 -128
0.0188656 -78
0.0189467 -38
0.0190237 2
0.0190996 35
0.0191789 67
0.0192508 94
0.0193223 121
0.0193936 147
0.0194649 167
0.0195359 186
0.019606 201
0.0196703 217
0.0197375 234
0.0198065 250
0.0198762 262
0.0199419 272
0.0200074 283
0.0200722 303
0.0201397 316
0.0202063 328
0.0202665 339
0.0203317 347
0.0203961 358
0.0204718 372
0.0205395 380
0.020611 386
0.0206818 409
0.0207486 423
0.0208133 434
0.020884 439
0.0209544 452
0.0210223 457
0.0210899 461
0.0212213 466
0.0212875 468
0.0213555 478
0.0215616 479
0.0216293 481
0.0216942 485
0.0218189 491
0.0218825 494
0.021947 505
0.0221493 511
0.0222176 512
0.0225333 516
0.0226104 517
0.022924 519
0.0229982 526
0.0230654 528
0.0232002 535
0.0232675 537
0.0235957 538
0.0237336 540
0.0239909 548
0.0241176 549
0.0320294 563
0.032095 567
0.0321702 572
0.0335147 573
0.0335858 579
0.0538595 583
0.0670137 585
0.0670948 594
0.0671685 600
2 600
