0 -23152
5e-08 -22688
3.608e-05 -22290
5.4301e-05 -21912
8.1341e-05 -21541
0.000144832 -21170
0.000196433 -20804
0.000271315 -20469
0.000328566 -20137
0.000376377 -19806
0.000422048 -19484
0.000460699 -19165
0.000495139 -18848
0.00052458 -18545
0.000553321 -18250
0.000587111 -17958
0.000619382 -17669
0.000644902 -17380
0.000678773 -17094
0.000713384 -16812
0.000740134 -16534
0.000807846 -16261
0.000886557 -15988
0.000950318 -15723
0.00100478 -15467
0.00107352 -15213
0.00114004 -14962
0.00119397 -14714
0.00124139 -14469
0.00127672 -14224
0.00130517 -13984
0.00133604 -13747
0.00136362 -13513
0.00139165 -13280
0.00142137 -13055
0.00144846 -12834
0.00148063 -12617
0.00151383 -12401
0.00154026 -12185
0.00157293 -11974
0.00160552 -11765
0.00163576 -11556
0.001666 -11348
0.00169677 -11141
0.00172427 -10935
0.00175124 -10731
0.00177783 -10528
0.00188087 -10327
0.00191481 -10127
0.00194197 -9930
0.00196952 -9734
0.00199968 -9538
0.0020303 -9343
0.00205476 -9152
0.00208077 -8966
0.00211041 -8783
0.00214548 -8602
0.00217816 -8423
0.00220987 -8247
0.00223368 -8074
0.00225793 -7902
0.00228593 -7731
0.00231104 -7561
0.00233661 -7392
0.00236475 -7227
0.00238968 -7063
0.00241514 -6902
0.00244266 -6741
0.0024716 -6584
0.00249612 -6428
0.00251915 -6273
0.00254464 -6120
0.00257069 -5970
0.00259315 -5823
0.00261492 -5677
0.0026368 -5531
0.00266321 -5386
0.00268987 -5245
0.00271588 -5105
0.00273841 -4966
0.00279497 -4830
0.00285201 -4695
0.00289082 -4567
0.00292248 -4440
0.00294506 -4320
0.00296905 -4200
0.00299257 -4081
0.00301425 -3964
0.00304732 -3850
0.00307186 -3736
0.00310028 -3623
0.00312715 -3512
0.00314912 -3402
0.00317412 -3294
0.00319778 -3187
0.00322107 -3081
0.00324006 -2977
0.0032617 -2873
0.00328758 -2769
0.00331197 -2665
0.00333454 -2569
0.00335817 -2476
0.00338267 -2383
0.00340802 -2293
0.0034339 -2205
0.00345927 -2118
0.00348054 -2031
0.00350492 -1945
0.00353062 -1860
0.00355308 -1780
0.00357612 -1700
0.00359715 -1620
0.00362288 -1542
0.00364846 -1470
0.00366911 -1402
0.00369124 -1335
0.00371154 -1268
0.00373299 -1203
0.00375413 -1140
0.00377634 -1077
0.00379847 -1015
0.00382379 -953
0.00384695 -891
0.00387058 -831
0.00389484 -772
0.00391968 -713
0.00394211 -654
0.0039628 -596
0.00398522 -541
0.0040087 -486
0.00402862 -433
0.0040531 -382
0.00407906 -333
0.00410355 -286
0.00412696 -241
0.00415218 -198
0.00419817 -156
0.00423907 -115
0.00426688 -77
0.00429142 -39
0.00432101 -1
0.00434465 34
0.00436569 69
0.00438941 103
0.00441298 136
0.00443514 168
0.00445584 200
0.00447661 231
0.00449563 261
0.00451493 290
0.00453571 318
0.00455386 344
0.00457317 369
0.00459223 394
0.0046134 419
0.00463607 444
0.00466044 467
0.00468671 490
0.00470727 514
0.0047306 537
0.00475401 560
0.00477561 582
0.00479897 602
0.00482231 622
0.00484662 640
0.00486946 659
0.00489365 677
0.00491726 694
0.0049381 710
0.00495579 725
0.00497848 746
0.0050026 760
0.00502617 774
0.00505865 800
0.00508112 815
0.00510451 828
0.00512583 840
0.00514644 852
0.00516827 866
0.0051893 876
0.00520882 894
0.00522782 910
0.00524556 920
0.0052684 931
0.00529118 940
0.00531564 951
0.0053372 960
0.00535938 970
0.00538951 990
0.0054136 1002
0.00543358 1017
0.00545761 1029
0.00547923 1048
0.0055021 1059
0.00552243 1079
0.00554414 1091
0.00556628 1107
0.00558603 1117
0.00560936 1127
0.00563578 1143
0.00568492 1152
0.00573198 1162
0.00575924 1171
0.00578004 1185
0.00584349 1196
0.00588065 1206
0.0059048 1231
0.00592862 1239
0.00595421 1257
0.00597916 1279
0.00600447 1295
0.00603246 1305
0.00605923 1319
0.00608631 1330
0.0061122 1342
0.00613299 1354
0.00615758 1368
0.00618915 1376
0.00623152 1386
0.00626235 1394
0.00628216 1400
0.00629803 1405
0.00630166 1409
0.00631799 1418
0.00633556 1422
0.00634963 1444
0.00638915 1453
0.00654211 1456
0.00654699 1457
0.00655923 1461
0.00657051 1464
0.00659516 1466
0.00663172 1467
0.00665029 1468
0.0066708 1479
0.00671721 1483
0.00673214 1484
0.00691341 1485
0.00692361 1487
0.00693476 1492
0.00695032 1500
0.00777936 1505
0.00778414 1506
0.00778958 1507
0.00780262 1508
0.00808109 1517
0.00812769 1520
0.00813303 1525
0.00822653 1527
0.00823082 1529
0.00824166 1533
0.00830054 1535
0.00966039 1537
2 1537
