0 -133952
6.4e-08 -133036
1.1207e-05 -132129
2.3898e-05 -131230
4.5914e-05 -130389
7.2455e-05 -129551
9.7985e-05 -128719
0.000126722 -127893
0.000155283 -127073
0.00018365 -126259
0.000212109 -125454
0.000264633 -124653
0.000309222 -123860
0.00033821 -123072
0.000367031 -122289
0.000395277 -121512
0.000423365 -120735
0.000452242 -119961
0.000480692 -119196
0.000508752 -118431
0.000537462 -117678
0.00056505 -116926
0.000593296 -116176
0.000621996 -115427
0.000650335 -114681
0.000678905 -113935
0.000707726 -113190
0.000736194 -112446
0.000764663 -111715
0.000793456 -110984
0.00082172 -110257
0.000850254 -109530
0.000878908 -108803
0.000907089 -108083
0.000935817 -107363
0.000964461 -106645
0.000993134 -105928
0.00102201 -105212
0.00105094 -104497
0.0010796 -103783
0.0011087 -103071
0.00114851 -102360
0.00117823 -101651
0.00120776 -100943
0.00123692 -100237
0.00126476 -99531
0.00129422 -98828
0.00132348 -98126
0.00135319 -97425
0.00139232 -96725
0.00142224 -96032
0.0014515 -95339
0.00148095 -94648
0.00151944 -93958
0.00155693 -93269
0.00160806 -92580
0.0016477 -91893
0.00168446 -91206
0.00171455 -90520
0.00174456 -89841
0.00177396 -89165
0.00180385 -88489
0.00183374 -87814
0.00188092 -87141
0.00191814 -86468
0.00194964 -85797
0.00198586 -85128
0.00201627 -84461
0.0020466 -83794
0.00207702 -83131
0.00210718 -82473
0.00214756 -81818
0.00217867 -81163
0.00220886 -80509
0.00223887 -79859
0.00226879 -79209
0.00229903 -78559
0.00232872 -77910
0.00235921 -77262
0.00238981 -76615
0.00242065 -75970
0.00245141 -75326
0.00248804 -74684
0.00253082 -74043
0.00257329 -73402
0.00261509 -72762
0.00265833 -72123
0.00269997 -71487
0.00273839 -70852
0.00278174 -70218
0.00282452 -69584
0.00286577 -68953
0.00290883 -68323
0.00295133 -67698
0.00299464 -67073
0.00303735 -66449
0.00308042 -65826
0.00312389 -65203
0.00317203 -64580
0.00321674 -63958
0.00325995 -63338
0.00330378 -62718
0.00334865 -62100
0.00339318 -61485
0.00343708 -60870
0.00348096 -60256
0.0035223 -59642
0.00356745 -59039
0.00361345 -58436
0.00365997 -57833
0.00370225 -57230
0.00374342 -56627
0.00378109 -56024
0.00382116 -55422
0.00385621 -54821
0.00389039 -54221
0.00392963 -53621
0.00397954 -53023
0.00403203 -52425
0.00407916 -51829
0.00412096 -51234
0.00416123 -50642
0.00420476 -50052
0.00427485 -49462
0.00431919 -48875
0.00436146 -48290
0.00440416 -47706
0.00445193 -47124
0.0044866 -46543
0.00453821 -45964
0.00459052 -45385
0.00463471 -44809
0.00467524 -44233
0.00471905 -43657
0.00475689 -43082
0.00479838 -42508
0.0048559 -41936
0.0049106 -41367
0.00496386 -40800
0.00501739 -40233
0.00506827 -39668
0.0051193 -39103
0.00515603 -38538
0.00519136 -37975
0.00522749 -37414
0.00525942 -36856
0.00529437 -36298
0.00534004 -35744
0.00539026 -35196
0.00543928 -34649
0.00548563 -34102
0.00553633 -33555
0.00558468 -33009
0.00563289 -32465
0.00568261 -31922
0.00573198 -31380
0.00577935 -30843
0.00583018 -30309
0.00588931 -29776
0.00592878 -29244
0.00597961 -28712
0.0060272 -28184
0.00607692 -27656
0.00612747 -27129
0.00617826 -26603
0.00622812 -26077
0.00627883 -25552
0.00632529 -25034
0.00637708 -24517
0.00644751 -24005
0.00660426 -23497
0.00667903 -22995
0.0069721 -22496
0.00704799 -21997
0.00710922 -21503
0.00715321 -21018
0.0071888 -20534
0.00722292 -20053
0.00725767 -19573
0.00729241 -19095
0.0073325 -18618
0.00737005 -18144
0.00740198 -17670
0.00743676 -17213
0.00748334 -16756
0.0075245 -16305
0.00764833 -15855
0.00774152 -15407
0.0078219 -14962
0.00789024 -14518
0.00797643 -14075
0.00804301 -13640
0.00810912 -13211
0.00817778 -12788
0.00828455 -12368
0.00835567 -11950
0.00842282 -11540
0.00848849 -11137
0.00855604 -10737
0.00863591 -10339
0.00871017 -9942
0.00878276 -9554
0.00885041 -9169
0.00892296 -8787
0.00899008 -8409
0.00906798 -8034
0.00914412 -7670
0.00924886 -7309
0.00933612 -6952
0.00942075 -6604
0.00950357 -6271
0.00958797 -5938
0.00967409 -5607
0.00976179 -5285
0.00985354 -4979
0.00994955 -4680
0.0101157 -4385
0.0102499 -4100
0.0103656 -3819
0.0104824 -3540
0.0105994 -3261
0.0107032 -3004
0.0108057 -2753
0.0109192 -2519
0.0110304 -2297
0.0111454 -2089
0.0112739 -1890
0.011448 -1691
0.011589 -1502
0.0117416 -1326
0.0118793 -1157
0.0120547 -999
0.0123239 -848
0.012483 -699
0.0126311 -568
0.0127704 -445
0.012902 -342
0.0130272 -244
0.0131483 -161
0.013266 -83
0.0133768 -33
0.0134823 8
0.0135815 38
0.0136902 68
0.0137837 74
0.0138698 83
0.0139505 102
0.0140349 106
0.0141162 118
0.0142703 122
0.0143566 124
0.0144392 134
0.0145263 139
0.0146086 150
0.0147447 161
0.0149152 171
0.0149931 177
0.0150779 187
0.0152338 189
0.015385 192
0.0181352 193
0.0182043 202
0.0182689 205
0.0184085 215
0.0185516 220
0.0186977 222
0.0189315 228
2 228
