0 -52070
9e-08 -51455
8.9911e-05 -50893
0.000153003 -50334
0.000202634 -49798
0.000266395 -49271
0.000362277 -48767
0.000443848 -48266
0.00052679 -47765
0.000707584 -47266
0.000940618 -46775
0.00115887 -46290
0.00134791 -45818
0.00155204 -45348
0.00173786 -44898
0.00193779 -44449
0.00215927 -44003
0.00238021 -43557
0.00258107 -43112
0.00280915 -42670
0.0031931 -42228
0.00347841 -41790
0.00374255 -41357
0.00401697 -40927
0.00423914 -40498
0.00445634 -40081
0.00466085 -39667
0.00503841 -39257
0.0052659 -38849
0.00547868 -38441
0.00568282 -38035
0.00588549 -37637
0.00608827 -37240
0.00628069 -36848
0.00648458 -36458
0.00667245 -36070
0.00686949 -35682
0.00705914 -35299
0.00724191 -34919
0.00741987 -34542
0.00759687 -34167
0.00777001 -33794
0.00796967 -33427
0.00814603 -33060
0.00831347 -32693
0.00847916 -32329
0.00864296 -31965
0.00881688 -31603
0.00897683 -31244
0.00913463 -30887
0.00929052 -30532
0.00944434 -30179
0.0095971 -29828
0.00975031 -29478
0.00990261 -29130
0.0100564 -28784
0.0102251 -28439
0.0104121 -28096
0.0105948 -27754
0.0107833 -27412
0.0109629 -27078
0.0111453 -26750
0.0113145 -26426
0.0114783 -26103
0.0116373 -25781
0.0117999 -25466
0.0119861 -25151
0.01216 -24838
0.0123475 -24526
0.0124962 -24214
0.0126413 -23904
0.0127958 -23604
0.01294 -23307
0.0130831 -23018
0.013226 -22730
0.0133711 -22444
0.013507 -22163
0.013662 -21886
0.0138163 -21609
0.01395 -21332
0.0140801 -21056
0.0142084 -20781
0.0143324 -20506
0.0144551 -20236
0.0145766 -19967
0.0146945 -19701
0.0148267 -19436
0.0149436 -19174
0.0150616 -18918
0.015178 -18664
0.0152905 -18415
0.0154044 -18167
0.0155159 -17921
0.0156237 -17678
0.0157273 -17436
0.0158308 -17194
0.0159461 -16958
0.0160492 -16724
0.0161437 -16491
0.0162383 -16259
0.0163322 -16028
0.0164208 -15797
0.0165116 -15571
0.0166014 -15346
0.0166899 -15122
0.0167837 -14899
0.0168688 -14680
0.0169497 -14461
0.0170234 -14243
0.0170931 -14026
0.0171615 -13810
0.0172402 -13596
0.0173088 -13382
0.0173798 -13172
0.017451 -12964
0.0175214 -12756
0.0175883 -12548
0.0176582 -12343
0.0177241 -12142
0.0177942 -11944
0.0178615 -11747
0.0179294 -11551
0.0180001 -11357
0.0180672 -11164
0.0181313 -10976
0.0181997 -10790
0.0182683 -10604
0.0183301 -10422
0.0183894 -10242
0.0184624 -10062
0.0185251 -9882
0.0185907 -9703
0.0186521 -9526
0.0187121 -9352
0.0188224 -9178
0.0189493 -9012
0.0190697 -8847
0.0191807 -8684
0.0192786 -8522
0.0193687 -8360
0.0194543 -8198
0.019535 -8039
0.0196114 -7882
0.0196869 -7726
0.0197674 -7571
0.0198432 -7417
0.0199699 -7264
0.0200371 -7111
0.0201024 -6959
0.0201634 -6808
0.0202191 -6659
0.0202791 -6512
0.0203423 -6366
0.0204008 -6222
0.0204598 -6079
0.0205312 -5936
0.0205957 -5795
0.0206566 -5656
0.0207271 -5519
0.02086 -5385
0.0209721 -5255
0.0210799 -5125
0.021173 -4996
0.0212566 -4870
0.0213294 -4746
0.0213967 -4623
0.021461 -4502
0.0215179 -4389
0.0215679 -4277
0.0216249 -4165
0.0216752 -4056
0.0217333 -3948
0.0217914 -3841
0.0218447 -3734
0.0219027 -3628
0.0219675 -3523
0.0220265 -3418
0.0220904 -3315
0.0221562 -3218
0.0222229 -3122
0.0222953 -3026
0.0223814 -2930
0.0224606 -2836
0.0225209 -2742
0.0225817 -2649
0.0226411 -2557
0.0227038 -2467
0.022781 -2378
0.022886 -2289
0.0229864 -2200
0.0230739 -2112
0.0231535 -2026
0.0232271 -1942
0.0232975 -1859
0.0233649 -1779
0.0234271 -1700
0.0234859 -1624
0.0235422 -1552
0.0235994 -1481
0.0236563 -1414
0.023712 -1348
0.0237706 -1283
0.0238286 -1218
0.0238866 -1154
0.0239568 -1092
0.0240147 -1031
0.0240703 -971
0.0241255 -911
0.024181 -853
0.0242759 -795
0.0243673 -739
0.0244501 -684
0.0245266 -630
0.024595 -576
0.0246603 -523
0.024723 -472
0.024802 -422
0.024887 -375
0.0249646 -332
0.025036 -290
0.0251036 -249
0.025168 -209
0.0252258 -170
0.0252793 -131
0.0253316 -92
0.025383 -54
0.0254304 -19
0.0254809 15
0.025534 48
0.0255855 81
0.0256392 114
0.0256968 147
0.0257532 182
0.0258067 214
0.0258651 244
0.0259224 273
0.025975 299
0.0260286 324
0.0260813 359
0.0261312 381
0.0261822 403
0.0262328 424
0.0262857 449
0.0263368 470
0.0263873 491
0.0264397 517
0.0264935 539
0.0265451 559
0.0265952 578
0.0266448 604
0.0266992 622
0.026753 640
0.0268376 661
0.0269165 680
0.0269877 698
0.0270532 725
0.0271143 742
0.0271829 760
0.0272396 777
0.027326 793
0.0273817 809
0.0274364 825
0.0274914 842
0.0275493 862
0.027607 880
0.0276626 896
0.0277176 910
0.027772 927
0.0278238 941
0.0278795 954
0.0279565 967
0.0280115 981
0.0280675 996
0.0281215 1009
0.0281759 1021
0.0282344 1036
0.0282902 1048
0.0283468 1071
0.0284073 1083
0.0284628 1094
0.028519 1108
0.0285749 1119
0.0286297 1130
0.028693 1140
0.0287443 1159
0.0288213 1176
0.0289007 1186
0.0289766 1196
0.0290462 1208
0.0291097 1218
0.0291688 1239
0.0292262 1249
0.0293687 1258
0.0294703 1280
0.0295499 1289
0.0296335 1297
0.0297324 1304
0.0298218 1315
0.0298897 1327
0.0299713 1334
0.0300944 1352
0.0301613 1361
0.0302342 1368
0.0304896 1378
0.030623 1386
0.0307523 1391
0.0308578 1395
0.0309591 1404
0.0310378 1417
0.0311033 1434
0.0311683 1451
0.0312475 1459
0.0313172 1472
0.0313826 1488
0.0314531 1495
0.0315204 1503
0.0317124 1513
0.0318004 1517
0.0318795 1523
0.0321706 1527
0.0322544 1529
0.0323285 1532
0.0323959 1536
0.0324617 1538
0.0325233 1543
0.0325825 1544
0.0326391 1545
0.0326926 1546
0.0327436 1552
0.0328013 1555
0.0328615 1564
0.0329228 1568
0.0329852 1571
0.0330457 1572
0.0331232 1578
0.0332002 1579
0.0332759 1589
0.0333521 1596
0.033431 1603
0.0335063 1612
0.0336073 1627
0.0337067 1638
0.0337923 1643
0.0338718 1648
0.0339303 1655
0.0340017 1673
0.0340769 1676
0.0342628 1678
0.0343641 1690
0.0345126 1700
0.034582 1709
0.0346599 1725
0.0347227 1738
0.0347824 1744
0.0348386 1765
0.0349027 1769
0.0349615 1776
0.0350208 1785
0.03508 1790
0.0351495 1796
0.0352048 1798
0.0353161 1803
0.0353739 1806
0.0354316 1807
0.0354889 1821
0.0355466 1828
0.0357844 1829
0.0358625 1831
0.0359353 1832
0.0361717 1841
0.0362077 1845
0.0362758 1847
0.0364636 1854
0.036489 1860
0.0365306 1863
0.037035 1877
0.0371249 1878
0.0371821 1881
0.0372444 1883
0.0372694 1886
0.0372816 1896
0.037427 1901
0.0374652 1912
0.037552 1916
0.0375588 1918
0.0376199 1921
0.0377483 1925
0.0378708 1929
0.0383409 1931
0.039121 1932
0.0392172 1934
0.0392815 1935
0.0400077 1937
0.0408004 1945
0.0410318 1948
0.0410978 1954
0.0416692 1955
0.0417782 1958
0.0420454 1967
0.0421183 1970
0.0421293 1972
0.0421543 1973
0.0421608 1977
0.0422036 1980
0.0422899 1983
0.0423054 1989
0.0423288 1991
0.042343 1992
0.0423535 1996
0.0424176 2006
0.0424809 2007
0.0427326 2010
0.0428445 2023
0.0429615 2028
0.0429842 2029
0.0430004 2030
0.0430539 2032
0.0431471 2033
0.0443517 2034
0.0443829 2036
0.0454562 2037
0.0486862 2038
0.0487063 2041
0.0487629 2043
0.0552705 2046
0.0552806 2047
0.0552869 2050
0.0565508 2052
0.0565722 2057
0.0567224 2059
0.060505 2062
0.0605946 2063
0.0617021 2065
0.0617057 2067
0.0617148 2069
2 2069
