0 -11062
5e-08 -10690
1.907e-05 -10375
4.9731e-05 -10091
8.7812e-05 -9813
0.000111102 -9546
0.000146413 -9297
0.000172903 -9054
0.000195434 -8823
0.000215734 -8592
0.000230314 -8362
0.000248025 -8137
0.000262325 -7913
0.000276375 -7694
0.000292236 -7481
0.000311036 -7271
0.000324986 -7061
0.000340997 -6860
0.000356397 -6662
0.000370077 -6467
0.000383447 -6272
0.000396908 -6086
0.000413558 -5904
0.000431788 -5736
0.000453059 -5570
0.000469569 -5408
0.000484469 -5251
0.00049977 -5097
0.0005143 -4944
0.00052872 -4792
0.000545701 -4645
0.000561751 -4500
0.000585231 -4357
0.000600292 -4215
0.000614752 -4074
0.000630052 -3941
0.000645843 -3808
0.000659083 -3678
0.000675933 -3548
0.000694434 -3419
0.000714254 -3294
0.000732774 -3175
0.000748765 -3060
0.000766375 -2947
0.000781595 -2834
0.000795716 -2722
0.000806746 -2611
0.000819956 -2505
0.000834506 -2400
0.000850187 -2297
0.000864947 -2198
0.000912698 -2099
0.000953339 -2000
0.000972739 -1904
0.000986629 -1809
0.00100104 -1714
0.00101623 -1619
0.00102808 -1529
0.00103947 -1441
0.00105358 -1353
0.0010647 -1270
0.00107651 -1189
0.00109023 -1109
0.00110238 -1032
0.00111695 -957
0.00113242 -883
0.00114839 -811
0.00116871 -745
0.00118558 -685
0.00119963 -626
0.00121937 -568
0.0012373 -512
0.00125654 -459
0.00127185 -408
0.00128822 -359
0.00130423 -310
0.00132062 -263
0.00133292 -216
0.00134764 -171
0.00135997 -128
0.00137047 -86
0.00138204 -47
0.00139631 -12
0.00140711 23
0.00141728 57
0.00142807 91
0.00144188 123
0.00145365 154
0.00147 185
0.00148834 215
0.00150716 244
0.00151953 273
0.00153266 300
0.00155016 328
0.00156896 354
0.00159001 381
0.00160413 406
0.00161956 429
0.00163583 451
0.00164926 471
0.00166681 492
0.00168461 514
0.0017035 534
0.00172279 554
0.00174141 572
0.00175829 590
0.00180654 607
0.0018334 623
0.00185104 638
0.00186701 652
0.0018801 666
0.00189406 679
0.00190738 692
0.00191826 705
0.00193054 723
0.00194355 735
0.00195442 746
0.00196397 757
0.00197436 767
0.00198777 781
0.00199949 795
0.00201091 805
0.00202228 816
0.00203287 832
0.0020465 843
0.00205986 854
0.00207361 868
0.00208531 878
0.00209496 888
0.00211389 899
0.00212786 910
0.0021387 918
0.00215128 927
0.00216572 935
0.002179 946
0.00219012 970
0.00220212 977
0.00221354 984
0.00222677 992
0.00224014 1008
0.00225387 1017
0.00226652 1033
0.0022759 1039
0.00229109 1042
0.00230336 1045
0.00231133 1053
0.00232951 1060
0.00233926 1064
0.00235399 1066
0.00235681 1067
0.00236061 1070
0.00237715 1078
0.00242026 1081
0.00242633 1084
0.00243044 1086
0.00243352 1103
0.00245976 1106
0.00248313 1113
0.00249983 1136
0.00252928 1139
0.00267839 1144
0.00269286 1147
0.00269796 1148
0.00283214 1151
0.00284863 1156
0.00285396 1160
0.00286219 1161
0.00298593 1174
0.00301083 1177
0.00304313 1178
0.00315862 1179
0.00318934 1183
0.0032868 1193
0.00329291 1196
0.00338646 1198
0.0036066 1199
0.00360873 1204
0.00385765 1208
0.00386879 1209
0.00387146 1210
0.00398735 1212
0.00399359 1213
0.00399974 1217
2 1217
