0 462
1.5212e-05 500
1.7239e-05 521
1.7471e-05 544
0.000698766 549
0.000700053 585
0.000716394 605
0.000719949 623
0.000720995 646
0.00072517 655
0.000731781 669
0.000732059 680
0.00073341 689
0.000733836 717
0.000734466 750
0.000734781 782
0.000735225 807
0.000735836 822
0.000756149 845
0.000756362 857
0.000757214 862
0.000757686 886
0.000758288 907
0.0007595 908
0.000759593 971
0.000762852 973
0.000763528 976
0.000763889 982
0.000765176 984
0.000765444 988
0.000765602 992
0.000766787 993
0.000766935 995
0.000769759 1000
0.000779128 1005
0.000779619 1010
0.000780295 1019
0.000780878 1059
0.000810005 1072
0.000812736 1082
0.000813273 1096
0.000813754 1105
0.000813884 1107
0.000814504 1115
0.000816171 1117
0.000823818 1129
0.000823939 1131
0.000824198 1143
0.000890673 1153
0.00090182 1158
0.000902098 1165
0.000927567 1166
0.000928919 1176
0.000930252 1178
0.000937881 1181
0.000940464 1190
0.000940853 1192
0.000941029 1196
0.000941288 1197
0.000943714 1203
0.00094526 1211
0.000945992 1218
0.000947816 1224
0.000948195 1244
0.00094851 1252
0.000950084 1260
0.000950537 1271
0.000951019 1272
0.000951111 1284
0.000951778 1286
0.000982118 1299
0.000982312 1303
0.000983044 1316
0.000985784 1318
0.000986673 1326
0.00100568 1340
0.00100795 1346
0.00101532 1347
0.00101583 1366
0.00102227 1369
0.00108148 1381
0.00108269 1383
0.0010909 1386
0.00109188 1391
0.00109262 1395
0.00109844 1396
0.00112413 1400
0.0011243 1411
0.00112963 1417
0.00113104 1431
0.00114204 1435
0.00114246 1445
0.0011443 1447
0.00114963 1448
0.00115252 1455
0.00116062 1456
0.00116108 1459
0.00116959 1460
0.00117182 1463
0.00117464 1465
0.00126704 1466
0.00128857 1477
0.0012917 1482
0.00131566 1488
0.00131788 1489
0.00133111 1491
0.00141288 1492
0.00142744 1493
0.00142891 1496
0.00148582 1497
2 1497
