0 -4506
1.42e-07 -4352
3.31e-07 -4231
0.000240778 -4175
0.000323781 -4163
0.00032415 -4081
0.000324236 -3977
0.000324321 -3880
0.000325971 -3832
0.000327203 -3790
0.00033163 -3686
0.000340711 -3602
0.00034109 -3583
0.000341318 -3486
0.00034164 -3382
0.000343176 -3268
0.00035475 -3254
0.000355054 -3172
0.00038171 -3147
0.000381928 -3079
0.000382516 -2952
0.000394488 -2875
0.000398204 -2866
0.000398318 -2775
0.000398972 -2774
0.000399095 -2620
0.000399996 -2607
0.000400735 -2513
0.000401181 -2400
0.000425448 -2338
0.000425657 -2239
0.000426756 -2153
0.000427894 -2066
0.000428188 -1983
0.000440549 -1950
0.000441952 -1942
0.000442379 -1823
0.000442919 -1767
0.000449659 -1723
0.000450047 -1604
0.000450161 -1511
0.000451953 -1452
0.000452654 -1379
0.00045455 -1281
0.000457034 -1271
0.000491947 -1203
0.000492449 -1150
0.000493663 -1082
0.000494535 -1014
0.000494781 -937
0.000512148 -861
0.00051448 -852
0.000514735 -804
0.000518395 -785
0.000519788 -778
0.000520935 -727
0.000525144 -668
0.000525296 -587
0.000537714 -568
0.00053796 -481
0.000538245 -438
0.000574485 -420
0.000577708 -358
0.000582059 -337
0.000582703 -300
0.000591538 -261
0.000591879 -228
0.00059205 -223
0.000596581 -219
0.000605549 -194
0.00061009 -186
0.000610772 -107
0.000614753 -72
0.000615076 -48
0.000615758 -36
0.000616327 -29
0.000617237 -15
0.000653288 -13
0.000665734 -3
0.000674597 25
0.000678702 40
0.000679413 44
0.000680086 87
0.000682854 101
0.000682977 122
0.00068602 123
0.000686665 128
0.000690665 131
0.000700742 153
0.000703377 173
0.00071953 192
0.000721199 200
0.000746092 224
0.000748936 230
0.000762358 242
0.000765098 252
0.000771165 268
0.00078527 278
0.000789612 285
0.00094863 289
0.000950668 290
0.000956802 297
0.000957361 316
0.000962925 325
0.000965324 332
0.000972661 336
0.000990302 337
0.00101027 339
0.00101084 349
0.0010304 357
0.001081 365
0.00108462 374
0.00115395 378
0.00122456 383
0.00123758 385
0.00127032 388
0.00134778 392
2 392
