0 191
0.00031171 194
0.000311858 201
0.000314645 224
0.000314765 238
0.00031495 245
0.000315006 292
0.000316015 300
0.000316191 318
0.000316348 337
0.000316423 369
0.000316469 371
0.000316617 379
0.000316682 384
0.000363103 407
0.000394461 431
0.000394591 434
0.000394859 451
0.000395054 458
0.000395822 470
0.000395961 471
0.000396794 504
0.00046027 508
0.000460372 511
0.000462853 524
0.000463158 537
0.000463353 560
0.000463418 581
0.000464186 601
0.000464501 616
0.000525347 629
0.000526458 645
0.000527291 682
0.000532661 691
0.000532744 698
0.000533161 715
0.000534559 741
0.000535559 742
0.000536022 745
0.000539688 747
0.000540262 753
0.000540317 764
0.000542836 777
0.000556446 779
0.000575925 780
0.000577906 787
0.000594544 801
0.00059709 804
0.000598145 815
0.000646196 823
0.000681183 824
0.000813624 825
2 825
