0 -8182
3.22e-07 -8029
0.000414149 -7974
0.000422159 -7931
0.000423277 -7806
0.000424102 -7738
0.000424955 -7582
0.000425334 -7513
0.000427297 -7379
0.000427534 -7220
0.00042814 -7108
0.000428652 -6996
0.00042943 -6859
0.000431022 -6752
0.000443014 -6650
0.000443165 -6561
0.000445327 -6473
0.000446161 -6327
0.000446806 -6192
0.000446957 -6079
0.000448749 -6024
0.000449602 -5899
0.000450929 -5879
0.000451849 -5756
0.000453204 -5637
0.000453925 -5630
0.000454854 -5551
0.000455707 -5519
0.000456901 -5391
0.000457859 -5379
0.000458352 -5261
0.00045874 -5143
0.000459366 -5040
0.000461707 -5008
0.000462494 -4892
0.000466191 -4819
0.000471139 -4770
0.000476761 -4749
0.000477102 -4649
0.00048205 -4581
0.000482657 -4570
0.000483908 -4484
0.00048443 -4372
0.000484733 -4303
0.000487814 -4280
0.000489691 -4200
0.000489795 -4067
0.000490383 -3956
0.000490961 -3839
0.000491425 -3743
0.000492658 -3633
0.000494573 -3506
0.000497843 -3362
0.000500033 -3264
0.000503872 -3184
0.000504839 -3084
0.000509986 -3073
0.000511522 -2969
0.000512167 -2961
0.000512489 -2882
0.000515001 -2825
0.000515807 -2723
0.00051866 -2635
0.000522423 -2529
0.000523447 -2425
0.000528803 -2367
0.000529704 -2306
0.000530282 -2238
0.000530452 -2144
0.000537733 -2133
0.000542605 -2054
0.000544084 -1985
0.000544899 -1885
0.000546577 -1804
0.000547819 -1738
0.000548719 -1679
0.00055344 -1644
0.000556028 -1559
0.000560654 -1469
0.000572665 -1452
0.000576428 -1372
0.000579414 -1295
0.000583519 -1225
0.000593519 -1221
0.00059806 -1215
0.000603662 -1128
0.00061446 -1061
0.000616744 -984
0.000636537 -957
0.000636803 -900
0.000644557 -822
0.000645078 -770
0.000656037 -762
0.00067601 -698
0.00069276 -631
0.000693035 -548
0.000693443 -520
0.000704041 -462
0.000711302 -433
0.000740537 -386
0.000749049 -335
0.000749485 -308
0.000761278 -275
0.000784882 -243
0.000804656 -206
0.000834734 -153
0.000855542 -104
0.000861021 -89
0.000861542 -56
0.000862699 -17
0.000867657 -13
0.000872501 25
0.000936819 26
0.000956991 59
0.000975514 61
0.000979496 85
0.00101321 89
0.00101694 111
0.00102682 112
0.00103407 119
0.00105208 136
0.0011237 162
0.00113484 185
0.00116011 192
0.00117037 207
0.00118746 211
0.00121669 215
0.00122959 225
0.00124652 240
0.00128168 243
0.00133991 248
0.00142378 253
0.00143205 270
0.0014444 296
0.00152519 299
0.00152689 306
0.00153441 309
0.00158509 316
0.00159767 318
0.00161492 333
0.00166587 334
0.00171177 338
0.00171881 341
0.00180073 344
0.00180321 345
0.00188651 347
0.00189288 351
0.00199975 353
0.00207464 363
0.00212137 368
0.0022472 369
0.00230596 370
0.00234421 374
0.00257801 376
0.00269009 378
0.00285762 381
0.0028942 382
0.00295708 383
2 383
