0 336
3.24e-07 337
8.147e-06 358
0.000360122 376
0.000380583 385
0.000380917 393
0.000381139 404
0.000382259 408
0.000396304 415
0.000396952 423
0.000397406 428
0.000421264 436
0.000421394 455
0.000421468 459
0.0004217 469
0.000422829 489
0.000422903 508
0.000520449 510
0.000521338 516
0.000521977 539
0.000570509 541
0.000572222 555
0.000572296 558
0.00057237 574
0.000572509 577
0.000572722 579
0.000586341 580
0.000589035 583
0.000589572 607
0.000589961 629
0.000611005 632
0.000611348 643
0.00061207 658
0.00061382 676
0.000614051 684
0.000634225 688
0.000642447 690
0.000643789 702
0.000646678 704
0.000652881 716
0.00065376 721
0.000654862 727
0.000657501 728
0.00065838 731
0.000658473 733
0.000659862 736
0.000661473 750
0.000665065 752
0.000665454 753
0.000718319 754
0.00072055 756
0.000726235 761
0.000770675 763
0.000775832 767
0.000813171 769
2 769
