0 -2779
4.6e-08 -2615
6.349e-06 -2459
1.0663e-05 -2310
1.6806e-05 -2171
2.1774e-05 -2033
2.8748e-05 -1898
3.6246e-05 -1777
4.4967e-05 -1661
4.9607e-05 -1555
5.4173e-05 -1453
5.8599e-05 -1351
6.3454e-05 -1250
6.788e-05 -1150
7.2109e-05 -1057
7.6348e-05 -968
8.0503e-05 -882
8.4425e-05 -803
8.8515e-05 -726
9.238e-05 -650
9.6619e-05 -575
0.000100279 -503
0.000104378 -438
0.000108599 -374
0.000112763 -316
0.000116423 -265
0.000121045 -214
0.000124929 -166
0.000128337 -119
0.000132436 -72
0.000136628 -27
0.000140382 14
0.000144574 55
0.000149308 93
0.000153379 131
0.000157076 167
0.000161119 203
0.000164863 237
0.00016857 271
0.000173397 304
0.000177113 336
0.000180549 367
0.000184639 399
0.000188421 430
0.000192015 460
0.000195489 489
0.000199158 517
0.000203136 543
0.00020687 565
0.000210316 587
0.000213789 608
0.000218075 629
0.000221334 650
0.000225022 669
0.000228458 685
0.00023082 701
0.000233985 717
0.000237459 732
0.00024026 752
0.000244349 767
0.000246002 780
0.000248233 789
0.00025096 806
0.000254041 815
0.000255806 824
0.000259475 837
0.000262519 844
0.000263696 850
0.000265824 857
0.000268373 861
0.00026969 865
0.000271146 867
0.000272416 872
0.000281062 874
0.000285451 875
0.000290045 876
0.000290885 878
0.000298476 886
0.000325301 887
0.000328317 888
0.000329979 890
0.000331267 892
0.000332537 893
0.000343854 902
0.000504198 913
0.000611331 916
0.000644057 918
2 918
