0 -77331
5.7e-08 -76659
1.3041e-05 -75991
2.2989e-05 -75355
3.4625e-05 -74757
5.4295e-05 -74159
8.364e-05 -73566
0.000114295 -72978
0.000140971 -72392
0.000200566 -71814
0.000232881 -71239
0.000255672 -70667
0.000275096 -70102
0.00029322 -69541
0.000311108 -68992
0.000328571 -68444
0.000346883 -67899
0.000365497 -67354
0.000384875 -66815
0.000403941 -66277
0.000422329 -65741
0.000439839 -65206
0.000459207 -64673
0.000478387 -64140
0.00049867 -63608
0.000518368 -63078
0.000537463 -62549
0.000557095 -62023
0.000575926 -61505
0.000594879 -60990
0.000614219 -60476
0.000633031 -59963
0.000652399 -59451
0.000671937 -58940
0.000690287 -58431
0.000708787 -57927
0.000727448 -57423
0.000746015 -56921
0.00076478 -56419
0.000787354 -55919
0.000805883 -55423
0.000823724 -54932
0.000842271 -54442
0.000860734 -53954
0.000881847 -53467
0.000900904 -52984
0.00091948 -52505
0.000938358 -52029
0.000957651 -51553
0.000977651 -51079
0.000997387 -50606
0.00101604 -50134
0.00103444 -49667
0.00105444 -49201
0.00107444 -48736
0.00109288 -48271
0.00111093 -47810
0.00112961 -47354
0.00115019 -46898
0.00117095 -46442
0.00119147 -45988
0.00121136 -45535
0.00123061 -45083
0.00124906 -44638
0.00126832 -44196
0.00128748 -43757
0.00132624 -43319
0.00134888 -42882
0.00137032 -42445
0.00139982 -42011
0.00142083 -41577
0.00144104 -41145
0.00145973 -40714
0.0014807 -40285
0.0015009 -39857
0.00152103 -39432
0.00154076 -39007
0.00156078 -38584
0.00158119 -38162
0.00160236 -37740
0.00162451 -37319
0.00164517 -36900
0.0016677 -36482
0.00168887 -36065
0.00170831 -35649
0.00173325 -35234
0.00175291 -34820
0.00177297 -34407
0.00179259 -33995
0.00181209 -33584
0.00183275 -33173
0.0018535 -32762
0.00187341 -32353
0.00189379 -31951
0.00191372 -31549
0.00193288 -31147
0.00195458 -30748
0.00197654 -30353
0.00199759 -29960
0.00201928 -29568
0.00203988 -29180
0.00206076 -28794
0.00208199 -28409
0.002105 -28027
0.0021292 -27648
0.00214933 -27269
0.0021698 -26893
0.00219495 -26518
0.00221662 -26144
0.00223776 -25774
0.00225937 -25405
0.00228023 -25039
0.00230547 -24673
0.00232909 -24314
0.00235257 -23957
0.00237577 -23606
0.00239889 -23255
0.00242002 -22906
0.00244142 -22559
0.00246318 -22213
0.00248694 -21867
0.00250942 -21523
0.00253094 -21181
0.00255424 -20841
0.00257779 -20503
0.00260021 -20165
0.00262471 -19828
0.00264755 -19495
0.00267271 -19162
0.00269974 -18830
0.00272272 -18500
0.00274774 -18171
0.00277386 -17843
0.00280026 -17516
0.00282579 -17191
0.0028518 -16870
0.00287579 -16551
0.00290076 -16238
0.00292545 -15927
0.00295196 -15617
0.00297384 -15308
0.00299866 -15000
0.00302038 -14695
0.00304242 -14392
0.00307245 -14091
0.00309719 -13793
0.00312169 -13495
0.00314635 -13204
0.00317368 -12914
0.00320115 -12627
0.00326523 -12340
0.00332383 -12058
0.00336079 -11779
0.00339461 -11505
0.00342246 -11234
0.00345276 -10969
0.00348344 -10704
0.00351659 -10441
0.00354772 -10180
0.00357998 -9921
0.00360988 -9666
0.00364285 -9411
0.00367348 -9158
0.00370474 -8910
0.00373961 -8663
0.00377211 -8421
0.0038105 -8188
0.00384889 -7956
0.00388381 -7725
0.00391933 -7497
0.00396313 -7271
0.00400454 -7046
0.00404303 -6829
0.00408406 -6613
0.00412492 -6397
0.00418928 -6183
0.00426091 -5970
0.00432788 -5763
0.00438946 -5557
0.00444492 -5352
0.00450091 -5151
0.00455005 -4957
0.00459823 -4767
0.00464641 -4584
0.00469261 -4401
0.00474012 -4221
0.00479155 -4041
0.00484091 -3866
0.00489174 -3691
0.00494666 -3520
0.00500201 -3353
0.00505855 -3192
0.00511657 -3032
0.00519116 -2882
0.00528024 -2733
0.00535996 -2585
0.00543495 -2442
0.00550804 -2301
0.00557467 -2170
0.00563664 -2042
0.00569607 -1915
0.00575016 -1789
0.0058054 -1669
0.00585883 -1552
0.00591445 -1443
0.00596827 -1336
0.00603972 -1236
0.00612518 -1137
0.00620082 -1040
0.0062691 -945
0.00633178 -851
0.00639152 -758
0.00644622 -669
0.00649836 -587
0.0065463 -505
0.00658928 -430
0.0066366 -356
0.00668089 -292
0.00672346 -235
0.00676806 -179
0.00681207 -132
0.00685531 -87
0.00689659 -47
0.00693791 -10
0.00697885 22
0.00702198 54
0.00707306 77
0.00713097 98
0.00717764 118
0.00721798 137
0.00725578 155
0.00729282 173
0.007331 185
0.00736813 197
0.00740306 221
0.00743982 238
0.00747203 250
0.0075087 269
0.00754481 288
0.00758611 313
0.00762468 331
0.0076603 344
0.00769723 367
0.00773588 373
0.00777191 382
0.00780557 388
0.00784025 395
0.00787548 399
0.00791499 405
0.00795406 409
0.00799008 414
0.00802445 419
0.00806167 426
0.00810156 431
0.00813959 438
0.00819602 444
0.00823726 454
0.00828168 463
0.00832226 468
0.00836166 478
0.00839604 483
0.00847595 493
0.00851344 503
0.008552 506
0.00859047 519
0.00862701 526
0.00866536 528
0.00870691 533
0.00874627 534
0.00878415 545
0.00893322 546
0.00901925 553
0.00907554 557
0.00912103 560
0.00920334 566
0.00924304 570
0.00928155 581
0.00932005 582
0.00935654 583
0.0111967 601
0.0112366 622
0.0113199 623
0.0114842 630
0.0115233 633
0.0115934 638
0.0123136 639
0.0124471 640
0.0124978 643
0.013366 647
0.0134021 649
0.0134398 650
0.013475 651
0.0135135 659
0.0163894 661
0.0164298 668
2 668
