0 -95581
4.7e-08 -94761
8.477e-06 -93951
1.6389e-05 -93169
2.3772e-05 -92409
3.1825e-05 -91668
4.1537e-05 -90930
5.5804e-05 -90196
6.9373e-05 -89464
8.3876e-05 -88733
0.000103668 -88004
0.000126073 -87283
0.000145554 -86584
0.000163112 -85887
0.000180519 -85190
0.000197218 -84496
0.000214653 -83805
0.000231947 -83117
0.000248854 -82432
0.000265752 -81753
0.000282734 -81079
0.000299538 -80405
0.000316341 -79731
0.000332692 -79062
0.000349241 -78394
0.00036594 -77733
0.000383253 -77076
0.000400216 -76423
0.000417633 -75770
0.000434785 -75118
0.000452616 -74466
0.000469721 -73815
0.00049189 -73170
0.000509014 -72534
0.000526242 -71900
0.000543479 -71267
0.000560999 -70635
0.000578915 -70004
0.000596039 -69379
0.000613021 -68757
0.000630108 -68138
0.000647222 -67520
0.00066494 -66903
0.000682111 -66287
0.000698717 -65676
0.000727184 -65067
0.000753285 -64460
0.000776114 -63853
0.00079536 -63251
0.000813257 -62650
0.000830466 -62050
0.000850975 -61453
0.000868504 -60856
0.000886581 -60260
0.000903639 -59665
0.000921168 -59072
0.000938547 -58484
0.000956491 -57896
0.000974058 -57308
0.00099155 -56725
0.00100893 -56143
0.00102583 -55561
0.00104354 -54980
0.00106123 -54401
0.0010795 -53822
0.00109769 -53245
0.00111546 -52670
0.00113437 -52095
0.00115236 -51521
0.00117085 -50947
0.0011891 -50373
0.00120666 -49799
0.0012247 -49226
0.0012427 -48656
0.00125993 -48087
0.00127665 -47520
0.00129422 -46958
0.00131135 -46400
0.00132963 -45847
0.00134859 -45301
0.00136721 -44757
0.00138504 -44215
0.00140409 -43674
0.00143363 -43133
0.0014552 -42593
0.00147492 -42055
0.00149389 -41519
0.00151216 -40984
0.00152962 -40449
0.00154694 -39915
0.00156393 -39382
0.00158299 -38849
0.00160333 -38319
0.00162311 -37790
0.00164105 -37263
0.00166061 -36736
0.00167813 -36209
0.00169682 -35682
0.00171646 -35155
0.00173463 -34630
0.00175265 -34107
0.00177101 -33587
0.00179473 -33069
0.00181696 -32554
0.00183929 -32039
0.00185978 -31524
0.00188151 -31010
0.00190106 -30501
0.00192147 -29992
0.00194397 -29485
0.00196366 -28978
0.00198487 -28475
0.00200833 -27974
0.00203081 -27484
0.00205384 -26994
0.00207501 -26507
0.00209523 -26024
0.00211667 -25543
0.00214582 -25062
0.00217009 -24584
0.00219174 -24108
0.00221246 -23633
0.00223374 -23159
0.00225461 -22687
0.00227678 -22217
0.00230088 -21748
0.00232226 -21280
0.0023428 -20821
0.00238223 -20364
0.00241481 -19911
0.00243954 -19464
0.00246328 -19020
0.0024871 -18578
0.00251231 -18136
0.00253733 -17696
0.00256136 -17256
0.00258714 -16818
0.00260968 -16383
0.00263543 -15948
0.00266114 -15516
0.00268512 -15097
0.00270934 -14679
0.0027401 -14265
0.00277256 -13854
0.00280262 -13449
0.00282968 -13047
0.00285981 -12646
0.00289139 -12253
0.00292268 -11861
0.0029574 -11470
0.00298981 -11080
0.00302208 -10705
0.00305328 -10330
0.00308557 -9960
0.00311535 -9593
0.00315001 -9234
0.0031866 -8884
0.00322395 -8534
0.00326026 -8188
0.00330068 -7845
0.00335979 -7510
0.0034041 -7178
0.00344339 -6852
0.00348234 -6538
0.00352364 -6226
0.00356773 -5929
0.00361343 -5633
0.00366185 -5341
0.00371431 -5049
0.00376397 -4762
0.00381379 -4486
0.00386925 -4213
0.00392323 -3940
0.00397702 -3678
0.00403039 -3436
0.00409061 -3195
0.00415334 -2962
0.00421663 -2734
0.004285 -2511
0.00435599 -2297
0.00442848 -2083
0.0044998 -1886
0.00457602 -1693
0.00466228 -1504
0.00474521 -1325
0.00483119 -1152
0.00491714 -1004
0.00500342 -865
0.005092 -746
0.00517398 -632
0.00526572 -528
0.00534596 -426
0.00542491 -341
0.0055027 -258
0.00558034 -179
0.00565053 -115
0.00571627 -60
0.00577888 -6
0.0058393 28
0.00589632 60
0.00595081 80
0.00599957 105
0.00604679 111
0.00609822 120
0.00616115 127
0.00621299 138
0.00626215 142
0.00631539 150
0.00639202 173
0.00644739 178
0.00650379 188
0.0065633 193
0.00662034 194
0.00673905 196
0.00720575 211
0.00725857 220
0.00741382 227
0.00746635 233
0.00752201 238
0.0137618 244
0.0138222 257
0.0163525 261
0.023223 264
0.0233018 271
0.0286125 273
0.0287217 280
2 280
