0 -31599
4.7e-08 -31201
5.1391e-05 -30843
0.000134463 -30487
0.000213808 -30135
0.000290717 -29785
0.00041532 -29440
0.000528297 -29099
0.000633992 -28758
0.000732535 -28418
0.0008716 -28079
0.000993803 -27752
0.00112143 -27429
0.00123125 -27106
0.00133164 -26790
0.00142876 -26475
0.0015148 -26163
0.00159738 -25852
0.00169384 -25550
0.00176288 -25251
0.00182837 -24952
0.00188641 -24657
0.00194788 -24363
0.00200153 -24072
0.00205232 -23788
0.00210297 -23507
0.00215784 -23228
0.00221028 -22952
0.00226217 -22679
0.00230923 -22409
0.00235519 -22139
0.00240173 -21871
0.00244544 -21604
0.00249221 -21337
0.00253374 -21070
0.00257232 -20804
0.0026276 -20542
0.00267843 -20282
0.00272332 -20023
0.00276881 -19765
0.00281318 -19510
0.00285875 -19256
0.00290392 -19007
0.00294913 -18759
0.00299565 -18513
0.00304191 -18269
0.00308821 -18025
0.00313263 -17784
0.0031736 -17548
0.00321706 -17317
0.00326083 -17087
0.003305 -16860
0.00334924 -16635
0.00339049 -16411
0.00343451 -16188
0.00347679 -15966
0.00351728 -15744
0.00355886 -15523
0.00360235 -15311
0.00364368 -15099
0.00368698 -14892
0.00372594 -14687
0.00376537 -14482
0.00380576 -14278
0.00384514 -14074
0.0038825 -13872
0.00392618 -13670
0.0039657 -13469
0.00400585 -13269
0.00404583 -13073
0.00408629 -12878
0.00412879 -12683
0.00417301 -12489
0.00421283 -12295
0.00424984 -12105
0.0042872 -11916
0.00432876 -11728
0.00436645 -11543
0.00440657 -11360
0.00444873 -11180
0.00451515 -11003
0.00461129 -10827
0.00469964 -10652
0.00478163 -10477
0.00485656 -10303
0.0049157 -10130
0.00496093 -9959
0.00500442 -9789
0.0050433 -9619
0.00507699 -9449
0.00511284 -9279
0.00514578 -9113
0.00518087 -8949
0.00521384 -8786
0.00524743 -8626
0.00528418 -8466
0.00532061 -8307
0.00538333 -8153
0.00547237 -8001
0.00555042 -7853
0.00564429 -7706
0.00571362 -7561
0.00576524 -7417
0.00580489 -7273
0.00584168 -7129
0.00587584 -6988
0.00591125 -6847
0.00594331 -6706
0.00597461 -6565
0.00600647 -6425
0.00604251 -6286
0.00607714 -6149
0.00612044 -6013
0.00615223 -5877
0.00618337 -5743
0.00621453 -5612
0.00624165 -5482
0.00627383 -5356
0.00630418 -5231
0.00633941 -5106
0.00637109 -4981
0.00640069 -4860
0.0064293 -4739
0.0064632 -4619
0.00649772 -4502
0.00652963 -4387
0.00656088 -4273
0.00659199 -4159
0.00662471 -4046
0.00666388 -3936
0.00669904 -3826
0.0067336 -3719
0.00676846 -3612
0.00680157 -3506
0.00683164 -3402
0.00686597 -3304
0.00690113 -3207
0.00693318 -3111
0.0069626 -3016
0.00699387 -2921
0.00702528 -2827
0.00705592 -2737
0.00708828 -2648
0.00711914 -2560
0.00714945 -2473
0.00717906 -2389
0.00720777 -2306
0.00724224 -2227
0.0072749 -2150
0.0073089 -2073
0.0073443 -1998
0.00737694 -1923
0.00740771 -1850
0.00743558 -1778
0.00746899 -1708
0.00750184 -1639
0.00753898 -1570
0.00757166 -1502
0.00760191 -1436
0.00763232 -1371
0.00766283 -1307
0.00769069 -1244
0.00772053 -1183
0.00779022 -1124
0.00785799 -1065
0.00791347 -1007
0.00795994 -949
0.00799996 -893
0.00803286 -837
0.00806891 -782
0.00810288 -728
0.00813604 -676
0.00816948 -624
0.00820162 -574
0.00823126 -525
0.00826509 -476
0.00829607 -428
0.00832677 -380
0.00835665 -333
0.00838783 -286
0.00841887 -240
0.00844965 -195
0.00848355 -151
0.00851598 -108
0.00854886 -67
0.00858264 -28
0.00861371 10
0.00864448 48
0.00867718 85
0.0087069 122
0.00873988 157
0.00876894 191
0.00880164 224
0.0088351 257
0.00886929 289
0.00890373 321
0.00894104 352
0.00897188 383
0.00900271 414
0.00903078 443
0.00905956 472
0.0090907 500
0.00912492 528
0.00915446 557
0.00918387 584
0.00923033 610
0.00929137 634
0.00934457 658
0.00938582 681
0.00942405 704
0.00945594 727
0.00948718 750
0.00952083 772
0.00955137 794
0.00958274 815
0.00965213 834
0.00970903 859
0.00975566 878
0.00979584 898
0.00983205 916
0.00986448 934
0.00989809 951
0.00992965 972
0.00995685 989
0.00998506 1006
0.0100134 1022
0.0100433 1037
0.0100745 1052
0.0101037 1066
0.0101341 1085
0.0101655 1099
0.0101975 1118
0.0102308 1135
0.0102657 1150
0.0102978 1164
0.0103286 1183
0.0103612 1200
0.0103926 1221
0.0104251 1236
0.0104533 1250
0.010481 1265
0.01051 1283
0.0105414 1298
0.0105733 1321
0.0106062 1338
0.010638 1352
0.0106675 1365
0.0107 1378
0.0107331 1390
0.0107627 1412
0.0107929 1428
0.0108246 1446
0.0108542 1458
0.0108906 1470
0.0109213 1482
0.0109528 1493
0.0109811 1504
0.011017 1527
0.0110459 1538
0.0110766 1549
0.0111078 1578
0.0111401 1588
0.0111701 1598
0.0111991 1608
0.0112277 1618
0.0112575 1632
0.0112862 1642
0.0113139 1651
0.0113444 1659
0.0113735 1667
0.011404 1682
0.011435 1693
0.0114675 1701
0.0115353 1708
0.0115908 1725
0.0116367 1735
0.0116788 1742
0.0117133 1749
0.0117465 1756
0.01178 1774
0.0118119 1782
0.0118435 1789
0.0118782 1796
0.0119096 1804
0.0119427 1811
0.0119763 1819
0.012009 1832
0.0120402 1842
0.0120715 1852
0.0121017 1862
0.0121334 1868
0.012168 1885
0.0122014 1897
0.0122315 1903
0.0122748 1909
0.0122965 1917
0.0123254 1923
0.0123354 1928
0.0123468 1933
0.0123598 1938
0.0123748 1950
0.0123968 1964
0.012404 1968
0.0124175 1973
0.0124405 1976
0.0124496 1979
0.0124543 1981
0.0124664 1989
0.0124931 2000
0.0124973 2002
0.0125056 2004
0.0125162 2013
0.0125397 2016
0.0125438 2038
0.0125901 2047
0.0125963 2049
0.0126037 2059
0.012618 2061
0.0126243 2062
0.0126341 2063
0.0126468 2080
0.0126789 2081
0.0126895 2086
0.0127116 2102
0.0127577 2103
0.0128077 2113
0.0128256 2114
0.0128293 2118
0.0130002 2119
0.0130484 2141
0.0131168 2144
0.0131313 2147
0.0132657 2150
0.0132742 2153
0.0136412 2154
0.0136463 2157
0.0137335 2159
0.0137687 2162
0.0137812 2165
0.0152482 2171
0.0153319 2172
0.0153395 2175
0.0153538 2196
2 2196
