0 -46745
3.7e-08 -46171
1.5153e-05 -45603
2.4799e-05 -45056
3.7114e-05 -44527
4.6468e-05 -43999
5.6181e-05 -43479
6.8382e-05 -42966
7.8378e-05 -42465
8.8231e-05 -41966
9.752e-05 -41474
0.000106204 -40987
0.000114974 -40502
0.00012413 -40017
0.000132842 -39540
0.000141433 -39063
0.000150193 -38587
0.000158924 -38113
0.000167552 -37641
0.000176708 -37171
0.00018644 -36710
0.000196595 -36254
0.000206223 -35800
0.00021519 -35350
0.000224167 -34901
0.000233116 -34452
0.000242168 -34005
0.000251645 -33562
0.000262168 -33122
0.000271701 -32685
0.000280895 -32250
0.000289796 -31817
0.000299084 -31387
0.000309089 -30958
0.000318745 -30530
0.000328589 -30105
0.00033817 -29683
0.000348457 -29263
0.000357896 -28844
0.000367175 -28427
0.000377481 -28010
0.000387137 -27599
0.000396755 -27188
0.000405402 -26784
0.000416312 -26380
0.000427184 -25977
0.00043668 -25575
0.000446373 -25177
0.00045717 -24781
0.000466486 -24386
0.00047518 -23991
0.000484704 -23597
0.000495312 -23203
0.000504732 -22810
0.000514709 -22418
0.000524591 -22028
0.000534831 -21639
0.000544845 -21250
0.000555199 -20864
0.000564506 -20479
0.000573389 -20094
0.00058212 -19712
0.000592691 -19331
0.000601932 -18958
0.000611361 -18590
0.000627608 -18222
0.000637924 -17856
0.000647495 -17493
0.000658254 -17130
0.00066823 -16767
0.000680385 -16408
0.000691097 -16050
0.000702101 -15693
0.000711587 -15336
0.00072212 -14985
0.000731908 -14636
0.00074476 -14291
0.000757179 -13948
0.000769598 -13605
0.000781366 -13269
0.00079188 -12934
0.000803912 -12604
0.000815416 -12278
0.000829513 -11954
0.000841366 -11632
0.000853511 -11318
0.000866316 -11006
0.000878027 -10696
0.000890814 -10388
0.000904006 -10082
0.000916226 -9778
0.000927994 -9478
0.000940281 -9179
0.00095302 -8881
0.000967645 -8585
0.000981365 -8294
0.000993633 -8005
0.00100759 -7719
0.00102272 -7434
0.00103881 -7155
0.00105353 -6879
0.00106806 -6604
0.0010809 -6330
0.00109471 -6067
0.00110936 -5807
0.00112236 -5557
0.00113935 -5314
0.00115708 -5072
0.0011749 -4841
0.0011881 -4610
0.00120386 -4396
0.00121935 -4184
0.00123793 -3972
0.00125763 -3764
0.00127403 -3564
0.00129256 -3365
0.0013145 -3166
0.00133612 -2972
0.00135827 -2779
0.00138021 -2587
0.00140264 -2400
0.00142283 -2226
0.00144506 -2053
0.0014647 -1885
0.00149294 -1722
0.00151789 -1583
0.00154496 -1447
0.00157356 -1315
0.00160501 -1184
0.00164321 -1055
0.00168202 -931
0.00172043 -813
0.00175547 -704
0.00179157 -604
0.00182841 -507
0.00187268 -417
0.00192499 -334
0.00197071 -258
0.00200904 -187
0.002046 -124
0.00208014 -72
0.00211241 -22
0.00214183 10
0.00217281 40
0.00219764 54
0.00222224 65
0.00225018 91
0.00227863 110
0.00230352 135
0.0023296 149
0.00235466 160
0.00238291 180
0.00241155 200
0.00243952 218
0.00246824 223
0.00254824 228
0.00261004 229
0.00264267 234
0.00267358 247
0.00270269 252
0.00273771 259
0.00280073 268
0.00283566 282
0.00286551 292
0.00292319 298
0.00303432 299
0.00376664 305
0.00390724 307
0.00471913 318
0.0089116 331
0.0193259 332
0.0193549 333
0.0217694 335
0.0217952 343
0.0218196 346
0.0218793 349
2 349
