0 -49742
6.6e-08 -49174
1.5352e-05 -48629
2.067e-05 -48087
3.1608e-05 -47546
4.2735e-05 -47006
5.6964e-05 -46469
6.9534e-05 -45943
7.9727e-05 -45420
8.9185e-05 -44899
9.8199e-05 -44378
0.000107186 -43864
0.000116408 -43362
0.000125752 -42860
0.000135446 -42359
0.000145007 -41861
0.000153965 -41367
0.000163244 -40879
0.000172259 -40394
0.000181349 -39910
0.00019041 -39427
0.000199632 -38944
0.000208675 -38463
0.000217973 -37988
0.000226865 -37515
0.000236766 -37045
0.000246516 -36578
0.000255974 -36111
0.000264875 -35648
0.000274569 -35187
0.000283866 -34726
0.000292843 -34269
0.000302291 -33815
0.000312371 -33361
0.000321641 -32910
0.000331928 -32460
0.000342565 -32012
0.000352004 -31566
0.000361018 -31125
0.000370391 -30690
0.000379745 -30255
0.000389901 -29822
0.000399481 -29391
0.000408722 -28961
0.000419585 -28540
0.000429731 -28119
0.00043966 -27700
0.000450052 -27282
0.000460283 -26866
0.000470495 -26451
0.000480811 -26040
0.000493116 -25633
0.000503366 -25230
0.000515219 -24828
0.000525412 -24427
0.000536105 -24026
0.00054595 -23626
0.000560584 -23226
0.000570589 -22828
0.000581442 -22433
0.000593635 -22041
0.000603517 -21650
0.000613663 -21260
0.000625101 -20871
0.000635718 -20485
0.000647439 -20103
0.000660112 -19721
0.000670824 -19340
0.000680273 -18961
0.000690004 -18582
0.00069965 -18205
0.000710013 -17828
0.000721065 -17456
0.000732097 -17091
0.000742658 -16727
0.000753002 -16363
0.000765101 -16002
0.000778066 -15641
0.00078874 -15283
0.000798264 -14925
0.000810136 -14571
0.00081982 -14225
0.00083304 -13880
0.000858915 -13537
0.000877755 -13196
0.000891031 -12861
0.000905044 -12529
0.000919047 -12197
0.000930447 -11865
0.000942045 -11534
0.000953228 -11206
0.000965157 -10883
0.000976482 -10564
0.000987712 -10250
0.00100028 -9937
0.00101181 -9626
0.00102511 -9316
0.00103842 -9007
0.00105195 -8701
0.00106775 -8397
0.00108252 -8099
0.00109753 -7803
0.00111312 -7512
0.00112583 -7227
0.00113852 -6944
0.00115525 -6662
0.00116955 -6381
0.00118631 -6108
0.00120017 -5840
0.00121161 -5574
0.00122527 -5312
0.00123947 -5054
0.00125577 -4804
0.00127563 -4555
0.00129515 -4306
0.00131064 -4061
0.001329 -3820
0.00134572 -3596
0.00136512 -3374
0.00140886 -3159
0.00143722 -2950
0.00146366 -2748
0.0014866 -2551
0.00151367 -2361
0.00154392 -2172
0.00156963 -1996
0.00159829 -1825
0.00162481 -1655
0.00165545 -1492
0.00168539 -1335
0.00171009 -1188
0.001742 -1046
0.00177301 -923
0.00180892 -801
0.00184665 -682
0.00188502 -587
0.00194119 -496
0.00198792 -406
0.00202697 -316
0.00206001 -227
0.00209451 -148
0.00213125 -90
0.00216391 -35
0.00219433 7
0.00222516 35
0.00225573 60
0.00228582 78
0.00231472 93
0.00234152 102
0.00236987 122
0.00239733 128
0.00242626 147
0.00245691 155
0.00248715 159
0.00251784 161
0.00254573 173
0.00257224 181
0.00259599 189
0.00262288 206
0.00264741 217
0.00267548 238
0.00270378 249
0.00272994 261
0.00284833 265
0.00290327 268
0.00292868 269
0.00295737 282
0.00298707 285
0.00322848 290
0.00497647 293
0.00512016 298
0.00515472 311
0.00518456 314
0.00546167 318
0.00699493 320
0.00702205 323
0.0125705 324
2 324
