0 -55688
5.6e-08 -55065
1.1098e-05 -54505
1.7425e-05 -53958
2.8599e-05 -53420
6.2385e-05 -52895
8.2904e-05 -52398
9.8057e-05 -51906
0.000111956 -51417
0.000125431 -50936
0.000138444 -50455
0.000154295 -49975
0.000169995 -49496
0.000187232 -49018
0.000204233 -48541
0.000220047 -48064
0.000234294 -47589
0.00024874 -47115
0.000262715 -46648
0.000277038 -46183
0.000291701 -45723
0.000305516 -45265
0.000319273 -44811
0.000334681 -44363
0.000348806 -43915
0.000364459 -43467
0.000378651 -43022
0.000392616 -42578
0.000407637 -42137
0.000422243 -41704
0.000436161 -41271
0.000450136 -40840
0.000465515 -40414
0.000481866 -39990
0.000497076 -39567
0.000516585 -39147
0.000532861 -38727
0.000547788 -38311
0.000562102 -37898
0.000577255 -37486
0.000592795 -37075
0.000607448 -36665
0.000622535 -36255
0.000638066 -35847
0.000653473 -35441
0.000669287 -35035
0.000683063 -34634
0.000697698 -34235
0.000711927 -33841
0.000727863 -33450
0.000743016 -33059
0.000757905 -32669
0.000772832 -32279
0.000788504 -31890
0.000803487 -31505
0.000819291 -31122
0.000848268 -30741
0.000878612 -30361
0.000896151 -29981
0.000911889 -29606
0.000927127 -29236
0.000942393 -28866
0.000958537 -28497
0.000974199 -28132
0.000990484 -27770
0.00100631 -27412
0.00102267 -27057
0.00103772 -26704
0.00105326 -26352
0.00107137 -26002
0.00108744 -25654
0.00110291 -25307
0.00111896 -24964
0.0011339 -24623
0.0011499 -24283
0.00116607 -23944
0.00118129 -23605
0.00119805 -23267
0.00121322 -22929
0.00123042 -22591
0.00124841 -22258
0.00126511 -21928
0.00127975 -21600
0.00129578 -21273
0.00131338 -20950
0.00132953 -20628
0.00134526 -20308
0.00136146 -19990
0.00137807 -19674
0.00139529 -19365
0.00141327 -19056
0.00143185 -18748
0.00144863 -18442
0.00146942 -18139
0.00148727 -17837
0.00150741 -17539
0.00152614 -17244
0.0015428 -16950
0.00155991 -16657
0.0015765 -16366
0.00159348 -16076
0.00161015 -15787
0.00163865 -15501
0.00165895 -15222
0.00167849 -14945
0.00169714 -14668
0.00171579 -14398
0.00173343 -14130
0.00175171 -13865
0.00177186 -13601
0.00179319 -13338
0.00181261 -13076
0.00183358 -12816
0.00185209 -12556
0.00186971 -12297
0.00188974 -12040
0.0019081 -11784
0.00192857 -11531
0.00195066 -11279
0.00197031 -11028
0.00199223 -10778
0.00201356 -10534
0.00203632 -10290
0.00205674 -10046
0.00208019 -9805
0.00210207 -9567
0.00212288 -9336
0.00214787 -9113
0.00217144 -8890
0.00219761 -8667
0.00222057 -8449
0.00224752 -8232
0.00227006 -8015
0.00229525 -7803
0.0023199 -7593
0.00234364 -7385
0.00236643 -7180
0.0023934 -6980
0.00242162 -6781
0.00244871 -6583
0.00246969 -6386
0.00249616 -6189
0.00252182 -5998
0.00254877 -5808
0.00257422 -5621
0.00259928 -5434
0.00263189 -5247
0.00266034 -5067
0.00270597 -4893
0.00273638 -4722
0.0027597 -4551
0.0027878 -4381
0.00281105 -4212
0.00283897 -4046
0.00286606 -3882
0.0028963 -3721
0.00292406 -3560
0.00295891 -3405
0.00298932 -3254
0.00302159 -3111
0.00305138 -2972
0.00308346 -2834
0.00311351 -2700
0.00314629 -2568
0.00318081 -2440
0.00321836 -2313
0.00325807 -2190
0.00329501 -2076
0.00333294 -1962
0.00337622 -1849
0.00341515 -1739
0.00345204 -1634
0.00348999 -1532
0.00355435 -1431
0.0036198 -1330
0.00367516 -1233
0.00372741 -1138
0.00377528 -1047
0.00381826 -957
0.00385782 -871
0.00389472 -796
0.00393447 -723
0.00397389 -657
0.00400845 -591
0.00406913 -526
0.00412966 -464
0.00417536 -406
0.00421398 -349
0.00424847 -295
0.00428068 -241
0.00431769 -190
0.00434983 -140
0.00438223 -94
0.00441091 -51
0.00443781 -9
0.00446775 30
0.0044983 59
0.00452446 87
0.00454734 114
0.00457378 141
0.00459967 168
0.00462607 195
0.00465133 214
0.00467836 227
0.00470337 238
0.00472773 248
0.004751 256
0.00477853 272
0.0048075 288
0.00483448 304
0.00485854 313
0.00488496 323
0.00491197 338
0.00494106 352
0.00496925 366
0.00500417 376
0.00503194 385
0.00505859 396
0.0050842 404
0.0051145 410
0.00514808 429
0.00517711 441
0.0052037 460
0.00523261 475
0.00526342 481
0.00529362 500
0.00532367 506
0.00535067 513
0.00538023 517
0.00541944 521
0.00544834 530
0.00550064 547
0.00553212 554
0.0055615 555
0.00561223 558
0.0056386 559
0.00566441 562
0.00571145 566
0.00573913 571
0.0058546 582
0.00590993 586
0.00593948 589
0.00596824 593
0.00599632 599
0.00602123 600
0.00605064 601
0.00609851 606
0.0061306 611
0.00616072 613
0.0061887 614
0.00621579 616
0.00624331 631
0.00626886 635
0.00629623 640
0.00632195 642
0.00634552 643
0.0063725 644
0.00643542 646
0.00646361 649
0.00649054 650
0.00653265 651
0.00660832 656
0.00665784 657
0.00668477 672
0.00671271 684
0.00716556 690
0.00738126 691
0.00740889 696
0.00743423 698
0.009492 701
0.00954109 702
0.00957004 705
0.00959535 706
0.0110166 709
0.0110481 710
0.0110865 711
0.0111222 722
0.0111897 724
0.0112337 730
0.012334 732
0.0123638 734
0.0139953 736
0.0140224 739
0.0140535 740
0.0163506 742
0.0163804 743
0.0211311 747
2 747
