0 -7334
7.5e-08 -7084
1.7097e-05 -6860
3.6312e-05 -6648
6.0738e-05 -6440
7.8823e-05 -6251
9.5387e-05 -6069
0.000144584 -5893
0.00017239 -5721
0.000185844 -5552
0.000196199 -5383
0.00020759 -5220
0.00021871 -5058
0.000228141 -4902
0.000239364 -4750
0.000250662 -4602
0.000260606 -4455
0.00027138 -4308
0.000281604 -4167
0.000292837 -4027
0.000303042 -3899
0.000312883 -3772
0.00032181 -3645
0.000331119 -3519
0.000340101 -3393
0.000349419 -3267
0.000358569 -3146
0.000370483 -3027
0.00038096 -2910
0.000389176 -2796
0.000399465 -2683
0.000408177 -2572
0.000416795 -2464
0.000425777 -2356
0.000435226 -2253
0.00044376 -2153
0.000454096 -2054
0.000463321 -1958
0.000473713 -1866
0.000482219 -1774
0.000491594 -1688
0.000501696 -1602
0.000512163 -1519
0.000521827 -1438
0.000529978 -1360
0.000539511 -1282
0.000549735 -1205
0.000558624 -1131
0.000567475 -1057
0.000575552 -984
0.000583993 -911
0.000592135 -841
0.000600444 -777
0.000608857 -714
0.000618063 -652
0.000627307 -591
0.000636747 -532
0.000645934 -474
0.000655113 -416
0.000664207 -364
0.000672545 -313
0.000680976 -265
0.000690173 -218
0.000698343 -171
0.000706616 -128
0.000715112 -88
0.000723693 -48
0.000732292 -9
0.000740668 29
0.000749202 67
0.000757222 102
0.000766522 134
0.000775821 165
0.000785056 195
0.000795121 223
0.000805252 249
0.000813375 275
0.000821349 301
0.000830209 327
0.000838323 353
0.000845728 379
0.000853785 405
0.000862562 430
0.000871087 454
0.000879957 477
0.00088752 500
0.000894868 526
0.000902375 557
0.00091047 579
0.000918481 600
0.000926801 621
0.000934317 643
0.000941703 671
0.000950059 691
0.000957333 712
0.000965969 732
0.000973728 760
0.000981189 780
0.000989191 799
0.000998565 817
0.0010075 835
0.00101581 860
0.00102464 882
0.00103207 913
0.00104041 935
0.00104807 953
0.00105671 971
0.0010652 992
0.00107335 1009
0.00108182 1026
0.00110454 1042
0.00111279 1058
0.00112021 1075
0.00112912 1101
0.0011374 1121
0.00114553 1135
0.00115324 1146
0.00116672 1172
0.00116941 1183
0.0011715 1194
0.00117615 1203
0.00118187 1226
0.00118848 1235
0.00119038 1241
0.00119307 1261
0.00119744 1266
0.00119927 1268
0.0012029 1280
0.00121048 1281
0.00121257 1282
0.00121659 1283
0.0012201 1295
0.00125099 1296
0.00125965 1308
0.00127881 1309
0.00128148 1310
0.00129805 1320
0.00130402 1321
0.00130564 1326
0.00143506 1329
0.00144089 1346
0.00156063 1348
0.00169182 1349
2 1349
