0 -34953
4.6e-08 -34544
5.0606e-05 -34149
0.000105947 -33760
0.00020153 -33372
0.000290661 -32999
0.000420641 -32634
0.000539025 -32269
0.000653245 -31914
0.000754953 -31566
0.0008885 -31219
0.00101418 -30873
0.00113153 -30532
0.00124178 -30197
0.00134443 -29865
0.00143976 -29535
0.00152998 -29209
0.00161684 -28885
0.00169312 -28562
0.00176593 -28241
0.00183315 -27921
0.00189619 -27605
0.00195797 -27299
0.00201743 -26999
0.00207559 -26700
0.00212916 -26402
0.00218379 -26106
0.00223582 -25811
0.00228541 -25522
0.00233378 -25233
0.00240076 -24946
0.00245173 -24663
0.00250109 -24382
0.00254911 -24102
0.00260761 -23823
0.00266854 -23547
0.00272162 -23272
0.00278195 -22998
0.00283779 -22724
0.00288833 -22450
0.00293683 -22182
0.00298302 -21920
0.00302641 -21663
0.00307183 -21411
0.00312068 -21159
0.00317482 -20907
0.00322811 -20657
0.00328078 -20407
0.00332799 -20158
0.00337655 -19909
0.00342494 -19660
0.00347183 -19414
0.00351996 -19173
0.00356691 -18933
0.00361282 -18696
0.00366414 -18462
0.00370892 -18232
0.00375405 -18003
0.00379718 -17774
0.00383958 -17546
0.00388544 -17322
0.00393006 -17098
0.00397731 -16875
0.00402779 -16654
0.00409717 -16435
0.0041562 -16217
0.00420694 -16001
0.00425364 -15787
0.00429793 -15577
0.00434103 -15367
0.004387 -15159
0.00443069 -14956
0.00447471 -14756
0.00453252 -14558
0.00463413 -14360
0.00472895 -14163
0.00481675 -13966
0.00489926 -13769
0.0049719 -13578
0.00503359 -13387
0.00508836 -13198
0.00513663 -13009
0.00517992 -12821
0.00521947 -12634
0.00526049 -12447
0.00530097 -12261
0.00534492 -12081
0.00538723 -11903
0.00542684 -11727
0.0054627 -11554
0.00549787 -11382
0.00553283 -11211
0.00556509 -11040
0.00559795 -10870
0.00563147 -10700
0.00566585 -10531
0.0057024 -10363
0.00574109 -10195
0.00577526 -10028
0.00580938 -9863
0.00584486 -9699
0.00588385 -9537
0.0059218 -9378
0.00596035 -9219
0.00599694 -9060
0.00603054 -8911
0.00606235 -8764
0.00609691 -8618
0.0061331 -8473
0.0061654 -8328
0.0061999 -8183
0.00624152 -8039
0.00627811 -7895
0.00631034 -7756
0.00634766 -7617
0.0063836 -7478
0.00647748 -7340
0.00656105 -7203
0.00670634 -7066
0.00678234 -6930
0.00683339 -6796
0.0068768 -6665
0.00691155 -6537
0.00694499 -6409
0.00697781 -6282
0.00700908 -6155
0.00704319 -6029
0.00707672 -5904
0.00710863 -5781
0.00714814 -5659
0.00717927 -5538
0.0072111 -5421
0.00724251 -5304
0.00727283 -5188
0.00730363 -5074
0.00733661 -4960
0.00736728 -4847
0.00739904 -4736
0.00746156 -4626
0.00749594 -4518
0.00753115 -4410
0.00756073 -4304
0.0075901 -4199
0.00761959 -4094
0.00765194 -3989
0.00768242 -3884
0.00771292 -3779
0.00774819 -3675
0.00777894 -3571
0.00781124 -3470
0.00784095 -3370
0.00787176 -3272
0.00790447 -3174
0.00793442 -3077
0.00796387 -2985
0.00799703 -2894
0.00803126 -2804
0.00806542 -2721
0.00809644 -2638
0.00812832 -2555
0.00815695 -2473
0.00818712 -2392
0.0082165 -2311
0.00824447 -2230
0.00829189 -2149
0.00832991 -2069
0.00836475 -1989
0.00839665 -1909
0.00842738 -1831
0.00845884 -1755
0.00848771 -1679
0.00851857 -1608
0.00855164 -1541
0.00858191 -1474
0.00861154 -1407
0.00863892 -1341
0.00866789 -1276
0.00870017 -1212
0.00873297 -1149
0.00876333 -1089
0.00879752 -1029
0.00883039 -969
0.00886432 -909
0.00889811 -851
0.00893149 -794
0.00896234 -738
0.00898944 -682
0.00902036 -626
0.00905407 -571
0.00908872 -517
0.0091201 -464
0.00915262 -412
0.00918296 -360
0.0092158 -308
0.00924486 -257
0.00927811 -206
0.00931953 -159
0.0093547 -112
0.0093882 -66
0.00941976 -20
0.00945226 25
0.00948176 70
0.00951253 113
0.0095422 156
0.0095724 198
0.00960055 239
0.00962891 279
0.00965976 315
0.0096919 350
0.00972317 384
0.0097521 416
0.00978611 448
0.00981793 480
0.00984691 510
0.00987649 539
0.00991017 568
0.00994537 596
0.00997872 623
0.0100095 650
0.0100407 677
0.0100741 704
0.0101038 729
0.0101414 753
0.0101841 780
0.0102238 803
0.0102598 826
0.0102935 848
0.0103252 872
0.0103643 894
0.0103956 918
0.0104267 939
0.0104577 960
0.0104914 981
0.0105243 1004
0.0105589 1026
0.0105933 1047
0.0106667 1067
0.0107293 1087
0.0107803 1105
0.0108231 1127
0.0108634 1144
0.0109025 1161
0.0109377 1177
0.01097 1193
0.0109984 1209
0.0110293 1224
0.0110648 1249
0.0110982 1266
0.0111335 1280
0.0111691 1295
0.0112004 1309
0.011231 1323
0.0112659 1338
0.0112982 1350
0.0113305 1368
0.0113658 1379
0.0114015 1394
0.0114392 1408
0.0114714 1421
0.0115016 1445
0.0115341 1458
0.0115658 1469
0.0115976 1479
0.0116312 1498
0.0116621 1514
0.0116961 1530
0.0117309 1543
0.0117647 1553
0.0117977 1561
0.0118342 1569
0.0118676 1577
0.0119015 1585
0.0119335 1593
0.0119616 1606
0.0119908 1614
0.0120579 1622
0.0121188 1632
0.0121711 1639
0.012217 1655
0.0122579 1666
0.0122962 1676
0.0123313 1697
0.0123687 1710
0.0124013 1720
0.0124307 1727
0.0124619 1740
0.0124929 1752
0.0125222 1759
0.0125516 1768
0.0125834 1774
0.0126151 1779
0.0126463 1787
0.01268 1798
0.0127136 1807
0.0127469 1815
0.0127796 1822
0.0128105 1835
0.0128425 1842
0.0128742 1848
0.0129028 1852
0.0129324 1865
0.0129614 1868
0.0129874 1878
0.0130179 1881
0.0130481 1888
0.0130811 1893
0.013111 1903
0.0131411 1908
0.0131712 1915
0.0132032 1924
0.0132364 1932
0.0132685 1947
0.0133017 1955
0.0133336 1963
0.0133632 1974
0.0133939 1979
0.0134261 1982
0.0134556 1987
0.0134848 1991
0.0135147 1999
0.0135468 2011
0.0135795 2024
0.0136139 2032
0.0136496 2044
0.0136851 2051
0.01372 2058
0.0137848 2065
0.013812 2069
0.0138494 2073
0.0138652 2076
0.0138876 2078
0.0139134 2084
0.0139473 2086
0.0139581 2088
0.0139781 2095
0.0140136 2096
0.0142995 2097
0.0143162 2098
0.0143211 2100
0.0144273 2101
0.0144336 2103
0.0144402 2107
0.0146519 2108
0.0146712 2110
0.0146749 2114
0.014691 2117
0.0149099 2134
0.0149609 2136
0.0149995 2137
0.0150269 2141
0.0150559 2142
0.0150986 2153
0.0152613 2154
0.015315 2155
0.015386 2159
0.0153989 2164
0.0154072 2166
0.0154418 2167
0.0154599 2178
0.0155202 2179
0.0156421 2184
0.0156461 2190
0.0164231 2192
0.016495 2193
0.0165385 2195
0.016548 2201
0.0165884 2203
0.0166422 2205
0.0173858 2208
0.0174103 2213
0.0174139 2217
0.0174195 2219
0.0174371 2220
0.0174619 2221
0.017619 2229
0.0177315 2241
0.017785 2243
0.0178442 2246
0.0178542 2249
0.0181867 2250
0.0182121 2255
0.0189189 2256
0.0191436 2258
0.0191935 2263
0.019208 2271
0.022324 2273
0.0223328 2274
2 2274
