0 -118195
4.8e-08 -117310
1.6417e-05 -116478
3.1438e-05 -115685
4.2471e-05 -114894
7.0599e-05 -114127
0.000101339 -113395
0.000128864 -112688
0.000157464 -111985
0.00018893 -111283
0.000226176 -110584
0.000266733 -109885
0.000302376 -109189
0.000334069 -108493
0.00036479 -107805
0.000399132 -107121
0.000430231 -106443
0.000461697 -105775
0.00049222 -105108
0.000522687 -104442
0.000553569 -103779
0.000583111 -103120
0.000613974 -102461
0.000644846 -101808
0.000676341 -101158
0.000708118 -100508
0.000738802 -99860
0.000796727 -99215
0.000845393 -98570
0.000885723 -97929
0.000920348 -97290
0.000952908 -96655
0.000983657 -96022
0.00101604 -95390
0.00104754 -94762
0.00107869 -94135
0.00110952 -93511
0.00113943 -92888
0.00116843 -92268
0.00119758 -91650
0.0012282 -91035
0.00125802 -90425
0.00128738 -89816
0.00131656 -89208
0.00134832 -88600
0.00137987 -87995
0.00140985 -87390
0.00143988 -86790
0.00146915 -86191
0.00149896 -85592
0.00152862 -84995
0.00155866 -84400
0.0015884 -83805
0.00161783 -83211
0.00164923 -82618
0.00167943 -82025
0.00171 -81432
0.00174196 -80841
0.00177309 -80251
0.00180258 -79665
0.00183278 -79079
0.0018656 -78501
0.00189839 -77924
0.00193015 -77348
0.00196102 -76776
0.00199146 -76204
0.00202236 -75634
0.00205329 -75065
0.00208367 -74496
0.00211513 -73931
0.00214568 -73368
0.00218013 -72805
0.00221242 -72244
0.00224627 -71684
0.00227765 -71124
0.0023145 -70567
0.00234939 -70014
0.00238355 -69462
0.0024273 -68913
0.00246186 -68365
0.00249542 -67818
0.00253105 -67271
0.00259283 -66726
0.00263024 -66181
0.002678 -65637
0.00271096 -65094
0.00274146 -64552
0.00277152 -64013
0.00280157 -63475
0.002832 -62938
0.00286394 -62402
0.00289646 -61868
0.00292894 -61334
0.00295921 -60801
0.00299086 -60275
0.00302529 -59749
0.00305828 -59223
0.00309101 -58699
0.0031232 -58175
0.00315485 -57656
0.00318628 -57138
0.00322088 -56620
0.00325709 -56102
0.00329121 -55586
0.0033248 -55071
0.00335582 -54556
0.00338667 -54042
0.00341828 -53529
0.00345227 -53016
0.00348578 -52504
0.00351574 -51993
0.00354756 -51486
0.00358008 -50982
0.00361273 -50479
0.00364738 -49977
0.00368253 -49475
0.0037174 -48974
0.00375263 -48474
0.00378217 -47975
0.00381399 -47476
0.00384542 -46979
0.00387576 -46483
0.00390695 -45988
0.00394037 -45494
0.003971 -45001
0.00400378 -44509
0.00403643 -44021
0.00407283 -43534
0.00410893 -43047
0.00414583 -42563
0.00418159 -42080
0.00421553 -41598
0.00425019 -41118
0.00428262 -40640
0.00431637 -40164
0.00435523 -39689
0.00438836 -39214
0.00442174 -38742
0.00445579 -38272
0.00448798 -37803
0.0045199 -37337
0.00457355 -36876
0.00461659 -36416
0.0046538 -35957
0.00468868 -35499
0.00472258 -35043
0.00475957 -34589
0.00479448 -34136
0.00483035 -33685
0.0048627 -33236
0.00489717 -32787
0.00493209 -32340
0.00496686 -31896
0.00500169 -31459
0.0050383 -31026
0.00507573 -30594
0.00511698 -30163
0.005155 -29734
0.00519043 -29307
0.00522601 -28885
0.00526147 -28463
0.00530028 -28044
0.00533818 -27626
0.00537877 -27208
0.00541975 -26793
0.00546146 -26378
0.00550347 -25972
0.00554244 -25568
0.00558253 -25165
0.00562443 -24763
0.00567184 -24361
0.00571723 -23960
0.00576101 -23560
0.00580775 -23161
0.00585174 -22770
0.00589015 -22381
0.00593197 -21993
0.00597612 -21609
0.00602489 -21225
0.00607479 -20843
0.00611915 -20466
0.0061631 -20092
0.00621169 -19719
0.00625958 -19346
0.00631165 -18978
0.00635912 -18615
0.00640612 -18255
0.00646569 -17900
0.0065316 -17545
0.00658646 -17193
0.00663081 -16845
0.00667615 -16502
0.00672185 -16160
0.00677146 -15818
0.00682637 -15478
0.00687707 -15140
0.00693081 -14803
0.00698755 -14466
0.0070429 -14136
0.00709986 -13811
0.00716068 -13489
0.00722326 -13168
0.00728297 -12849
0.00734777 -12531
0.0074162 -12214
0.00748514 -11909
0.00755409 -11610
0.00762072 -11312
0.00769193 -11017
0.00776668 -10724
0.00784608 -10435
0.00792579 -10156
0.00800721 -9880
0.00809557 -9606
0.00818326 -9333
0.00826994 -9062
0.00838647 -8793
0.00851125 -8525
0.0086314 -8262
0.00874983 -7999
0.00886787 -7740
0.00898246 -7482
0.00909653 -7228
0.0092065 -6978
0.0093161 -6734
0.00942876 -6490
0.00954311 -6249
0.0096588 -6009
0.00977342 -5773
0.00988948 -5540
0.010008 -5310
0.0101287 -5081
0.0102631 -4860
0.0103898 -4645
0.0105151 -4438
0.0107208 -4233
0.0108689 -4029
0.0110123 -3827
0.0111526 -3635
0.0112907 -3444
0.0114258 -3254
0.0115938 -3072
0.0117417 -2897
0.0118837 -2730
0.0120179 -2567
0.0121663 -2408
0.0123098 -2255
0.0124447 -2105
0.0125751 -1960
0.0127003 -1817
0.0128229 -1681
0.0129408 -1547
0.0130564 -1419
0.01317 -1295
0.0132823 -1178
0.0133915 -1066
0.0134972 -966
0.0136105 -866
0.0137135 -773
0.0138109 -684
0.0139073 -596
0.0140186 -514
0.0141324 -434
0.0142376 -359
0.0143372 -286
0.0144247 -220
0.0145057 -171
0.0145901 -126
0.0146606 -82
0.0147404 -38
0.0148157 0
0.0148844 38
0.0149505 73
0.0150133 101
0.0150752 124
0.0151399 140
0.0152037 156
0.0152674 176
0.01533 196
0.0153953 208
0.0154602 226
0.015525 240
0.0155885 262
0.0156746 271
0.0157534 290
0.0158282 300
0.0158981 306
0.0159681 313
0.0160315 328
0.0160964 342
0.0161638 355
0.0162312 362
0.0163008 366
0.0163667 380
0.0164327 394
0.0165023 398
0.0165694 405
0.0166375 412
0.0167052 416
0.0167758 423
0.0168422 428
0.0169113 432
0.0170513 438
0.0171225 446
0.0171927 447
0.017262 454
0.0173302 460
0.0174008 466
0.0174709 472
0.0175598 476
0.0176512 486
0.0177359 497
0.0178136 500
0.0179635 502
0.0180921 514
0.0183712 516
0.0184407 521
0.0186389 522
0.0187968 524
0.0190921 531
0.019159 544
0.0192284 547
0.0193631 553
0.0196994 556
0.0199219 557
0.0199958 561
0.0335176 567
0.0335826 574
0.0336486 578
0.0381152 581
0.0410685 594
0.0412012 596
0.0412696 600
0.0414146 609
2 609
