0 -25725
4.45e-07 -25285
1.1905e-05 -25246
1.5185e-05 -25149
1.6292e-05 -25118
0.00010398 -25022
0.000188823 -24471
0.000190364 -24435
0.000191706 -24277
0.000193077 -24001
0.000194032 -23912
0.000194552 -23533
0.000195536 -23415
0.000198136 -23403
0.00021282 -23291
0.000215052 -22812
0.000220602 -22661
0.000223542 -22473
0.000225462 -22394
0.000226114 -21978
0.000226634 -21450
0.000227126 -20956
0.000231239 -20897
0.000232544 -20336
0.000234057 -20328
0.000235144 -19971
0.00023539 -19568
0.000238841 -19539
0.000239711 -18989
0.000240789 -18551
0.000242065 -18111
0.000242595 -17526
0.000243758 -17424
0.000245885 -17079
0.000247455 -16733
0.000248268 -16199
0.000248391 -15904
0.000248949 -15553
0.000249951 -15122
0.000250613 -14672
0.000250878 -14258
0.000251246 -13855
0.000254433 -13536
0.000254802 -13067
0.000255047 -12646
0.000262791 -12604
0.000262914 -12160
0.000263737 -11588
0.000268852 -11518
0.000269968 -11157
0.00027237 -10826
0.000272682 -10440
0.000273788 -10086
0.000289975 -9956
0.000290675 -9665
0.000299147 -9332
0.000301445 -8998
0.00031315 -8652
0.000314219 -8193
0.000320119 -7891
0.000320261 -7462
0.000321811 -7440
0.000323816 -7067
0.000328335 -6630
0.000332099 -6299
0.000336023 -6118
0.000340703 -5805
0.00035239 -5486
0.000354101 -5143
0.000362592 -4715
0.000369948 -4416
0.000371811 -4058
0.000389237 -4029
0.000398787 -3899
0.000399326 -3663
0.000406682 -3404
0.000430065 -3280
0.000456237 -3143
0.000466827 -2846
0.000497642 -2598
0.000502389 -2342
0.000504242 -2214
0.000509338 -2100
0.000509981 -1847
0.000510756 -1657
0.000534905 -1604
0.000538158 -1380
0.00054628 -1117
0.000573767 -1082
0.000584678 -1065
0.000588583 -895
0.000623842 -784
0.000628673 -597
0.000633921 -425
0.000663866 -343
0.000679004 -283
0.000687032 -207
0.000691163 -155
0.000694624 -106
0.000705545 -78
0.000706878 -50
0.000732105 -10
0.000839716 -2
0.000848462 0
0.000869226 20
0.000904153 22
0.000921901 35
0.000939355 68
0.000944499 69
0.00101348 89
0.00102907 110
0.00106898 120
0.00108961 123
0.00109268 124
0.00119801 136
2 136
