0 -13392
2.08e-07 -13002
5.3e-07 -12755
1.6878e-05 -12678
1.7616e-05 -12380
0.000151285 -12253
0.000154897 -12028
0.000173373 -11909
0.000216224 -11603
0.000216527 -11249
0.000225708 -11154
0.000226738 -10810
0.000231078 -10686
0.000231381 -10396
0.000233395 -10303
0.000241924 -10075
0.000242472 -9850
0.000243881 -9523
0.000253535 -9474
0.000256428 -9366
0.000258792 -9182
0.000259028 -8930
0.000259624 -8551
0.000261364 -8216
0.000262177 -7904
0.000263009 -7606
0.000265032 -7260
0.000266063 -6979
0.000266782 -6606
0.000268134 -6253
0.000288141 -6054
0.000292235 -6050
0.00029372 -6034
0.000295318 -5956
0.0002958 -5666
0.000296055 -5461
0.000297294 -5234
0.000299913 -5162
0.000302872 -4897
0.000308706 -4823
0.000311411 -4507
0.000313292 -4418
0.000319429 -4259
0.000319552 -3989
0.000320213 -3694
0.000320913 -3619
0.000331021 -3601
0.000331834 -3460
0.000331947 -3329
0.000334311 -3294
0.000335285 -3099
0.000339493 -2815
0.000343294 -2755
0.000368492 -2592
0.000373683 -2547
0.000373995 -2300
0.00037443 -2083
0.000376397 -1947
0.000376766 -1814
0.000379508 -1666
0.000380368 -1517
0.00039648 -1448
0.000397567 -1389
0.000397671 -1151
0.000399231 -1070
0.00043345 -1039
0.000434358 -938
0.000437346 -813
0.000442849 -745
0.000461305 -673
0.0004621 -518
0.000465239 -463
0.000466364 -365
0.000467319 -246
0.000468614 -157
0.000469314 -113
0.000471725 -110
0.000493529 -40
0.000494664 -11
0.000535 46
0.000605357 54
0.000615758 56
0.000622443 64
0.000631179 82
0.000640984 96
0.000665237 111
0.000702623 126
0.000715275 145
0.000728559 148
0.000731954 150
0.000733798 153
0.000747432 157
0.000753814 159
0.000781575 160
0.000803294 166
0.000845257 169
0.000891181 172
0.000906281 177
2 177
