0 -228
1.89e-07 -208
8.935e-06 -193
9.067e-06 -191
6.2131e-05 -186
6.8248e-05 -125
6.8381e-05 -115
6.9752e-05 -105
0.000133565 -104
0.00013609 -101
0.000136449 -73
0.000137158 -35
0.000137338 -20
0.000228383 0
0.000228449 37
0.000229915 40
0.000230388 82
0.000360757 101
0.000367064 122
0.000367877 128
0.000368009 145
0.000368388 177
0.000368473 195
0.000368662 196
0.00041851 223
0.000420657 243
0.000420836 246
0.000421318 254
0.000421385 302
0.000421526 303
0.000422358 317
0.000444266 319
0.000444645 353
0.000445694 365
0.000446243 369
0.000446469 382
0.000447254 384
0.000447453 402
0.000447812 413
0.000477209 418
0.000477653 423
0.000478977 453
0.000479081 454
0.000479979 461
0.000480253 463
0.000485236 468
0.000486144 472
0.00048639 473
0.000486863 477
0.000487127 489
0.000487326 499
0.000494323 507
0.000494436 511
0.000495098 533
0.000495382 536
0.000496034 537
0.000497736 545
0.000515361 554
0.000516335 558
0.000516467 570
0.000517015 578
0.000518831 586
0.000520476 589
0.000521743 596
0.000532494 597
0.000537987 601
0.000538791 632
0.000538857 636
0.000539415 651
0.000540219 657
0.00054054 658
0.000540947 662
0.000541779 668
0.000554789 669
0.000556236 673
0.000557408 689
0.000564178 690
0.000564708 707
0.000565011 710
0.000565389 716
0.000565597 737
0.000565682 745
0.000566467 749
0.000566911 751
0.000567185 757
0.000567913 776
0.000569757 780
0.00057023 790
0.00057162 803
0.000572442 815
0.000575307 820
0.000575771 821
0.000576045 831
0.000576243 838
0.000576376 841
0.000577406 843
0.000577737 855
0.000589084 858
0.000680507 862
0.000710906 863
0.000738184 864
0.000738676 881
0.000779986 885
2 885
