0 -20813
3.51e-07 -20588
0.000401308 -20442
0.00040181 -20156
0.000402095 -19772
0.000404229 -19362
0.00040568 -18927
0.000408952 -18620
0.000414927 -18424
0.000415885 -18085
0.000443265 -17740
0.000446158 -17364
0.000447542 -17065
0.000453356 -16713
0.000454323 -16303
0.000458705 -16272
0.000460222 -15892
0.000463646 -15551
0.000465401 -15320
0.000465571 -15055
0.00047406 -14924
0.000479105 -14580
0.00048086 -14270
0.000481647 -13868
0.000485905 -13563
0.000486436 -13184
0.000490135 -12897
0.000490989 -12626
0.000491671 -12277
0.000494981 -12097
0.000500311 -12008
0.000501535 -11613
0.000507149 -11258
0.000509207 -10941
0.000510753 -10732
0.000510943 -10486
0.000513437 -10384
0.000514025 -10037
0.000516339 -9963
0.00053287 -9878
0.000535715 -9842
0.000545778 -9708
0.00055621 -9600
0.000559188 -9243
0.00056301 -8953
0.000573888 -8789
0.000576847 -8565
0.000580594 -8305
0.000586976 -8136
0.00059078 -7949
0.000592439 -7613
0.000604437 -7407
0.000625415 -7377
0.000626136 -7154
0.000628754 -6964
0.000629996 -6647
0.000630774 -6326
0.000632983 -6030
0.000636976 -5843
0.000644469 -5681
0.000647209 -5421
0.000647788 -5200
0.000650956 -4987
0.00065197 -4749
0.000653137 -4529
0.000653924 -4410
0.000662128 -4338
0.000662991 -4250
0.000670682 -4216
0.000673964 -4160
0.000677606 -4013
0.000688683 -3948
0.000691054 -3768
0.000692875 -3539
0.000696375 -3313
0.000698613 -3174
0.000699381 -3042
0.0007005 -2868
0.000738199 -2733
0.000756873 -2672
0.0007595 -2573
0.000761758 -2422
0.000763028 -2239
0.000777207 -2152
0.000792884 -2059
0.0008141 -1829
0.000826021 -1677
0.000826809 -1573
0.000831456 -1447
0.000845331 -1286
0.000853772 -1142
0.000856313 -1084
0.000860183 -918
0.000864498 -788
0.000889991 -753
0.000891746 -674
0.000892258 -624
0.000894809 -557
0.00090949 -488
0.000930801 -388
0.000931389 -309
0.000936861 -278
0.000942258 -204
0.000975414 -121
0.00100421 -120
0.00100955 -100
0.00103018 -47
0.00103068 -1
0.00105137 30
0.00105862 36
0.001072 44
0.00107796 46
0.00107878 53
0.00108034 110
0.0010899 130
0.001092 161
0.00110864 163
0.0011114 167
0.0011126 182
0.00112963 193
0.0011306 195
0.00116027 199
0.00119171 203
0.00119278 210
0.00119344 212
0.00119375 213
0.00120781 215
0.0012125 228
0.00122392 230
0.0013289 241
0.00135035 256
0.00135442 278
0.00136156 283
0.00159629 292
0.00166303 293
0.00181227 295
0.0018319 296
0.00197461 308
0.00201353 317
0.00203679 326
2 326
