0 31
2.27e-07 78
9.55e-06 108
9.701e-06 116
9.795e-06 145
1.0041e-05 152
1.0098e-05 164
1.0391e-05 165
1.0457e-05 167
1.1119e-05 197
1.3559e-05 198
1.3644e-05 219
1.371e-05 225
1.3975e-05 240
1.405e-05 266
1.4126e-05 278
0.000438773 338
0.000440059 354
0.000440617 368
0.000442706 394
0.000442914 395
0.000443132 409
0.000455896 426
0.000456095 445
0.000456171 459
0.000503456 479
0.000503825 488
0.000504515 491
0.000532862 496
0.000532929 500
0.000533364 513
0.00053342 522
0.000533628 539
0.000542705 553
0.000547906 554
0.000548899 565
0.00055009 566
0.000550922 569
0.000551111 573
0.000553333 581
0.000553938 600
0.000554005 601
0.000554354 607
0.000554647 616
0.000554685 632
0.000555262 635
0.000555706 639
0.000555773 646
0.000570324 651
0.000571071 668
0.000571714 669
0.000604146 682
0.000604345 683
0.000604742 693
0.000605508 695
0.000607938 705
0.000609526 713
0.000609866 716
0.000610093 725
0.000613308 732
0.00061345 747
0.000615265 763
0.000617516 776
0.000623265 794
0.000639244 799
0.000640161 801
0.000640464 806
0.00064191 813
0.000646506 814
0.000648992 821
0.000650174 826
0.000651659 832
0.000651782 833
0.00067229 847
0.00067246 848
0.000675552 853
0.000677339 856
0.000680034 862
0.000680668 863
0.000685036 878
0.000693603 879
0.000697205 880
0.0006992 886
0.000699975 888
0.000700136 890
0.000702084 901
0.000706556 906
0.000717222 912
0.000746685 915
0.000747469 919
0.000747838 924
0.00074868 925
0.000839299 946
0.000839583 952
2 952
