0 -16211
6.7e-08 -15859
0.000328347 -15623
0.000332662 -15522
0.000333421 -15265
0.000335925 -14995
0.000336266 -14974
0.000341587 -14849
0.000354068 -14718
0.000354305 -14422
0.000354637 -14143
0.00035806 -14051
0.000359331 -13818
0.000360678 -13498
0.000361731 -13218
0.000362613 -12957
0.000362746 -12567
0.00036671 -12429
0.000372362 -12297
0.000381647 -12250
0.000382283 -12091
0.000387015 -11830
0.000387888 -11809
0.000388039 -11500
0.000388599 -11280
0.000390325 -11010
0.000391359 -10814
0.000392146 -10755
0.000393246 -10479
0.000394972 -10170
0.000398785 -9915
0.00040071 -9858
0.000405111 -9770
0.000405813 -9745
0.00040824 -9682
0.000408819 -9658
0.000408999 -9399
0.000412432 -9360
0.00041321 -9144
0.000413997 -8985
0.000423595 -8880
0.000424145 -8590
0.000428271 -8391
0.000432102 -8212
0.000436332 -8128
0.000445332 -8111
0.000445778 -7960
0.000446158 -7872
0.00045126 -7623
0.000453622 -7580
0.000455433 -7538
0.000456125 -7270
0.000457643 -7143
0.000463248 -6980
0.000464765 -6917
0.000468189 -6803
0.000469735 -6664
0.000469972 -6460
0.000473671 -6371
0.000474534 -6297
0.000474875 -6056
0.000478451 -5945
0.000481315 -5704
0.000483069 -5625
0.000484264 -5382
0.000490628 -5212
0.000499278 -5187
0.000502388 -5095
0.000506391 -5066
0.000509245 -4815
0.000517117 -4603
0.000522694 -4461
0.000524306 -4300
0.000540723 -4200
0.000547381 -4074
0.000549837 -3977
0.00055106 -3787
0.000553536 -3576
0.000553858 -3398
0.000557823 -3216
0.000559112 -3034
0.000560127 -2853
0.00056357 -2726
0.000564196 -2669
0.000569592 -2594
0.000572988 -2548
0.000598575 -2490
0.000608259 -2355
0.000610516 -2176
0.000612877 -2073
0.000614537 -1882
0.000616643 -1763
0.000617932 -1737
0.000624951 -1557
0.000629712 -1393
0.000633002 -1306
0.000640258 -1228
0.000642591 -1129
0.000643681 -1073
0.000644563 -1018
0.000646062 -985
0.00064757 -926
0.000648167 -848
0.000658448 -796
0.000663076 -695
0.000701098 -615
0.000705299 -574
0.000706124 -503
0.000716756 -490
0.000720891 -450
0.000750775 -402
0.000752919 -377
0.000756276 -369
0.000760544 -327
0.000767704 -289
0.000770606 -273
0.000785202 -262
0.000792126 -240
0.000794297 -149
0.000798034 -102
0.000801306 -101
0.000804341 -44
0.000807822 -20
0.000811037 -17
0.000823081 -7
0.000826543 23
0.000836843 70
0.000841955 79
0.000846611 140
0.000869363 199
0.000870634 207
0.000875035 224
0.000878724 226
0.00088174 228
0.000886122 238
0.00088892 248
0.000895843 266
0.000916793 274
0.000921478 293
0.000931645 297
0.000939337 303
0.00098228 313
0.000991755 337
0.00101139 347
0.00101784 348
0.0010428 349
0.00106819 363
0.00109233 365
0.00109523 370
0.00117226 387
0.00123349 388
0.00135143 400
0.00136136 411
2 411
