676 0.0588369
681 0.0477526
704 0.0556565
715 0.0596095
677 0.0414433
694 0.0533651
640 0.0428973
685 0.0717004
631 0.0462316
668 0.0408968
245 0.0811918
242 0.0950418
239 0.0553475
248 0.0969292
228 0.0652581
241 0.108654
252 0.0561138
254 0.104095
252 0.0692526
254 0.0905854
1949 0.0113118
1934 0.011299
1896 0.0238607
1890 0.0116504
1977 0.0193808
1965 0.0121347
1820 0.0119365
1895 0.0156888
1909 0.0104657
1931 0.016611
1849 0.0159628
1807 0.0154818
1770 0.0250346
1792 0.0234452
1905 0.0271401
1656 0.013948
1775 0.0218911
1824 0.0225354
1686 0.0152916
1798 0.0200124
