0 -4721
2.75e-07 -4552
1.367e-06 -4412
0.000578405 -4229
0.000583267 -4216
0.0005836 -4116
0.000584055 -4110
0.000584397 -4010
0.000584559 -3868
0.000586819 -3863
0.000587778 -3816
0.000587911 -3620
0.000601587 -3541
0.000603373 -3472
0.000608938 -3418
0.000617771 -3392
0.000617932 -3329
0.000618578 -3204
0.000618977 -3144
0.00061929 -3004
0.000633233 -2994
0.000633432 -2904
0.000634192 -2786
0.000634648 -2711
0.000657118 -2696
0.000662845 -2653
0.000663757 -2632
0.000664346 -2569
0.000664916 -2524
0.000666312 -2494
0.000666711 -2443
0.000666815 -2328
0.000669132 -2275
0.00066974 -2272
0.000672371 -2242
0.000672494 -2207
0.000673273 -2139
0.000674954 -2137
0.000677803 -2088
0.000678212 -2002
0.000678468 -1906
0.000678915 -1853
0.000679294 -1788
0.000679541 -1751
0.000681393 -1725
0.000696551 -1647
0.000709876 -1601
0.000711994 -1519
0.000720408 -1512
0.000722412 -1491
0.000735898 -1488
0.000736639 -1428
0.000737295 -1376
0.000737427 -1292
0.000738225 -1258
0.000738928 -1216
0.00073946 -1150
0.000740172 -1113
0.000741131 -1104
0.000742347 -1099
0.000742613 -1058
0.000744569 -998
0.000746108 -972
0.000747751 -942
0.000751882 -923
0.000753867 -922
0.0007559 -893
0.000757486 -854
0.000759357 -849
0.000759737 -829
0.00076213 -811
0.000768303 -803
0.000768778 -707
0.000776082 -676
0.000778959 -661
0.000780023 -641
0.00078424 -629
0.00078631 -558
0.000787269 -435
0.000788352 -413
0.000791201 -397
0.000791334 -389
0.00079216 -368
0.000792512 -357
0.000793158 -295
0.000793547 -281
0.000794326 -185
0.000797792 -175
0.000808287 -152
0.000811753 -143
0.000812751 -140
0.000814641 -99
0.000814774 -84
0.000817015 -61
0.000829884 -5
0.000830435 32
0.000830976 101
0.000831251 102
0.00083146 188
0.000834072 216
0.000834594 277
0.000837634 299
0.000838127 300
0.000838441 303
0.000839543 332
0.000840511 334
0.000847644 335
0.000864406 352
0.000864938 391
0.000865603 396
0.000869763 408
0.000870086 414
0.000870988 480
0.000871691 482
0.000872251 499
0.000872992 502
0.000875319 512
0.000878453 556
0.0008787 562
0.000881065 564
0.000881853 571
0.000883145 586
0.000884455 612
0.00088985 625
0.000889964 678
0.000890154 680
0.000890838 707
0.000891483 721
0.000894228 734
0.000895567 748
0.000896773 755
0.000897201 801
0.000898027 805
0.000899319 816
0.000900515 826
0.000903393 853
0.000903849 873
0.000904865 899
0.00090666 910
0.000908408 915
0.00092706 978
0.000927953 992
0.000928333 1001
0.000928485 1002
0.000929473 1007
0.000932958 1033
0.000938153 1043
0.00093972 1046
0.000947128 1049
0.000950395 1051
0.000951079 1056
0.000953235 1102
0.000955714 1124
0.000960434 1138
0.000961972 1172
0.000964973 1173
0.000974613 1188
0.000976228 1193
0.000977994 1204
0.000980036 1206
0.000981166 1210
0.000986475 1224
0.000991613 1284
0.000993494 1285
0.0009966 1288
0.00099754 1293
0.000998584 1321
0.0010006 1339
0.00100236 1365
0.00100348 1366
0.00100778 1382
0.00101009 1400
0.00101042 1408
0.00101513 1413
0.00101569 1428
0.0010166 1434
0.0010257 1448
0.00102955 1461
0.00103279 1469
0.00103342 1484
0.00103654 1492
0.00103924 1493
0.00104059 1512
0.00104274 1525
0.00104798 1533
0.00104808 1546
0.00104818 1547
0.00104896 1554
0.00104927 1584
0.00106261 1585
0.0010713 1593
0.00107185 1597
0.00107603 1600
0.00108135 1609
0.00109048 1617
0.00109191 1620
0.00109304 1636
0.00109577 1644
0.00109876 1671
0.00110139 1676
0.00110435 1688
0.00110599 1689
0.00111018 1699
0.0011165 1701
0.00111845 1702
0.00111882 1724
0.00112171 1733
0.00112894 1745
0.0011334 1754
0.0011337 1764
0.00113636 1768
0.00113946 1771
0.00114252 1774
0.00117368 1787
0.00117448 1790
0.00119484 1791
0.00119761 1799
0.00121135 1806
0.00121926 1814
0.00122104 1820
0.00124881 1823
0.00127932 1824
0.00129113 1829
0.0012983 1835
0.00130799 1843
0.00132143 1848
0.00132216 1860
0.00139907 1863
0.00140079 1878
2 1878
