0 -1229
8.45e-07 -1155
0.000719297 -1145
0.000722099 -1138
0.000722327 -1085
0.000723286 -1074
0.000723856 -1048
0.000724198 -1031
0.000734541 -961
0.000734854 -927
0.000735718 -923
0.000735994 -868
0.000737333 -867
0.000737817 -797
0.000738463 -746
0.000753773 -741
0.000753887 -731
0.000754637 -681
0.00075514 -596
0.000755425 -556
0.000755577 -549
0.000756289 -496
0.000756536 -489
0.000758901 -385
0.000759215 -334
0.000759547 -270
0.000760022 -212
0.000773442 -205
0.000773631 -128
0.000773869 -127
0.000792503 -122
0.000794924 -88
0.000796491 -58
0.000796805 -7
0.000797698 18
0.00079803 37
0.000798286 66
0.000798942 129
0.00079955 147
0.000800129 168
0.000800328 203
0.000800433 223
0.000800594 256
0.0008018 301
0.000801914 340
0.000802209 343
0.000802304 351
0.000802503 356
0.000804023 401
0.000815695 431
0.000816502 437
0.000818307 453
0.000818782 467
0.00082108 470
0.000821289 472
0.000821441 514
0.000821802 554
0.000823008 586
0.000826152 595
0.000826342 611
0.000827082 617
0.00082751 667
0.000828212 673
0.000828706 702
0.000834623 737
0.000835677 786
0.000840436 805
0.000840739 825
0.000842848 832
0.000842971 872
0.000861558 887
0.00086246 890
0.000863485 891
0.000865053 905
0.000867151 929
0.000867569 930
0.000871834 931
0.000872005 960
0.000877902 981
0.000878102 990
0.000882746 1021
0.000883088 1040
0.000883221 1062
0.000883306 1066
0.000883952 1079
0.000884532 1084
0.000884617 1093
0.00088493 1106
0.000885586 1119
0.000885795 1121
0.000888046 1126
0.000891132 1145
0.000892395 1148
0.000893468 1151
0.000894247 1180
0.000894808 1184
0.000896679 1215
0.000897334 1230
0.000898103 1250
0.000898882 1252
0.000899775 1271
0.000900857 1272
0.000901912 1274
0.000903289 1322
0.000903621 1327
0.000904276 1352
0.000905179 1362
0.000906337 1374
0.000909509 1376
0.000910013 1380
0.000910184 1384
0.000911855 1401
0.000912814 1414
0.000913185 1444
0.000913489 1448
0.000915683 1456
0.000916898 1474
0.000916993 1483
0.000917364 1495
0.000917953 1505
0.000924335 1519
0.000924658 1566
0.000925066 1598
0.000925911 1608
0.000926092 1635
0.00094313 1653
0.000943975 1654
0.000958762 1685
0.000959446 1690
0.000964318 1692
0.000964926 1719
0.00096524 1723
0.000971061 1724
0.000976893 1727
0.000977434 1731
0.000980207 1737
0.00098111 1757
0.000981309 1761
0.000981822 1764
0.000990208 1778
0.000995042 1790
0.000996106 1815
0.000997948 1817
0.00100339 1822
0.00100891 1823
0.00100907 1824
0.00101036 1833
0.00101463 1834
0.00102298 1836
0.001024 1841
0.00102433 1845
0.00103883 1869
0.00104359 1885
0.00104931 1897
0.00105085 1901
0.00105617 1918
0.00105929 1926
0.0010643 1927
0.00106716 1940
0.00106849 1963
0.0010751 1965
0.00107756 1975
0.00108133 1983
0.00110164 1985
0.00110253 1989
0.00112158 1994
0.00113325 2017
0.0011335 2019
0.00145404 2026
0.00145468 2027
0.00154875 2029
0.00156132 2031
0.00158083 2033
0.00158189 2039
2 2039
