0 -9397
1.42e-07 -9055
0.00024024 -8945
0.000240827 -8646
0.000242739 -8438
0.000249035 -8349
0.000249139 -8039
0.000249356 -7666
0.00024948 -7462
0.000250814 -7323
0.000251884 -7048
0.000283314 -7013
0.000306896 -6987
0.000307956 -6750
0.000329001 -6590
0.000331462 -6421
0.000331661 -6067
0.000332267 -5714
0.000332684 -5400
0.000333668 -5177
0.00033844 -4922
0.000340579 -4674
0.000340712 -4362
0.00034553 -4065
0.00034606 -4000
0.000349677 -3814
0.000377396 -3764
0.000379687 -3508
0.000380293 -3243
0.000382517 -3040
0.000382953 -2824
0.000383663 -2642
0.000389646 -2444
0.000391047 -2262
0.000391492 -2157
0.000392751 -1969
0.000393044 -1827
0.000398497 -1674
0.00039862 -1481
0.000399643 -1320
0.000400324 -1087
0.000400599 -1023
0.000428725 -973
0.000434935 -964
0.000457798 -889
0.000471449 -777
0.000474014 -749
0.000483036 -737
0.000494539 -637
0.000494823 -590
0.000500578 -557
0.000505974 -423
0.00053162 -382
0.00053908 -302
0.00054298 -213
0.000548935 -182
0.000552854 -89
0.000553195 -59
0.000554416 -43
0.000557455 -32
0.00056341 0
0.000565739 4
0.000565805 49
0.000575385 62
0.000581662 124
0.000622559 137
0.000655485 162
0.000670111 166
0.000725454 168
0.00075607 170
0.000773546 197
0.000830233 248
0.000855803 254
0.000872484 265
0.00087806 274
0.000916486 276
2 276
