0 -477
1.99e-07 -474
7.2e-07 -371
0.000326294 -314
0.000326578 -307
0.000374784 -279
0.000377898 -222
0.000380511 -192
0.000380909 -189
0.000437047 -157
0.000437199 -128
0.000437407 -71
0.000439603 -40
0.000439688 -4
0.000440361 24
0.000477518 25
0.000478058 47
0.000478597 86
0.000483794 90
0.000490942 98
0.000491803 114
0.00050269 134
0.000503145 138
0.000507594 163
0.000586235 200
0.000610253 231
0.000610915 244
0.000632992 255
0.000647656 266
0.000652418 282
0.000652541 285
0.000652759 314
0.000653043 367
0.000653923 387
0.000654236 407
0.000654321 411
0.000654624 412
0.000655372 414
0.000655911 428
0.000658761 435
0.000658865 467
0.000659679 480
0.000660673 484
0.000660938 491
0.000771057 496
0.000793436 505
0.000799287 513
0.000801417 527
0.000802562 542
0.000805204 549
0.00080757 552
0.000815778 555
0.00081752 556
0.000829231 560
0.00083119 568
0.000835308 583
0.000836245 596
0.000842361 600
0.000843961 601
0.000844898 602
0.000846413 614
0.000853447 616
0.000856012 620
0.000863075 639
0.000864977 642
0.000909803 648
0.00105262 651
2 651
