0 -6408
1.78e-07 -6313
8.288e-06 -6222
8.467e-06 -6101
8.617e-06 -5991
0.000436194 -5954
0.000436439 -5796
0.00043896 -5663
0.000440221 -5456
0.000440522 -5305
0.000440654 -5152
0.000442112 -5102
0.000443044 -4953
0.000443345 -4774
0.000443777 -4685
0.000445339 -4669
0.000445904 -4517
0.000446111 -4411
0.000458003 -4348
0.000460223 -4308
0.000461531 -4172
0.000462688 -4008
0.000466113 -3996
0.000472059 -3849
0.0004722 -3739
0.000473931 -3675
0.000474495 -3557
0.000474975 -3380
0.00047665 -3312
0.000481486 -3227
0.00048269 -3097
0.000485418 -3002
0.000490508 -2956
0.00049334 -2920
0.000500876 -2898
0.000501027 -2798
0.000502748 -2721
0.000503699 -2662
0.000506164 -2574
0.00050829 -2451
0.000508469 -2387
0.000510454 -2285
0.000513747 -2260
0.000514076 -2191
0.000541915 -2124
0.000542376 -2014
0.000548905 -1928
0.00055216 -1886
0.000555491 -1803
0.000562613 -1759
0.000569114 -1643
0.000574938 -1506
0.000576622 -1449
0.00057936 -1404
0.000580169 -1319
0.000581138 -1255
0.000581298 -1202
0.000581684 -1127
0.000584233 -1026
0.000586265 -1004
0.000616663 -989
0.000618959 -939
0.000620634 -887
0.00062674 -872
0.000632046 -805
0.000639685 -735
0.000640523 -708
0.000651502 -702
0.00065551 -661
0.00066283 -620
0.000665417 -592
0.000669058 -556
0.00067539 -527
0.000686924 -479
0.000700707 -465
0.000701554 -447
0.000704179 -438
0.000708206 -372
0.000708714 -330
0.000709363 -274
0.000713004 -241
0.000724134 -219
0.000724256 -163
0.000730466 -148
0.000731755 -104
0.000732159 -63
0.000732272 -14
0.00073469 1
0.000738049 20
0.000741323 42
0.000745143 47
0.000749809 111
0.000760196 120
0.000765841 149
0.000768287 172
0.000768409 178
0.000775908 180
0.000776519 195
0.00078207 227
0.000783698 237
0.000783839 248
0.000792993 252
0.000793576 269
0.000839009 294
0.000842706 312
0.000843374 365
0.000843835 369
0.000848756 385
0.000849198 405
0.000850063 407
0.000857948 417
0.000858437 438
0.000858898 460
0.000875588 477
0.00088208 494
0.000912901 499
0.000918038 503
0.000927832 509
0.000940637 525
0.000940731 529
0.000944616 536
0.000946931 541
0.000959143 550
0.000965992 555
0.000969859 559
0.000970687 564
0.000991121 566
0.00101375 569
0.001023 570
0.00102949 577
0.00102992 608
0.00105618 622
0.00107062 623
0.00107749 626
0.00110329 636
0.00115854 653
0.00118459 657
0.0011847 664
0.00118577 667
0.00122643 671
0.00122918 674
0.00125407 683
0.00133847 696
0.00141111 699
0.00144964 701
0.0016137 705
2 705
