0 559
3.42e-07 593
7.956e-06 602
0.000578731 612
0.000578857 625
0.000578983 634
0.000579082 641
0.000579892 642
0.000580198 644
0.000581458 646
0.000582277 671
0.000586138 714
0.000586318 730
0.000587281 742
0.000587713 749
0.000587911 753
0.000592141 754
0.000593212 771
0.000593482 779
0.000594013 785
0.000594391 789
0.000594481 801
0.000595048 843
0.000595165 854
0.000595687 875
0.000619249 887
0.000619537 908
0.000621535 925
0.000698577 932
0.000698703 939
0.000704454 960
0.00070476 971
0.00070548 980
0.000705804 983
0.000706902 984
0.000707001 985
0.000707199 1003
0.000713229 1042
0.0007134 1055
0.000715092 1061
0.000715182 1072
0.000718153 1076
0.000718396 1087
0.000718999 1098
0.000722527 1102
0.000723121 1105
0.000724264 1115
0.000724579 1116
0.000726055 1122
0.000726595 1132
0.000726703 1143
0.000728593 1163
0.000728755 1167
0.000747241 1168
0.000749572 1173
0.000749743 1175
0.000749914 1181
0.000750337 1197
0.000752047 1210
0.0007522 1213
0.000778625 1214
0.000778895 1215
0.000779237 1217
0.000779543 1219
0.000779786 1252
0.000782027 1257
0.000783305 1266
0.000783422 1272
0.000783593 1286
0.000830106 1289
0.000830853 1296
0.000831213 1297
0.000834624 1299
0.000838665 1300
0.000838764 1306
0.000847863 1307
0.000848367 1311
0.000849627 1312
0.000849717 1313
0.000852192 1322
0.000857494 1324
0.000858322 1325
0.000858439 1326
0.000858529 1335
0.000858943 1342
0.000861985 1350
0.000862417 1351
0.000863506 1354
0.000866278 1357
0.000916904 1358
0.000927614 1365
0.000936839 1369
0.000938162 1376
0.000952833 1386
0.000980895 1387
0.000985026 1388
0.00103067 1389
0.00103306 1390
0.00103324 1395
0.00110486 1396
0.00111692 1401
2 1401
