0 -7475
1.26e-07 -7342
0.000348641 -7213
0.00035864 -7152
0.000360485 -7124
0.00036152 -6950
0.000362195 -6890
0.000362771 -6781
0.000363248 -6631
0.000363473 -6558
0.000367415 -6510
0.00036773 -6411
0.0003689 -6278
0.000372176 -6264
0.000372716 -6238
0.000372824 -6122
0.000373148 -5995
0.000375317 -5887
0.000375506 -5772
0.000402624 -5731
0.000403065 -5658
0.000404028 -5549
0.000406395 -5390
0.000406683 -5250
0.000407133 -5102
0.000407619 -4991
0.000408123 -4861
0.000408231 -4730
0.000409554 -4598
0.000410265 -4513
0.000413811 -4483
0.000414693 -4376
0.000416043 -4237
0.000417852 -4133
0.000423225 -4066
0.00042363 -3949
0.000423936 -3869
0.000427572 -3854
0.000434484 -3851
0.000437932 -3731
0.000443791 -3618
0.000445834 -3542
0.000446032 -3431
0.000446734 -3310
0.000448426 -3181
0.000449191 -3060
0.000449866 -2995
0.000450505 -2925
0.00045127 -2855
0.000452593 -2737
0.000453439 -2621
0.000456373 -2614
0.000456679 -2530
0.000466075 -2462
0.000467938 -2365
0.000469369 -2277
0.000469504 -2212
0.000469801 -2091
0.000482626 -2068
0.000483977 -2021
0.00048647 -1932
0.000486614 -1828
0.000487172 -1790
0.000490259 -1778
0.000490898 -1715
0.000492014 -1657
0.000492482 -1583
0.000496343 -1498
0.000509321 -1439
0.000509645 -1356
0.000510005 -1297
0.000511328 -1268
0.000513794 -1232
0.000517745 -1211
0.000520769 -1133
0.000521345 -1102
0.000521804 -1030
0.000529166 -1002
0.000535197 -945
0.000536997 -892
0.000537843 -825
0.000541155 -814
0.000542919 -776
0.000543783 -720
0.000547761 -660
0.000556608 -587
0.000566634 -530
0.000568245 -469
0.000573258 -452
0.000578289 -384
0.000597829 -375
0.000603427 -325
0.000604885 -307
0.000605911 -280
0.000607549 -234
0.000611437 -197
0.000637052 -163
0.000637682 -115
0.000640517 -114
0.000644639 -95
0.000654656 -87
0.000655772 -79
0.000657833 -38
0.000678399 -6
0.000686769 39
0.000687498 71
0.00068883 73
0.000705471 89
0.000718836 97
0.000747718 102
0.000779345 110
0.000785933 115
0.000802943 157
0.000826038 179
0.000832293 190
0.000870409 194
0.000875557 206
0.000883639 208
0.000893395 231
0.000894214 250
0.000903646 254
0.000916787 263
0.000920999 271
0.000925994 272
0.000933419 288
0.000934589 293
0.000954002 294
0.000956981 297
0.00109384 298
0.00112052 304
0.00115862 307
0.00127439 316
0.00132234 320
0.00137599 321
0.0013767 334
0.00137684 339
0.00137821 340
0.00137867 350
0.00138814 353
0.0013944 359
0.00139878 361
0.00140771 367
0.00142772 369
0.00145611 370
0.00145995 373
0.00168337 376
0.00168994 378
2 378
