0 -65
6.39e-07 -3
7.407e-06 15
7.524e-06 70
7.605e-06 121
7.776e-06 137
0.000311298 141
0.00031137 160
0.000311955 173
0.000312135 194
0.000312369 231
0.000312774 247
0.000340621 285
0.00034126 299
0.000348892 304
0.000349504 345
0.000350323 357
0.000351826 368
0.000352294 371
0.000352348 374
0.000352402 388
0.00037412 403
0.000374219 405
0.000374336 438
0.000374633 439
0.000374813 443
0.000376415 452
0.000376523 463
0.000376712 477
0.000376964 520
0.000377054 532
0.000377108 535
0.000384749 553
0.000384911 557
0.000385631 562
0.000422523 564
0.000422901 575
0.000422991 583
0.00042327 584
0.000423729 595
0.000423846 599
0.000424107 601
0.000466768 603
0.000467173 621
0.00046729 623
0.000468109 644
0.000469153 655
0.000470746 667
0.000471169 679
0.000471943 690
0.000472078 697
0.000472222 700
0.00047242 702
0.00047647 703
0.000476533 716
0.000483994 717
0.000484048 723
0.00048475 734
0.000485263 745
0.000485506 750
0.000489502 756
0.000489727 767
0.000490177 771
0.000490456 776
0.000586803 778
0.000594804 795
2 795
