690 0.0013098
707 0.00144274
749 0.00162799
733 0.00256211
715 0.00264812
740 0.00264948
708 0.00207152
690 0.00190449
737 0.00176918
714 0.00550792
428 0.010158
444 0.0082879
463 0.0186481
448 0.0110796
464 0.0130614
453 0.00848009
430 0.00895016
438 0.00807254
416 0.0126636
446 0.0102126
901 0.00177597
918 0.00161351
885 0.00250323
913 0.00115376
930 0.00148156
898 0.00121722
886 0.00174416
905 0.00173255
933 0.00122018
908 0.00138254
819 0.00118292
861 0.00238963
831 0.000920053
884 0.00220961
847 0.00136706
867 0.00154427
855 0.00182599
896 0.00224001
808 0.00187162
820 0.00154775
