0 -1351
2.46e-07 -1325
1.1464e-05 -1318
0.000682603 -1178
0.00068283 -1175
0.000684888 -1144
0.000685618 -1060
0.00069769 -1057
0.000705238 -1041
0.000705437 -1036
0.000705968 -965
0.000726632 -939
0.000727504 -909
0.00073087 -898
0.000732264 -894
0.000732568 -816
0.000733023 -761
0.000734948 -734
0.000738457 -708
0.000738798 -653
0.000743625 -622
0.000743976 -515
0.000744621 -498
0.000745645 -465
0.000746033 -421
0.000746517 -395
0.000750709 -364
0.000751685 -330
0.000751979 -238
0.000754046 -229
0.000775079 -187
0.000775592 -183
0.00077928 -113
0.000779593 -90
0.000781338 -19
0.000782154 -15
0.000782457 49
0.00078424 51
0.00078461 56
0.000785141 59
0.000785624 88
0.000790499 96
0.000791049 123
0.000791371 182
0.000791513 204
0.000792348 236
0.000794908 263
0.000795183 292
0.000795306 294
0.000795553 313
0.000795676 319
0.00079579 331
0.000795913 364
0.000802864 370
0.000804306 430
0.000830715 431
0.000831597 482
0.000848268 491
0.000850857 498
0.000851037 511
0.000851909 512
0.000855266 519
0.000856196 527
0.000856831 543
0.000857002 590
0.000859866 623
0.000860852 629
0.000861354 631
0.00087134 633
0.000871956 637
0.000872269 638
0.000873549 664
0.000874526 709
0.000874773 736
0.000876792 760
0.000876944 804
0.00087721 820
0.000877494 823
0.000878025 827
0.000878708 838
0.000879704 843
0.000879827 869
0.000894838 888
0.000896242 934
0.000896441 962
0.000903003 976
0.000903306 982
0.000904321 988
0.000904805 996
0.000906075 1015
0.000907081 1022
0.000907242 1058
0.000907849 1067
0.000908171 1079
0.000908531 1086
0.000909271 1090
0.000910134 1108
0.00091204 1121
0.000912325 1129
0.000913169 1140
0.000914259 1142
0.000914629 1147
0.000914904 1152
0.000936544 1164
0.000937596 1167
0.000938089 1199
0.00093918 1208
0.00093992 1221
0.000940697 1228
0.000941389 1229
0.000951034 1262
0.000951868 1274
0.000954229 1277
0.000954798 1290
0.000955889 1324
0.000956183 1335
0.000956496 1343
0.00095679 1356
0.000958041 1358
0.000962185 1364
0.000962707 1371
0.000963494 1376
0.000964698 1377
0.000967856 1380
0.000968937 1390
0.000970891 1402
0.000972029 1413
0.000972294 1422
0.000972768 1424
0.000976116 1437
0.000982261 1438
0.000984517 1454
0.000984954 1468
0.00100297 1474
0.00100635 1486
0.00100677 1489
0.00100759 1506
0.00102655 1507
0.00102969 1515
0.00103242 1518
0.00104796 1538
0.00105711 1543
0.00105764 1568
0.00108514 1597
0.00109275 1602
0.0011062 1603
0.00112621 1612
0.0011704 1618
0.00117361 1624
0.0011749 1629
0.00124972 1635
0.00125925 1641
0.00150365 1642
2 1642
