733 0.100146
680 0.19794
759 0.214176
715 0.0944346
697 0.0919388
678 0.0909966
755 0.212082
686 0.0847155
728 0.134538
709 0.105614
280 0.116327
275 0.323405
264 0.201336
250 0.195303
283 0.152411
284 0.136604
262 0.149562
265 0.285078
245 0.191917
257 0.156385
1603 0.00522816
1612 0.00412343
1734 0.00697056
1678 0.00570361
1704 0.00604897
1581 0.00432847
1643 0.00336095
1563 0.00433079
1569 0.0030127
1720 0.00781951
1541 0.00834737
1554 0.00710328
1551 0.010393
1495 0.00882431
1502 0.00573967
1634 0.00721832
1503 0.00534792
1511 0.00503591
1540 0.00971463
1573 0.0070046
