0 -935
8.1e-08 -800
4.832e-06 -694
8.5e-06 -596
1.2268e-05 -501
1.6371e-05 -418
2.1162e-05 -335
2.5782e-05 -259
3.1029e-05 -187
3.6783e-05 -120
4.4837e-05 -54
5.2019e-05 11
5.7105e-05 72
6.1076e-05 126
6.5118e-05 175
6.9747e-05 222
7.4032e-05 269
7.8318e-05 314
8.2643e-05 358
8.6857e-05 402
9.1011e-05 445
9.4881e-05 487
9.952e-05 528
0.000103643 567
0.000107878 604
0.000111798 639
0.00011585 665
0.000119933 687
0.000123792 708
0.000127956 726
0.000131846 744
0.000136759 760
0.000141652 784
0.00014616 800
0.000150648 814
0.000154518 828
0.000158367 841
0.000162642 854
0.000167079 869
0.000171516 881
0.000175589 893
0.000179175 920
0.000183156 934
0.000188697 945
0.000191888 955
0.000195171 963
0.00019747 970
0.000199233 977
0.00020131 982
0.000204653 985
0.000206172 987
0.000213202 991
0.000217103 992
0.000220284 996
0.00027596 997
0.000451801 999
0.000475131 1000
0.000486872 1002
0.000490621 1003
0.000510091 1004
0.000512735 1005
0.000513708 1010
0.000643781 1011
0.00117302 1012
0.00149826 1014
2 1014
