0 -103150
4.5e-08 -102361
1.5705e-05 -101625
2.9809e-05 -100897
4.2625e-05 -100178
6.4477e-05 -99463
8.2019e-05 -98750
0.000114428 -98051
0.000152958 -97364
0.000189319 -96681
0.000225482 -96018
0.000293586 -95363
0.000333529 -94708
0.000366605 -94055
0.00039608 -93403
0.000452971 -92753
0.000499196 -92106
0.000537473 -91460
0.000570837 -90816
0.000599728 -90176
0.000627511 -89536
0.00065579 -88901
0.000683456 -88271
0.000712248 -87642
0.000742201 -87014
0.00077452 -86387
0.000805454 -85760
0.000837648 -85133
0.000867069 -84506
0.000896536 -83886
0.000924464 -83271
0.00095348 -82657
0.000981912 -82044
0.00101169 -81431
0.00104214 -80819
0.00107136 -80210
0.00110219 -79606
0.00113232 -79004
0.00116101 -78403
0.00118951 -77804
0.00121739 -77205
0.00124652 -76607
0.00127502 -76010
0.00130497 -75415
0.00133402 -74826
0.00136357 -74239
0.00139433 -73653
0.00142597 -73067
0.00145546 -72483
0.00148466 -71902
0.00151485 -71322
0.00155263 -70743
0.00158423 -70166
0.00161499 -69591
0.00164821 -69020
0.00167745 -68452
0.00170817 -67884
0.00173982 -67316
0.00177213 -66752
0.00180118 -66188
0.00183057 -65628
0.00186707 -65069
0.00190376 -64510
0.00193663 -63952
0.00196689 -63396
0.00199714 -62842
0.00202728 -62289
0.00205848 -61736
0.00208966 -61183
0.0021208 -60631
0.00215088 -60085
0.00218067 -59539
0.00222326 -58998
0.00226154 -58460
0.00229648 -57924
0.00233075 -57389
0.00236821 -56854
0.00240125 -56322
0.00243468 -55791
0.00246844 -55262
0.00252092 -54734
0.00255677 -54210
0.0025934 -53688
0.0026274 -53166
0.00265901 -52646
0.00269292 -52129
0.00272646 -51612
0.00275953 -51096
0.00279165 -50581
0.00282612 -50068
0.00285889 -49556
0.00289294 -49044
0.0029253 -48534
0.0029575 -48026
0.00298839 -47518
0.00302695 -47012
0.00306957 -46506
0.00310979 -46001
0.00314078 -45501
0.0031733 -45005
0.00320657 -44513
0.00324208 -44022
0.00327325 -43532
0.00330513 -43042
0.00333852 -42553
0.00337045 -42064
0.00340642 -41579
0.0034477 -41096
0.00350477 -40616
0.00356228 -40137
0.0036141 -39660
0.00364989 -39185
0.00368398 -38713
0.00373188 -38242
0.00378148 -37772
0.00382618 -37303
0.00387571 -36834
0.00391052 -36366
0.00394491 -35899
0.00397764 -35433
0.00402669 -34972
0.00407986 -34515
0.00412762 -34059
0.00416612 -33604
0.00420788 -33149
0.00425864 -32699
0.00429442 -32254
0.00433167 -31811
0.00436878 -31369
0.00441186 -30928
0.00444426 -30489
0.00448148 -30050
0.00451964 -29613
0.00456143 -29179
0.00460442 -28749
0.00464466 -28319
0.00468466 -27890
0.00471787 -27463
0.00475523 -27040
0.00479132 -26618
0.00484126 -26196
0.00489583 -25780
0.00494774 -25365
0.00499015 -24951
0.00502869 -24541
0.00506534 -24139
0.00510788 -23737
0.00514951 -23336
0.00518935 -22935
0.00522238 -22534
0.00528362 -22134
0.00534462 -21737
0.00539627 -21342
0.00544786 -20948
0.00549351 -20557
0.0055321 -20177
0.00557531 -19801
0.00561847 -19428
0.00565864 -19055
0.00569796 -18685
0.00574027 -18317
0.00578004 -17950
0.00584073 -17594
0.00589536 -17241
0.00594787 -16889
0.00600281 -16539
0.00605344 -16193
0.00610534 -15849
0.00618822 -15506
0.00638417 -15164
0.00673146 -14824
0.00686671 -14486
0.00697766 -14150
0.00707634 -13816
0.00716806 -13490
0.00725101 -13165
0.00732659 -12842
0.00740622 -12521
0.00748114 -12204
0.00755674 -11896
0.00763123 -11592
0.00770622 -11290
0.00778025 -10992
0.00785166 -10696
0.00792623 -10401
0.0080122 -10109
0.00811389 -9817
0.00822083 -9529
0.00834723 -9251
0.00844685 -8974
0.00854842 -8700
0.00864657 -8431
0.008744 -8168
0.00883895 -7911
0.00893848 -7656
0.00903191 -7401
0.00912599 -7154
0.0092261 -6907
0.00932864 -6664
0.00943192 -6421
0.00953967 -6181
0.00964972 -5948
0.00976422 -5718
0.00988638 -5491
0.0100015 -5265
0.0101158 -5039
0.0102363 -4828
0.0103524 -4618
0.0104673 -4409
0.0105825 -4206
0.0106996 -4014
0.0108182 -3824
0.0109399 -3640
0.0110642 -3457
0.0111878 -3277
0.0113102 -3099
0.011476 -2922
0.0116217 -2749
0.0117818 -2578
0.0119226 -2408
0.0120537 -2239
0.0121813 -2079
0.0123512 -1932
0.012474 -1786
0.012666 -1642
0.0128362 -1505
0.0129711 -1371
0.0130988 -1243
0.0132616 -1117
0.0134051 -1007
0.0136404 -899
0.0137951 -793
0.01392 -699
0.0140324 -617
0.0141368 -535
0.014233 -456
0.0143259 -380
0.0144158 -305
0.0145033 -237
0.0145913 -171
0.0146749 -105
0.0147565 -44
0.0148443 8
0.0149323 60
0.0150058 103
0.015093 142
0.0151682 174
0.0152482 204
0.0153358 232
0.0154224 252
0.0155072 260
0.0155904 267
0.0156589 289
0.0157217 293
0.0164796 294
0.0165435 297
0.0166073 300
0.0166799 310
0.0167397 314
0.0167987 316
0.016881 317
0.0176774 320
0.017999 335
0.0181259 345
0.0183131 348
0.0187039 349
0.0187727 353
0.019221 359
0.019353 360
0.0194182 362
0.0195566 365
0.0239522 372
0.0240151 374
0.0241851 375
0.0333701 383
0.035451 392
0.0452472 399
0.0454274 400
0.0454965 405
0.0455609 406
2 406
