0 -22156
5.1e-08 -21725
3.8809e-05 -21299
6.8549e-05 -20875
9.4749e-05 -20470
0.000120183 -20120
0.000179234 -19775
0.000244029 -19431
0.000330238 -19088
0.000421039 -18746
0.000499229 -18411
0.000585929 -18083
0.000675444 -17757
0.000757929 -17436
0.000825458 -17129
0.000886519 -16828
0.000940938 -16528
0.000988808 -16229
0.00103662 -15936
0.0010893 -15644
0.00113933 -15354
0.00119219 -15065
0.00124481 -14778
0.0013009 -14495
0.00135439 -14216
0.00141017 -13941
0.00146442 -13671
0.00151428 -13402
0.00156265 -13139
0.00167242 -12876
0.00176862 -12617
0.00185684 -12364
0.0019402 -12116
0.00201914 -11868
0.00208956 -11623
0.00214813 -11380
0.00220169 -11138
0.00225162 -10897
0.00229988 -10658
0.00234515 -10425
0.00239331 -10192
0.00243544 -9978
0.00248162 -9767
0.00252467 -9557
0.00256318 -9348
0.00262612 -9143
0.00267578 -8940
0.00272339 -8746
0.00276863 -8553
0.00281156 -8361
0.0028543 -8171
0.00289964 -7982
0.00294721 -7793
0.00298203 -7605
0.00302259 -7419
0.0030598 -7235
0.00309865 -7053
0.00314161 -6878
0.00318273 -6703
0.0032286 -6529
0.00327305 -6361
0.00331867 -6193
0.00336024 -6025
0.0034033 -5860
0.00344696 -5696
0.00349184 -5538
0.00353416 -5381
0.00357681 -5226
0.00361306 -5075
0.00365113 -4924
0.0036995 -4776
0.00375742 -4630
0.00381348 -4485
0.00386556 -4340
0.00391649 -4199
0.00396911 -4059
0.00402505 -3921
0.00408218 -3783
0.00412582 -3647
0.00416987 -3512
0.00421225 -3378
0.00425601 -3246
0.00429496 -3117
0.00433528 -2989
0.00437066 -2862
0.0044086 -2737
0.00444757 -2613
0.00448578 -2491
0.00452388 -2377
0.00456244 -2269
0.00460129 -2161
0.00463958 -2056
0.0046979 -1953
0.00473837 -1851
0.0047884 -1751
0.00482945 -1651
0.00486996 -1552
0.00492581 -1458
0.00496705 -1366
0.005006 -1275
0.00504678 -1186
0.00508358 -1098
0.00512061 -1010
0.00516119 -931
0.00519584 -855
0.00523115 -780
0.00526899 -705
0.00531102 -634
0.00534938 -563
0.0053996 -492
0.00545023 -424
0.00549332 -356
0.00553094 -290
0.00556853 -224
0.00564192 -158
0.00568185 -94
0.00571997 -33
0.00576906 22
0.00582218 75
0.00586202 127
0.00590215 178
0.0059442 228
0.0059889 275
0.00602689 321
0.00606267 367
0.00611122 413
0.00616117 455
0.0062315 496
0.00630041 535
0.00637941 573
0.0064287 610
0.00647263 647
0.00652696 682
0.00657346 714
0.00662604 744
0.00667686 772
0.00675336 799
0.00682124 826
0.00688432 850
0.00694457 873
0.00699529 897
0.00704748 919
0.00709452 940
0.00714578 961
0.00718585 981
0.00722702 1000
0.00726695 1019
0.00750471 1037
0.00760737 1056
0.00765691 1073
0.00774216 1090
0.00779639 1106
0.00784697 1122
0.00790835 1136
0.0079704 1149
0.00804667 1160
0.00809564 1171
0.00813959 1185
0.00817918 1196
0.00821991 1205
0.00825824 1213
0.0082994 1220
0.00833851 1228
0.00837717 1234
0.00841664 1245
0.00845433 1249
0.00849366 1258
0.00855458 1267
0.00860631 1271
0.0086511 1274
0.00869562 1289
0.00873774 1292
0.00883084 1296
0.00889778 1298
0.00894622 1317
0.00898147 1319
0.00901495 1320
0.00904485 1321
0.00907655 1328
0.00911833 1331
0.00920528 1336
0.00924707 1344
0.00932442 1359
0.00935338 1366
0.00938487 1370
0.00953236 1377
0.00956385 1382
0.00965029 1384
0.00970519 1385
0.00974893 1386
0.00978872 1387
0.00982554 1388
0.00985685 1394
0.00988998 1395
0.00995048 1396
0.010005 1405
0.0101989 1406
0.0102292 1408
0.0104296 1411
0.0104954 1412
0.0105617 1413
0.0107211 1416
0.0107577 1419
0.0107938 1432
0.0108287 1434
0.0108607 1452
0.0109846 1453
0.0110178 1456
0.0111223 1458
0.0111551 1462
0.0118473 1463
0.011882 1466
0.0119121 1468
0.0119409 1469
0.0121012 1474
0.0121928 1477
0.0127606 1481
0.013142 1483
0.0131931 1492
0.0132293 1496
0.0132603 1500
0.0132907 1503
0.0149064 1505
0.01494 1510
0.0149765 1512
0.0150147 1514
0.0150529 1515
0.0157109 1516
2 1516
