0 -39001
6.2e-08 -38508
6.3612e-05 -38054
0.000117215 -37614
0.000168645 -37179
0.000248447 -36746
0.000351194 -36323
0.00045283 -35905
0.000620413 -35490
0.000793077 -35089
0.000974964 -34698
0.00116891 -34307
0.00136032 -33921
0.00154364 -33536
0.00175872 -33156
0.0019408 -32776
0.00211225 -32396
0.00228037 -32018
0.00244419 -31641
0.00262051 -31264
0.00279227 -30892
0.00297244 -30523
0.0031283 -30164
0.00329511 -29807
0.00344537 -29450
0.00359191 -29094
0.0037385 -28741
0.00391436 -28389
0.00408958 -28037
0.00426034 -27686
0.00442592 -27339
0.00459542 -26997
0.00476296 -26664
0.0049168 -26337
0.00506553 -26014
0.00521206 -25696
0.00535725 -25382
0.00550303 -25068
0.00564949 -24759
0.00579076 -24451
0.00594378 -24147
0.00608153 -23848
0.00621756 -23550
0.0064283 -23254
0.00663996 -22960
0.006851 -22666
0.00702638 -22374
0.0071938 -22087
0.00739878 -21802
0.00756094 -21518
0.00771815 -21235
0.00785999 -20952
0.007999 -20670
0.00813584 -20391
0.0082972 -20112
0.0084632 -19835
0.00862972 -19566
0.00878618 -19299
0.00894821 -19035
0.00909298 -18772
0.00922667 -18510
0.00940443 -18250
0.00955741 -17992
0.00970921 -17734
0.00986622 -17479
0.0100184 -17228
0.0101942 -16978
0.0103852 -16730
0.0105528 -16484
0.0107013 -16239
0.0108708 -15996
0.0110129 -15754
0.0111531 -15512
0.0114266 -15273
0.0115516 -15038
0.0116643 -14804
0.0117828 -14572
0.0119147 -14341
0.0120389 -14112
0.0121553 -13888
0.0122622 -13665
0.0124157 -13444
0.0125906 -13226
0.0127382 -13010
0.0128674 -12797
0.0130006 -12590
0.0131163 -12384
0.013226 -12178
0.0133299 -11973
0.0134595 -11769
0.0135914 -11566
0.0137167 -11365
0.0138347 -11166
0.0139813 -10968
0.0140893 -10772
0.01419 -10578
0.0142841 -10385
0.0143746 -10194
0.0144818 -10008
0.014574 -9822
0.0146647 -9639
0.0147512 -9458
0.0148356 -9282
0.0149176 -9107
0.0150201 -8933
0.015106 -8759
0.0151898 -8587
0.0153062 -8416
0.0153957 -8252
0.0155142 -8088
0.0156357 -7924
0.0157507 -7761
0.0158458 -7598
0.0159334 -7436
0.0160574 -7276
0.0161693 -7117
0.0162778 -6959
0.0163747 -6802
0.0164843 -6647
0.0166295 -6492
0.0167554 -6343
0.0168596 -6196
0.0169559 -6053
0.0171104 -5910
0.0172175 -5768
0.0173433 -5626
0.0174992 -5488
0.0176401 -5351
0.0177515 -5214
0.0178623 -5078
0.0179472 -4944
0.0180249 -4815
0.0180973 -4686
0.0181641 -4559
0.0182301 -4434
0.0182969 -4310
0.0183607 -4188
0.0184231 -4071
0.0184825 -3954
0.0185436 -3838
0.0186046 -3725
0.0186627 -3613
0.018717 -3502
0.0187653 -3391
0.0188094 -3284
0.0188659 -3180
0.0189181 -3077
0.0189743 -2975
0.0190301 -2874
0.0190877 -2776
0.0191906 -2678
0.0193283 -2582
0.0194306 -2489
0.0195158 -2398
0.0195904 -2307
0.0196563 -2216
0.0197208 -2126
0.01985 -2038
0.01997 -1951
0.0200672 -1866
0.0201505 -1782
0.0202271 -1699
0.020299 -1616
0.0203655 -1537
0.0204336 -1458
0.0204897 -1379
0.0205448 -1300
0.0206004 -1221
0.0206546 -1147
0.020703 -1074
0.0207605 -1001
0.0208109 -928
0.0208655 -860
0.020923 -793
0.0209751 -728
0.0210401 -664
0.0210975 -601
0.0213016 -539
0.0213986 -478
0.0214946 -418
0.0215738 -360
0.0216504 -302
0.021735 -244
0.0218109 -189
0.0218977 -136
0.0219641 -84
0.0220248 -36
0.0220838 12
0.0221394 59
0.0221948 105
0.0222494 151
0.0223035 196
0.0223526 241
0.0224057 285
0.0224601 328
0.0225104 368
0.0225624 404
0.0226177 438
0.0226677 471
0.0228554 503
0.0229494 535
0.0230281 567
0.0231009 598
0.0233765 625
0.0236655 650
0.0237481 675
0.0238204 700
0.0238872 721
0.0239547 741
0.0240194 763
0.0240788 783
0.0241352 802
0.0241909 819
0.0242487 835
0.0243073 850
0.0243647 877
0.0244242 892
0.0244846 904
0.0245416 916
0.0246052 927
0.0246633 945
0.0247203 960
0.0247724 971
0.0248303 981
0.0248864 990
0.0249657 1000
0.0250305 1008
0.025089 1017
0.0251464 1025
0.0252009 1032
0.0252554 1043
0.025309 1050
0.0253618 1060
0.0254158 1077
0.0254703 1090
0.025528 1099
0.0255868 1108
0.0256515 1117
0.0257152 1125
0.0257733 1131
0.025835 1136
0.0259339 1146
0.026022 1154
0.0260975 1158
0.0261755 1161
0.026244 1164
0.0263704 1173
0.0264837 1176
0.0273731 1180
0.0276534 1181
0.0278315 1189
0.0279134 1200
0.0279877 1202
0.0280595 1214
0.0281233 1215
0.0281839 1217
0.0282923 1227
0.0283725 1230
0.0284342 1231
0.0284948 1237
0.0286025 1247
0.0286648 1255
0.0287274 1260
0.0289153 1265
0.0290397 1266
0.0291234 1269
0.0292654 1280
0.0293338 1284
0.0294016 1286
0.0294681 1291
0.0297488 1297
0.0301148 1305
0.0304406 1315
0.0305283 1321
0.0306719 1326
0.0307925 1332
0.0309141 1335
0.0313062 1340
0.0313674 1342
0.0314288 1343
0.031541 1346
0.031748 1347
0.0320085 1349
0.0322492 1353
0.0323122 1363
0.0325021 1371
0.0325634 1377
0.0326251 1382
0.0326875 1391
0.0329239 1400
0.0330306 1402
0.0331088 1403
0.0333358 1410
0.0334095 1414
0.0334777 1416
0.0337222 1419
0.0338779 1421
0.0341029 1422
0.0343117 1423
0.0343728 1424
0.0356817 1426
0.0357385 1429
0.0394396 1431
0.0395005 1432
0.0395607 1433
0.0410156 1435
0.0410827 1437
0.041144 1438
0.0412037 1440
0.0412786 1442
0.0413796 1443
0.0414598 1444
0.0416463 1448
0.0418306 1450
0.0425793 1460
0.0427088 1463
0.0430123 1468
0.0430939 1475
0.0433305 1478
0.0433951 1479
0.0434573 1480
0.0435414 1487
0.0525707 1489
2 1489
