702 0.178222
671 0.38317
671 0.181209
702 0.522446
705 0.175612
729 0.220606
696 0.18902
683 0.189324
659 0.194713
731 0.165604
447 0.393145
439 0.342315
411 0.35008
442 0.314496
406 0.303861
418 0.390509
456 0.343849
421 0.369904
431 0.397678
409 0.330857
2010 0.00778798
2052 0.00983432
2140 0.0146201
2130 0.00745789
2153 0.0144397
2139 0.00813471
2080 0.00877494
2116 0.00893277
2082 0.013558
2078 0.00937948
2050 0.0112201
2055 0.0148006
2027 0.0123439
2051 0.0113499
1975 0.0103582
2048 0.0106452
2021 0.0117654
2072 0.0115684
2002 0.0100501
2006 0.00957957
