452 0.043357
445 0.0446059
468 0.0449421
452 0.0307913
417 0.0308949
454 0.0360541
469 0.0571322
489 0.0390471
446 0.0424962
445 0.0676149
170 0.0502953
163 0.0709073
157 0.0482832
161 0.0580408
168 0.05851
171 0.0727637
169 0.163943
178 0.0773464
167 0.0993201
162 0.0519476
1791 0.0229784
1732 0.0204117
1640 0.0219794
1678 0.0244916
1900 0.0194247
1713 0.0198641
1799 0.0218785
1798 0.0185182
1720 0.0214923
1829 0.0143439
1588 0.0623009
1525 0.0566731
1381 0.0357203
1366 0.0402114
1578 0.043588
1355 0.0705042
1277 0.0278365
1516 0.0318392
1300 0.0340154
1282 0.0407476
