0 -31787
4.6e-08 -31527
1.0319e-05 -31278
2.0008e-05 -31032
2.9716e-05 -30797
6.0812e-05 -30567
9.6725e-05 -30339
0.000135353 -30114
0.00017386 -29890
0.000221695 -29671
0.00026663 -29454
0.000307008 -29238
0.000351805 -29022
0.000378946 -28808
0.000403067 -28595
0.000426105 -28382
0.000449087 -28169
0.000471985 -27957
0.000494235 -27745
0.000516624 -27535
0.000539847 -27327
0.000562116 -27120
0.000584282 -26914
0.000606922 -26709
0.000629626 -26506
0.000651978 -26303
0.000679091 -26101
0.000702082 -25900
0.000724323 -25701
0.000746897 -25503
0.000769805 -25305
0.000792787 -25108
0.000829265 -24911
0.000853535 -24716
0.000896108 -24521
0.000923962 -24328
0.000947926 -24135
0.000971482 -23944
0.000994409 -23754
0.00101715 -23564
0.00103993 -23375
0.00106227 -23186
0.00108513 -22997
0.00110822 -22811
0.00113086 -22625
0.00115328 -22439
0.00117593 -22254
0.0011994 -22070
0.00122643 -21886
0.00124975 -21702
0.00127331 -21518
0.00130733 -21335
0.00133577 -21153
0.00136024 -20971
0.0013846 -20789
0.0014081 -20609
0.0014318 -20430
0.00145594 -20252
0.00147984 -20075
0.00150304 -19898
0.00152592 -19721
0.00154887 -19544
0.00157277 -19367
0.00159597 -19190
0.00162007 -19015
0.0016438 -18841
0.0016667 -18667
0.0016894 -18493
0.00171326 -18319
0.00173666 -18146
0.00175968 -17973
0.00178575 -17800
0.00180934 -17627
0.00185735 -17454
0.00188302 -17282
0.00190565 -17110
0.00192884 -16939
0.00195179 -16769
0.00197524 -16599
0.00199823 -16429
0.00202117 -16259
0.0020441 -16090
0.0020674 -15922
0.00209051 -15754
0.00211324 -15586
0.00213687 -15419
0.0021642 -15253
0.00218785 -15088
0.00221115 -14923
0.00223491 -14760
0.00225841 -14598
0.00228273 -14436
0.00230753 -14274
0.00233089 -14113
0.00235596 -13952
0.00238119 -13791
0.0024073 -13631
0.00243316 -13472
0.00245716 -13313
0.0024814 -13154
0.00250601 -12996
0.00253058 -12838
0.00255452 -12681
0.00257877 -12524
0.00260261 -12368
0.00262696 -12213
0.00265134 -12059
0.00269203 -11906
0.00272956 -11753
0.00275728 -11601
0.00278452 -11449
0.002811 -11297
0.00283887 -11146
0.00286548 -10995
0.00289206 -10844
0.0029175 -10693
0.00294302 -10543
0.00296928 -10393
0.00299668 -10243
0.00302097 -10095
0.00304661 -9948
0.00307588 -9802
0.00310311 -9656
0.00313042 -9510
0.00315889 -9365
0.00318717 -9221
0.0032117 -9078
0.00323527 -8935
0.00326071 -8793
0.00329241 -8651
0.00331872 -8509
0.00334336 -8368
0.00337086 -8228
0.00339546 -8088
0.00342274 -7948
0.00344954 -7809
0.00347388 -7671
0.0034994 -7533
0.00352872 -7396
0.00355747 -7260
0.00358738 -7124
0.00361944 -6989
0.00364729 -6855
0.00367317 -6722
0.00370216 -6590
0.00374621 -6458
0.0037779 -6327
0.00380467 -6197
0.00383444 -6068
0.00386645 -5940
0.00389643 -5813
0.00392585 -5688
0.00395645 -5564
0.00398821 -5441
0.00402617 -5318
0.00405887 -5196
0.00408633 -5074
0.00411874 -4953
0.00415477 -4833
0.00419116 -4714
0.00422537 -4598
0.00425795 -4482
0.00429425 -4366
0.00432864 -4250
0.00435681 -4134
0.00439141 -4019
0.00442437 -3906
0.00445929 -3794
0.00449536 -3683
0.00454892 -3574
0.00459218 -3465
0.00463205 -3357
0.00466596 -3249
0.00470159 -3142
0.00474302 -3036
0.00478541 -2933
0.00482217 -2831
0.00486649 -2730
0.00490949 -2629
0.00494947 -2529
0.004985 -2431
0.00502722 -2336
0.00506937 -2242
0.00510711 -2149
0.00515222 -2058
0.00519761 -1968
0.00525179 -1879
0.00530224 -1792
0.00535235 -1706
0.00539895 -1624
0.00545116 -1544
0.00550734 -1464
0.00556518 -1384
0.00562849 -1307
0.00569038 -1230
0.00575202 -1155
0.00581699 -1083
0.00589557 -1011
0.00597791 -939
0.00605751 -872
0.00612979 -806
0.00620866 -743
0.00629096 -681
0.00639125 -623
0.00648066 -566
0.00657059 -511
0.00667169 -457
0.00678696 -406
0.00692001 -356
0.0070901 -310
0.00729546 -267
0.00746094 -225
0.00760865 -184
0.00775843 -144
0.00788956 -109
0.00803955 -74
0.00816376 -43
0.00828776 -14
0.00841152 10
0.0085317 29
0.00865578 46
0.00878495 62
0.00890372 74
0.00901851 87
0.00917977 99
0.00933184 110
0.0094451 126
0.00956639 135
0.00967482 148
0.00978139 160
0.00991665 171
0.0100216 181
0.0101217 197
0.0102181 208
0.0103186 220
0.0104283 228
0.0105313 235
0.0106459 245
0.0107451 250
0.010846 259
0.0109455 263
0.0110523 267
0.0111568 274
0.0112673 282
0.0113724 283
0.0114814 286
0.0115888 287
0.0116978 293
0.0118103 296
0.0119188 298
0.0120263 300
0.012135 306
0.0122382 310
0.0123455 312
0.0124566 314
0.0125736 316
0.0126851 317
0.0128065 319
0.0129163 321
0.013022 325
0.0131328 331
0.0132417 339
0.0133644 342
0.0134791 351
0.0135891 358
0.0136945 360
0.0138052 364
0.0139414 366
0.014059 368
0.0141818 369
0.0142999 373
0.0144183 376
0.0145319 383
0.0146391 386
0.0149846 388
0.0151017 393
0.0164652 394
0.0175179 401
0.0183267 402
0.0199261 404
0.0203016 405
0.0205374 406
0.0694983 409
0.0696278 414
0.0697588 415
2 415
