0 -24031
6.9e-08 -23643
7.4012e-05 -23267
0.000131217 -22925
0.000170894 -22586
0.000199146 -22248
0.000299288 -21927
0.000381886 -21614
0.000450121 -21306
0.000554838 -21010
0.000757318 -20715
0.000913315 -20428
0.0011364 -20143
0.00133273 -19859
0.00151868 -19578
0.00170217 -19301
0.00188194 -19024
0.00210695 -18747
0.0024738 -18479
0.00289241 -18217
0.00311166 -17957
0.00331822 -17699
0.00351853 -17442
0.00371399 -17191
0.00390424 -16941
0.00409069 -16692
0.00429644 -16446
0.00449396 -16201
0.00473457 -15960
0.00492378 -15726
0.00510492 -15492
0.00529016 -15259
0.00546453 -15029
0.00563548 -14801
0.00580169 -14575
0.00596914 -14350
0.00613183 -14131
0.00630441 -13913
0.00646453 -13700
0.00663168 -13488
0.00679239 -13277
0.00695463 -13067
0.00710439 -12859
0.00725153 -12653
0.00739607 -12449
0.00753948 -12245
0.0076812 -12042
0.00782042 -11845
0.00802944 -11655
0.00828049 -11465
0.00848091 -11278
0.00870382 -11096
0.00890568 -10916
0.00909905 -10736
0.00926987 -10557
0.00945171 -10379
0.00966875 -10202
0.00986711 -10027
0.0100541 -9852
0.0102269 -9677
0.0103926 -9504
0.0105517 -9332
0.0107139 -9166
0.0108881 -9000
0.0110565 -8835
0.011222 -8670
0.0113976 -8506
0.011577 -8350
0.0117572 -8194
0.0119448 -8039
0.0121113 -7885
0.0122769 -7732
0.0124303 -7580
0.0125967 -7428
0.0127829 -7281
0.0129407 -7137
0.0130825 -6993
0.0132156 -6851
0.0133664 -6711
0.0135232 -6571
0.0136433 -6431
0.0137774 -6292
0.0139026 -6158
0.0140129 -6027
0.0141209 -5897
0.0142284 -5768
0.0143359 -5640
0.0144419 -5512
0.014546 -5384
0.0146469 -5259
0.0147469 -5134
0.0148455 -5015
0.0149425 -4900
0.0150404 -4789
0.0151384 -4679
0.0152456 -4569
0.0153434 -4461
0.0154389 -4354
0.0155808 -4251
0.0157149 -4148
0.0158704 -4046
0.01602 -3945
0.0161781 -3848
0.0163217 -3752
0.0164471 -3656
0.0165691 -3560
0.0167101 -3468
0.0168238 -3380
0.0169214 -3293
0.0170137 -3207
0.0171017 -3122
0.0171953 -3037
0.017284 -2953
0.0173689 -2869
0.017465 -2785
0.017552 -2702
0.0176315 -2621
0.0177086 -2542
0.0177846 -2463
0.017871 -2387
0.0179611 -2312
0.018035 -2237
0.0181084 -2165
0.0182106 -2093
0.0183119 -2021
0.01841 -1951
0.0185047 -1882
0.0185983 -1814
0.0186928 -1748
0.0187969 -1684
0.0188916 -1620
0.0189722 -1557
0.0190497 -1496
0.0191278 -1436
0.0192053 -1377
0.0192797 -1319
0.0193737 -1261
0.0194719 -1204
0.0195557 -1148
0.0196324 -1093
0.0197077 -1039
0.019781 -986
0.019852 -933
0.0201271 -880
0.0202973 -829
0.0204455 -779
0.0205789 -730
0.0207434 -681
0.0208677 -633
0.0209814 -586
0.0211698 -541
0.0212896 -496
0.0214813 -453
0.0215993 -410
0.0216927 -368
0.0217781 -326
0.0218533 -285
0.0219174 -244
0.0219816 -204
0.0220359 -164
0.0220891 -125
0.0221361 -86
0.0221892 -49
0.0222374 -14
0.022285 20
0.0223333 53
0.0223796 85
0.0224257 117
0.0224751 149
0.0225283 180
0.0225836 211
0.0226402 241
0.0226956 270
0.0227537 299
0.022804 327
0.0228525 354
0.022901 381
0.0229525 407
0.0230094 432
0.0230874 457
0.0231506 482
0.0232137 504
0.0232716 527
0.023332 548
0.0233902 569
0.0234509 591
0.0235079 614
0.0235629 637
0.0236197 658
0.0236779 678
0.0237393 697
0.0237968 716
0.023849 737
0.0239022 755
0.0239511 774
0.0240018 791
0.0240535 807
0.0241041 823
0.024155 839
0.024209 862
0.0242688 881
0.0243264 897
0.024385 918
0.0244385 938
0.0244916 957
0.0245503 979
0.0246065 996
0.024675 1014
0.0247441 1029
0.0248313 1044
0.0249292 1058
0.0250278 1076
0.0251068 1093
0.0251796 1108
0.025246 1123
0.0253255 1142
0.0254039 1156
0.0254877 1170
0.0255771 1184
0.0256594 1197
0.0257336 1210
0.0258005 1226
0.0258676 1242
0.025933 1255
0.0259906 1278
0.0260463 1291
0.0260988 1303
0.0261481 1315
0.0261938 1330
0.0262413 1344
0.0262969 1359
0.0263549 1373
0.0264127 1387
0.0264684 1400
0.0265238 1415
0.0265858 1430
0.026633 1442
0.0266843 1455
0.0267446 1472
0.0268048 1484
0.0268639 1500
0.0269202 1514
0.0269778 1529
0.0270772 1540
0.0271681 1551
0.0272493 1562
0.0273227 1578
0.027389 1594
0.0274532 1616
0.0275272 1630
0.0275864 1643
0.0276428 1656
0.0276965 1672
0.0277505 1689
0.0278072 1705
0.0278615 1718
0.0279179 1729
0.0279848 1745
0.0280441 1761
0.0281028 1776
0.0281631 1792
0.0282119 1805
0.0282831 1817
0.0283566 1829
0.0284404 1840
0.0284603 1850
0.0284797 1858
0.0285014 1866
0.0285274 1874
0.0285575 1892
0.028618 1898
0.0286311 1904
0.0286595 1914
0.0287325 1921
0.028742 1927
0.0287591 1932
0.0287818 1942
0.0288028 1947
0.0288103 1952
0.0288279 1959
0.0288517 1963
0.028858 1967
0.0288693 1972
0.0288894 1977
0.0288952 1981
0.0289108 1990
0.0289455 1994
0.0289514 1998
0.028969 2006
0.0290086 2011
0.0290191 2014
0.0290372 2017
0.0290592 2032
0.0290987 2039
0.0291069 2042
0.0291207 2048
0.0291422 2051
0.0291484 2054
0.0291639 2057
0.029169 2059
0.0291821 2065
0.0291987 2067
0.0292037 2069
0.0292205 2071
0.0292387 2072
0.0292776 2082
0.0293455 2083
0.0293609 2084
0.0293982 2086
0.0294362 2088
0.0294592 2089
0.0294714 2092
0.0295008 2093
0.0295134 2094
0.0295292 2103
0.0296372 2107
0.0296498 2108
0.0296582 2109
0.0296956 2114
0.0297545 2115
0.0297912 2116
0.0298152 2118
0.0298238 2120
0.0298834 2122
0.0302072 2124
0.0302274 2125
0.0302718 2128
0.0306287 2130
0.0309126 2131
0.031966 2139
0.0322706 2140
0.0322787 2142
0.0330379 2143
0.0330485 2144
0.0337276 2148
0.0337444 2150
0.0337633 2151
0.0341721 2152
0.0341923 2154
0.034253 2155
0.0342826 2156
0.0342949 2161
0.0343343 2165
0.0343542 2167
0.034372 2169
0.0370906 2170
2 2170
