0 -12770
5.7e-08 -12470
3.4088e-05 -12172
6.5206e-05 -11889
0.000119489 -11626
0.000164642 -11367
0.000207461 -11120
0.000277061 -10874
0.00033477 -10630
0.000383397 -10400
0.0004293 -10173
0.000471797 -9949
0.000509671 -9725
0.000546853 -9508
0.000581283 -9293
0.000615257 -9088
0.000650532 -8885
0.000682893 -8683
0.000717769 -8485
0.000754533 -8297
0.000789058 -8113
0.00082829 -7931
0.000870217 -7750
0.000937548 -7571
0.00102152 -7398
0.00108901 -7226
0.00114896 -7057
0.00120179 -6893
0.00124785 -6731
0.00128848 -6574
0.00132216 -6418
0.00135466 -6265
0.00138603 -6113
0.00141907 -5963
0.00145237 -5816
0.00149039 -5671
0.00153564 -5528
0.00157858 -5386
0.00161561 -5245
0.00164978 -5107
0.00168203 -4973
0.0017162 -4840
0.00174799 -4710
0.00178646 -4580
0.00181979 -4451
0.0018526 -4328
0.00188378 -4210
0.00191767 -4092
0.00195106 -3975
0.00198377 -3860
0.00201452 -3747
0.00204286 -3635
0.00207643 -3524
0.00210732 -3416
0.00213761 -3311
0.00216648 -3206
0.00219305 -3102
0.0022197 -3007
0.00224933 -2915
0.00227677 -2825
0.0023043 -2736
0.00233517 -2647
0.00236417 -2559
0.00238911 -2472
0.00241463 -2385
0.00244576 -2300
0.00246993 -2217
0.00249707 -2134
0.00252603 -2053
0.00255267 -1975
0.0025792 -1898
0.0026074 -1822
0.0026441 -1749
0.00267924 -1679
0.00271736 -1609
0.00275165 -1540
0.00277764 -1471
0.0028188 -1403
0.00284527 -1336
0.00287375 -1269
0.00290769 -1204
0.00294138 -1139
0.00296949 -1077
0.00300719 -1016
0.00303896 -956
0.00306594 -897
0.00309797 -838
0.00312794 -782
0.00315575 -727
0.00318246 -675
0.00320928 -623
0.0032368 -572
0.00326174 -521
0.00328352 -473
0.00331005 -425
0.00333774 -381
0.00336535 -338
0.0033916 -296
0.00341767 -254
0.00344307 -215
0.00346924 -178
0.0034947 -141
0.00351787 -105
0.00354184 -69
0.00356982 -35
0.0036041 -2
0.00363864 30
0.00367025 61
0.00370931 92
0.0037372 121
0.0037637 149
0.003794 177
0.00381695 203
0.00384677 229
0.00387544 254
0.00393319 276
0.00396128 302
0.00398724 327
0.00401479 352
0.00404268 374
0.00406753 395
0.00409271 416
0.00411596 437
0.00413598 458
0.00415784 479
0.0041839 498
0.00421291 517
0.00423502 536
0.00425894 555
0.00429512 575
0.00432109 593
0.00435078 611
0.00437888 629
0.00440504 647
0.00443123 664
0.00445582 680
0.00447911 697
0.00450512 716
0.00453409 733
0.00455915 749
0.0045845 765
0.00460563 782
0.00463296 798
0.00465908 813
0.0046833 828
0.00472 843
0.00474492 861
0.00476848 880
0.0047908 895
0.00481447 910
0.00484122 929
0.00487219 944
0.00489921 958
0.00492388 974
0.00494708 988
0.00496892 1003
0.00499209 1025
0.00501487 1040
0.00504058 1054
0.00506461 1073
0.0050915 1087
0.00512545 1105
0.00515808 1120
0.00518865 1142
0.00522318 1158
0.00525531 1172
0.00528597 1186
0.00531964 1207
0.00535299 1222
0.00539716 1236
0.00543408 1252
0.00548324 1265
0.00549135 1277
0.00550461 1289
0.00552781 1300
0.00553376 1310
0.00554122 1319
0.00555162 1328
0.00556507 1338
0.00558612 1346
0.00559147 1354
0.00560282 1361
0.00561818 1375
0.00565049 1384
0.00566098 1391
0.00567176 1397
0.00568735 1408
0.00570597 1415
0.00571181 1421
0.00572134 1429
0.00573625 1438
0.00574152 1442
0.00575172 1452
0.00577475 1456
0.00578178 1461
0.00579102 1464
0.00579544 1466
0.0058024 1468
0.00580992 1477
0.00582636 1478
0.00583818 1479
0.00586989 1486
0.00591675 1492
0.00594665 1493
0.00595076 1494
0.00595838 1495
0.00600016 1499
0.00600369 1501
0.0061285 1503
0.00614638 1505
0.0061574 1506
0.00617189 1509
0.00620078 1514
0.00622028 1516
0.00637577 1517
0.00638808 1520
0.00639873 1522
0.00641128 1524
0.00642112 1526
0.0093356 1527
0.00933911 1531
0.00934507 1532
0.00936888 1533
0.0098776 1534
0.0111438 1537
0.0112788 1539
0.0112854 1541
0.0112878 1544
0.0112949 1545
0.0122184 1547
0.0133788 1548
2 1548
