0 -2416
4.7e-08 -2257
6.624e-06 -2100
1.1388e-05 -1956
1.4102e-05 -1825
2.2738e-05 -1704
3.1421e-05 -1584
4.0731e-05 -1467
5.4017e-05 -1351
6.1656e-05 -1245
6.7625e-05 -1145
7.479e-05 -1054
7.9725e-05 -963
8.596e-05 -878
9.2499e-05 -796
9.8126e-05 -716
0.000103412 -642
0.000108955 -570
0.000114971 -502
0.000121054 -435
0.000128105 -370
0.000133667 -308
0.000138744 -249
0.000145169 -198
0.00015203 -148
0.000158122 -100
0.000164576 -53
0.000172101 -9
0.000179361 35
0.000187836 77
0.00019576 118
0.00020321 149
0.000210764 179
0.000218403 208
0.000225568 236
0.000233008 264
0.000240781 291
0.000247879 316
0.000254655 341
0.000261697 365
0.000299087 389
0.000312649 411
0.000320373 437
0.000325878 458
0.000331202 479
0.000336487 500
0.000341147 519
0.000346215 538
0.00035059 555
0.000355306 572
0.000359947 589
0.000365337 614
0.000371183 638
0.000379088 657
0.000385826 674
0.000392289 690
0.000401466 705
0.000409229 720
0.000416327 735
0.000427146 749
0.000432811 763
0.000439189 774
0.00044213 781
0.00044567 786
0.000448584 789
0.000451431 791
0.000453205 793
0.000454904 794
0.000457182 795
0.000459782 801
0.000462885 811
0.000481865 812
0.000483042 815
0.000514065 816
0.000515109 817
0.000516257 818
0.000521097 819
0.00052421 821
0.00052643 836
0.000535788 837
0.00063734 839
0.000719391 841
0.000723719 847
0.000726917 849
0.000811549 853
2 853
