0 -29654
5.5e-08 -29394
9.087e-06 -29138
1.76e-05 -28888
2.8086e-05 -28647
3.884e-05 -28408
5.0224e-05 -28171
6.2424e-05 -27941
8.1478e-05 -27712
0.000104747 -27485
0.000126766 -27261
0.000149294 -27038
0.000171414 -26815
0.000193813 -26602
0.000215072 -26391
0.00023558 -26181
0.00025696 -25972
0.000279154 -25763
0.000300422 -25554
0.000322181 -25346
0.000344043 -25138
0.000365709 -24930
0.000387339 -24725
0.000409376 -24526
0.000431394 -24328
0.000453376 -24130
0.00047444 -23933
0.000494661 -23738
0.000515244 -23543
0.000537411 -23349
0.000559596 -23155
0.000580781 -22962
0.000603235 -22770
0.000625346 -22579
0.000647263 -22389
0.000667688 -22199
0.000703657 -22010
0.000731872 -21822
0.000755132 -21634
0.000777642 -21446
0.000800123 -21258
0.00082254 -21071
0.000845142 -20884
0.000867717 -20697
0.000899628 -20510
0.000922332 -20326
0.000944805 -20143
0.000970102 -19960
0.00101099 -19778
0.00103363 -19596
0.00105462 -19414
0.00107739 -19233
0.00109792 -19053
0.00112068 -18873
0.00114289 -18694
0.00116567 -18517
0.00118826 -18340
0.00120987 -18164
0.00123176 -17989
0.00125428 -17814
0.00127646 -17640
0.00129933 -17466
0.00132207 -17292
0.00134512 -17118
0.00136804 -16945
0.00139167 -16772
0.00141495 -16599
0.00143562 -16427
0.00145874 -16256
0.00148196 -16087
0.00150505 -15918
0.00152812 -15750
0.00155163 -15582
0.00157472 -15416
0.00159784 -15250
0.00162122 -15084
0.00164427 -14919
0.00166757 -14755
0.00169104 -14591
0.00171453 -14427
0.0017428 -14263
0.00177277 -14100
0.0017972 -13937
0.00182113 -13774
0.00184374 -13613
0.00186637 -13452
0.00188994 -13292
0.00191352 -13132
0.00193992 -12972
0.00196363 -12813
0.00198636 -12654
0.0020263 -12496
0.00205105 -12339
0.00207437 -12182
0.0020968 -12027
0.00212129 -11873
0.00214395 -11719
0.00217209 -11566
0.00219474 -11414
0.00221856 -11262
0.00224254 -11110
0.00226657 -10959
0.00229024 -10808
0.00231458 -10659
0.00233913 -10510
0.00236183 -10361
0.00238677 -10213
0.00241036 -10065
0.00243464 -9918
0.00245803 -9772
0.0024818 -9626
0.00250566 -9481
0.00252941 -9336
0.0025544 -9191
0.00257955 -9048
0.00260529 -8905
0.00263092 -8762
0.00265649 -8620
0.00268235 -8479
0.00270844 -8338
0.00274302 -8198
0.00276908 -8059
0.00279552 -7922
0.00281781 -7785
0.00284483 -7648
0.00287148 -7511
0.0028941 -7374
0.00292038 -7238
0.00294687 -7104
0.00297899 -6971
0.00300669 -6840
0.0030342 -6710
0.00306376 -6580
0.00310277 -6451
0.00313007 -6322
0.00315578 -6193
0.00318435 -6065
0.00321239 -5937
0.00324039 -5809
0.00326808 -5681
0.00329338 -5557
0.0033205 -5433
0.00334984 -5314
0.00337867 -5195
0.0034085 -5077
0.00343922 -4960
0.00346892 -4843
0.00349802 -4726
0.00353286 -4612
0.00356192 -4498
0.0035906 -4385
0.00361881 -4272
0.00364973 -4159
0.00368021 -4047
0.00371227 -3935
0.003743 -3823
0.00377305 -3713
0.00380089 -3604
0.00383147 -3495
0.00386177 -3386
0.00388963 -3278
0.0039176 -3170
0.00394848 -3063
0.00397963 -2959
0.00401222 -2855
0.00404166 -2753
0.00406973 -2652
0.00409482 -2553
0.00412672 -2455
0.00415661 -2357
0.004186 -2261
0.00421622 -2166
0.00424765 -2073
0.00428204 -1981
0.00431748 -1891
0.00435261 -1802
0.00438776 -1717
0.00442529 -1633
0.00446206 -1552
0.00449831 -1471
0.00454126 -1391
0.00457969 -1315
0.00464594 -1241
0.00469458 -1167
0.00476812 -1095
0.00482723 -1024
0.00488477 -955
0.00493955 -890
0.00503595 -827
0.00510208 -764
0.00516647 -703
0.00522998 -644
0.00529418 -586
0.00536441 -529
0.00543879 -474
0.00550518 -423
0.00557209 -374
0.00564234 -326
0.00571488 -282
0.00579026 -238
0.00587408 -195
0.00596276 -152
0.00604803 -116
0.00614107 -81
0.00623929 -51
0.00632757 -24
0.00641497 3
0.00652928 23
0.00664194 40
0.00674428 57
0.00683747 73
0.0069139 91
0.00698868 110
0.00706238 127
0.00714161 138
0.00722136 150
0.00730591 159
0.00738766 169
0.00749048 177
0.00758166 184
0.00766015 191
0.00774284 203
0.00782154 214
0.00790373 224
0.00798254 232
0.00805829 239
0.00813746 247
0.00826466 256
0.00835306 264
0.00847028 274
0.00857883 286
0.00868883 292
0.00878259 300
0.00887615 304
0.0089668 310
0.00905615 316
0.00914066 326
0.00921284 331
0.00929508 338
0.00938212 342
0.00946311 344
0.00954847 347
0.00964513 349
0.00974351 353
0.0098252 355
0.00990701 365
0.00998549 369
0.0100678 373
0.0101551 375
0.010508 376
0.0108715 380
0.0114919 382
0.0115947 384
0.0117945 385
0.0120635 390
0.0121482 391
0.0128384 393
0.0129682 396
0.0137371 397
0.0138152 399
0.0138931 400
0.0286585 401
0.0287487 402
0.0645036 407
2 407
