0 -16106
4.8e-08 -15822
3.2997e-05 -15553
5.582e-05 -15285
7.6328e-05 -15020
0.000125117 -14759
0.000201018 -14503
0.000271377 -14253
0.000325223 -14004
0.000370472 -13761
0.000407919 -13520
0.000443744 -13281
0.000475042 -13052
0.000509377 -12825
0.000542469 -12599
0.000576937 -12377
0.000607523 -12158
0.000640966 -11939
0.000672881 -11731
0.000706789 -11524
0.000740602 -11318
0.000773428 -11115
0.000805466 -10913
0.000889007 -10713
0.000966056 -10516
0.00104998 -10328
0.0011171 -10144
0.00117298 -9961
0.00125292 -9778
0.00131309 -9597
0.00135926 -9416
0.00139353 -9238
0.00142951 -9061
0.00146114 -8884
0.00149001 -8709
0.0015173 -8537
0.00154689 -8367
0.00157644 -8197
0.00160539 -8030
0.0016331 -7863
0.0016606 -7702
0.00168736 -7545
0.00171525 -7391
0.00174433 -7241
0.00177259 -7092
0.0018017 -6944
0.00183037 -6797
0.00185982 -6652
0.00188835 -6508
0.00191713 -6365
0.00194405 -6225
0.00196836 -6085
0.00199562 -5946
0.00202393 -5807
0.002053 -5673
0.0020817 -5541
0.00212001 -5412
0.00215747 -5283
0.00218947 -5158
0.00222394 -5034
0.00224896 -4911
0.00228108 -4789
0.00235627 -4668
0.00241267 -4548
0.00245957 -4429
0.00249707 -4311
0.00253564 -4203
0.00256765 -4095
0.00259251 -3988
0.00261946 -3882
0.00264489 -3776
0.00267033 -3672
0.00271666 -3568
0.00277498 -3467
0.00281945 -3367
0.00285662 -3269
0.00289209 -3173
0.00292223 -3079
0.00295111 -2988
0.00297825 -2900
0.00300368 -2814
0.00303283 -2729
0.00306667 -2645
0.00312582 -2562
0.00317773 -2479
0.00322361 -2397
0.00326374 -2318
0.00329984 -2239
0.00332894 -2163
0.00335921 -2087
0.00338931 -2012
0.00341401 -1938
0.00343685 -1865
0.0034606 -1793
0.003487 -1721
0.00351837 -1649
0.00355005 -1577
0.00357472 -1505
0.00359717 -1437
0.00361859 -1370
0.0036426 -1304
0.00366768 -1239
0.00369999 -1175
0.00372931 -1111
0.00375287 -1048
0.00378468 -988
0.00381749 -928
0.00385167 -868
0.00388401 -810
0.00391743 -753
0.00394898 -698
0.00398012 -644
0.00401075 -591
0.00404317 -539
0.00407723 -488
0.00410946 -437
0.00414244 -387
0.00417334 -342
0.00420409 -297
0.00423572 -253
0.00426932 -210
0.0043033 -167
0.00433692 -125
0.00437209 -83
0.00440814 -41
0.00444414 0
0.00447839 40
0.00451207 78
0.00454759 115
0.00459507 151
0.00463003 187
0.00466204 222
0.00469499 257
0.00472919 291
0.00476271 323
0.00479791 354
0.00483845 385
0.00487246 412
0.00490667 438
0.00493748 463
0.00497282 488
0.00506419 510
0.00510738 532
0.00514183 554
0.0051767 575
0.00521159 596
0.00524763 616
0.00528396 636
0.00531845 655
0.00535094 673
0.00538736 691
0.00542278 709
0.00545941 726
0.00549121 747
0.00551967 767
0.00555413 783
0.00558884 803
0.00562576 821
0.00566039 839
0.00568954 856
0.00572268 875
0.00574884 894
0.00577343 914
0.00579901 930
0.00582245 946
0.00584683 966
0.0058724 982
0.00589779 997
0.00592916 1012
0.00595989 1034
0.0059936 1049
0.00602034 1063
0.00604401 1083
0.00606742 1101
0.00609312 1115
0.00611929 1129
0.006143 1151
0.00617366 1172
0.00620791 1185
0.00624312 1198
0.00627909 1215
0.00631403 1228
0.00634671 1244
0.00637823 1260
0.00640266 1277
0.0064254 1299
0.00645001 1316
0.00647567 1334
0.00650141 1349
0.00652803 1362
0.00655294 1375
0.00657818 1391
0.00660339 1408
0.00662841 1421
0.00665421 1441
0.00667963 1458
0.00670503 1478
0.00672887 1495
0.00675027 1508
0.00677192 1524
0.00679714 1536
0.00682169 1556
0.00684633 1567
0.00686736 1577
0.00690124 1590
0.00695095 1600
0.00699065 1609
0.00700946 1617
0.00702474 1627
0.00705109 1638
0.00706127 1646
0.00707537 1653
0.00708862 1662
0.00711072 1669
0.00711771 1674
0.00712556 1677
0.00714127 1695
0.00717456 1698
0.00718156 1701
0.00719373 1703
0.00719785 1705
0.00720568 1707
0.00721515 1720
0.00723717 1722
0.00724411 1723
0.00725234 1724
0.00726426 1741
0.0072964 1749
0.00730268 1750
0.00731154 1763
0.00733227 1764
0.00734186 1768
0.00735318 1771
0.00735987 1772
0.00736457 1775
0.00737538 1777
0.0073849 1783
0.00741424 1794
0.00759258 1797
0.00761218 1798
0.00763778 1800
0.00823318 1802
0.0082638 1803
0.00831456 1804
0.00833219 1806
0.00833586 1809
0.00862172 1812
0.00863086 1815
0.00864684 1816
0.00865515 1818
0.00867309 1819
0.0087872 1820
0.00880332 1823
0.00950255 1824
0.00952269 1826
0.0101587 1828
0.0101821 1829
0.0102082 1832
0.0102229 1835
0.0115839 1836
0.0115957 1838
0.0120292 1847
0.0121199 1855
0.012147 1857
0.0121585 1859
2 1859
