0 -19635
4.7e-08 -19296
8.434e-06 -18974
1.4757e-05 -18661
2.1799e-05 -18358
2.8169e-05 -18061
4.1188e-05 -17770
5.8439e-05 -17488
7.2803e-05 -17206
8.1368e-05 -16927
8.9923e-05 -16651
9.8581e-05 -16375
0.000107473 -16105
0.000116728 -15838
0.000125573 -15576
0.000133689 -15319
0.000142329 -15067
0.000151463 -14816
0.000160149 -14569
0.000168966 -14323
0.000177185 -14078
0.000186095 -13835
0.000195752 -13595
0.00020866 -13355
0.000220801 -13120
0.000229403 -12886
0.000238799 -12655
0.000247308 -12425
0.000255732 -12195
0.000265679 -11967
0.000273646 -11742
0.000282939 -11518
0.000291858 -11294
0.000301945 -11073
0.000310874 -10852
0.000320709 -10633
0.000330973 -10417
0.000340444 -10202
0.000349148 -9988
0.000417245 -9775
0.000489301 -9562
0.000514621 -9351
0.000526352 -9146
0.000537634 -8944
0.000547646 -8747
0.000597287 -8552
0.00061267 -8358
0.000622159 -8167
0.000632143 -7978
0.000679234 -7790
0.000691264 -7602
0.000700707 -7416
0.000710812 -7236
0.000790873 -7058
0.0008069 -6884
0.000818621 -6711
0.000828335 -6538
0.000840121 -6366
0.000851366 -6198
0.000863966 -6033
0.000875575 -5871
0.000886857 -5712
0.000897841 -5554
0.000907872 -5400
0.000919453 -5247
0.000940113 -5099
0.000956317 -4951
0.000969654 -4805
0.000980685 -4661
0.000992892 -4518
0.00100422 -4375
0.0010174 -4236
0.00102895 -4100
0.00104264 -3964
0.00105442 -3829
0.00106766 -3700
0.00108102 -3572
0.00109654 -3448
0.0011105 -3325
0.0011222 -3202
0.0011359 -3081
0.00115314 -2961
0.00116601 -2845
0.0011806 -2734
0.00119679 -2623
0.0012101 -2515
0.00122346 -2408
0.00123675 -2302
0.00125024 -2200
0.00126568 -2098
0.00128124 -1996
0.00129608 -1895
0.0013141 -1796
0.00132994 -1698
0.001346 -1607
0.00136029 -1516
0.00137622 -1430
0.00139235 -1346
0.00140832 -1265
0.00143704 -1187
0.00145522 -1112
0.00147317 -1037
0.00149157 -963
0.0015088 -890
0.00152529 -820
0.00153999 -751
0.00159464 -683
0.00161613 -617
0.00163468 -553
0.00165143 -492
0.00166585 -434
0.00168188 -377
0.00170007 -324
0.0017176 -273
0.00173396 -226
0.00174964 -181
0.00176677 -137
0.00178461 -99
0.00179988 -61
0.00181662 -23
0.00183295 12
0.00184789 43
0.00186256 69
0.00187647 92
0.00189406 114
0.00190819 143
0.00192424 164
0.00196691 185
0.00198955 206
0.00200729 224
0.00202039 242
0.00203155 269
0.00204848 286
0.00206805 308
0.00216319 327
0.00219296 341
0.00229709 357
0.00251031 376
0.00253431 393
0.00255277 406
0.00256973 419
0.00258547 427
0.00260217 438
0.00262033 449
0.00263746 460
0.00265248 469
0.00266877 493
0.00268645 506
0.00270468 519
0.00272313 534
0.00274025 539
0.00275851 547
0.00277711 552
0.00279537 564
0.00281435 572
0.0028321 578
0.00284923 581
0.00286877 584
0.00288791 593
0.00290562 595
0.00292295 599
0.00294398 605
0.00296484 612
0.00298294 623
0.00300211 629
0.00302376 633
0.00303938 642
0.00305597 645
0.00307293 646
0.00308849 655
0.00310669 656
0.00314251 659
0.00317823 660
0.00319551 670
0.00321235 674
0.00322826 688
0.00324493 691
0.00325882 693
0.00327146 695
0.0033015 696
0.00333154 703
0.00335174 706
0.00336878 714
0.00338401 715
0.0034034 716
0.00342164 725
0.0035696 745
0.00358736 754
0.0037041 759
0.0037179 760
0.00373212 761
0.00374657 762
0.00376972 764
0.00420999 765
0.00422941 772
0.00425527 777
0.00444409 778
0.00446032 779
0.00833005 783
0.00837204 786
0.00838554 787
0.00860191 790
0.0086797 791
0.0132449 793
0.0133118 794
0.0133578 795
0.0142277 799
0.0142408 801
0.0143111 810
0.0143287 811
0.0144976 813
0.0145125 815
0.0158647 816
0.0158899 817
0.0162156 820
0.0173971 822
2 822
