0 -5292
4.74e-07 -5144
1.0877e-05 -5076
0.000438571 -5007
0.000455346 -4942
0.00045638 -4741
0.000456674 -4617
0.000457262 -4581
0.000460998 -4565
0.000465891 -4444
0.000466053 -4266
0.000467418 -4076
0.000470879 -4072
0.000475251 -4025
0.000482638 -3966
0.000485777 -3955
0.000486583 -3839
0.000487029 -3669
0.000492776 -3622
0.000495099 -3563
0.000498466 -3539
0.000500533 -3465
0.000500998 -3276
0.000511391 -3185
0.000512188 -3154
0.000519708 -3105
0.000522382 -3058
0.000525549 -2983
0.000526355 -2898
0.000536312 -2779
0.000538266 -2681
0.000538797 -2601
0.000542002 -2582
0.000545966 -2549
0.000548441 -2506
0.000552538 -2451
0.000554975 -2398
0.000558901 -2341
0.000559631 -2272
0.00056038 -2167
0.000583196 -2166
0.000598806 -2158
0.000605529 -2145
0.000605889 -2015
0.000606107 -1981
0.000610214 -1939
0.000620142 -1916
0.000620323 -1848
0.000622067 -1789
0.000628032 -1779
0.000629616 -1713
0.000632148 -1634
0.00063265 -1543
0.000634869 -1398
0.000639061 -1341
0.00064164 -1242
0.000646733 -1203
0.000647539 -1147
0.000647823 -1103
0.000649691 -1066
0.000651673 -996
0.000654831 -973
0.000654907 -904
0.000655381 -861
0.000656111 -804
0.000658975 -801
0.000661925 -761
0.000704437 -749
0.000704589 -712
0.000704721 -675
0.000705859 -616
0.000706315 -589
0.000706618 -556
0.000714072 -518
0.000723005 -481
0.000730108 -431
0.000730259 -419
0.000730468 -395
0.000735238 -333
0.000745024 -328
0.000750306 -283
0.000750999 -261
0.000751786 -227
0.000756717 -225
0.000760795 -207
0.00076876 -156
0.000769187 -124
0.000770382 -120
0.000772269 -102
0.000773113 -90
0.000774488 -47
0.000777086 -1
0.000779571 29
0.000781117 49
0.000781335 60
0.000781951 129
0.000782131 131
0.000782833 139
0.000800974 169
0.000820395 240
0.000831671 247
0.000831794 260
0.000839817 287
0.00084288 293
0.000843373 303
0.000858299 322
0.000859361 347
0.000859987 384
0.000863771 387
0.000866976 389
0.000868749 405
0.000871111 408
0.000871424 415
0.000875919 425
0.000887431 428
0.000890674 435
0.00089258 437
0.000899531 439
0.000900499 441
0.000900736 448
0.000905809 464
0.000907241 483
0.000919645 488
0.000920185 489
0.000973821 500
0.000979644 501
0.000994542 505
0.000995111 512
0.000996628 513
0.00100262 517
0.00101378 554
0.00101741 557
0.00102313 580
0.0010304 582
0.00103744 583
0.00105519 595
0.00105921 596
0.00106511 597
0.00106904 599
0.00107336 608
0.00108747 621
0.0010877 631
0.00109098 633
0.00109371 635
0.00109527 640
0.00113548 641
0.00114794 646
0.00115096 658
0.00115452 659
0.00115749 666
0.00115894 670
0.00116794 673
0.00116913 677
0.00116966 684
0.0011887 687
0.00119992 698
0.00124397 708
0.00125342 711
0.00128954 714
0.00134614 725
0.00134663 736
0.00136724 737
2 737
