0 -5529
4.7e-08 -5246
1.1822e-05 -5060
2.7239e-05 -4878
3.8753e-05 -4701
4.8623e-05 -4534
6.1444e-05 -4373
7.7926e-05 -4219
0.000100374 -4067
0.000114923 -3923
0.000126306 -3784
0.00013781 -3645
0.000148577 -3507
0.000158746 -3371
0.000168654 -3239
0.000178039 -3107
0.000188012 -2977
0.000198283 -2847
0.000208387 -2718
0.000218976 -2598
0.00022852 -2481
0.00023783 -2366
0.000247448 -2258
0.00025716 -2153
0.000291514 -2049
0.000308397 -1946
0.000319575 -1844
0.000329184 -1749
0.000339941 -1655
0.000350054 -1561
0.0003597 -1468
0.000368908 -1376
0.000379927 -1289
0.000389517 -1202
0.000399686 -1117
0.00040993 -1033
0.000419706 -951
0.000429353 -875
0.000438793 -802
0.000448103 -732
0.000455863 -662
0.000466919 -593
0.000477817 -524
0.000487416 -455
0.000495998 -390
0.000504692 -326
0.000513572 -264
0.000522341 -202
0.00053194 -144
0.000539784 -90
0.00054817 -37
0.000556966 15
0.000566463 64
0.000575287 112
0.000583729 159
0.000591797 205
0.000599557 248
0.000607569 289
0.000616636 330
0.000625647 370
0.000633276 408
0.000642045 445
0.000649086 481
0.000657957 516
0.000666445 550
0.000674569 581
0.000682833 611
0.000692096 641
0.000700435 670
0.00070911 699
0.000717673 725
0.000726993 750
0.000735173 774
0.00074354 797
0.000751897 820
0.000760656 843
0.000769397 865
0.000777259 886
0.000786214 907
0.00079376 927
0.000801613 942
0.000809233 959
0.000817693 974
0.000826013 988
0.000834548 1000
0.000842271 1012
0.000851599 1024
0.000859761 1049
0.000866979 1061
0.000875262 1073
0.000884282 1085
0.00089249 1096
0.000904368 1109
0.000913809 1119
0.00092142 1129
0.000929534 1147
0.00093764 1164
0.000946249 1174
0.000955055 1185
0.000963562 1194
0.000971611 1203
0.000980651 1211
0.000988915 1218
0.000999327 1225
0.00100753 1232
0.00101625 1241
0.0010238 1249
0.00103187 1254
0.00104503 1258
0.00106094 1261
0.0010747 1264
0.00108471 1266
0.00109237 1267
0.00111359 1281
0.00113286 1297
0.00115094 1300
0.00116339 1301
0.00118128 1305
0.00118514 1307
0.00120604 1310
0.00127559 1311
0.00127831 1315
0.00129273 1323
0.00129789 1326
0.00129984 1327
0.00130435 1336
0.00130843 1338
0.00130991 1345
0.00132716 1348
0.00133413 1349
0.00134173 1351
0.00139994 1352
0.00140309 1355
0.0014053 1358
0.0014109 1359
0.00148413 1361
0.00148671 1364
0.00148867 1367
0.00149398 1368
0.00149756 1369
0.0015006 1372
0.0015054 1375
0.0015123 1377
0.00160789 1378
0.00181405 1381
0.00181546 1382
0.00182089 1384
0.00213925 1388
0.00214699 1389
0.00215637 1392
0.00216398 1396
2 1396
