0 -2354
1.61e-07 -2250
0.00041748 -2220
0.000418277 -2142
0.000418381 -2091
0.000419093 -2012
0.000420269 -1986
0.000429434 -1969
0.000429538 -1901
0.000431341 -1780
0.000431502 -1721
0.000443172 -1648
0.000446711 -1544
0.000447337 -1443
0.000504073 -1370
0.000504575 -1215
0.00050541 -1145
0.000506407 -1057
0.000540135 -1030
0.000543484 -953
0.000544053 -866
0.000544433 -829
0.000544831 -792
0.000545343 -744
0.000545922 -731
0.000546909 -678
0.000549243 -583
0.000555457 -549
0.00055558 -527
0.000555685 -505
0.000555893 -452
0.000556377 -387
0.000567184 -380
0.000569271 -361
0.000571017 -305
0.000571576 -248
0.000571956 -239
0.000572241 -217
0.000572981 -200
0.000588844 -167
0.000600191 -159
0.00060243 -114
0.000606386 -44
0.00060854 -39
0.000611699 -30
0.000612117 39
0.000618312 45
0.000618843 53
0.000622316 73
0.000622562 87
0.000624213 119
0.000624621 130
0.000625646 162
0.00066093 188
0.000665304 190
0.000665494 219
0.000672998 222
0.000675095 260
0.000676025 262
0.000676233 317
0.000677922 346
0.000678121 376
0.000694829 390
0.000695303 414
0.000695882 418
0.000700711 444
0.000701499 446
0.000701878 449
0.000702087 489
0.00070295 503
0.000705436 512
0.00070759 515
0.000708719 519
0.000725265 521
0.000730293 525
0.000730948 535
0.000734772 543
0.000738974 546
0.000739771 576
0.000744041 582
0.000752618 597
0.000755037 598
0.00076904 600
0.000776934 616
0.000783367 642
0.000787285 643
0.000791773 650
0.000806602 655
0.000812493 657
0.000813101 658
0.000832265 660
0.000833319 664
0.000844163 665
0.000844751 666
0.000859191 673
0.000859428 674
0.000861411 675
0.000879352 680
0.000894039 683
0.000899893 687
0.000954712 689
0.000960793 698
0.000963061 703
0.000996808 709
0.00116464 712
2 712
