0 -22803
9.39e-07 -22415
1.2894e-05 -22154
1.3473e-05 -21710
0.000359141 -21664
0.000364378 -21253
0.000367339 -21115
0.000367519 -20838
0.000390953 -20566
0.000391342 -20176
0.000392556 -19763
0.000392746 -19453
0.00041119 -19125
0.000412717 -18743
0.000414435 -18719
0.000415716 -18375
0.000423979 -18162
0.000425507 -17818
0.000427641 -17573
0.000428021 -17315
0.000428324 -17040
0.000428808 -16707
0.000430934 -16526
0.000432015 -16204
0.000432157 -15958
0.000467347 -15798
0.000474244 -15627
0.000482384 -15593
0.000490126 -15201
0.000494974 -14954
0.00050023 -14671
0.000501692 -14571
0.000503475 -14134
0.000503798 -13843
0.000504367 -13432
0.000511995 -13193
0.000512811 -12897
0.000514348 -12630
0.000515401 -12390
0.000516283 -12107
0.000517782 -11827
0.000519234 -11474
0.000520591 -11255
0.000521141 -10986
0.000523456 -10763
0.000523921 -10435
0.000528722 -10086
0.000530031 -9887
0.000530173 -9601
0.000531739 -9315
0.000534224 -9279
0.000534651 -9008
0.000540875 -8721
0.000541112 -8414
0.00054226 -8137
0.000545268 -7840
0.000547004 -7653
0.000547194 -7459
0.000547716 -7212
0.000552383 -7093
0.000555068 -6724
0.00056781 -6473
0.000579746 -6365
0.000581928 -6084
0.000583351 -5967
0.000590476 -5866
0.000595704 -5732
0.000597184 -5607
0.000598085 -5402
0.00060095 -5215
0.000602772 -5153
0.000608199 -5056
0.000612041 -4840
0.000625789 -4547
0.000626244 -4269
0.000629308 -4185
0.000632781 -3900
0.000642724 -3677
0.000643578 -3467
0.000647278 -3272
0.000648834 -3104
0.000650883 -3029
0.000654877 -2944
0.000671073 -2764
0.00067574 -2658
0.000677553 -2490
0.000704583 -2326
0.000705626 -2173
0.000710892 -1967
0.000717723 -1789
0.000743273 -1732
0.000745132 -1654
0.000752172 -1553
0.000754459 -1458
0.000762741 -1372
0.000765654 -1241
0.000770834 -1121
0.000776451 -1045
0.000780008 -954
0.000783604 -860
0.000799391 -823
0.000806545 -790
0.000808082 -572
0.000811564 -526
0.000815369 -478
0.000815795 -376
0.000827228 -350
0.000842085 -292
0.000845036 -186
0.000849135 -148
0.000852968 -58
0.000865757 -32
0.000872199 0
0.00087402 60
0.000882436 62
0.000896572 75
0.000897569 88
0.000897882 101
0.000908185 109
0.00091105 144
0.000912369 171
0.000985537 174
0.000990784 179
0.00100729 214
0.00101709 230
0.00102629 247
0.00103118 250
0.00103562 261
0.00104075 290
0.00105667 292
0.00106889 300
0.00107823 301
0.00108381 324
0.00112053 340
0.00113011 349
0.00117953 352
0.00119846 355
0.00119869 371
0.00120424 381
0.00120769 393
0.00122745 412
0.00122766 421
0.00122804 452
0.00122815 459
0.00123258 467
0.00125178 477
0.00128227 483
0.00132099 499
0.00142912 500
0.00145589 506
0.00147753 521
0.00154504 529
0.00182979 542
0.00189709 547
2 547
