0 -64
1.42e-07 -11
4.08e-07 42
0.00041471 44
0.000414805 87
0.00041545 93
0.000415649 97
0.000416626 99
0.000416683 108
0.000416911 127
0.000417271 128
0.000417803 145
0.000417945 147
0.000418106 149
0.000432347 181
0.000432527 197
0.000432888 200
0.000433078 209
0.000433182 256
0.000433808 302
0.000475591 310
0.000475762 324
0.000475971 330
0.000476179 349
0.000476531 390
0.000486473 405
0.000488324 464
0.000490828 488
0.00050357 490
0.00050432 502
0.000504936 506
0.000508001 545
0.00050819 626
0.000509566 628
0.000509936 659
0.000510107 673
0.00051024 684
0.000510486 697
0.000510591 704
0.000511625 735
0.000537412 777
0.000541131 779
0.000541321 834
0.00055837 843
0.000558655 849
0.00056097 857
0.000561434 858
0.000561966 910
0.000568408 915
0.000568588 919
0.000569262 930
0.000569413 934
0.000589726 939
0.000589821 944
0.000592022 951
0.000600201 960
0.000601804 963
0.000606652 976
0.000607942 982
0.00060818 994
0.000611121 1006
0.000611206 1021
0.000611272 1030
0.000620191 1035
0.000621054 1041
0.000621301 1043
0.00062169 1058
0.000622278 1084
0.000623084 1087
0.000627601 1094
0.000628037 1099
0.000628151 1103
0.000630542 1107
0.000632031 1108
0.000635295 1114
0.000638208 1115
0.000638559 1117
0.000649944 1130
0.000679801 1131
0.000687192 1132
0.000687467 1134
0.000687837 1137
0.000689782 1144
0.000690247 1146
0.00069038 1148
0.000695787 1149
0.000698131 1151
0.000698823 1157
0.00070703 1159
0.000707941 1173
0.000710635 1189
0.000714535 1190
0.000714611 1198
0.000714905 1202
0.000715398 1207
0.000715854 1210
0.0007248 1217
0.000750606 1224
0.000760122 1228
0.00076886 1234
0.000791308 1244
0.000801061 1248
2 1248
