0 -3971
9.97e-07 -3822
1.243e-06 -3692
0.000455725 -3590
0.000467404 -3497
0.000472309 -3480
0.000473258 -3439
0.000473675 -3353
0.000474681 -3272
0.000475753 -3213
0.000477138 -3178
0.000477271 -3064
0.000486018 -2916
0.000486986 -2812
0.000487527 -2731
0.000489045 -2636
0.000489405 -2478
0.000496151 -2430
0.000496796 -2343
0.000535885 -2342
0.000539016 -2218
0.000539225 -2115
0.000539329 -2001
0.000539614 -1917
0.000539898 -1842
0.000543285 -1775
0.000543551 -1661
0.000545723 -1643
0.000545837 -1476
0.000547649 -1472
0.000547887 -1430
0.000550448 -1298
0.000560401 -1168
0.000576046 -1108
0.000576425 -1064
0.000579898 -1055
0.000580106 -999
0.000580429 -962
0.000580524 -862
0.000594926 -846
0.000605324 -813
0.0006067 -752
0.000609195 -707
0.00061077 -641
0.00061133 -608
0.000613189 -538
0.000613768 -509
0.00061837 -456
0.000623369 -422
0.000632857 -379
0.000632961 -319
0.0006341 -308
0.000637269 -299
0.000638246 -283
0.000638739 -183
0.000671984 -151
0.000679612 -108
0.000680409 -70
0.000680978 -51
0.000683169 -3
0.000683549 32
0.000689412 65
0.000691186 81
0.000691452 86
0.000697164 111
0.000697619 165
0.000697818 213
0.000699033 227
0.000723273 254
0.000724165 259
0.00072425 265
0.000728691 286
0.000741233 294
0.000742893 313
0.000743368 339
0.000749677 342
0.000750607 343
0.000753472 353
0.000753757 362
0.000754079 377
0.000781204 382
0.00078332 387
0.000785881 389
0.000787428 390
0.000788453 471
0.000788576 519
0.000791754 521
0.000792551 531
0.000792978 539
0.000795312 560
0.000803376 565
0.000805027 568
0.000821659 588
0.000823907 599
0.000825653 607
0.000826128 614
0.000828803 616
0.000833566 625
0.000839154 641
0.000841801 650
0.000842133 654
0.000872778 655
0.000875747 661
0.000878973 670
0.000897227 673
0.000897626 701
0.000904172 711
0.000908792 712
0.000913214 720
0.000926174 732
0.000927132 741
0.00092828 743
0.000934817 745
0.000955234 767
0.00106124 768
0.00108514 773
0.00109531 776
2 776
