0 -22238
1.119e-06 -21795
0.000218697 -21533
0.000220518 -21500
0.000223564 -20961
0.000227833 -20565
0.000229588 -20199
0.000230224 -19837
0.000230917 -19201
0.000231182 -18658
0.000231989 -18640
0.000232378 -18161
0.000232786 -17770
0.000233659 -17258
0.000236495 -17167
0.000236752 -16772
0.000237672 -16262
0.000238118 -15886
0.000238488 -15538
0.00023919 -15483
0.000239266 -15122
0.000239987 -14704
0.000241941 -14664
0.000244731 -14525
0.000248355 -14442
0.000250186 -14122
0.000251429 -13634
0.000251666 -13225
0.000253032 -12745
0.000254892 -12305
0.000255622 -11969
0.000259977 -11885
0.000263298 -11330
0.000265091 -10865
0.0002788 -10709
0.000280821 -10452
0.000281618 -10016
0.00028195 -9672
0.000288307 -9261
0.000289597 -8781
0.000292719 -8377
0.000294901 -7888
0.000300233 -7866
0.000300906 -7619
0.000311931 -7613
0.000320043 -7314
0.000322196 -6879
0.000327414 -6608
0.000335412 -6125
0.000336276 -5702
0.000343875 -5277
0.000346816 -4959
0.000349871 -4662
0.000361133 -4423
0.000373457 -4294
0.000374311 -3962
0.000374653 -3621
0.000378002 -3390
0.000380393 -3067
0.000381019 -2904
0.000383875 -2735
0.000384624 -2463
0.000399985 -2402
0.000417574 -2217
0.000418125 -1935
0.000423447 -1749
0.00042469 -1476
0.000426142 -1222
0.000435145 -1105
0.000444993 -1006
0.000449547 -938
0.000477602 -882
0.000482071 -818
0.000487128 -716
0.000487792 -526
0.000490723 -433
0.000508503 -224
0.00055613 -210
0.000557184 -132
0.000560466 -70
0.000579641 -54
0.000583398 4
0.000705701 10
0.000726422 79
0.000768035 81
0.000819343 104
0.000915831 111
0.000935822 115
0.000940613 122
0.000943867 131
0.000948791 133
0.000958525 170
0.0010034 172
0.00105927 177
2 177
