0 -1044
2.85e-07 -936
0.000583579 -931
0.00058504 -863
0.000585201 -825
0.00058597 -815
0.000586254 -814
0.000586899 -783
0.000587165 -758
0.000588028 -753
0.000590144 -742
0.000590267 -727
0.000592317 -689
0.000595865 -655
0.000606605 -640
0.000606909 -577
0.00061095 -574
0.000613151 -566
0.000614831 -558
0.000615001 -550
0.00062559 -531
0.00062577 -527
0.000641737 -521
0.000642117 -510
0.000644365 -459
0.000647392 -455
0.000649384 -433
0.00065095 -368
0.000657961 -344
0.000658208 -295
0.000662297 -264
0.000662932 -251
0.000663027 -235
0.000663246 -220
0.000663549 -196
0.000665143 -172
0.000667012 -138
0.000667581 -132
0.000682837 -72
0.000683454 -65
0.000683871 -30
0.000683947 19
0.000688264 22
0.000688558 31
0.000688644 38
0.00068872 60
0.000689403 64
0.000691073 80
0.000691196 120
0.00069223 121
0.000692334 154
0.00069242 203
0.000692923 214
0.000693017 223
0.000693368 229
0.0006939 236
0.000694535 252
0.000696509 323
0.000699592 335
0.000699811 364
0.000700019 365
0.000700143 400
0.000700636 411
0.000769952 419
0.000772267 425
0.000772874 426
0.000773842 431
0.000775303 435
0.000775787 449
0.000776128 459
0.000781024 461
0.000784411 477
0.000784553 504
0.000786043 509
0.000786697 512
0.000789145 513
0.000789354 517
0.000789648 550
0.000789743 615
0.000790141 679
0.000790236 687
0.00079054 689
0.000790616 707
0.000793585 736
0.000794221 800
0.000795616 822
0.000795843 824
0.000795957 835
0.000796498 851
0.000797124 865
0.000797893 876
0.000805597 890
0.000805701 927
0.0008059 947
0.00080608 951
0.000806251 959
0.000806801 963
0.000806896 967
0.000806972 985
0.000807352 1014
0.000820131 1022
0.000820587 1023
0.000825881 1053
0.000826384 1054
0.000827389 1063
0.000828405 1069
0.000839666 1084
0.000841896 1089
0.00084293 1097
0.000843357 1102
0.000843461 1111
0.000845226 1130
0.000847446 1142
0.00084774 1149
0.000848196 1156
0.000849382 1159
0.000849827 1164
0.000851962 1176
0.000852683 1206
0.000854163 1213
0.000883309 1218
0.000883489 1221
0.000884827 1228
0.000885007 1235
0.000885728 1249
0.000890927 1250
0.000891174 1256
0.000893375 1257
0.000894988 1262
0.000896003 1273
0.000896335 1282
0.000896658 1287
0.000897711 1301
0.000897806 1325
0.000903423 1328
0.000936439 1348
0.000937663 1349
0.000938005 1360
0.000941126 1369
0.000941543 1376
0.00094382 1382
0.000946097 1386
0.000949181 1395
0.000952739 1415
0.000953194 1419
0.000954617 1423
0.00095586 1436
0.000958355 1443
0.000958545 1446
0.00096049 1451
0.000963109 1455
0.000964076 1460
0.000966714 1462
0.000971666 1469
0.000978355 1470
0.000979484 1474
0.000982643 1477
0.000989788 1492
0.0010346 1499
0.00106528 1500
0.0010715 1502
0.00108178 1510
0.00108723 1515
0.00117747 1519
0.00120673 1524
0.00123172 1530
2 1530
