0 -224
5.7e-08 -191
1.0256e-05 -124
1.0778e-05 -76
1.093e-05 -51
0.000418818 -39
0.000419899 -32
0.000420507 6
0.000420649 25
0.000423609 36
0.000424805 37
0.000447432 55
0.000448552 99
0.000448647 169
0.000449121 189
0.000450079 202
0.000450155 235
0.000452556 267
0.000453371 285
0.000454292 314
0.000454358 337
0.00050857 356
0.000510211 380
0.000511331 400
0.000511416 407
0.000511729 417
0.000511938 425
0.00051357 432
0.000514244 461
0.000515875 476
0.000531226 494
0.00053745 497
0.000537545 509
0.000540249 510
0.000541027 516
0.000551558 529
0.00055171 533
0.000553019 546
0.000589271 551
0.000589802 552
0.000590485 562
0.000594821 572
0.000595447 575
0.000597895 582
0.000609261 583
0.000610533 584
0.000614299 585
0.00061484 604
0.000619897 612
0.000621168 623
0.000625324 627
0.0006265 631
0.000632012 636
0.000666841 637
0.000714772 649
0.000737988 650
0.000738083 652
0.000746612 658
0.000755284 661
0.000800568 662
0.000804581 668
0.00082515 669
0.000869903 672
2 672
