0 -24377
5.79e-07 -23909
0.000329844 -23710
0.000330081 -23214
0.000330479 -22735
0.000332434 -22583
0.00033379 -22341
0.000334103 -22041
0.000335925 -21623
0.000336314 -21373
0.000339141 -21354
0.000340498 -20931
0.000343999 -20824
0.00034546 -20777
0.000347557 -20465
0.000348003 -20064
0.000348468 -19637
0.000349948 -19254
0.000350631 -19105
0.000351096 -18590
0.000351304 -18238
0.000351589 -17798
0.000355555 -17708
0.000359122 -17562
0.000413637 -17424
0.000414681 -17128
0.000415174 -16728
0.000416892 -16395
0.000423201 -16300
0.000423941 -16008
0.000424102 -15740
0.000424244 -15481
0.000425933 -15192
0.000426588 -14961
0.000428229 -14617
0.000428561 -14232
0.000429937 -13806
0.000430724 -13496
0.000430905 -13075
0.000431673 -12892
0.000432015 -12615
0.000434671 -12275
0.000434861 -11972
0.000436958 -11741
0.000438001 -11449
0.000445278 -11278
0.000446758 -10984
0.000450525 -10637
0.000452451 -10444
0.000452821 -10322
0.000455885 -10296
0.000457005 -9997
0.000458656 -9779
0.000462356 -9417
0.000465069 -9238
0.000465354 -8955
0.000468684 -8853
0.000478466 -8801
0.000482678 -8701
0.000483058 -8502
0.000483693 -8226
0.000483874 -7933
0.000484253 -7742
0.000484395 -7513
0.000484813 -7327
0.000488684 -7068
0.000489746 -6847
0.000489936 -6600
0.00049301 -6442
0.000495667 -6229
0.00049931 -6048
0.000500705 -5835
0.00051578 -5833
0.000519898 -5699
0.000538228 -5623
0.000538474 -5358
0.000545723 -5223
0.000551662 -5067
0.000558199 -4936
0.000563133 -4647
0.00056485 -4476
0.000565144 -4320
0.000565315 -4028
0.000566093 -3820
0.000568417 -3656
0.000572288 -3617
0.000582316 -3477
0.000588407 -3304
0.000593701 -3152
0.000596197 -2906
0.000610048 -2840
0.000610637 -2668
0.000614128 -2447
0.000619242 -2274
0.00061946 -2130
0.000621699 -1941
0.000622325 -1841
0.000628464 -1730
0.000640001 -1508
0.000660513 -1458
0.000669194 -1347
0.000674725 -1258
0.000675351 -1179
0.000679051 -1175
0.00068555 -1097
0.000687267 -871
0.000688017 -766
0.000688415 -717
0.000709193 -701
0.000720891 -674
0.000721461 -613
0.000721584 -486
0.000737466 -483
0.000739525 -315
0.00075349 -245
0.000761564 -231
0.000764629 -201
0.000766232 -149
0.000766564 -145
0.000768395 -83
0.00076998 -1
0.000771441 75
0.000772845 77
0.00077386 111
0.000806697 119
0.000810577 141
0.000814344 185
0.000817323 192
0.000831431 196
0.000844998 241
0.000846743 244
0.000883593 270
0.000887009 300
0.00089512 309
0.000900206 312
0.000910263 317
0.000912549 322
0.000925632 330
0.000936325 338
0.00100742 342
0.00104535 348
0.00104973 351
0.00106275 356
0.00113599 364
0.00114469 386
0.00115185 387
0.00115316 411
0.00119121 414
0.00120938 416
0.00128514 419
0.00134466 433
0.00136775 434
0.00137515 444
0.0013786 445
0.00141877 457
0.0014246 462
0.00168824 470
0.00173399 474
0.0017473 481
0.00181011 483
0.00184296 489
2 489
