0 -593
1.23e-07 -561
0.000389915 -535
0.000390238 -520
0.000390323 -463
0.000394174 -436
0.000396431 -434
0.000416214 -413
0.000416414 -396
0.000436254 -361
0.000436444 -301
0.000436776 -292
0.000437022 -239
0.000439754 -232
0.0004413 -203
0.000441679 -200
0.000441745 -187
0.000443898 -154
0.000448725 -116
0.000449494 -101
0.00045415 -76
0.000454956 -54
0.000460315 -34
0.000461937 -28
0.000462657 -25
0.000462752 36
0.000464004 92
0.000475243 102
0.000475888 135
0.000547738 170
0.000549967 196
0.000550745 237
0.000551134 260
0.000551968 273
0.000552129 289
0.000552907 330
0.000553173 331
0.000553334 372
0.000553419 388
0.000553666 407
0.000560314 445
0.000561575 490
0.000561803 493
0.000562107 508
0.000565037 552
0.000576608 553
0.000576864 554
0.000577357 578
0.000578656 588
0.00057876 613
0.000579159 616
0.000579254 650
0.000579443 658
0.000580098 661
0.000583929 664
0.0005841 665
0.000585229 667
0.000587694 670
0.000589496 677
0.000589885 693
0.00059182 699
0.00059348 703
0.000593878 705
0.000601607 713
0.000606577 737
0.000606881 750
0.000607981 770
0.000614136 772
0.000615587 775
0.000615995 785
0.000616175 794
0.000616251 824
0.000616336 830
0.000616554 834
0.000616677 839
0.000621287 853
0.000664183 861
0.000668555 872
0.000668991 875
0.000669418 883
0.000669484 885
0.000671002 886
0.000671078 889
0.000675336 895
0.000675962 904
0.000677252 920
0.00067857 932
0.000679044 945
0.000680467 948
0.000680543 958
0.000680837 963
0.000681368 975
0.000682468 978
0.000682572 980
0.000683985 994
0.000684678 997
0.000689002 1028
0.000701313 1029
0.000701379 1031
0.000718811 1036
0.000730855 1042
0.000732287 1056
0.000733862 1072
0.000737048 1073
0.000737409 1084
0.00074345 1093
0.000746039 1094
0.000747187 1095
0.000761593 1100
0.000768696 1110
0.000821105 1118
2 1118
