0 165
1.77e-07 175
3.83e-07 178
9.71e-06 188
1.0979e-05 198
1.1196e-05 221
1.1452e-05 233
1.157e-05 287
1.1658e-05 301
1.1776e-05 309
0.000329244 314
0.000329313 323
0.000333632 334
0.000334153 339
0.000418351 347
0.00041841 366
0.000418597 378
0.000419354 379
0.000419896 390
0.000419984 403
0.00042631 406
0.000426566 447
0.000426861 448
0.000427028 450
0.000427117 477
0.000428229 485
0.000456013 501
0.000456367 509
0.000456514 522
0.000456603 537
0.000457597 580
0.0004586 610
0.000459003 611
0.000459633 626
0.000490418 630
0.000490565 636
0.000490752 641
0.000491657 673
0.000498534 682
0.000499282 694
0.000500099 704
0.000500168 716
0.000501929 733
0.000596162 737
0.000596545 738
0.000596949 739
0.000598041 741
0.000599516 744
0.000600648 751
0.000602084 768
0.000603511 773
0.000606443 778
0.000606945 782
0.000627773 788
0.000695274 797
0.000711724 799
0.000712226 800
0.000743217 802
0.000759106 803
0.000760415 817
0.000761271 820
0.000779511 824
0.000842733 827
0.00084296 828
0.000859508 830
0.000909173 831
2 831
