0 856
4.3e-07 874
8.13e-07 888
0.000801838 902
0.000803239 923
0.000805098 937
0.000805359 948
0.00080549 952
0.000805611 964
0.000806162 974
0.000806545 982
0.000806742 999
0.000806863 1000
0.000807246 1007
0.000807965 1038
0.000813765 1040
0.000824039 1042
0.000824394 1069
0.000824693 1076
0.000834098 1077
0.000846566 1081
0.000857018 1084
0.000857606 1106
0.000858194 1109
0.00085897 1120
0.000860837 1141
0.000861463 1144
0.000867609 1150
0.000867721 1151
0.00086844 1158
0.000870233 1176
0.000874128 1177
0.000874287 1183
0.00087551 1195
0.000877275 1196
0.000878639 1198
0.000882366 1208
0.000884037 1215
0.000884159 1237
0.000887232 1249
0.000889212 1271
0.000892415 1287
0.000899345 1289
0.000900018 1293
0.000900662 1295
0.000913065 1297
0.00091456 1298
0.000914653 1307
0.000915045 1310
0.000915503 1319
0.000916932 1330
0.000917362 1336
0.000919445 1354
0.000920883 1358
0.000921116 1359
0.00092135 1362
0.00092305 1377
0.000925581 1419
0.000925749 1425
0.00092616 1431
0.00092814 1433
0.000949789 1440
0.000950835 1455
0.000951116 1460
0.000951713 1462
0.00100459 1466
0.00100992 1471
0.00101354 1474
0.00101447 1481
0.00101592 1483
0.00102217 1485
0.0010226 1495
0.00102482 1499
0.00102706 1503
0.00103415 1504
0.00104624 1507
0.00104665 1516
0.00104725 1517
0.0010484 1518
0.0010488 1521
0.0010505 1530
0.00105418 1533
0.00105463 1542
0.00106581 1547
0.00109056 1548
0.00109083 1555
0.00109136 1565
0.00109201 1567
0.00109344 1574
0.00109496 1577
0.0011521 1586
0.00115576 1591
0.00115702 1592
0.00117367 1593
0.00117694 1602
0.00117901 1603
0.00120408 1606
0.00120463 1608
0.00132509 1610
0.0013386 1612
0.00134396 1621
0.00134925 1622
0.00135262 1624
0.00138542 1626
0.00138876 1629
0.00139649 1630
0.00143641 1633
2 1633
