0 -57
1.96e-07 -22
6.88e-07 77
1.2485e-05 94
1.5279e-05 96
0.000502125 104
0.000502253 120
0.000502352 121
0.000502539 135
0.000511629 171
0.000547038 172
0.000547127 199
0.000548465 216
0.000551347 219
0.000551475 233
0.0005536 237
0.000554102 246
0.000554437 295
0.000561412 315
0.000561963 347
0.000562386 351
0.000562553 382
0.000562632 385
0.000563616 430
0.000566823 460
0.000567177 474
0.000568456 485
0.000569165 486
0.000569922 508
0.000570552 515
0.0005707 516
0.000571565 521
0.000573071 522
0.000576829 535
0.000578433 567
0.000578934 572
0.000579043 573
0.000580469 576
0.000580538 593
0.000580627 596
0.000581227 598
0.000582516 613
0.000587573 636
0.000588005 670
0.000589304 674
0.000589826 677
0.000589885 681
0.000591075 686
0.000591154 719
0.000592098 731
0.000592561 758
0.000593663 777
0.000596103 778
0.000596348 788
0.000596476 794
0.000596565 800
0.000597008 801
0.000597273 807
0.000597362 818
0.000598464 830
0.000603698 849
0.000603963 854
0.000604692 857
0.000714543 867
0.000714937 893
0.000716235 902
0.000716452 906
0.000719511 914
0.000719689 928
0.00072082 931
0.000721056 943
0.000721715 945
0.000723722 971
0.000725149 977
0.000752569 988
0.000752923 989
0.000753897 1000
0.000756376 1017
0.000760351 1032
0.000765811 1055
0.000796714 1059
0.00079815 1071
0.000820592 1078
0.000821399 1082
0.000822333 1085
0.000835163 1090
0.000837426 1102
0.000843132 1109
0.000851475 1129
0.000852321 1132
0.000891901 1135
0.000892019 1136
0.000892383 1143
0.000893328 1146
0.00089565 1166
0.000908105 1171
0.000914638 1185
0.000923965 1190
0.000936519 1195
0.000940503 1196
0.00094677 1201
0.000949132 1215
0.000949673 1220
2 1220
