0 -3107
1.18e-07 -2991
0.000334272 -2917
0.00033556 -2807
0.000339476 -2722
0.000369021 -2670
0.000369365 -2537
0.000370507 -2475
0.000376134 -2466
0.000377167 -2366
0.000384054 -2310
0.000385363 -2229
0.000398291 -2176
0.000398861 -2081
0.000403633 -2064
0.00040626 -1970
0.000416679 -1954
0.000424205 -1947
0.000426547 -1905
0.000427619 -1864
0.000428239 -1754
0.000430551 -1727
0.000430876 -1633
0.000431112 -1571
0.000434142 -1508
0.000434634 -1423
0.000436415 -1410
0.000437713 -1360
0.000441039 -1291
0.000443361 -1210
0.000445505 -1187
0.00044583 -1121
0.00044947 -1035
0.00045072 -989
0.000465271 -958
0.000465428 -893
0.000465576 -850
0.000465723 -784
0.000466619 -749
0.000467622 -715
0.000469039 -656
0.000469128 -607
0.000476743 -565
0.000477766 -532
0.000478543 -502
0.000479576 -463
0.000480894 -445
0.000481022 -388
0.000481327 -325
0.000532025 -311
0.000533609 -256
0.000533884 -150
0.00053783 -149
0.000537997 -121
0.000539227 -108
0.000539364 -90
0.000578767 -57
0.000579761 6
0.000602232 8
0.000605912 17
0.00063889 38
0.000639225 63
0.000642186 114
0.000642452 133
0.000647322 148
0.000649831 161
0.000654081 192
0.000677526 208
0.000679789 217
0.000690621 226
0.000691172 228
0.000716506 241
0.000723501 267
0.000730221 270
0.000732356 277
0.000751787 291
0.000755703 304
0.000767027 310
0.000780318 314
0.000781774 316
0.000793236 318
0.000794496 337
0.000808437 339
0.000810326 346
0.000826008 350
0.000896983 355
0.000900859 357
0.000940607 361
0.000946087 365
0.000986592 366
0.000986887 370
0.0010395 373
0.00104104 376
0.00116095 391
0.00116148 392
0.00116616 394
0.00117269 395
0.00118773 397
0.00120095 398
0.00120522 402
0.00184095 404
0.00195525 405
0.00197983 408
0.00202801 419
0.00205761 421
0.00216028 430
0.00232795 435
2 435
