0 -163
1.77e-07 -155
0.000827209 -135
0.000832964 -125
0.0008332 -99
0.000833604 -84
0.000835266 -69
0.000835453 -16
0.00083563 -14
0.000836417 19
0.000837116 29
0.000837332 55
0.000837716 97
0.000837893 130
0.000839339 142
0.000839467 185
0.000839979 208
0.00084113 293
0.000841337 311
0.000841514 378
0.00085695 382
0.000857806 395
0.000857924 409
0.000858534 420
0.000859292 436
0.000868835 438
0.000869337 469
0.00086978 486
0.000869976 501
0.000872682 503
0.000874414 513
0.000874699 530
0.000874866 542
0.00087585 566
0.000878369 575
0.000893254 587
0.000894189 595
0.000894819 639
0.000910413 667
0.000911269 685
0.000912105 699
0.000928988 727
0.000938974 740
0.000940528 778
0.00094103 795
0.000941512 826
0.000942722 839
0.000947454 855
0.00094771 897
0.000985893 926
0.00098668 943
0.000987438 959
0.00098854 971
0.00104658 974
0.00104882 976
0.00104971 977
0.00105357 1002
0.00105414 1028
0.00105428 1039
0.0010544 1045
0.00105473 1084
0.00106211 1109
0.0010638 1117
0.00106407 1136
0.00106419 1161
0.00106605 1165
0.00106616 1173
0.00106896 1200
0.00106922 1234
0.00107101 1237
0.00107269 1255
0.0010871 1259
0.00108811 1262
0.00108884 1265
0.00109238 1274
0.00109299 1275
0.00109322 1280
0.00109335 1285
0.00109421 1322
0.00109485 1327
0.00109859 1339
0.00110027 1352
0.00110059 1353
0.00110078 1358
0.00110088 1365
0.0011024 1380
0.00110287 1381
0.00110331 1395
0.00110369 1407
0.00110393 1416
0.00110413 1419
0.00110814 1427
0.00110916 1434
0.00111017 1453
0.0011103 1466
0.00111089 1509
0.00111125 1513
0.00111251 1528
0.00111283 1533
0.00111589 1535
0.00111801 1541
0.0011181 1545
0.00111845 1553
0.00112021 1580
0.00112074 1583
0.00112141 1591
0.00112172 1610
0.00112184 1613
0.00113553 1625
0.00114356 1635
0.00114468 1646
0.00114535 1647
0.00115459 1651
0.00115485 1669
0.00115614 1690
0.00115673 1697
0.0011582 1713
0.00115955 1731
0.00116028 1733
0.00116039 1743
0.00116104 1746
0.00116124 1750
0.00120668 1755
0.00120861 1757
0.00120894 1758
0.00120912 1759
0.00120921 1762
0.00121066 1771
0.00121319 1784
0.00121528 1791
0.00121537 1792
0.00121611 1797
0.00121868 1803
0.00122604 1806
0.00122688 1809
0.00122923 1817
0.0012299 1819
0.00123 1836
0.00123022 1843
0.00123339 1856
0.00123651 1872
0.00123684 1877
0.0012395 1878
0.00124336 1891
0.00124402 1894
0.00124508 1895
0.0012458 1904
0.00124646 1929
0.00125636 1930
0.0013143 1933
0.00131664 1941
0.00132599 1944
0.00133252 1945
0.00133482 1946
0.00134707 1948
0.00136933 1953
0.00140954 1955
0.00141324 1961
0.00149458 1963
0.00149886 1965
0.00152044 1973
2 1973
