0 -421
4.72e-07 -391
1.1177e-05 -389
0.000551505 -372
0.000551761 -366
0.000556208 -343
0.000557753 -324
0.000563085 -308
0.00056339 -307
0.000563626 -277
0.000604997 -274
0.000605823 -257
0.00060603 -176
0.000607083 -152
0.000607378 -125
0.000608539 -123
0.000609355 -116
0.00060972 -57
0.000610054 -32
0.000610448 -18
0.000611284 10
0.000611422 29
0.000611707 34
0.000612051 54
0.00061578 78
0.000624113 96
0.000649959 133
0.000658154 139
0.000658666 143
0.000659099 152
0.000662503 186
0.000663044 191
0.000666182 215
0.00066936 220
0.000669921 230
0.000670069 276
0.000670226 302
0.000671387 337
0.000671584 372
0.000672017 397
0.000672479 410
0.000674575 412
0.000674929 495
0.000675795 554
0.000697734 558
0.000698787 560
0.000699692 568
0.000702998 589
0.000703116 620
0.000716555 630
0.000716752 632
0.000718415 633
0.000718858 645
0.000718966 649
0.000719074 651
0.000719241 673
0.000719379 676
0.000719468 687
0.000719615 720
0.000719723 742
0.000720579 770
0.000721475 771
0.000721671 773
0.000722291 784
0.00072238 819
0.000723354 821
0.000723541 849
0.000723856 858
0.000724308 899
0.000724623 901
0.000730231 915
0.000730546 916
0.000730959 924
0.000731254 939
0.000732415 949
0.000732887 986
0.000734156 987
0.000735544 1011
0.000740975 1040
0.000741683 1049
0.000765079 1062
0.000765197 1090
0.000765354 1097
0.000766309 1101
0.000767745 1116
0.000768365 1123
0.000769063 1137
0.000792745 1147
0.000792872 1153
0.000794584 1157
0.000794722 1178
0.000796326 1188
0.000796424 1200
0.000799474 1207
0.000819928 1212
0.000820902 1229
0.000821463 1239
0.000823077 1247
0.000823736 1253
0.000824149 1268
0.000824542 1273
0.000827051 1274
0.000831429 1275
0.000831508 1279
0.0008375 1293
0.000844849 1318
0.000844977 1319
0.000845075 1322
0.000845449 1325
0.000855209 1347
0.000855435 1383
0.00085576 1385
0.000855858 1397
0.000865835 1403
0.000866789 1410
0.000870006 1413
0.000883888 1415
0.000885325 1432
0.000885423 1434
0.000886033 1457
0.000886476 1471
0.000886712 1474
0.00088745 1478
0.000887755 1483
0.000888532 1492
0.000888847 1505
0.000888955 1508
0.000904441 1513
0.000905818 1519
0.000906202 1522
0.000909084 1523
0.000911524 1529
0.000914151 1533
0.000915863 1559
0.000916237 1568
0.000918254 1577
0.000920005 1584
0.000922199 1585
0.000925023 1596
0.0009252 1607
0.000925849 1617
0.000926489 1626
0.000926774 1638
0.000927404 1639
0.0009477 1644
0.000948694 1646
0.000951242 1652
0.000952856 1658
0.000957549 1660
0.000959556 1662
0.000959969 1671
0.000963954 1672
0.000967633 1673
0.000968617 1675
0.000975406 1677
0.000976281 1681
0.000980964 1682
0.000990852 1684
0.000992584 1685
0.000995614 1687
0.000996647 1689
0.000999962 1691
0.00100189 1692
0.00102319 1695
0.00102627 1696
0.0010282 1703
0.00103055 1705
0.00105404 1707
0.00105696 1715
0.00106438 1717
0.00106507 1719
0.00107156 1726
0.001073 1728
0.00107839 1730
0.00112493 1734
0.00114034 1735
0.00114055 1741
0.00130645 1742
2 1742
