743 0.00858249
779 0.00916605
811 0.0101388
758 0.0101548
684 0.0090085
720 0.0088835
737 0.00869203
660 0.0092826
735 0.00871513
668 0.00871853
368 0.0109295
385 0.0117891
396 0.0148297
429 0.0102915
409 0.0107421
403 0.010436
435 0.0114979
410 0.0105311
415 0.0102922
399 0.0099
1250 0.0174619
1132 0.0200071
1148 0.0264076
1144 0.0209024
1193 0.0176853
1261 0.0218165
1197 0.0187886
1203 0.0278402
1246 0.0152286
1119 0.0220998
1102 0.0192048
1126 0.0181234
1082 0.0352226
1147 0.0176806
1107 0.0347606
1179 0.0272743
1077 0.0305502
1099 0.0232725
1102 0.017733
1059 0.0236024
