0 -46703
4.7e-08 -46109
1.0953e-05 -45570
2.0568e-05 -45050
3.1408e-05 -44531
4.1626e-05 -44019
5.659e-05 -43533
7.5548e-05 -43053
8.9533e-05 -42577
0.000108283 -42114
0.000132392 -41659
0.0001494 -41210
0.00016411 -40762
0.000179677 -40316
0.000194133 -39873
0.000212027 -39430
0.000226935 -38991
0.000241409 -38553
0.00025789 -38117
0.000272647 -37682
0.000288572 -37248
0.000303179 -36816
0.000318219 -36388
0.000333607 -35960
0.000347715 -35534
0.000362651 -35111
0.000378802 -34688
0.000394435 -34285
0.00041182 -33885
0.000427472 -33488
0.000442445 -33094
0.000457834 -32700
0.000473391 -32306
0.000489166 -31915
0.000505081 -31525
0.000520837 -31135
0.000536178 -30753
0.000552141 -30372
0.00056751 -29993
0.000581279 -29621
0.000596422 -29249
0.00061279 -28881
0.000628894 -28513
0.000645836 -28147
0.000662543 -27786
0.000679118 -27426
0.000696483 -27069
0.000711834 -26714
0.000728145 -26360
0.000745803 -26006
0.000762077 -25655
0.000777898 -25304
0.000793267 -24953
0.000808514 -24606
0.000824157 -24259
0.000839272 -23913
0.000855969 -23569
0.000872422 -23226
0.000900091 -22887
0.00093744 -22549
0.000958507 -22212
0.000976749 -21880
0.000993974 -21553
0.00101054 -21227
0.00102749 -20902
0.00104493 -20577
0.00106188 -20256
0.00107853 -19938
0.00109575 -19621
0.00111315 -19304
0.00113057 -18988
0.00115173 -18673
0.00116828 -18359
0.00118613 -18045
0.00120287 -17731
0.00122262 -17417
0.00123972 -17104
0.0012586 -16793
0.00127673 -16488
0.00129136 -16184
0.00130798 -15884
0.00132659 -15589
0.00134332 -15298
0.00135908 -15008
0.00137586 -14721
0.00139394 -14435
0.00141162 -14150
0.00143002 -13867
0.00144935 -13584
0.00146826 -13302
0.0014872 -13025
0.00150483 -12750
0.00152132 -12477
0.00153919 -12205
0.00155818 -11935
0.00157635 -11670
0.00159346 -11407
0.00161261 -11150
0.00163252 -10893
0.00165219 -10639
0.00168836 -10387
0.00171254 -10136
0.00173605 -9889
0.00175995 -9642
0.00178072 -9397
0.00180402 -9155
0.00182581 -8917
0.00185006 -8680
0.00187466 -8451
0.00189599 -8223
0.00191815 -7996
0.00194001 -7771
0.00196078 -7547
0.00198698 -7324
0.00201845 -7103
0.0020418 -6883
0.00206495 -6674
0.00209249 -6466
0.0021248 -6258
0.00214923 -6051
0.00217102 -5852
0.00219394 -5655
0.00222147 -5460
0.00225592 -5271
0.00228352 -5085
0.00231223 -4900
0.0023393 -4718
0.00237083 -4537
0.00239953 -4358
0.00243206 -4181
0.00246333 -4012
0.00248902 -3845
0.00251877 -3684
0.00255403 -3526
0.00258565 -3371
0.00261323 -3225
0.00264544 -3082
0.00267842 -2940
0.00271648 -2800
0.00274908 -2660
0.00278122 -2522
0.00281731 -2387
0.00285692 -2254
0.00289537 -2124
0.00293401 -1996
0.00297634 -1873
0.00301469 -1752
0.00306058 -1631
0.00310214 -1511
0.00314133 -1393
0.00318062 -1280
0.00321894 -1170
0.00325517 -1062
0.00329173 -958
0.00333076 -855
0.00337354 -764
0.0034119 -676
0.00345228 -589
0.00349172 -503
0.00352978 -423
0.00357939 -349
0.00362097 -284
0.00365761 -219
0.00369394 -165
0.00373184 -111
0.00376614 -62
0.00380052 -14
0.0038342 33
0.00386675 74
0.00389857 113
0.00392896 149
0.00396498 179
0.00399828 206
0.00402993 231
0.00406213 254
0.00409309 273
0.00412074 289
0.00415068 304
0.00417779 316
0.00420334 327
0.00422973 338
0.00425979 345
0.00428634 359
0.00431427 364
0.00433608 369
0.00436594 373
0.00439115 385
0.0044165 392
0.00444268 394
0.00447166 409
0.00455872 411
0.00458635 418
0.00470542 421
0.00518791 432
0.0052173 440
0.00524798 443
0.00533583 455
0.00536047 460
0.00538151 469
0.00540874 472
0.00544619 475
0.00549223 476
0.00564188 477
0.00567352 478
0.00648396 479
0.00723151 487
0.00726097 494
0.00741115 495
0.00892519 497
0.00895152 504
0.00903032 509
0.0115251 510
0.0115509 512
0.0120229 513
0.0121275 517
0.0139667 523
0.0139935 530
0.0140221 531
0.0141583 532
2 532
