0 -1086
5.6e-08 -956
4.699e-06 -832
9.398e-06 -719
1.761e-05 -613
2.7724e-05 -508
3.4486e-05 -412
3.9016e-05 -330
4.3291e-05 -251
4.719e-05 -175
5.122e-05 -111
5.5411e-05 -48
6.0044e-05 14
6.4602e-05 74
6.8652e-05 132
7.2805e-05 190
7.6863e-05 244
8.0743e-05 297
8.4727e-05 341
8.8757e-05 383
9.3014e-05 424
9.7327e-05 460
0.000100859 494
0.000104654 525
0.000108854 555
0.000112941 583
0.000116953 611
0.000120851 638
0.00012426 663
0.000128093 687
0.000132755 709
0.000136305 730
0.000139676 748
0.000143603 766
0.000147314 784
0.000150572 803
0.000154509 820
0.000158558 836
0.000162193 852
0.000166035 866
0.000170292 879
0.000174454 890
0.000177044 899
0.000179606 906
0.000182685 920
0.000187375 927
0.000189183 932
0.000190369 937
0.000192507 943
0.000194626 947
0.000195822 948
0.000198685 961
0.000205098 966
0.00020749 967
0.000225581 968
0.000227181 973
0.000229941 974
0.000280361 976
0.000281971 977
0.000310665 982
0.000311729 989
0.000313302 991
0.000315525 993
0.000318924 995
0.000464788 996
0.000471097 1002
0.000492088 1003
0.000493096 1004
0.000568905 1006
0.000569865 1007
2 1007
