0 -187921
4.7e-08 -186804
1.4333e-05 -185715
2.8449e-05 -184670
4.3046e-05 -183633
7.0836e-05 -182599
9.987e-05 -181582
0.000139582 -180566
0.000183853 -179567
0.00022543 -178572
0.000280662 -177590
0.000327692 -176612
0.000372875 -175642
0.000416967 -174674
0.000459684 -173722
0.000501025 -172771
0.000541482 -171822
0.000582023 -170874
0.00062215 -169930
0.000662738 -168992
0.000706914 -168057
0.000746712 -167126
0.000786556 -166196
0.000826937 -165267
0.000866951 -164339
0.000910336 -163414
0.000950171 -162492
0.000990063 -161571
0.00102973 -160654
0.00106988 -159739
0.00110994 -158831
0.00114978 -157925
0.00118949 -157019
0.00122915 -156115
0.0012692 -155214
0.00130912 -154315
0.00134905 -153419
0.00138919 -152526
0.00142924 -151635
0.00146988 -150747
0.00151411 -149861
0.00155402 -148977
0.00159524 -148094
0.00163851 -147213
0.00167738 -146333
0.00172318 -145456
0.00176264 -144583
0.00180152 -143710
0.001842 -142839
0.00188114 -141968
0.0019201 -141098
0.0019592 -140228
0.00199869 -139360
0.00203783 -138492
0.00207647 -137625
0.00211469 -136759
0.00216554 -135894
0.00220534 -135031
0.002245 -134169
0.00228394 -133308
0.0023231 -132450
0.00236178 -131595
0.00240012 -130740
0.00243847 -129889
0.00247661 -129040
0.00251651 -128191
0.00255514 -127343
0.0025978 -126496
0.00263629 -125650
0.00267456 -124805
0.00271299 -123962
0.00275654 -123120
0.00279536 -122279
0.00283467 -121438
0.00287459 -120599
0.00291384 -119763
0.00295325 -118928
0.00299237 -118094
0.00303194 -117260
0.00307136 -116427
0.00311067 -115595
0.00315014 -114765
0.00318961 -113936
0.00322961 -113107
0.00326898 -112280
0.00332224 -111454
0.0033645 -110629
0.00340528 -109806
0.00344601 -108984
0.0034855 -108162
0.00352899 -107340
0.00356755 -106518
0.00360826 -105698
0.00364896 -104879
0.00368958 -104061
0.00372992 -103243
0.00376959 -102431
0.0038088 -101620
0.00384831 -100809
0.00388886 -99999
0.00392886 -99189
0.00396863 -98380
0.00400829 -97576
0.00406094 -96772
0.00410117 -95969
0.00414041 -95168
0.00417936 -94368
0.00421769 -93568
0.00425527 -92769
0.00429486 -91970
0.00433405 -91173
0.00437275 -90378
0.00441105 -89583
0.00445049 -88792
0.00448986 -88005
0.00453031 -87218
0.00457042 -86432
0.00461178 -85646
0.00465346 -84861
0.00469414 -84076
0.00475357 -83292
0.0047968 -82509
0.00483975 -81728
0.00488246 -80953
0.00492582 -80179
0.00496843 -79406
0.00501048 -78633
0.00505155 -77860
0.00509247 -77090
0.00513694 -76320
0.00517721 -75550
0.00521788 -74782
0.00525799 -74015
0.00529852 -73249
0.0053406 -72485
0.00538041 -71721
0.00542267 -70957
0.00546031 -70194
0.00550175 -69434
0.00553976 -68676
0.00557735 -67919
0.00561754 -67162
0.00566019 -66409
0.00570127 -65660
0.00576484 -64912
0.00580859 -64164
0.00585964 -63418
0.00591334 -62674
0.00595956 -61932
0.00600182 -61193
0.00604277 -60456
0.00608344 -59720
0.00612602 -58984
0.00616723 -58251
0.0062091 -57520
0.0062509 -56789
0.00629503 -56065
0.00634169 -55344
0.00638428 -54623
0.0064283 -53904
0.00647235 -53188
0.00651852 -52472
0.0065626 -51761
0.00660792 -51051
0.00665381 -50344
0.00670095 -49638
0.00674954 -48934
0.00679818 -48231
0.00684808 -47534
0.00689688 -46840
0.00694817 -46149
0.00699807 -45460
0.00704964 -44772
0.0070983 -44084
0.00714885 -43400
0.00719854 -42717
0.00724904 -42036
0.00730173 -41356
0.00735269 -40678
0.00745119 -40002
0.00750268 -39326
0.00755114 -38652
0.00760124 -37978
0.00764926 -37305
0.00769884 -36632
0.00774811 -35960
0.00780889 -35290
0.00786585 -34630
0.00792006 -33975
0.00797498 -33323
0.00803364 -32672
0.00809333 -32021
0.00815411 -31371
0.00821414 -30722
0.00827181 -30074
0.00833028 -29427
0.00838771 -28783
0.00844845 -28140
0.00850517 -27507
0.00856308 -26879
0.0086222 -26253
0.00868705 -25638
0.00875397 -25031
0.00882048 -24432
0.00888892 -23836
0.00895926 -23241
0.00903083 -22650
0.00910363 -22060
0.00917758 -21470
0.00925212 -20881
0.0093259 -20308
0.00940157 -19740
0.00947784 -19176
0.00956004 -18617
0.00964052 -18061
0.00976547 -17506
0.00986012 -16957
0.00994373 -16421
0.0100293 -15889
0.0101138 -15358
0.010198 -14828
0.0102864 -14315
0.0103745 -13804
0.0104617 -13299
0.0105569 -12810
0.0106507 -12324
0.0107504 -11840
0.0108475 -11359
0.0109512 -10887
0.0110557 -10416
0.0111561 -9952
0.0112621 -9492
0.0113743 -9055
0.0114915 -8619
0.0116294 -8196
0.0117703 -7784
0.0119172 -7375
0.0120748 -6968
0.0122323 -6569
0.0123904 -6183
0.0125524 -5816
0.0127169 -5449
0.0128852 -5095
0.0130578 -4748
0.0132375 -4415
0.0134234 -4089
0.013636 -3772
0.0138609 -3465
0.0140676 -3163
0.0142747 -2880
0.0144822 -2598
0.0146882 -2335
0.0148981 -2086
0.015109 -1847
0.0153188 -1623
0.0155413 -1415
0.0157528 -1221
0.0159778 -1039
0.0161777 -871
0.0163707 -704
0.016557 -563
0.0167364 -437
0.0169078 -316
0.0170696 -206
0.01723 -113
0.017381 -49
0.0175241 6
0.0176501 49
0.0177731 85
0.01788 98
0.0179883 100
0.0182756 106
0.0183792 111
0.0185688 117
0.0305668 125
0.0307675 128
0.032096 129
0.0322889 132
0.0582343 135
0.0960628 145
0.0961732 153
2 153
