0 -10451
6.6e-08 -10065
4.021e-06 -9716
8.41e-06 -9381
1.1649e-05 -9049
1.8637e-05 -8736
3.0418e-05 -8423
3.8253e-05 -8131
4.3649e-05 -7845
4.9375e-05 -7578
5.4611e-05 -7312
5.9941e-05 -7052
6.5497e-05 -6801
7.1411e-05 -6555
7.7381e-05 -6309
8.3192e-05 -6068
8.9643e-05 -5827
9.5142e-05 -5588
0.000100821 -5357
0.000108016 -5130
0.000113836 -4913
0.000121181 -4699
0.000127312 -4488
0.00013444 -4280
0.000162165 -4076
0.000175227 -3878
0.000183448 -3685
0.000191368 -3500
0.000198214 -3319
0.000205936 -3149
0.00021347 -2981
0.000219845 -2815
0.000227822 -2650
0.000234762 -2488
0.000244057 -2333
0.000252081 -2189
0.000260745 -2045
0.000269164 -1907
0.000276952 -1769
0.000284523 -1642
0.00029088 -1519
0.000301088 -1397
0.000308725 -1276
0.00031819 -1155
0.00032805 -1040
0.000339228 -929
0.000350698 -829
0.000363571 -730
0.000392501 -639
0.000407079 -551
0.000418191 -465
0.000428136 -386
0.000441829 -307
0.000453647 -230
0.000463102 -156
0.000474864 -84
0.000484809 -25
0.000494377 21
0.000505819 63
0.000515236 104
0.000526932 143
0.000539749 161
0.000551963 177
0.000564498 193
0.000575403 203
0.000586647 216
0.000598221 223
0.000610341 236
0.000622517 242
0.000633705 247
0.000642906 254
0.000654008 258
0.000663774 261
0.000675404 271
0.000712273 275
0.000724318 277
0.00073446 283
0.000777977 285
0.000808357 288
0.000832277 291
0.000876331 293
0.000889327 294
0.00196943 300
0.00201054 304
2 304
