0 -6573
4.7e-08 -6331
1.3005e-05 -6096
2.5671e-05 -5871
3.9345e-05 -5652
7.0195e-05 -5452
9.9981e-05 -5261
0.000121856 -5080
0.000136697 -4904
0.000149071 -4730
0.000164402 -4561
0.00019416 -4396
0.000231479 -4237
0.000252272 -4081
0.000266238 -3927
0.000281644 -3775
0.000296815 -3623
0.000307654 -3471
0.000320376 -3324
0.0003329 -3182
0.00034599 -3049
0.00035924 -2917
0.000371331 -2789
0.000383479 -2666
0.000396088 -2544
0.000408133 -2424
0.000421684 -2315
0.000436619 -2206
0.000449907 -2098
0.000463778 -1991
0.000476076 -1890
0.000486746 -1790
0.000497952 -1691
0.000513104 -1595
0.000527512 -1500
0.000540536 -1410
0.000551685 -1320
0.000565189 -1234
0.00057924 -1152
0.000590691 -1070
0.000602236 -989
0.000613847 -910
0.000623528 -832
0.000635751 -754
0.000646307 -677
0.000659275 -603
0.000671027 -529
0.000681725 -457
0.000696698 -387
0.000709627 -317
0.000721285 -249
0.000731004 -186
0.000742728 -123
0.000754923 -66
0.000764444 -10
0.000776074 45
0.000787364 97
0.000796056 143
0.000808044 189
0.000819053 231
0.000828102 272
0.000837171 312
0.000848424 352
0.000860261 390
0.000874208 427
0.000884896 462
0.000896894 497
0.000906725 528
0.000915812 558
0.000925954 588
0.000938225 614
0.000949958 640
0.000961127 665
0.000972889 687
0.000984057 709
0.00100065 731
0.0010123 750
0.00102386 763
0.00103593 774
0.00104755 784
0.00105794 801
0.00106792 810
0.00108004 823
0.00109184 834
0.00110118 843
0.00111166 851
0.00112233 868
0.00113302 875
0.00114291 888
0.00115592 898
0.0011676 905
0.00117944 916
0.00119075 931
0.00120359 937
0.00121223 945
0.00122332 951
0.00123305 957
0.0012428 961
0.00125416 964
0.00126467 970
0.00127588 977
0.00128972 980
0.00130183 986
0.00131216 997
0.00132304 1003
0.00133388 1009
0.00134489 1011
0.00135491 1013
0.00139715 1014
0.00140959 1015
0.00143056 1016
0.00144206 1020
0.00145404 1022
0.00146447 1023
0.00147497 1025
0.00163396 1030
0.00164677 1032
0.00168912 1046
0.00170275 1050
0.00171298 1058
0.00172118 1060
0.00174194 1062
0.00176164 1071
0.00177436 1076
0.00178782 1077
0.00180814 1081
0.00185472 1089
0.00186327 1090
0.00196444 1091
0.00198269 1097
0.00199591 1098
0.00200947 1099
0.00202584 1100
0.00203649 1101
0.00207852 1102
0.00209539 1105
0.00210603 1108
0.00212574 1110
0.00216008 1111
0.00217659 1112
0.00226154 1113
0.00227792 1115
0.00239439 1119
0.00239946 1126
0.0024131 1128
0.00259235 1129
0.00261062 1133
0.00265744 1136
0.00266606 1140
0.00267917 1141
0.00269744 1147
0.00271743 1150
0.0027258 1154
0.0027446 1155
2 1155
