0 -6760
6.6e-08 -6518
1.2939e-05 -6280
2.3411e-05 -6053
3.6651e-05 -5838
5.6144e-05 -5625
7.3877e-05 -5424
9.3671e-05 -5228
0.000116055 -5049
0.0001318 -4875
0.000145399 -4704
0.00017462 -4538
0.000200949 -4375
0.000214133 -4219
0.000226884 -4064
0.000239729 -3913
0.000252592 -3765
0.000263959 -3618
0.000275306 -3474
0.000288923 -3339
0.000300732 -3205
0.00031482 -3076
0.000326007 -2948
0.000360134 -2821
0.000382895 -2697
0.000397209 -2575
0.00040736 -2454
0.000421307 -2333
0.000433248 -2217
0.000445885 -2102
0.000459907 -1991
0.000470935 -1881
0.000484985 -1778
0.000498121 -1676
0.000510721 -1575
0.000521994 -1475
0.00053432 -1377
0.000546374 -1280
0.000556582 -1185
0.000570482 -1092
0.000588129 -1000
0.000604628 -911
0.000627407 -823
0.000640977 -745
0.000652786 -672
0.000664284 -599
0.000677383 -528
0.000689239 -464
0.000701557 -401
0.000712198 -339
0.000725702 -279
0.000737605 -219
0.000749414 -161
0.000760799 -103
0.000773408 -51
0.000787204 1
0.000799889 52
0.000829317 101
0.000842454 149
0.000853086 191
0.000863727 232
0.000874311 273
0.000884086 309
0.00089437 344
0.000905416 378
0.000918882 411
0.000930305 443
0.000943093 475
0.000953442 506
0.000963048 537
0.000975092 568
0.000988059 598
0.000999416 624
0.00100988 645
0.00102062 665
0.00103062 685
0.00103993 703
0.00105111 724
0.00106219 740
0.00107604 756
0.00108742 771
0.00109947 786
0.00111004 800
0.00112193 812
0.00113158 824
0.00114083 844
0.0011526 855
0.00116249 870
0.00117264 880
0.00118293 890
0.00119413 908
0.00120602 917
0.00121724 924
0.0012283 930
0.00123982 945
0.00125225 958
0.00126182 965
0.00127283 971
0.00128288 976
0.00129215 986
0.00130053 999
0.00131132 1007
0.00132162 1014
0.00133478 1039
0.00134758 1053
0.00135913 1061
0.00137264 1065
0.00138393 1069
0.00139539 1072
0.001406 1074
0.00141713 1082
0.00142997 1087
0.00143958 1089
0.00144783 1100
0.00145996 1108
0.00147197 1113
0.00148602 1115
0.00150421 1128
0.00152329 1131
0.00155105 1133
0.00155861 1135
0.00161452 1142
0.00163233 1145
0.00163805 1148
0.00164315 1149
0.0016876 1151
0.00170369 1155
0.00170559 1158
0.00183911 1160
0.00185432 1164
0.00186116 1166
0.00187139 1169
0.00188145 1173
0.00188337 1180
0.00189949 1182
0.0027857 1185
0.00303104 1189
0.00303797 1191
0.00304184 1196
0.00337246 1197
0.00339399 1199
2 1199
