0 -696
2.36e-07 -612
0.000427416 -604
0.000427689 -561
0.000427906 -510
0.000463586 -452
0.000468902 -421
0.000469195 -369
0.000469308 -364
0.000480186 -322
0.000480299 -247
0.000509051 -231
0.000518939 -227
0.000519382 -205
0.000519882 -191
0.000521221 -161
0.000521428 -104
0.000522163 -84
0.000522295 -76
0.000522691 -54
0.000523172 -51
0.000523483 -42
0.000524633 -40
0.000525095 -2
0.000527593 -1
0.000528734 38
0.000529997 63
0.000530261 67
0.000530732 72
0.000530789 87
0.000597831 88
0.000597926 93
0.000601187 120
0.000602262 130
0.000603195 137
0.000604496 174
0.000604977 193
0.000610086 195
0.000611283 206
0.000612132 207
0.000612301 228
0.000617345 229
0.000619824 264
0.000622784 265
0.000624273 276
0.000624594 291
0.000624886 295
0.000625244 298
0.00062597 301
0.000626159 309
0.0006268 335
0.000635104 340
0.000645653 345
0.000646794 355
0.000647501 363
0.000647915 383
0.00064882 386
0.00065984 388
0.000661999 397
0.000664874 426
0.000665345 434
0.000672302 448
0.000673792 467
0.00068615 474
0.000690137 475
0.000702402 492
0.000702496 527
0.000704843 528
0.00071492 533
0.000718663 536
0.000727401 539
0.000728975 545
0.00073565 557
0.000736686 567
0.000739731 570
0.000741843 584
0.000741994 586
0.000748385 590
0.000756624 594
0.00076523 607
0.000787949 616
0.00079894 631
0.00080026 636
0.000807198 639
0.000807999 644
0.00081161 646
0.000812128 653
0.000812986 656
0.000891774 668
2 668
