0 -2842
2e-07 -2813
6.919e-06 -2692
7.348e-06 -2630
0.00047049 -2620
0.000470654 -2580
0.00047227 -2519
0.000473137 -2495
0.000477902 -2482
0.000478276 -2398
0.000478495 -2368
0.000482192 -2299
0.000484255 -2209
0.000484912 -2170
0.00048577 -2084
0.000486236 -2023
0.000486427 -1974
0.000486738 -1907
0.000487085 -1845
0.000511118 -1841
0.000524381 -1775
0.000524509 -1749
0.000524664 -1708
0.000525522 -1681
0.000527412 -1638
0.000529228 -1637
0.000530022 -1570
0.000531474 -1443
0.000531976 -1408
0.000533089 -1397
0.000533966 -1346
0.000537197 -1283
0.000537754 -1246
0.000538584 -1219
0.0005402 -1214
0.000540821 -1200
0.000541341 -1150
0.000542144 -1096
0.000543632 -1040
0.000545412 -985
0.000545585 -950
0.000546845 -919
0.000547247 -873
0.000549611 -854
0.000549793 -851
0.00055025 -791
0.000550478 -739
0.00055297 -715
0.000553417 -680
0.000563321 -656
0.00056396 -648
0.000564407 -631
0.000566543 -578
0.00058018 -542
0.000599404 -519
0.00060038 -450
0.000600965 -413
0.000601722 -337
0.000602069 -334
0.000603009 -310
0.000603174 -275
0.000603584 -266
0.000605218 -253
0.000605602 -213
0.000610677 -205
0.000611106 -197
0.000612731 -182
0.000612813 -174
0.000614282 -155
0.000617276 -101
0.0006254 -96
0.000625993 -63
0.000626295 -51
0.000627198 -32
0.000627399 -17
0.000629307 10
0.000629407 35
0.000630274 37
0.000632045 86
0.000632967 93
0.000633205 122
0.000635715 129
0.000636408 151
0.000637787 184
0.000638846 202
0.00067439 203
0.000676297 204
0.000680578 235
0.000687826 244
0.000688931 275
0.000690893 297
0.000691386 368
0.000693933 398
0.000694471 435
0.000696507 454
0.000696662 464
0.000696835 489
0.000697273 491
0.000697465 505
0.0006994 520
0.000699482 523
0.000704393 528
0.00070987 537
0.00071186 547
0.000712827 549
0.000716278 615
0.000716378 621
0.000718332 629
0.000720659 633
0.000720833 659
0.000725817 686
0.000725981 691
0.000726738 699
0.000727085 720
0.000728938 757
0.000730289 759
0.000733073 815
0.000735319 821
0.000735839 824
0.000740896 826
0.000744812 841
0.000756003 848
0.000756496 849
0.000757363 850
0.000763205 851
0.000765487 858
0.000765989 870
0.000769028 873
0.000769402 877
0.000770315 887
0.000770899 895
0.00077717 907
0.000778978 908
0.000781862 916
0.000791255 920
0.000792241 921
0.000794778 932
0.000804198 934
0.000820327 948
0.000822436 955
0.000822527 956
0.000827045 957
0.000829355 963
0.00083233 984
0.000845475 996
0.000853087 997
0.000854329 998
0.000858418 1000
0.000858692 1002
0.00085924 1009
0.000861868 1011
0.000865228 1017
0.000865501 1021
0.000871535 1024
0.000876181 1025
0.000882543 1027
0.000882735 1029
0.000897604 1037
0.000909215 1055
0.000910922 1085
0.000911451 1089
0.000911607 1093
0.000916234 1094
0.000921739 1102
0.000934326 1107
0.00093575 1109
0.000936581 1118
0.000940323 1120
0.000954398 1122
0.000955156 1143
0.000966018 1147
0.000978113 1149
0.000979363 1162
0.000981873 1166
0.000984438 1177
0.00101776 1178
0.00103432 1186
0.0010354 1191
0.0010767 1195
0.00108574 1213
0.00108633 1216
0.00108705 1222
0.00108924 1223
0.0011212 1230
0.00113796 1233
0.00113914 1242
0.00114329 1243
0.00114723 1247
0.00116116 1251
0.00116276 1253
0.00118753 1257
0.00119901 1262
0.00121728 1263
0.00122022 1264
0.00122395 1268
0.00124129 1274
0.00124138 1275
0.00124252 1279
0.00125113 1283
0.00127005 1294
0.00127727 1299
0.00129042 1301
0.00129276 1307
0.00130139 1314
0.00131334 1317
0.0015078 1321
0.00153126 1331
2 1331
