0 -2372
1.92e-07 -2285
4.75e-07 -2265
0.000480276 -2222
0.000480513 -2196
0.000482741 -2078
0.000486702 -2040
0.000505679 -2019
0.000505926 -1985
0.000506966 -1910
0.000507322 -1852
0.000508655 -1803
0.000510088 -1752
0.000517354 -1723
0.000517682 -1722
0.000527677 -1684
0.000529457 -1613
0.000530443 -1578
0.000530918 -1534
0.000547047 -1486
0.000547266 -1478
0.000574705 -1420
0.000575134 -1308
0.000575773 -1256
0.000579579 -1243
0.000580063 -1240
0.000580355 -1215
0.000581222 -1202
0.000582326 -1199
0.000592878 -1174
0.000593818 -1151
0.000598373 -1074
0.00059914 -1033
0.000599788 -1017
0.000600391 -1013
0.000600491 -988
0.000601586 -959
0.000603385 -887
0.000603503 -831
0.000604334 -786
0.000604891 -691
0.000606242 -671
0.000606543 -614
0.000607154 -572
0.000607255 -508
0.000607593 -450
0.000607821 -440
0.000608533 -341
0.000608752 -322
0.000609226 -307
0.000610769 -281
0.000618217 -273
0.000618966 -236
0.000619641 -226
0.000626414 -195
0.000628669 -183
0.000629792 -164
0.000630376 -141
0.000631051 -126
0.000631882 -93
0.000634082 -65
0.000634365 -30
0.000634657 -18
0.000636254 -13
0.000644013 -5
0.00064436 29
0.000644552 49
0.000644634 70
0.000648221 96
0.000648887 108
0.000651471 115
0.000651671 131
0.000655405 137
0.000655697 144
0.000655907 166
0.000656829 174
0.000657267 206
0.000658645 231
0.000658919 252
0.000661785 270
0.000665117 293
0.000668832 357
0.000670329 386
0.000684486 388
0.000685317 413
0.000685792 416
0.000686065 426
0.00068916 429
0.00068958 459
0.000690556 461
0.000691907 472
0.000692674 491
0.000696608 498
0.000697786 510
0.000699045 518
0.00070015 532
0.000701546 543
0.000703235 546
0.000705544 602
0.000707124 603
0.000709524 611
0.00071281 633
0.000715302 634
0.000718022 639
0.000719245 646
0.000719519 651
0.000723234 705
0.000724804 735
0.00072495 741
0.000725909 744
0.000726931 750
0.00073406 760
0.000734489 768
0.000735174 786
0.000735895 791
0.000737346 819
0.000738368 821
0.000738661 823
0.000739044 837
0.000741563 845
0.000748044 876
0.000750682 886
0.000750746 889
0.000752234 892
0.000754187 899
0.00075458 901
0.000755529 903
0.000756241 907
0.000758313 911
0.000759326 916
0.000763598 925
0.000765743 955
0.000771676 956
0.000772078 961
0.00077227 964
0.000776825 967
0.000780439 1007
0.000786235 1020
0.000788107 1022
0.000789138 1049
0.000790279 1058
0.000794323 1060
0.000795455 1088
0.000797864 1094
0.000805897 1100
0.000809101 1105
0.00081393 1112
0.000816157 1114
0.000821634 1120
0.00083277 1125
0.000837251 1126
0.000837534 1137
0.000837607 1142
0.000838894 1158
0.000841286 1166
0.000842938 1171
0.000845905 1185
0.000846279 1188
0.000853892 1219
0.000867337 1221
0.000869199 1225
0.000870039 1241
0.000870432 1242
0.000883083 1245
0.000888715 1256
0.000890504 1257
0.00089839 1262
0.000898673 1263
0.000901713 1266
0.000923985 1283
0.000937586 1297
0.000961565 1299
0.000980332 1305
0.000986064 1313
0.000986685 1318
0.00101602 1323
0.00102293 1327
0.00103944 1328
0.00104633 1332
0.00105502 1334
0.00106933 1347
0.00107372 1348
0.00107526 1365
0.00108817 1370
0.00111059 1380
0.0011564 1385
0.00116231 1390
2 1390
