0 -4831
1.44e-07 -4668
9.519e-06 -4600
0.000435896 -4575
0.000437747 -4493
0.000439978 -4410
0.000441531 -4382
0.000443076 -4349
0.000444864 -4238
0.000445099 -4138
0.000456389 -4047
0.000462684 -3993
0.000463135 -3855
0.0004657 -3768
0.000473206 -3704
0.00047466 -3580
0.00047932 -3458
0.000479672 -3358
0.000480268 -3283
0.000481433 -3254
0.000481795 -3091
0.000484296 -3066
0.000492136 -2974
0.000493744 -2887
0.000495414 -2870
0.000496905 -2812
0.000499578 -2750
0.000501764 -2661
0.000503344 -2625
0.000503507 -2534
0.000504645 -2438
0.000505837 -2284
0.00051029 -2263
0.000513008 -2135
0.000513306 -2035
0.000514634 -1865
0.000514905 -1827
0.000516133 -1777
0.000517298 -1729
0.000517551 -1667
0.000518518 -1603
0.000520161 -1527
0.000520559 -1402
0.000521037 -1370
0.000534964 -1290
0.000535109 -1178
0.000537592 -1154
0.000537737 -1077
0.000538243 -987
0.000539263 -946
0.00054247 -873
0.000547311 -866
0.000548972 -822
0.000550815 -758
0.000551203 -725
0.000554319 -706
0.000561364 -674
0.000563333 -657
0.000563739 -648
0.000565356 -642
0.00057296 -593
0.00058425 -592
0.000596172 -572
0.000597509 -517
0.000600326 -473
0.000603388 -425
0.000606703 -334
0.000609205 -245
0.000609792 -243
0.000612935 -191
0.000622364 -183
0.000623222 -66
0.000623484 -64
0.000624306 -49
0.000626681 -21
0.000632533 16
0.000635532 55
0.000637528 80
0.000638269 97
0.000676762 148
0.000678478 150
0.000681837 194
0.000682479 203
0.000721703 221
0.000724548 224
0.000724991 254
0.000726102 257
0.000730067 288
0.000730365 292
0.000732379 319
0.000734772 323
0.000736109 330
0.00074113 334
0.000741447 371
0.000742874 393
0.000753441 402
0.000757812 407
0.000764026 414
0.000766916 424
0.000767124 431
0.000768659 442
0.000770492 445
0.000788167 448
0.000791925 462
0.000793577 476
0.00079663 484
0.000798572 486
0.000802663 487
0.000804325 496
0.000811614 513
0.000821061 516
0.000822732 522
0.000828783 523
0.000830923 527
0.000833118 529
0.00083581 542
0.000839088 558
0.000840452 562
0.000857413 563
0.000863266 569
0.000863365 575
0.000874853 579
0.000886613 581
0.000894055 588
0.000897758 600
0.000905083 604
0.000911206 627
0.000911576 628
0.000917022 643
0.000919127 645
0.000936847 663
0.000940162 664
0.000961278 665
0.000963337 671
0.000982258 694
0.00100121 698
0.0010219 709
0.00104152 712
0.00107696 720
0.00109244 721
0.00109626 724
0.00112814 731
0.00113242 739
2 739
