0 -124
6.6e-08 -86
4.17e-07 -67
0.000380218 -7
0.000424038 33
0.000429945 71
0.00043353 88
0.000440708 107
0.000440813 113
0.000477359 120
0.000484907 123
0.000485315 140
0.000485523 150
0.000485817 162
0.000485903 178
0.000487306 189
0.000487752 200
0.000488492 219
0.000488643 266
0.000514872 273
0.00053142 286
0.000531818 291
0.00056147 294
0.000561594 312
0.000571105 314
0.000572679 360
0.000576557 383
0.000583214 430
0.000583318 467
0.000583821 476
0.000584314 499
0.000585253 518
0.000586154 538
0.000591843 549
0.000598292 550
0.000598481 560
0.000598661 571
0.000631898 586
0.000635786 612
0.000647772 626
0.000648759 627
0.000650949 628
0.000651053 644
0.000651186 661
0.000651556 663
0.000652277 674
0.000652495 691
0.00065386 695
0.00066303 702
0.000663542 713
0.000664614 714
0.000664746 735
0.000680677 739
0.000681085 744
0.000681161 748
0.000685229 757
0.000685324 765
0.000686718 769
0.000686879 771
0.000688576 776
0.000691108 784
0.000691241 793
0.000691905 795
0.00070061 800
0.000700847 805
0.000702118 807
0.000705446 808
0.0007063 816
0.000708566 817
0.00071015 819
0.000710406 821
0.000710823 827
0.000711316 835
0.000711401 840
0.000712046 842
0.000712236 849
0.000712473 851
0.00071271 856
0.000717764 861
0.00072169 866
0.000722629 867
0.000723074 873
0.000723169 878
0.000723539 904
0.000724165 906
0.000724611 908
0.0007259 917
0.000753912 921
0.000754301 925
0.000754984 926
0.000765415 929
0.000765841 939
0.000785044 940
0.000791852 946
0.000792801 947
0.000795693 948
0.000795835 951
0.000796366 952
0.000796821 966
0.000796964 974
0.000798149 982
0.000803118 984
0.000804645 988
0.000807584 991
0.000809907 997
0.000815436 1000
0.000818736 1003
0.000818869 1020
0.000819144 1030
0.000819466 1031
0.000819893 1032
0.000821969 1037
0.00082325 1043
0.000826199 1051
0.000826379 1052
0.00082727 1053
0.000862688 1055
0.000863712 1056
0.000864907 1060
0.00087018 1074
0.000874722 1095
0.0008753 1102
0.000876248 1105
0.000877747 1107
0.000881995 1118
0.000917432 1124
2 1124
