0 167
9.947e-06 172
1.0193e-05 221
1.0374e-05 225
1.063e-05 246
1.0781e-05 280
1.1189e-05 290
0.000586182 297
0.000586552 301
0.000586855 316
0.000616498 331
0.000617551 334
0.000617674 337
0.000618053 378
0.000618328 420
0.000618632 449
0.000620405 459
0.000620632 526
0.000621846 575
0.000625469 576
0.000625933 578
0.000626161 580
0.000626265 598
0.000626379 617
0.000626597 619
0.000627356 641
0.000627498 654
0.000627602 656
0.000628323 666
0.000700572 668
0.00070225 677
0.000702402 694
0.000702828 705
0.000703037 720
0.000703255 728
0.000703369 747
0.000704203 758
0.000704924 759
0.000705019 767
0.000705209 768
0.000705664 781
0.00070774 784
0.000708907 794
0.000709504 857
0.000710007 868
0.000710121 871
0.000710206 887
0.000713364 894
0.000726099 906
0.000726365 910
0.000726933 918
0.00072718 920
0.000727465 947
0.000727929 960
0.000728233 961
0.000728972 970
0.000729712 994
0.000730015 995
0.000739906 1007
0.000740133 1013
0.000743462 1022
0.000743614 1035
0.00074405 1043
0.000744467 1045
0.000744581 1055
0.000748545 1058
0.000777144 1060
0.00077777 1070
0.000777875 1079
0.000787433 1095
0.000788163 1096
0.000788258 1101
0.000790155 1104
0.00079098 1109
0.000791795 1113
0.000792999 1116
0.000793331 1136
0.000795522 1140
0.000797627 1146
0.000803146 1162
0.000803573 1181
0.000803734 1191
0.000803933 1202
0.000804227 1203
0.000829508 1219
0.000829963 1223
0.000830494 1234
0.000830598 1247
0.000830788 1255
0.000832002 1283
0.000834515 1285
0.000834619 1297
0.000835548 1298
0.00084139 1305
0.00084193 1310
0.000849734 1315
0.000852778 1322
0.00085678 1323
0.000866424 1336
0.000878979 1338
0.000883 1340
0.000883701 1343
0.000883919 1345
0.000884763 1349
0.000886072 1365
0.00089344 1366
0.000894806 1370
0.000898295 1383
0.000899424 1384
0.00089986 1390
0.000904725 1397
0.000905161 1398
0.000907693 1402
0.000908584 1405
0.000918029 1408
0.000928507 1413
0.000930005 1425
0.000930252 1427
0.000930726 1439
0.00093157 1443
0.00094385 1449
0.000948298 1457
0.000949473 1459
0.00096127 1465
0.00096805 1467
0.000975655 1472
0.000994146 1478
0.000994535 1489
0.00100755 1492
0.00101821 1494
0.00101929 1495
0.00102532 1496
0.00103588 1497
0.00103724 1500
0.00103914 1508
0.00110153 1511
0.00110658 1516
0.00110786 1522
0.00113023 1527
0.00114222 1529
0.0011657 1535
2 1535
