0 618
3.89e-07 637
0.000875974 669
0.000876448 671
0.000877756 674
0.000878193 705
0.00088063 716
0.000880933 742
0.000881881 754
0.000882555 766
0.00088429 789
0.000884442 791
0.000884811 808
0.000888842 821
0.000889297 854
0.00089107 859
0.000891193 879
0.000891535 909
0.000892417 948
0.000892578 953
0.000897708 961
0.000909087 982
0.000929759 990
0.00092993 997
0.000930281 1003
0.000930565 1026
0.000958539 1033
0.000959478 1035
0.00096017 1043
0.000960379 1048
0.000961346 1053
0.000962399 1054
0.000962551 1066
0.00096714 1079
0.000967292 1123
0.000969729 1127
0.000969871 1148
0.00097027 1161
0.000972517 1170
0.000972669 1176
0.000972868 1185
0.000979875 1188
0.000981203 1191
0.000981506 1193
0.000982388 1203
0.000982521 1213
0.000982682 1215
0.00098365 1228
0.00100058 1253
0.0010012 1285
0.00100506 1295
0.00100534 1304
0.00100605 1308
0.00100761 1320
0.00100866 1322
0.00100956 1335
0.00101028 1361
0.00101076 1362
0.00103411 1374
0.00103448 1378
0.00103668 1397
0.00103905 1400
0.00103957 1401
0.00104034 1427
0.00104459 1442
0.00104638 1449
0.00104663 1452
0.00105064 1456
0.00105545 1462
0.00105602 1467
0.00105842 1471
0.00106571 1481
0.00106768 1495
0.00106836 1499
0.00106918 1531
0.00106937 1536
0.00106962 1546
0.00107031 1551
0.00107044 1553
0.00107228 1555
0.00107355 1559
0.00107391 1560
0.00107465 1563
0.00107534 1568
0.00107561 1587
0.00111579 1592
0.00111868 1597
0.00111964 1600
0.00112232 1606
0.00113503 1612
0.00113558 1618
0.00113927 1624
0.00113995 1636
0.00114072 1637
0.00114153 1646
0.00114652 1649
0.00114946 1655
0.00114971 1657
0.00115004 1658
0.00115017 1659
0.00115577 1673
0.00115741 1675
0.00115768 1686
0.00115883 1692
0.00117733 1698
0.00117799 1700
0.0011808 1705
0.00118364 1708
0.00118819 1713
0.00118896 1719
0.00119039 1722
0.00119741 1725
0.00120104 1728
0.00120229 1742
0.00120281 1745
0.00120335 1753
0.0012037 1754
0.00120411 1759
0.00120743 1767
0.00120795 1768
0.00120808 1770
0.00120859 1772
0.00121267 1773
0.00121431 1783
0.00121478 1792
0.00121619 1796
0.00121905 1800
0.00124855 1801
0.00124977 1813
0.00125085 1815
0.00125536 1818
0.00125591 1820
0.0012569 1823
0.00126553 1832
0.00128411 1834
0.00128445 1840
0.00128633 1841
0.00128718 1844
0.00130161 1846
0.00130514 1849
0.00130669 1854
0.00131439 1856
0.00135124 1862
0.0013537 1864
0.00135519 1865
0.00135811 1871
0.00136457 1873
0.0013786 1874
0.00138707 1877
0.00139875 1878
0.00140109 1880
0.00140426 1882
0.00140488 1884
0.00140597 1889
0.00140741 1893
0.00141222 1895
0.00141271 1913
0.00142719 1916
0.00143672 1917
0.00143777 1931
0.00155229 1934
2 1934
