0 -6302
2.8e-07 -6180
0.000398821 -6061
0.000400067 -6049
0.000401603 -6015
0.000403346 -5847
0.000453697 -5830
0.000459198 -5764
0.000459315 -5672
0.000462548 -5604
0.000469765 -5586
0.000470668 -5511
0.000473133 -5464
0.000476213 -5451
0.000495089 -5430
0.000495839 -5317
0.000497871 -5244
0.000498666 -5216
0.000498829 -5102
0.000499533 -4987
0.000501583 -4896
0.000509341 -4852
0.000515049 -4742
0.000517958 -4646
0.00051822 -4538
0.000519719 -4409
0.000525337 -4292
0.000525662 -4125
0.00052745 -4047
0.000527585 -3957
0.000528064 -3812
0.000528525 -3687
0.000529437 -3566
0.000531036 -3516
0.00053118 -3372
0.000537087 -3311
0.000538712 -3207
0.000540112 -3101
0.000541828 -2998
0.000542117 -2855
0.000566747 -2793
0.000568734 -2717
0.000570405 -2594
0.000572446 -2547
0.000572726 -2456
0.000576637 -2338
0.000577332 -2241
0.000578958 -2165
0.000579346 -2056
0.000581306 -1953
0.000583528 -1944
0.000584639 -1873
0.00058808 -1747
0.000590527 -1668
0.000591087 -1613
0.000593806 -1529
0.000595395 -1519
0.000598358 -1444
0.000598556 -1364
0.000600137 -1330
0.000603072 -1277
0.000603253 -1214
0.000604671 -1147
0.000605095 -1061
0.000606477 -972
0.000606857 -927
0.000617938 -853
0.000618869 -802
0.000621036 -774
0.000622409 -694
0.000623132 -633
0.000625417 -578
0.000629002 -508
0.000693506 -505
0.000697697 -453
0.00070252 -418
0.000704796 -351
0.000708237 -300
0.000709782 -244
0.000712988 -219
0.00071409 -210
0.000778937 -174
0.000781954 -147
0.000805319 -137
0.000806764 -104
0.000807414 -86
0.000808119 -62
0.000813538 -36
0.00081986 -26
0.000822316 8
0.000838709 50
0.000839991 56
0.000856917 78
0.000861216 79
0.000865506 81
0.000902554 103
0.00090912 120
0.000910917 144
0.000914141 159
0.00105093 170
0.00106541 178
0.00106975 195
0.00108334 208
0.00108924 220
0.00108988 221
0.00110687 224
0.00110925 226
0.00111129 230
0.00112409 238
0.00112489 239
0.00114992 240
0.00117034 243
0.00119611 267
0.00120017 277
0.00121655 284
0.00124271 286
0.00135282 290
0.00146288 291
0.00146963 292
0.00153706 293
0.00159544 294
0.0017227 295
0.00175658 320
0.00176162 323
0.00177789 324
0.00180877 325
0.00188192 331
0.00191073 336
0.00191223 337
0.00192802 342
0.00194275 343
0.00195784 350
0.00196109 351
0.00198319 354
0.00199256 355
0.00202349 356
0.00204593 357
0.0021091 359
0.0021315 365
0.00216486 367
0.00218829 368
0.002264 371
0.00231578 372
0.00234528 375
0.00244768 376
0.00246294 381
0.0025224 386
0.00263434 389
0.00271801 394
0.00281165 395
0.00281572 397
0.00285677 398
2 398
