0 310
1.33e-07 364
1.2441e-05 437
0.000771341 440
0.000772754 448
0.000773503 463
0.000774433 465
0.000774869 471
0.000777742 481
0.000778121 490
0.000782275 501
0.00078255 526
0.000782702 527
0.000786295 546
0.000786599 581
0.000786978 593
0.000787149 594
0.000844955 602
0.000878221 604
0.000878458 637
0.00087897 648
0.000884678 650
0.000885048 659
0.0008852 664
0.000885608 678
0.000885845 701
0.000885997 711
0.00088611 727
0.000886528 736
0.000886831 737
0.000887675 755
0.000888917 769
0.00088978 772
0.000890425 782
0.000892255 811
0.000892928 820
0.000894474 823
0.000895375 836
0.000895887 843
0.000896446 880
0.000896636 897
0.000897404 911
0.000899168 933
0.000899339 938
0.000900078 939
0.000900486 941
0.000902392 944
0.000905104 950
0.000906223 953
0.000906783 957
0.000910282 968
0.000912747 972
0.000912946 993
0.000957012 1004
0.000957458 1031
0.000960616 1042
0.000960777 1062
0.000960948 1069
0.000961213 1076
0.000962171 1078
0.000975286 1081
0.000977647 1088
0.000995768 1089
0.000996565 1103
0.000996697 1104
0.00100138 1114
0.00100487 1135
0.00100655 1139
0.00100739 1154
0.00100805 1170
0.00100885 1179
0.001009 1183
0.00101005 1199
0.00101234 1207
0.00101651 1210
0.00101673 1213
0.0010202 1215
0.00102133 1218
0.00102357 1219
0.00102417 1223
0.00102434 1233
0.00104733 1234
0.00104971 1237
0.00105032 1246
0.0010509 1251
0.00105107 1255
0.00105271 1264
0.00105356 1277
0.00105405 1279
0.00109148 1281
0.00109651 1285
0.00109659 1287
0.00109807 1291
0.00109854 1293
0.00109976 1304
0.0011039 1311
0.00110421 1315
0.00110745 1321
0.00110836 1330
0.00111022 1340
0.00111288 1354
0.00111387 1359
0.00111459 1360
0.00111528 1365
0.0011166 1370
0.00111718 1372
0.0011174 1380
0.00111763 1386
0.00112189 1395
0.00112316 1403
0.00112943 1406
0.00113203 1418
0.00113294 1420
0.00113763 1423
0.00123596 1426
0.00123644 1427
0.00124116 1430
0.00124225 1435
0.00124626 1439
0.0012965 1445
0.00129982 1446
0.00131976 1448
0.00138275 1452
0.00138327 1456
0.00140022 1458
2 1458
