0 -6033
2.17e-07 -5862
1.6763e-05 -5848
0.000529247 -5726
0.000534946 -5657
0.000537791 -5544
0.000538207 -5372
0.000538369 -5267
0.000539896 -5247
0.000541097 -5188
0.000541919 -5103
0.000542199 -4950
0.00054247 -4833
0.000542786 -4725
0.000583672 -4643
0.000585641 -4572
0.000586635 -4560
0.000587818 -4467
0.000588965 -4348
0.000589724 -4195
0.000589877 -4060
0.000591069 -3953
0.000591729 -3789
0.000592207 -3681
0.000593002 -3601
0.000594185 -3558
0.000604283 -3553
0.000633527 -3463
0.000633699 -3350
0.000635541 -3302
0.000636255 -3245
0.00064376 -3154
0.0006446 -3033
0.00064889 -2986
0.000650127 -2906
0.000652656 -2774
0.000654147 -2686
0.000656287 -2663
0.000657037 -2551
0.000666222 -2487
0.000667261 -2397
0.000676852 -2325
0.00067734 -2270
0.000685541 -2248
0.00068639 -2118
0.000687699 -1956
0.000691502 -1892
0.000692441 -1767
0.000697634 -1746
0.000700886 -1704
0.000702078 -1622
0.000704001 -1519
0.000711669 -1492
0.000715815 -1441
0.000716176 -1397
0.000716474 -1351
0.000722851 -1295
0.000723618 -1218
0.000724576 -1146
0.000727755 -1082
0.000730762 -1065
0.000733427 -1054
0.000735829 -1016
0.000735956 -956
0.000737717 -926
0.000741284 -848
0.000741492 -772
0.000745692 -764
0.000749521 -713
0.000750415 -650
0.000757035 -621
0.00076203 -596
0.000767639 -560
0.000775388 -553
0.000778242 -467
0.000778432 -412
0.000790019 -392
0.000790543 -326
0.000793812 -295
0.000795592 -259
0.000797263 -173
0.00080139 -138
0.000802691 -96
0.000804678 -68
0.00082359 -50
0.000824836 -39
0.000825812 -31
0.000832875 7
0.0008346 27
0.000834825 60
0.00084476 67
0.000856899 68
0.000857233 124
0.000875441 141
0.00088589 149
0.000888067 164
0.000889196 177
0.000890948 208
0.000895753 220
0.000908262 248
0.000924573 270
0.000928954 281
0.00093262 284
0.000932946 293
0.000933045 298
0.000933469 302
0.000958017 312
0.000958415 324
0.000962299 362
0.0009634 365
0.000967185 366
0.000976821 373
0.000986585 387
0.000989086 395
0.000990784 418
0.000993765 429
0.000994912 430
0.00099558 432
0.000995671 434
0.000996474 443
0.000998579 447
0.00100233 458
0.00100242 459
0.00100502 492
0.00100706 497
0.00100868 517
0.00101332 520
0.00101836 522
0.00101877 525
0.00105849 541
0.00107007 579
0.0010801 584
0.0010835 591
0.00108536 594
0.0011344 596
0.00113637 601
0.00113952 605
0.00114458 608
0.00115934 609
0.00116307 622
0.00117205 625
0.00117412 630
0.00118525 640
0.00119321 642
0.00120023 643
0.00120288 647
0.00121015 661
0.00135629 662
0.0013675 669
0.00139838 690
0.00140708 691
2 691
