0 -29842
5.7e-08 -29573
1.0435e-05 -29335
3.3904e-05 -29101
5.9802e-05 -28870
9.2189e-05 -28641
0.000146129 -28413
0.000177501 -28187
0.000207089 -27962
0.000249114 -27738
0.000278778 -27515
0.000308053 -27295
0.000341436 -27077
0.000371129 -26859
0.000400869 -26642
0.000430523 -26427
0.00046033 -26214
0.00049062 -26002
0.000520778 -25791
0.000550603 -25586
0.000580533 -25382
0.000610557 -25178
0.000641474 -24977
0.000682711 -24777
0.000728531 -24577
0.000758973 -24378
0.000798351 -24179
0.000831222 -23980
0.000870496 -23782
0.000913374 -23585
0.00095243 -23390
0.000985196 -23195
0.00101561 -23001
0.00105411 -22808
0.00109743 -22616
0.00113193 -22424
0.0011719 -22233
0.00120307 -22042
0.00123388 -21851
0.00126456 -21661
0.00129921 -21473
0.00132927 -21288
0.0013608 -21103
0.0013922 -20920
0.00142325 -20737
0.00145486 -20555
0.00148597 -20373
0.00151594 -20191
0.00154812 -20010
0.00158562 -19829
0.00161731 -19648
0.00166657 -19467
0.00171136 -19286
0.00175637 -19106
0.00180054 -18927
0.00184518 -18748
0.00188429 -18569
0.00191577 -18392
0.00194471 -18215
0.00197648 -18039
0.00200791 -17863
0.00203888 -17687
0.0020707 -17513
0.00210229 -17339
0.00214769 -17167
0.0021805 -16995
0.00221248 -16824
0.00224754 -16653
0.00227783 -16482
0.00230972 -16312
0.00234172 -16142
0.00237185 -15972
0.00240411 -15803
0.00243671 -15634
0.00246935 -15465
0.00250238 -15298
0.00253501 -15132
0.00256676 -14968
0.00260885 -14804
0.00264187 -14641
0.00267447 -14478
0.00270721 -14315
0.00273996 -14153
0.00277176 -13993
0.00280495 -13833
0.00283791 -13673
0.00287071 -13514
0.00290415 -13357
0.00293709 -13200
0.00296979 -13044
0.00300287 -12888
0.0030357 -12734
0.00306893 -12580
0.00309999 -12428
0.00313074 -12277
0.00316486 -12126
0.00319878 -11977
0.00323306 -11828
0.00326665 -11679
0.00329926 -11532
0.00333259 -11385
0.00337089 -11238
0.00340469 -11091
0.00343643 -10945
0.00347059 -10799
0.00350468 -10654
0.00358948 -10509
0.00362483 -10365
0.00365961 -10221
0.00369784 -10079
0.00374407 -9938
0.0037828 -9797
0.00381649 -9656
0.00385069 -9516
0.00389222 -9376
0.00392979 -9236
0.00396578 -9097
0.00399916 -8959
0.00404717 -8821
0.00408961 -8684
0.00421433 -8547
0.00426256 -8410
0.004305 -8274
0.00434458 -8138
0.00438275 -8003
0.00442003 -7869
0.00445764 -7735
0.0044949 -7602
0.00453138 -7470
0.00457425 -7339
0.00461135 -7208
0.00465546 -7078
0.00469208 -6949
0.00472922 -6820
0.00476705 -6692
0.00480431 -6565
0.00484128 -6440
0.00487795 -6316
0.00491337 -6193
0.00495198 -6070
0.00498958 -5947
0.00502586 -5824
0.00506475 -5701
0.00510868 -5578
0.00514593 -5457
0.00518299 -5336
0.0052213 -5216
0.0052577 -5097
0.00529443 -4979
0.00533211 -4861
0.00537186 -4744
0.00541119 -4627
0.00544952 -4510
0.00548868 -4395
0.00552796 -4282
0.00556759 -4171
0.00560789 -4061
0.0056478 -3952
0.00568808 -3843
0.00572874 -3734
0.00576788 -3629
0.00582069 -3526
0.00586149 -3423
0.00590313 -3320
0.00594661 -3218
0.00598806 -3117
0.0060337 -3016
0.00607927 -2918
0.00612248 -2820
0.00616604 -2723
0.00621213 -2626
0.00625795 -2529
0.00630669 -2432
0.00636945 -2337
0.00643786 -2244
0.00649152 -2153
0.00654414 -2066
0.00660047 -1979
0.00664719 -1892
0.0067009 -1806
0.00674958 -1721
0.00680424 -1637
0.00685318 -1556
0.00690495 -1479
0.00696113 -1403
0.00702441 -1327
0.00708679 -1255
0.00714936 -1186
0.00720988 -1118
0.00727727 -1050
0.0073509 -983
0.00742617 -919
0.00749747 -856
0.00757482 -795
0.00765087 -734
0.00775588 -674
0.00787138 -617
0.00798989 -563
0.00809021 -509
0.00822065 -456
0.00833464 -404
0.00844687 -357
0.00855731 -311
0.00866508 -267
0.00876849 -226
0.00887958 -187
0.00899616 -149
0.00911115 -112
0.00923205 -79
0.00935171 -48
0.00947201 -19
0.00960419 8
0.0097266 30
0.00984946 49
0.00996738 66
0.0100803 82
0.0101864 98
0.0102905 110
0.0103947 120
0.0104932 133
0.0105972 142
0.010719 152
0.0108252 160
0.0109357 170
0.011049 182
0.0111563 192
0.0112649 201
0.0113694 210
0.0114749 216
0.0115962 225
0.0117156 237
0.0118248 247
0.0119462 256
0.0120561 268
0.0122027 274
0.0123236 279
0.0124511 285
0.0125699 292
0.0126811 297
0.0127905 303
0.012891 309
0.0129894 322
0.0130942 330
0.0132804 341
0.0134271 350
0.0135708 361
0.0137036 368
0.0138278 374
0.0139894 384
0.0141276 389
0.0142581 390
0.0144035 397
0.0145364 401
0.0149542 403
0.0150891 405
0.0226717 407
0.0227984 408
0.0261729 409
0.0265355 410
0.0266599 413
0.0380965 414
0.0548884 416
0.0914497 417
2 417
