0 -16106
1.39e-07 -15822
3.3646e-05 -15553
5.6764e-05 -15285
7.7919e-05 -15020
0.000128437 -14759
0.000206642 -14503
0.000284531 -14253
0.000340124 -14004
0.000389344 -13761
0.000436462 -13520
0.000482697 -13281
0.000523629 -13052
0.00056809 -12825
0.000610677 -12599
0.000653691 -12377
0.000692303 -12158
0.000734306 -11939
0.000769508 -11731
0.000810678 -11524
0.000853969 -11318
0.000895763 -11115
0.000937756 -10913
0.000981424 -10713
0.00102223 -10516
0.0010632 -10328
0.00110585 -10144
0.00114475 -9961
0.00118418 -9778
0.00122696 -9597
0.00126436 -9416
0.00130247 -9238
0.00140232 -9061
0.00148 -8884
0.00155336 -8709
0.00162041 -8537
0.00167857 -8367
0.00173352 -8197
0.00177713 -8030
0.00180818 -7863
0.00183838 -7702
0.00186656 -7545
0.00189514 -7391
0.00192429 -7241
0.00195372 -7092
0.00198384 -6944
0.00201398 -6797
0.00204393 -6652
0.00207425 -6508
0.00210508 -6365
0.00213195 -6225
0.00216067 -6085
0.00218888 -5946
0.00222068 -5807
0.0022512 -5673
0.00228035 -5541
0.00230951 -5412
0.00233865 -5283
0.00236584 -5158
0.00240202 -5034
0.00243062 -4911
0.00245927 -4789
0.00248752 -4668
0.00251854 -4548
0.00254907 -4429
0.00257576 -4311
0.00260732 -4203
0.00263532 -4095
0.00266054 -3988
0.00268844 -3882
0.00271631 -3776
0.00274475 -3672
0.00277232 -3568
0.00280115 -3467
0.00282942 -3367
0.00285655 -3269
0.00288232 -3173
0.00291192 -3079
0.00293852 -2988
0.00296784 -2900
0.0029951 -2814
0.00303867 -2729
0.00311913 -2645
0.00314914 -2562
0.00317438 -2479
0.00320411 -2397
0.00323674 -2318
0.00326475 -2239
0.00329088 -2163
0.00332833 -2087
0.00335475 -2012
0.00337944 -1938
0.00340491 -1865
0.0034309 -1793
0.00345809 -1721
0.00348374 -1649
0.0035106 -1577
0.00353627 -1505
0.00356033 -1437
0.0035832 -1370
0.00360955 -1304
0.00363701 -1239
0.00366489 -1175
0.00369047 -1111
0.00371607 -1048
0.00374254 -988
0.00376933 -928
0.00379573 -868
0.00382008 -810
0.00384648 -753
0.00387116 -698
0.00389959 -644
0.00394114 -591
0.00396768 -539
0.00399408 -488
0.00401926 -437
0.00404491 -387
0.00406964 -342
0.00409442 -297
0.00411997 -253
0.00414528 -210
0.0041724 -167
0.00419876 -125
0.00423037 -83
0.00425825 -41
0.00428435 0
0.0043107 40
0.00433541 78
0.00436151 115
0.00439463 151
0.00442169 187
0.00444775 222
0.00447411 257
0.00449922 291
0.00452353 323
0.00454614 354
0.00457204 385
0.00459436 412
0.00461949 438
0.00464184 463
0.00466732 488
0.00470164 510
0.00472762 532
0.00475277 554
0.00478014 575
0.00480397 596
0.00483291 616
0.00485959 636
0.00488669 655
0.00491183 673
0.00493748 691
0.00496319 709
0.00498973 726
0.00501507 747
0.00504331 767
0.00507382 783
0.00510028 803
0.00512774 821
0.00515348 839
0.0051835 856
0.00521195 875
0.00523949 894
0.00526711 914
0.00531105 930
0.00537203 946
0.00542358 966
0.00547107 982
0.00551593 997
0.00555552 1012
0.00558307 1034
0.00561001 1049
0.00563436 1063
0.00565898 1083
0.00568359 1101
0.00571033 1115
0.00573743 1129
0.00576232 1151
0.00578683 1172
0.00581306 1185
0.00584009 1198
0.00586633 1215
0.00589136 1228
0.0059395 1244
0.00599152 1260
0.0060289 1277
0.00606406 1299
0.0060922 1316
0.00612376 1334
0.00615454 1349
0.0061848 1362
0.00621588 1375
0.00624125 1391
0.00626962 1408
0.00629876 1421
0.00632976 1441
0.00635817 1458
0.00638561 1478
0.00641142 1495
0.00643416 1508
0.00645703 1524
0.00648544 1536
0.00652709 1556
0.0065636 1567
0.00659665 1577
0.00664177 1590
0.00669445 1600
0.00673254 1609
0.00674993 1617
0.00676852 1627
0.0068012 1638
0.00681162 1646
0.00682379 1653
0.00683685 1662
0.00686463 1669
0.00687399 1674
0.00688498 1677
0.00690632 1695
0.00694987 1698
0.00695912 1701
0.00697439 1703
0.00697977 1705
0.00698977 1707
0.00700139 1720
0.0070436 1722
0.00706768 1723
0.00708287 1724
0.00710063 1741
0.00713851 1749
0.00714542 1750
0.00715514 1763
0.00718105 1764
0.00719724 1768
0.00720993 1771
0.00721693 1772
0.00722182 1775
0.00723299 1777
0.00724533 1783
0.00728855 1794
0.00747519 1797
0.00749556 1798
0.00752219 1800
0.00825976 1802
0.00830811 1803
0.0083862 1804
0.00841153 1806
0.00841653 1809
0.00876908 1812
0.00877852 1815
0.00879513 1816
0.00880389 1818
0.0088226 1819
0.00894211 1820
0.00894968 1823
0.00955399 1824
0.00957016 1826
0.0102232 1828
0.0102478 1829
0.0102718 1832
0.010287 1835
0.0115388 1836
0.0115508 1838
0.0120322 1847
0.0121268 1855
0.0121591 1857
0.0121741 1859
2 1859
