0 -23373
3.9e-08 -23032
5.138e-05 -22717
0.000138508 -22410
0.000235063 -22114
0.000336426 -21818
0.000469046 -21524
0.000591405 -21230
0.000704625 -20943
0.000813056 -20666
0.000918167 -20393
0.00101727 -20129
0.00111381 -19868
0.001208 -19608
0.00130327 -19351
0.00139339 -19094
0.00148113 -18837
0.00156886 -18585
0.00165664 -18336
0.00174783 -18092
0.00186352 -17852
0.00197112 -17613
0.00207478 -17374
0.00227548 -17137
0.00240051 -16901
0.00251592 -16667
0.00262308 -16435
0.00272248 -16204
0.00281595 -15977
0.00290369 -15750
0.00298537 -15524
0.00306449 -15298
0.00313975 -15072
0.00321274 -14853
0.00328557 -14636
0.00335299 -14421
0.00342248 -14208
0.00349055 -13997
0.00356008 -13787
0.00362569 -13578
0.00368858 -13372
0.0037549 -13166
0.00381932 -12963
0.00388331 -12760
0.00394542 -12559
0.00400959 -12362
0.00407103 -12171
0.0041336 -11981
0.00423924 -11793
0.00435111 -11606
0.00445784 -11421
0.00456094 -11237
0.00465691 -11057
0.00474354 -10878
0.00482175 -10700
0.0048977 -10525
0.00497492 -10352
0.00504468 -10182
0.00512411 -10013
0.00520289 -9845
0.00526644 -9678
0.00532355 -9514
0.00538145 -9354
0.0054386 -9195
0.00549483 -9037
0.00555389 -8883
0.00560864 -8730
0.00566589 -8577
0.00573598 -8426
0.00580714 -8278
0.00587228 -8134
0.00592714 -7991
0.00597686 -7848
0.00602775 -7706
0.00608595 -7564
0.00616649 -7422
0.00627304 -7282
0.00637334 -7146
0.00646725 -7012
0.00655579 -6879
0.00663511 -6747
0.00670334 -6616
0.00676968 -6485
0.00683242 -6355
0.00688987 -6228
0.00694419 -6101
0.006998 -5977
0.00704836 -5854
0.00709272 -5734
0.00714106 -5615
0.00719021 -5497
0.0072388 -5381
0.00728589 -5266
0.00732732 -5151
0.00737216 -5037
0.00741815 -4926
0.00746535 -4817
0.00751123 -4710
0.00755775 -4603
0.00760466 -4497
0.00765255 -4394
0.00770175 -4291
0.00774963 -4189
0.00779725 -4088
0.007844 -3992
0.00788296 -3897
0.0079276 -3802
0.00797273 -3708
0.00801861 -3614
0.0080636 -3520
0.00810892 -3430
0.00819032 -3341
0.00828261 -3252
0.00836432 -3164
0.00843942 -3077
0.00850667 -2990
0.00856749 -2904
0.00861744 -2818
0.00866878 -2732
0.00871787 -2649
0.00876559 -2567
0.00881161 -2485
0.00885545 -2403
0.00889805 -2323
0.00894077 -2243
0.00898742 -2166
0.00906757 -2090
0.00915188 -2015
0.00922781 -1942
0.00930691 -1870
0.00936763 -1798
0.00942276 -1726
0.00947182 -1656
0.00951729 -1588
0.00956178 -1521
0.00960507 -1454
0.00964694 -1387
0.00968262 -1323
0.00972335 -1260
0.00976168 -1199
0.00980129 -1141
0.00984197 -1084
0.00988207 -1027
0.00991907 -971
0.00996027 -916
0.0100045 -861
0.0100484 -807
0.0100976 -753
0.0102495 -699
0.0103278 -649
0.0103954 -601
0.0104588 -555
0.0105162 -510
0.0105688 -467
0.0106182 -424
0.0106659 -382
0.0107124 -340
0.0107636 -298
0.0108073 -257
0.0108515 -217
0.0109007 -177
0.0110094 -137
0.0111348 -97
0.0112066 -58
0.0112675 -19
0.0113186 19
0.0113668 57
0.0114092 95
0.0114598 131
0.0115133 166
0.0115547 201
0.0115936 234
0.0116357 266
0.0116778 297
0.0118506 328
0.0119691 358
0.0120452 387
0.0120986 412
0.0121423 445
0.0121765 469
0.0122162 493
0.0122521 516
0.0122849 539
0.0123193 561
0.0123532 592
0.0123876 614
0.0124222 636
0.0125672 663
0.0126178 684
0.0126598 705
0.0126962 731
0.012734 751
0.0127704 771
0.0128065 791
0.0128386 811
0.0128688 833
0.0129044 854
0.0129387 874
0.0129707 898
0.0130046 918
0.0130393 940
0.0131212 962
0.0132655 981
0.0133321 1000
0.0133878 1019
0.0134522 1037
0.0135179 1055
0.013569 1073
0.0136131 1091
0.0137371 1114
0.0137779 1131
0.013885 1148
0.0139257 1169
0.0139601 1185
0.0143971 1200
0.014437 1228
0.0144706 1243
0.0145718 1257
0.0146376 1280
0.0146929 1294
0.014787 1307
0.0148423 1320
0.0148852 1333
0.014988 1345
0.0150282 1365
0.015065 1377
0.0151021 1389
0.0151402 1401
0.0151703 1421
0.0152062 1434
0.0152399 1449
0.0152679 1471
0.0153018 1489
0.0154224 1505
0.0154621 1516
0.0155626 1536
0.0156313 1549
0.0156877 1569
0.0157379 1580
0.0157806 1599
0.0158225 1612
0.0158597 1623
0.0159464 1634
0.0160127 1644
0.0160676 1659
0.0161191 1673
0.0161619 1687
0.016204 1701
0.0162389 1717
0.0163781 1729
0.0164361 1745
0.0165298 1756
0.0165766 1770
0.0166197 1780
0.0166567 1790
0.0166912 1801
0.0167257 1811
0.0167745 1824
0.0168101 1839
0.0168476 1853
0.0168952 1864
0.0169405 1879
0.0169869 1898
0.01702 1914
0.0170547 1926
0.0170882 1943
0.0171217 1958
0.0171547 1971
0.0173172 1984
0.017401 1994
0.0174619 2004
0.0174937 2013
0.0175387 2021
0.0175677 2029
0.0176025 2038
0.0176089 2045
0.017623 2052
0.0176445 2059
0.0176526 2067
0.0176695 2074
0.0176746 2081
0.0176803 2088
0.0176942 2109
0.0177213 2116
0.0177315 2121
0.0177421 2126
0.0177553 2131
0.0177687 2145
0.0178058 2150
0.0178146 2155
0.0178259 2163
0.0178525 2167
0.0178577 2170
0.017872 2173
0.0178881 2180
0.0178927 2182
0.0179039 2185
0.0179226 2187
0.0179309 2194
0.0179432 2195
0.0179616 2197
0.0179759 2202
0.0180038 2213
0.0181515 2216
0.018163 2217
0.018213 2225
0.018318 2227
0.0183484 2229
0.0183741 2232
0.0183952 2235
0.0183996 2237
0.019012 2239
0.0190182 2241
0.0190365 2244
0.0193557 2245
0.0193624 2249
0.0214288 2251
0.0228191 2254
0.0228264 2256
0.0231833 2259
0.0244709 2260
0.0244865 2262
0.0253632 2263
0.0266646 2266
0.0267106 2268
0.0267199 2269
0.0272557 2270
0.0274683 2272
0.0277457 2273
0.0281987 2274
0.029639 2275
2 2275
