0 -12812
4.8e-08 -12476
3.4136e-05 -12164
9.2169e-05 -11867
0.000158004 -11580
0.00024313 -11323
0.000310131 -11067
0.00044292 -10830
0.000592345 -10596
0.000669555 -10368
0.00112779 -10146
0.00123579 -9931
0.00128661 -9717
0.00132421 -9507
0.00135962 -9307
0.00145737 -9113
0.00152223 -8922
0.00163302 -8733
0.00168385 -8546
0.00172639 -8365
0.00175983 -8188
0.00179895 -8012
0.00183422 -7836
0.00186793 -7660
0.00189965 -7486
0.0019344 -7316
0.00202029 -7149
0.00205059 -6982
0.00207628 -6817
0.00215191 -6653
0.00222131 -6489
0.00227864 -6331
0.00232738 -6175
0.00236981 -6021
0.00240515 -5867
0.00247546 -5716
0.00253836 -5567
0.00259089 -5419
0.00263657 -5273
0.00267319 -5137
0.00271155 -5003
0.00274756 -4871
0.00286828 -4740
0.00291191 -4610
0.00310917 -4483
0.00316744 -4362
0.0032178 -4242
0.00327058 -4124
0.00330433 -4008
0.00333111 -3893
0.00336364 -3780
0.00339227 -3667
0.00346182 -3557
0.00352453 -3450
0.00357278 -3343
0.0036118 -3239
0.0036442 -3138
0.00371403 -3040
0.00374442 -2943
0.00381514 -2847
0.00384175 -2752
0.00386867 -2659
0.00389262 -2567
0.00391905 -2478
0.00394581 -2389
0.00397338 -2300
0.0039997 -2213
0.00402774 -2130
0.00405035 -2047
0.00407494 -1966
0.00410264 -1887
0.00412962 -1809
0.00415601 -1731
0.00417779 -1654
0.00420041 -1579
0.00422792 -1506
0.00425433 -1435
0.00427403 -1365
0.00429706 -1299
0.00432244 -1234
0.00434665 -1169
0.00436543 -1107
0.00438709 -1046
0.00441011 -986
0.00443459 -927
0.00445798 -868
0.00448095 -812
0.00450957 -756
0.00453513 -703
0.00455833 -650
0.00457975 -601
0.00460074 -553
0.00462569 -506
0.00464866 -459
0.00467429 -414
0.00469763 -369
0.00472052 -325
0.00474403 -282
0.00480773 -240
0.00484339 -198
0.00486725 -157
0.00488958 -117
0.00490851 -77
0.00493075 -37
0.00495248 0
0.00497235 36
0.00499446 72
0.00501917 105
0.00504358 137
0.00506631 169
0.0050865 201
0.005106 230
0.00513027 258
0.00515335 285
0.00517632 311
0.00519365 336
0.00521211 361
0.00523137 386
0.00525423 410
0.00527758 433
0.00530334 456
0.00532874 477
0.00534688 497
0.00536719 515
0.00538795 533
0.00541003 551
0.00543362 568
0.00550658 588
0.00555174 607
0.00559545 624
0.00562346 640
0.0056465 656
0.0056709 675
0.00569372 697
0.00571807 714
0.00573738 730
0.00575883 746
0.00578263 762
0.00580504 781
0.00582766 801
0.00584909 820
0.00587309 837
0.00589445 853
0.00591829 874
0.00594124 890
0.00596256 908
0.00607083 925
0.00611592 940
0.00621509 955
0.00624855 972
0.00627372 991
0.00651252 1008
0.00654188 1026
0.00661364 1045
0.00663885 1059
0.00670424 1074
0.00674449 1088
0.00681998 1105
0.00684829 1121
0.00686635 1135
0.00688762 1152
0.00691055 1166
0.00693406 1179
0.00695562 1197
0.00697891 1212
0.00704475 1228
0.00707106 1242
0.00709297 1255
0.00711866 1274
0.00714056 1287
0.00722981 1302
0.00726459 1321
0.0072947 1339
0.00731763 1352
0.00734172 1367
0.00736832 1387
0.0073903 1403
0.00742826 1418
0.00744785 1431
0.00749867 1444
0.00753784 1456
0.007554 1470
0.00766762 1482
0.00767397 1493
0.00768429 1507
0.00770206 1517
0.00770618 1524
0.00775462 1533
0.00776777 1540
0.00777116 1545
0.00777644 1550
0.00778345 1555
0.00778976 1572
0.00780698 1576
0.00781042 1580
0.00781954 1588
0.00783339 1591
0.00783769 1594
0.00784584 1601
0.00784972 1607
0.00785884 1617
0.00787329 1620
0.0078788 1622
0.00788584 1623
0.00789402 1632
0.00790739 1636
0.00791158 1637
0.00791839 1639
0.00792493 1651
0.0080469 1652
0.00810154 1656
0.00813634 1658
0.00814616 1659
0.00818241 1668
0.00852183 1672
0.00900748 1674
0.00902486 1675
0.00931103 1676
0.00932118 1680
0.00935825 1681
0.00937558 1682
0.00951679 1683
2 1683
