0 -23222
4.9e-08 -22883
5.1945e-05 -22567
0.000121388 -22257
0.000236035 -21956
0.000375425 -21667
0.000506449 -21383
0.000626647 -21102
0.000769418 -20824
0.000909483 -20547
0.00103957 -20277
0.00116043 -20009
0.00133424 -19743
0.00146133 -19477
0.00157643 -19211
0.0016863 -18951
0.00178686 -18694
0.00187953 -18443
0.00196457 -18192
0.00204549 -17948
0.00212106 -17706
0.00220495 -17466
0.00227317 -17226
0.00233347 -16990
0.00238561 -16755
0.00244146 -16524
0.00249856 -16294
0.00255364 -16071
0.00261239 -15849
0.00269688 -15627
0.00280831 -15408
0.0029731 -15201
0.00305244 -14996
0.00312081 -14792
0.00318191 -14589
0.00323777 -14392
0.00329424 -14195
0.00334659 -13998
0.00340995 -13801
0.00346307 -13609
0.00351503 -13419
0.00356661 -13231
0.00361702 -13048
0.00366567 -12865
0.00371245 -12682
0.0037639 -12501
0.00381481 -12323
0.00386638 -12145
0.00391251 -11968
0.00396563 -11791
0.00401525 -11615
0.00406009 -11439
0.00410458 -11264
0.00415436 -11092
0.00419659 -10921
0.00423556 -10752
0.00427699 -10585
0.00432077 -10419
0.00436485 -10256
0.00440861 -10094
0.00445576 -9934
0.00450337 -9774
0.00454688 -9617
0.00458929 -9460
0.00463473 -9304
0.00470264 -9149
0.0047532 -8995
0.00480023 -8843
0.004849 -8696
0.0048941 -8549
0.00493905 -8404
0.00498268 -8261
0.00502651 -8118
0.00506905 -7976
0.00511401 -7835
0.005161 -7694
0.00520728 -7556
0.00524739 -7421
0.00528767 -7286
0.00533251 -7152
0.00537501 -7019
0.00542037 -6887
0.00546285 -6758
0.00550028 -6632
0.00554623 -6507
0.00562666 -6382
0.00572355 -6259
0.00581032 -6137
0.00588934 -6016
0.00595782 -5895
0.0060094 -5780
0.00605458 -5665
0.00609622 -5551
0.00613356 -5438
0.00617078 -5325
0.00620805 -5214
0.00624051 -5103
0.00627793 -4993
0.00631315 -4884
0.00634858 -4775
0.00638303 -4671
0.00642339 -4568
0.00646147 -4465
0.00649413 -4362
0.00652829 -4260
0.00656464 -4159
0.0066031 -4060
0.00665944 -3962
0.00674928 -3865
0.00682595 -3769
0.0068929 -3675
0.00695031 -3581
0.00699807 -3488
0.00703677 -3397
0.00707641 -3308
0.00711753 -3220
0.00715278 -3132
0.00719176 -3046
0.00722858 -2962
0.00726396 -2878
0.00729963 -2794
0.00733523 -2710
0.00737093 -2627
0.00741341 -2545
0.007447 -2464
0.00747823 -2385
0.00751618 -2308
0.00755114 -2232
0.0075859 -2156
0.0076363 -2081
0.00767668 -2006
0.0077139 -1934
0.00775563 -1864
0.00779225 -1794
0.00782652 -1725
0.00786636 -1658
0.0079011 -1591
0.00793995 -1527
0.00797304 -1464
0.00800872 -1401
0.00804303 -1338
0.00807935 -1276
0.00811335 -1215
0.00815645 -1154
0.00819269 -1094
0.00822899 -1036
0.00826681 -980
0.00829991 -924
0.00833455 -869
0.00837088 -816
0.00840728 -763
0.0084445 -711
0.00848625 -659
0.00851777 -607
0.00855283 -558
0.00858944 -511
0.00863484 -464
0.00867093 -418
0.00870179 -374
0.00873417 -332
0.00876834 -291
0.00880224 -250
0.00883643 -209
0.00887244 -168
0.00890782 -128
0.00893998 -88
0.00897538 -48
0.00901439 -9
0.0090501 29
0.00910136 66
0.00915106 101
0.00920319 136
0.00925151 170
0.00929863 202
0.0093459 232
0.00938177 262
0.00941819 289
0.00945449 316
0.00949045 343
0.00952447 369
0.00955963 395
0.00959157 430
0.00963005 455
0.00966946 479
0.00970194 503
0.009733 527
0.00976739 551
0.00980254 574
0.00983682 597
0.00986897 619
0.00990339 641
0.00994226 662
0.00998122 683
0.0100138 703
0.0100475 723
0.0100774 743
0.0101105 762
0.0101463 782
0.0101819 801
0.0102174 820
0.0102518 839
0.0102871 857
0.0103234 875
0.0103597 893
0.0103983 911
0.0104343 929
0.010467 947
0.0104996 964
0.0105372 987
0.0105699 1006
0.0106028 1022
0.0106824 1044
0.0107445 1060
0.0107953 1081
0.0108392 1096
0.0108765 1110
0.0109104 1131
0.0109488 1147
0.0109863 1168
0.0110249 1185
0.0110614 1201
0.0110979 1220
0.0111327 1237
0.0111684 1251
0.0112015 1265
0.0112336 1279
0.0112631 1299
0.0112947 1312
0.0113284 1328
0.0113692 1341
0.0114125 1353
0.0114445 1379
0.0114789 1395
0.0115103 1418
0.0115438 1433
0.011578 1448
0.0116101 1460
0.0116407 1472
0.0116722 1491
0.011704 1504
0.0117361 1516
0.0117666 1528
0.0118002 1544
0.011834 1559
0.0118696 1570
0.011909 1581
0.0119449 1593
0.0119747 1603
0.012006 1618
0.0120398 1628
0.0120759 1643
0.0121122 1653
0.0121462 1667
0.0121813 1679
0.0122115 1695
0.0122441 1704
0.012275 1713
0.0123149 1727
0.0123489 1741
0.012384 1753
0.0124199 1767
0.012455 1781
0.0124894 1793
0.012527 1803
0.0125633 1816
0.0126176 1825
0.0126907 1838
0.0127513 1847
0.0128015 1863
0.0128421 1871
0.012881 1885
0.0129185 1899
0.012979 1910
0.0130438 1918
0.0130556 1925
0.0130753 1934
0.0131065 1940
0.0131129 1946
0.0131315 1953
0.0131659 1958
0.0131746 1963
0.0131903 1968
0.0132068 1973
0.0132389 1984
0.0132704 1989
0.0132804 1993
0.0132943 1997
0.0133135 2001
0.0133233 2004
0.0133421 2025
0.0133818 2031
0.0133876 2034
0.0134041 2041
0.0134209 2044
0.0134277 2046
0.0134405 2053
0.0134688 2061
0.0134754 2062
0.0134906 2067
0.013517 2068
0.0135263 2069
0.0135392 2071
0.0135921 2074
0.0136196 2082
0.0136519 2083
0.0136579 2084
0.0137605 2091
0.0137668 2093
0.0137795 2094
0.0137853 2095
0.0138219 2112
0.0138663 2115
0.0138899 2121
0.0139271 2123
0.0139442 2124
0.0140839 2127
0.0140958 2131
0.0141305 2133
0.0141399 2135
0.0141557 2136
0.0142027 2140
0.0142126 2170
0.0148243 2184
0.0170726 2185
0.0172322 2186
0.0172443 2187
0.0192464 2189
0.0195349 2190
0.0200588 2191
0.0200644 2196
0.020781 2197
0.0213288 2200
2 2200
