0 -32189
1.89e-07 -31608
7.385e-06 -31104
8.864e-06 -30444
1.0474e-05 -30372
0.000183964 -29992
0.000184624 -29936
0.000184831 -29448
0.000185066 -28881
0.000186432 -28824
0.000203735 -28708
0.00020381 -28100
0.00020673 -28051
0.000207917 -27596
0.00021062 -27061
0.000210724 -26589
0.000211138 -26058
0.000211506 -25550
0.000212231 -25153
0.0002129 -24667
0.000215537 -24244
0.000216573 -24038
0.000217251 -23651
0.00021808 -23161
0.000218203 -22629
0.00021986 -22027
0.000220331 -21411
0.000220595 -21008
0.000221697 -20447
0.000222356 -19682
0.00022294 -19133
0.000224278 -18612
0.000225097 -18072
0.000225634 -17612
0.00022781 -17151
0.000227923 -16624
0.000228281 -16142
0.000230852 -15726
0.000230994 -15313
0.000234658 -14852
0.00023706 -14483
0.000237418 -13995
0.000237568 -13495
0.000251678 -12975
0.000254551 -12570
0.000255775 -12091
0.000256114 -11661
0.000258827 -11483
0.000262783 -11093
0.000286189 -10772
0.00028731 -10241
0.000299583 -9887
0.000299941 -9506
0.000305922 -9042
0.000306911 -8646
0.000308597 -8290
0.000322698 -8079
0.000324751 -7725
0.000329847 -7407
0.000330798 -7042
0.000334462 -6678
0.00033483 -6318
0.00033904 -6196
0.000342921 -5694
0.00034796 -5330
0.000349033 -5117
0.000354026 -4828
0.000358434 -4460
0.000358792 -4102
0.000359404 -3838
0.000369143 -3756
0.000392823 -3579
0.00039563 -3569
0.000405388 -3287
0.000406009 -3071
0.000410907 -2817
0.000416954 -2657
0.000427278 -2595
0.000429472 -2458
0.000458464 -2292
0.00046162 -1991
0.000495688 -1760
0.000495877 -1535
0.000520282 -1297
0.000526903 -1131
0.0005276 -1027
0.00052826 -912
0.000528994 -782
0.000545167 -530
0.000560868 -483
0.000585754 -401
0.000602011 -251
0.000613248 -163
0.000627188 -110
0.000627593 -40
0.000673605 -2
0.000714908 20
0.000721115 47
0.000727115 65
0.000757652 72
0.000802637 86
0.000807488 90
0.000816963 91
0.000860093 92
0.00092646 111
0.000998544 125
2 125
