0 -3392
3.21e-07 -3237
7.969e-06 -3146
8.186e-06 -3091
0.000384694 -3069
0.000386945 -2915
0.000387115 -2857
0.000388226 -2824
0.000388367 -2701
0.000390185 -2623
0.000390317 -2437
0.000415221 -2352
0.000415353 -2247
0.000419695 -2157
0.000423755 -2113
0.000432873 -2035
0.000433099 -1939
0.000433344 -1902
0.000435378 -1858
0.000438496 -1812
0.000438599 -1705
0.000440869 -1662
0.000441924 -1642
0.000442367 -1582
0.000463362 -1562
0.000463635 -1491
0.00046518 -1441
0.000484809 -1373
0.000487494 -1366
0.000488304 -1354
0.000492552 -1347
0.000494746 -1183
0.000495905 -1136
0.000497092 -1132
0.000497516 -1102
0.000497827 -1050
0.000501425 -1013
0.000503346 -971
0.000504081 -886
0.000504815 -884
0.000507933 -854
0.000508395 -760
0.000508724 -713
0.000509968 -689
0.0005122 -628
0.000516194 -617
0.000526922 -607
0.000538281 -551
0.000540354 -510
0.00054073 -434
0.000541418 -399
0.000541512 -386
0.000541588 -344
0.000549057 -319
0.000549556 -295
0.000553022 -218
0.000553192 -174
0.000561688 -170
0.000562686 -151
0.000564457 -71
0.000565616 -56
0.000572011 -26
0.000576042 0
0.000576796 21
0.000578454 41
0.000578595 48
0.000579933 75
0.000601709 90
0.000604535 114
0.000605119 168
0.000605656 177
0.00060689 178
0.000608698 212
0.000610921 253
0.000621292 255
0.000625389 258
0.000625455 280
0.000626434 285
0.0006265 288
0.000626877 295
0.000630796 299
0.000631153 300
0.000632387 323
0.000636711 326
0.000638708 333
0.000639876 337
0.000642607 338
0.000648258 342
0.000651631 343
0.000664525 346
0.000673313 351
0.00067548 356
0.000675875 360
0.000684644 364
0.000686274 365
0.000686896 379
0.000694252 389
0.000707947 391
0.000709228 400
0.000716537 403
0.000718355 406
0.000720663 408
0.000722245 427
0.000725071 430
0.000731947 435
0.000732625 441
0.000738314 444
0.000740151 457
0.000744211 461
0.000752085 474
0.000768653 488
0.000775859 493
0.000784496 494
0.000818923 495
0.000849525 500
0.000860828 508
0.00087295 509
0.000909063 513
0.000918171 516
0.000931236 520
0.000933694 521
0.000942783 523
0.000947578 524
2 524
