0 -1245
3.2e-07 -1168
0.000352171 -1129
0.000352426 -1102
0.000420053 -1054
0.000420307 -1028
0.000420477 -965
0.000421268 -897
0.000421362 -872
0.000435342 -837
0.000436481 -804
0.000436839 -704
0.000437056 -702
0.000438168 -639
0.000439948 -589
0.000440259 -570
0.0004404 -527
0.000442162 -520
0.000445657 -493
0.000445845 -414
0.000461916 -412
0.000462462 -371
0.000462754 -350
0.00046299 -323
0.000470563 -316
0.000470893 -270
0.000522073 -251
0.000522327 -247
0.000522487 -154
0.000522581 -139
0.000522647 -132
0.000527461 -101
0.000527941 -66
0.000528865 -51
0.000530513 -30
0.000530683 -20
0.00053137 -18
0.000531568 33
0.000532538 40
0.000532727 74
0.000533443 96
0.000534554 132
0.000534639 133
0.000535299 159
0.000536297 178
0.000536843 202
0.000543306 231
0.00054388 243
0.000544276 265
0.000545086 266
0.000545265 279
0.00054534 295
0.000548562 301
0.000549269 318
0.00054989 338
0.000551831 374
0.000551916 388
0.000552311 396
0.000552801 427
0.000600429 428
0.000600759 438
0.000601456 440
0.000602379 446
0.000608512 450
0.000608757 481
0.000609256 487
0.000609897 490
0.000610782 496
0.000610857 506
0.000611969 508
0.000612713 526
0.000612836 554
0.00061292 555
0.000618987 557
0.000629716 568
0.00063129 570
0.00063389 574
0.000634445 586
0.000649452 588
0.000649904 607
0.000651458 614
0.000651694 640
0.000653549 654
0.000653879 681
0.00065712 700
0.000659305 707
0.000660002 709
0.000660991 718
0.000661971 730
0.000663497 738
0.000664298 739
0.000665183 750
0.000666088 753
0.000666568 762
0.000671937 777
0.000676676 778
0.000678833 788
0.000679718 797
0.00068131 799
0.000687669 812
0.000688507 814
0.000690976 825
0.000691465 833
0.000694094 840
0.000694668 851
0.000695384 857
0.000701536 859
0.000703617 860
0.000705483 875
0.00071089 879
0.000712048 885
0.000714366 889
0.000717983 895
0.000728439 897
0.000730907 901
0.000734873 912
0.000736381 915
0.000737407 918
0.00074419 919
0.000752282 923
0.000759874 924
0.000763492 935
0.000764669 946
0.000773251 949
0.000800965 956
0.000803951 961
0.000828029 962
2 962
