0 -8531
1.5e-07 -8301
0.000351821 -8196
0.000352009 -8009
0.000360505 -7964
0.000361579 -7912
0.000362389 -7696
0.000364555 -7604
0.000370414 -7517
0.000371676 -7354
0.000372062 -7162
0.000401092 -7059
0.000401572 -6833
0.000401704 -6701
0.000401977 -6380
0.000403145 -6189
0.000413054 -6166
0.0004162 -6011
0.000416304 -5812
0.00042593 -5699
0.000429283 -5691
0.00042999 -5484
0.000430301 -5301
0.00043129 -5233
0.000446756 -5173
0.000447829 -5040
0.000450429 -5004
0.000453462 -4878
0.000453594 -4667
0.000453867 -4554
0.000455252 -4444
0.000455553 -4318
0.00045592 -4186
0.000462862 -4118
0.000466668 -4103
0.000472658 -3937
0.000475305 -3785
0.000479788 -3718
0.000482463 -3698
0.000482576 -3579
0.000485148 -3451
0.000496027 -3315
0.000497854 -3176
0.000498033 -3006
0.000500633 -2850
0.000500962 -2696
0.000504787 -2652
0.000506868 -2447
0.000507735 -2262
0.00051121 -2212
0.000526516 -2170
0.000530218 -2109
0.000534928 -2007
0.000535389 -1886
0.000536924 -1713
0.000538055 -1627
0.000539731 -1590
0.000541323 -1503
0.000541719 -1399
0.00054283 -1396
0.000543687 -1320
0.000549414 -1236
0.0005524 -1187
0.000553427 -1033
0.000558513 -1018
0.000562686 -949
0.000562789 -775
0.00056797 -761
0.000568864 -629
0.000571426 -538
0.000575872 -503
0.000576522 -484
0.000577624 -466
0.000579254 -442
0.000579338 -441
0.000579517 -371
0.000580695 -346
0.000580987 -296
0.000582767 -289
0.000583521 -287
0.000584754 -256
0.000617439 -211
0.000617552 -169
0.000619454 -152
0.000619727 -150
0.000620669 -125
0.000621988 -48
0.000628412 -11
0.000637567 -3
0.000638066 -1
0.000640732 22
0.000642098 27
0.000643897 50
0.000648493 90
0.000649595 95
0.000650236 115
0.00065471 125
0.000663554 135
0.00066768 161
0.000715274 179
0.000723243 182
0.000727114 189
0.000736562 225
0.000740536 229
0.00074194 239
0.000742741 244
0.000785258 254
0.000787415 262
0.000789016 286
0.000796655 294
0.000798332 300
0.000811886 307
0.000817688 308
0.000823858 317
0.000834652 321
0.000834746 322
0.000837619 324
0.00085187 328
0.000872149 331
0.000883367 337
0.000884761 345
0.000889584 349
0.000917606 357
0.000957241 363
0.0010122 369
0.00111176 375
2 375
