571 0.0130846
574 0.0155774
553 0.0112423
584 0.0144278
542 0.0158043
589 0.0188785
558 0.0100029
587 0.0125582
531 0.0137006
567 0.0125071
217 0.0185778
218 0.0263636
229 0.021179
212 0.0372255
248 0.0344603
207 0.0446198
239 0.024522
218 0.0183961
217 0.0215649
236 0.0334243
1354 0.00478243
1410 0.00599701
1297 0.00556538
1354 0.00815889
1360 0.00654741
1478 0.00447316
1317 0.00616749
1388 0.00333067
1396 0.00498838
1315 0.0051192
1096 0.0118921
1133 0.00939546
1225 0.014808
1199 0.00700136
1059 0.0102763
1248 0.0127058
1155 0.00685322
1116 0.0104972
1162 0.0100918
1164 0.00904496
