0 -8388
2.8e-07 -8190
0.000343616 -8108
0.00037366 -8091
0.000392155 -7928
0.00040067 -7835
0.00040446 -7561
0.000406309 -7410
0.000406486 -7256
0.000416317 -7125
0.000420733 -6924
0.000421676 -6857
0.000421881 -6737
0.000422301 -6567
0.00042359 -6388
0.000424626 -6190
0.000424803 -5990
0.00043259 -5889
0.000433458 -5620
0.00043442 -5382
0.000435363 -5146
0.00043554 -4956
0.000435689 -4791
0.000439237 -4721
0.000439965 -4558
0.000440264 -4395
0.000450571 -4257
0.000452569 -4108
0.0004548 -3970
0.000456042 -3891
0.00046845 -3790
0.000471512 -3763
0.000481782 -3654
0.00049559 -3631
0.000498886 -3438
0.000506924 -3347
0.000507092 -3175
0.000508343 -3069
0.000509678 -2977
0.000513917 -2911
0.000521554 -2836
0.000523131 -2710
0.000526791 -2566
0.000530834 -2511
0.000534475 -2510
0.000542373 -2508
0.000543484 -2452
0.000549198 -2395
0.000551121 -2253
0.000552932 -2197
0.000553334 -2005
0.000553474 -1947
0.000555481 -1798
0.000555911 -1746
0.000602208 -1736
0.000603758 -1591
0.000604496 -1430
0.000605327 -1400
0.000606961 -1274
0.000607222 -1124
0.000607353 -1007
0.000609724 -959
0.000613122 -919
0.000613234 -853
0.000615643 -820
0.000617585 -790
0.000618855 -684
0.000619266 -597
0.0006199 -581
0.000620685 -518
0.000623168 -464
0.000626557 -429
0.000627071 -382
0.000629134 -371
0.000629311 -370
0.000642242 -352
0.000644847 -342
0.000680959 -328
0.000689249 -313
0.000692909 -283
0.000693301 -196
0.000711619 -162
0.000716249 -133
0.00072678 -94
0.000728722 -57
0.000732214 -50
0.000732578 -20
0.000742428 -6
0.00074268 6
0.00074507 22
0.000749981 25
0.000753706 41
0.000759009 49
0.000762874 93
0.000765105 142
0.0007656 144
0.00076659 166
0.000770305 197
0.000771155 213
0.000777317 222
0.000779632 256
0.000780472 286
0.000783908 289
0.00078613 299
0.000821131 303
0.000826938 304
0.000827022 316
0.00084815 318
0.00085378 331
0.000867597 333
0.000874497 348
0.000902393 350
0.000920253 357
0.000933921 359
0.000953947 363
0.00102681 367
0.00105878 375
0.00107915 377
2 377
