0 61
3.92e-07 68
3.0529e-05 98
5.6773e-05 102
5.6857e-05 105
5.6988e-05 113
5.8005e-05 141
5.9957e-05 169
6.0041e-05 207
6.019e-05 243
6.0302e-05 263
6.0386e-05 290
6.1292e-05 303
6.1366e-05 308
0.000287077 310
0.000287151 352
0.000287553 372
0.000287833 386
0.000288561 397
0.000288739 404
0.000290214 406
0.000408736 412
0.000410043 417
0.000413488 454
0.000413553 471
0.000433486 474
0.00043356 483
0.000437948 484
0.000453708 486
0.000453913 490
0.000453979 492
0.000454044 520
0.000463688 535
0.000464155 545
0.00046464 560
0.000465359 563
0.000465723 579
0.000465948 586
0.000470886 616
0.000470961 617
0.000472025 631
0.000472109 638
0.000472838 642
0.000472987 643
0.000477384 646
0.000477459 650
0.000477702 658
0.000492275 668
0.000492658 674
0.000492714 679
0.00049292 692
0.000493312 693
0.000493517 695
0.000493863 697
0.000494199 700
0.00049544 708
0.000495646 717
0.000497802 720
0.000499959 723
0.000500388 725
0.000501341 733
0.000503301 735
0.000504515 746
0.000504814 753
0.000509603 755
0.000554407 757
0.000559215 761
0.000559608 764
0.000564789 773
0.000567833 784
0.000569177 801
0.000571427 811
0.000572053 822
0.000572547 833
0.00057308 853
0.000578392 857
0.000580044 858
0.000580222 861
0.000581771 870
0.00059417 871
0.000601657 877
0.000621161 880
0.000624045 885
0.000628424 890
0.000631458 892
0.000632635 895
0.000634259 898
0.000644389 902
0.000645547 903
0.000656703 906
0.000674955 913
0.000697334 914
0.000703617 919
0.000704458 920
2 920
