0 -54338
1.96e-07 -53348
0.000168078 -53176
0.000169722 -52520
0.000170058 -51785
0.000171085 -51054
0.000172672 -51038
0.000174436 -51014
0.000177172 -50121
0.000177331 -49413
0.000177461 -48672
0.000178059 -47818
0.00018043 -47183
0.000180841 -46340
0.000182727 -45672
0.000182811 -45059
0.000186545 -44351
0.000190289 -44330
0.000191503 -43553
0.000193043 -42915
0.000196787 -42748
0.000197002 -42038
0.000198757 -41949
0.00019998 -41711
0.000203976 -41171
0.000205423 -40519
0.000207141 -39637
0.000208056 -39069
0.000210595 -38425
0.000211118 -37767
0.000214759 -37122
0.00021559 -36493
0.000215693 -35827
0.000216038 -35123
0.000218699 -34962
0.000219717 -34136
0.000220538 -33321
0.000221668 -32555
0.000228128 -32404
0.000228418 -31609
0.000231079 -30985
0.000231387 -30361
0.000231657 -29878
0.000235737 -29264
0.000236764 -28587
0.000238706 -27775
0.00023949 -27159
0.000240125 -26468
0.000240415 -25861
0.000241152 -25303
0.000245428 -24607
0.000249816 -24064
0.000249984 -23550
0.000250666 -22729
0.000261916 -22159
0.000264885 -21351
0.000265893 -20579
0.000270757 -20000
0.00027888 -19496
0.000280989 -18767
0.000283846 -18078
0.000295404 -17440
0.000297692 -16889
0.00030644 -16354
0.000314254 -15852
0.000319725 -15322
0.000325784 -14688
0.000328286 -14279
0.000328837 -13447
0.000330303 -12824
0.000332217 -12301
0.000334252 -11749
0.000334859 -11242
0.000340759 -10731
0.000352084 -10210
0.000375266 -9810
0.000376003 -9273
0.000377058 -8814
0.000393042 -8357
0.000393536 -7879
0.000394078 -7475
0.000398419 -7113
0.000399885 -6730
0.000416886 -6426
0.000419678 -6001
0.000442103 -5483
0.000458768 -4952
0.000461093 -4489
0.000462502 -4168
0.00046845 -3777
0.000471708 -3459
0.000490501 -3039
0.000491062 -2712
0.00049601 -2417
0.000497317 -2078
0.000497821 -1749
0.000501219 -1472
0.000502928 -1241
0.000513095 -1171
0.000515597 -915
0.000531935 -806
0.000560877 -629
0.000588587 -555
0.000669671 -521
0.000687643 -417
0.000689837 -259
0.000691433 -182
0.000737377 -110
0.000741979 -56
0.000816108 -7
0.00082846 9
0.000831839 18
0.000884066 45
0.000890918 65
0.000892057 66
0.000947757 77
0.00102427 93
0.0010637 104
2 104
