0 -24302
5.8e-08 -23907
8.675e-06 -23529
1.5145e-05 -23154
1.9226e-05 -22801
2.9825e-05 -22453
5.6604e-05 -22114
7.1769e-05 -21776
8.7813e-05 -21443
9.8683e-05 -21112
0.00010819 -20787
0.000117348 -20465
0.000125675 -20145
0.000135617 -19826
0.000144582 -19507
0.000153209 -19192
0.000161758 -18880
0.000170017 -18568
0.000179649 -18257
0.00018963 -17954
0.000199843 -17652
0.000220162 -17350
0.000240471 -17054
0.000250509 -16761
0.000259523 -16471
0.000268401 -16182
0.000277559 -15894
0.000286563 -15613
0.000296544 -15337
0.000306437 -15062
0.000315489 -14789
0.000325199 -14517
0.000335112 -14246
0.000345769 -13977
0.000356108 -13709
0.00036487 -13441
0.000376562 -13174
0.000388283 -12910
0.000397626 -12650
0.000408747 -12392
0.000418438 -12136
0.000428786 -11889
0.000439028 -11648
0.000448902 -11408
0.000459714 -11169
0.000470371 -10931
0.000481 -10694
0.00049158 -10458
0.000503775 -10227
0.000514114 -9996
0.00052627 -9768
0.000538233 -9546
0.000568078 -9326
0.000587034 -9107
0.000601211 -8890
0.000613977 -8674
0.00062595 -8459
0.000636414 -8244
0.000646356 -8029
0.000657158 -7819
0.000666346 -7613
0.000676501 -7408
0.000688444 -7204
0.000698241 -7000
0.000708986 -6797
0.00071974 -6599
0.000731461 -6403
0.000745455 -6208
0.000760262 -6015
0.00077149 -5826
0.000784033 -5641
0.000795697 -5461
0.000810087 -5282
0.000824323 -5105
0.000838452 -4932
0.000850164 -4759
0.000863481 -4588
0.000875473 -4420
0.000886798 -4255
0.000899245 -4099
0.00091202 -3945
0.000925666 -3794
0.000938896 -3645
0.000952097 -3497
0.000964766 -3350
0.000983625 -3207
0.000998431 -3064
0.0010124 -2927
0.00102709 -2795
0.00104127 -2665
0.00106994 -2536
0.00109978 -2408
0.00112054 -2282
0.00114011 -2159
0.00115627 -2037
0.00121048 -1919
0.00125467 -1807
0.00127922 -1696
0.00129817 -1589
0.00131965 -1482
0.00133959 -1381
0.00135755 -1286
0.00137283 -1192
0.00138922 -1099
0.00140665 -1013
0.0014246 -933
0.00144098 -855
0.00145848 -778
0.00147454 -703
0.00149162 -630
0.00151003 -559
0.00153525 -489
0.00155187 -426
0.00156718 -372
0.00158671 -319
0.00160382 -268
0.00161931 -217
0.0016339 -172
0.00166229 -127
0.00168032 -83
0.00169938 -43
0.00171633 -3
0.00173216 35
0.0017461 68
0.00176113 101
0.00177686 132
0.00179051 159
0.00180523 185
0.00182095 208
0.00183736 230
0.00185231 252
0.00186771 273
0.00188113 296
0.0018951 317
0.00190808 335
0.00194356 353
0.00197317 369
0.00201994 384
0.00203904 405
0.00205499 422
0.0020706 436
0.00208387 452
0.00209925 465
0.00211349 486
0.00212706 502
0.00214008 514
0.00215741 525
0.00217266 536
0.00218722 543
0.00220344 555
0.00221845 571
0.00223293 582
0.00224865 585
0.00226267 591
0.00227891 594
0.00229539 600
0.00231043 613
0.00232592 618
0.00234145 632
0.0023576 638
0.00237421 647
0.00239178 652
0.00240628 659
0.00242128 671
0.00243733 677
0.00245195 678
0.00246873 680
0.00249696 689
0.00252778 694
0.00254308 702
0.00261514 707
0.00262993 710
0.00264495 713
0.0026592 715
0.00310886 720
0.00312892 721
0.00328158 724
0.00332572 735
0.00334129 742
0.00375244 748
0.00388755 749
0.0039096 751
0.0039275 752
0.00396855 755
0.00400671 767
0.00402713 771
0.00406986 773
0.00716006 774
0.0072371 775
0.00725419 776
0.00728971 777
0.00733637 778
0.00735268 780
0.00745735 782
0.00748578 784
0.00761361 787
0.00762848 790
0.00775787 792
0.00777506 793
0.00781766 812
0.00794862 815
0.00796437 832
0.00798823 834
0.00801986 837
0.00804287 839
0.00853262 841
0.00858256 845
0.0109259 846
0.0109412 849
0.0111708 850
0.0111878 852
0.0112295 855
0.0117746 861
2 861
