0 -50228
5.8e-08 -49696
6.864e-05 -49196
0.000119966 -48711
0.000157334 -48229
0.000239126 -47754
0.000318415 -47279
0.000588419 -46810
0.000797078 -46342
0.00102697 -45874
0.0012269 -45417
0.00142824 -44961
0.00162421 -44506
0.00182956 -44056
0.00202635 -43613
0.00221775 -43172
0.00242324 -42740
0.00263582 -42313
0.00282446 -41887
0.0030081 -41466
0.00318631 -41046
0.00336449 -40630
0.00353498 -40214
0.00371345 -39800
0.00388208 -39394
0.0040471 -38989
0.00423895 -38590
0.00441521 -38196
0.00457704 -37807
0.00473799 -37418
0.00489586 -37029
0.00505316 -36641
0.00521301 -36256
0.0053792 -35874
0.00553397 -35496
0.0057142 -35119
0.00589815 -34750
0.0060862 -34392
0.00625525 -34034
0.0064192 -33679
0.00658532 -33324
0.00676178 -32970
0.00691578 -32619
0.00706544 -32274
0.00721436 -31929
0.00736565 -31584
0.00750979 -31240
0.0077026 -30898
0.00786928 -30562
0.00802569 -30226
0.00820629 -29894
0.00837539 -29565
0.00851809 -29238
0.00866295 -28911
0.00881556 -28584
0.00895907 -28258
0.00909321 -27932
0.0092262 -27608
0.00935598 -27290
0.00950017 -26976
0.00965364 -26663
0.00980639 -26350
0.00993114 -26038
0.0100816 -25728
0.010233 -25418
0.0103696 -25110
0.0104956 -24804
0.0106229 -24499
0.0107361 -24202
0.0108479 -23907
0.0109596 -23612
0.0110679 -23319
0.011176 -23029
0.0112841 -22739
0.0114007 -22450
0.0115046 -22163
0.0116057 -21878
0.0117042 -21594
0.0117998 -21311
0.0118945 -21033
0.0119891 -20756
0.0120831 -20480
0.0121763 -20207
0.0122674 -19935
0.0123565 -19673
0.0124448 -19412
0.0125335 -19153
0.0126223 -18895
0.012713 -18637
0.0128135 -18382
0.012904 -18129
0.0129911 -17878
0.0131062 -17629
0.0132151 -17382
0.0133187 -17136
0.0134132 -16894
0.0134993 -16654
0.0135831 -16415
0.0136641 -16176
0.013741 -15939
0.0138136 -15704
0.0138844 -15470
0.0139528 -15236
0.0140212 -15003
0.0140862 -14772
0.0141476 -14546
0.0142152 -14324
0.0142778 -14102
0.0143444 -13886
0.0144089 -13673
0.0144759 -13462
0.014537 -13253
0.0146014 -13045
0.0146756 -12837
0.0147403 -12630
0.0147988 -12424
0.0148599 -12226
0.0149256 -12029
0.0150004 -11832
0.0150734 -11635
0.0151446 -11439
0.0152111 -11247
0.0153382 -11055
0.0154578 -10863
0.0155729 -10673
0.0156985 -10484
0.0157998 -10295
0.0158898 -10110
0.0159708 -9925
0.016058 -9741
0.0161319 -9566
0.0162004 -9394
0.0162682 -9224
0.0163537 -9054
0.0164469 -8884
0.0165375 -8717
0.0166297 -8550
0.0167199 -8387
0.01681 -8224
0.0168882 -8063
0.0169712 -7904
0.0170375 -7746
0.0170965 -7589
0.0171952 -7434
0.0173053 -7282
0.0174087 -7130
0.0175027 -6979
0.0175842 -6829
0.0176596 -6680
0.0177272 -6536
0.017793 -6393
0.0178561 -6252
0.0179172 -6111
0.0179778 -5974
0.0180303 -5838
0.0180794 -5702
0.018133 -5568
0.0181871 -5438
0.0182378 -5308
0.0182978 -5179
0.0184276 -5052
0.0185548 -4926
0.0190335 -4803
0.0191477 -4683
0.0192384 -4564
0.0193157 -4445
0.0193877 -4327
0.0194513 -4209
0.0195102 -4093
0.0195608 -3977
0.0196102 -3862
0.0196589 -3748
0.0197075 -3634
0.0197537 -3520
0.0197966 -3412
0.0198429 -3305
0.0198893 -3199
0.0199387 -3095
0.0199877 -2994
0.0200603 -2897
0.0201202 -2801
0.0201796 -2706
0.0202397 -2612
0.0203016 -2518
0.0203608 -2424
0.0204174 -2333
0.0204701 -2242
0.0205224 -2152
0.0205724 -2062
0.0206246 -1973
0.020678 -1885
0.020728 -1797
0.0207809 -1710
0.0208318 -1624
0.0208806 -1540
0.0209342 -1461
0.0209848 -1383
0.0210376 -1307
0.021092 -1232
0.0211488 -1158
0.0212056 -1085
0.0212756 -1013
0.0213343 -941
0.0213881 -869
0.0214464 -798
0.0214961 -731
0.0215445 -669
0.0216092 -609
0.0217098 -550
0.0217911 -494
0.0218638 -438
0.0219315 -383
0.0220221 -329
0.0221109 -277
0.0221813 -227
0.0222442 -179
0.0223039 -132
0.0223592 -85
0.022417 -41
0.0224836 2
0.0225382 43
0.0225829 84
0.0226595 125
0.0227136 164
0.0227675 202
0.0228213 239
0.0228771 275
0.0229313 307
0.0229852 336
0.0230379 364
0.0230931 392
0.0231563 420
0.0232282 447
0.0232946 473
0.0233746 497
0.0234442 520
0.0235071 542
0.0235638 563
0.023618 583
0.023671 612
0.0237246 632
0.0237747 653
0.0238837 673
0.0239616 693
0.024036 713
0.024097 731
0.0241539 749
0.0242099 767
0.0242661 784
0.0243216 803
0.0243756 820
0.0244279 853
0.0244801 869
0.0245405 885
0.0245958 910
0.0246498 925
0.0246999 940
0.0247618 954
0.0248148 967
0.0248843 980
0.0249485 995
0.0250238 1014
0.0250983 1027
0.0251742 1045
0.0252522 1069
0.0253305 1091
0.0254069 1107
0.0255112 1123
0.0256118 1139
0.0257002 1164
0.0257871 1178
0.0258729 1191
0.0259522 1203
0.026027 1222
0.0261026 1240
0.0261824 1261
0.0262643 1277
0.026343 1290
0.0264175 1301
0.0265212 1313
0.0266666 1331
0.0267496 1343
0.0268182 1358
0.0268828 1369
0.0269428 1380
0.027001 1390
0.0270586 1400
0.027116 1409
0.0271736 1427
0.0272325 1435
0.0272906 1442
0.0273483 1448
0.0274204 1453
0.0274806 1462
0.0275375 1467
0.0275935 1472
0.0276475 1476
0.0276995 1490
0.0277541 1495
0.0278048 1498
0.0278553 1501
0.0279079 1505
0.0279597 1518
0.0280139 1525
0.0280715 1533
0.0281291 1544
0.0281848 1554
0.0282391 1561
0.0282904 1568
0.0283406 1582
0.0283908 1591
0.0284423 1605
0.0284936 1608
0.0285429 1624
0.0285946 1630
0.0286451 1632
0.0286961 1635
0.0287522 1645
0.0288089 1660
0.0288684 1663
0.0289248 1673
0.0289776 1686
0.0290347 1687
0.029093 1696
0.0291525 1700
0.0292087 1701
0.0292643 1721
0.0293346 1727
0.0293972 1728
0.0294569 1743
0.0295166 1747
0.0295745 1752
0.0296832 1756
0.0298434 1766
0.0299084 1773
0.0299666 1777
0.0300243 1779
0.0300791 1783
0.0302179 1792
0.030351 1793
0.0305269 1794
0.0309425 1799
0.0309989 1800
0.0310589 1801
0.0311719 1817
0.0313108 1821
0.0314211 1826
0.0314747 1828
0.0315302 1837
0.0316894 1838
0.0317946 1843
0.0319107 1851
0.0320536 1854
0.0321282 1864
0.0322052 1873
0.0322805 1878
0.0324371 1884
0.0325177 1893
0.0327805 1894
0.0331352 1901
0.0337407 1903
0.0338812 1910
0.0339299 1912
0.0340682 1921
0.0341383 1922
0.0341833 1924
0.0344192 1926
0.0345162 1928
0.0348957 1929
0.0349685 1936
0.0350311 1937
0.0353154 1938
0.0353571 1942
0.0353616 1946
0.0353923 1953
0.0355587 1954
0.0393121 1955
0.039382 1962
0.0394505 1964
0.0394835 1968
0.0414226 1972
0.041549 1976
0.0417825 1979
0.0418418 1980
0.0429411 1982
0.0432224 1984
0.0457281 1986
0.0457716 1988
0.0539563 1989
0.0595314 1992
0.0661198 1996
0.0669325 1997
0.067004 1998
0.0674789 2003
0.0693094 2005
0.0693958 2007
0.0700722 2010
0.071187 2016
0.0771341 2019
0.0790396 2020
0.0791303 2021
2 2021
