0 -133239
6.7e-08 -132324
1.103e-05 -131436
2.5804e-05 -130565
4.1625e-05 -129706
6.3071e-05 -128868
8.8281e-05 -128035
0.000119164 -127202
0.000147416 -126380
0.000175429 -125564
0.000214904 -124750
0.000238798 -123939
0.000262433 -123130
0.000286538 -122328
0.000310385 -121528
0.000334365 -120730
0.000358221 -119938
0.000382019 -119148
0.00040529 -118366
0.000428233 -117586
0.000451321 -116808
0.000474687 -116033
0.000498265 -115258
0.000521554 -114493
0.000545093 -113729
0.00056844 -112966
0.000591605 -112209
0.000615077 -111452
0.000639595 -110696
0.000663825 -109950
0.000688487 -109204
0.000713111 -108459
0.000737236 -107720
0.00076088 -106986
0.000784218 -106254
0.00082135 -105524
0.000853683 -104794
0.00088351 -104065
0.000910966 -103337
0.000936463 -102611
0.000960713 -101887
0.000983992 -101164
0.00100767 -100441
0.00103138 -99719
0.00105516 -98998
0.00107833 -98278
0.00110185 -97558
0.00112569 -96840
0.00114889 -96122
0.00117273 -95405
0.00119634 -94689
0.00121989 -93973
0.00124315 -93258
0.00126665 -92544
0.0012904 -91830
0.00131354 -91117
0.00133665 -90408
0.00135981 -89700
0.00138299 -88993
0.00140645 -88287
0.00142974 -87583
0.00145306 -86882
0.0014773 -86182
0.00150136 -85483
0.00152549 -84784
0.00155034 -84087
0.00157515 -83392
0.00159961 -82697
0.00162315 -82002
0.00165061 -81308
0.00167446 -80616
0.00169789 -79927
0.00172157 -79238
0.0017449 -78550
0.00176797 -77863
0.00179213 -77177
0.00181668 -76492
0.00184041 -75810
0.00186526 -75129
0.00189054 -74451
0.00191541 -73776
0.0019397 -73103
0.00196328 -72430
0.0019896 -71759
0.00201471 -71088
0.00203927 -70417
0.0020641 -69747
0.00208778 -69078
0.00211245 -68409
0.00213883 -67741
0.0021678 -67074
0.00219512 -66407
0.00222253 -65743
0.00224886 -65081
0.00227399 -64419
0.00230058 -63759
0.00232675 -63100
0.00235296 -62442
0.00237808 -61784
0.00240443 -61127
0.00243 -60471
0.00245674 -59815
0.00248349 -59159
0.00251199 -58504
0.0025393 -57851
0.00256416 -57199
0.00258948 -56550
0.0026176 -55903
0.00264242 -55256
0.00266761 -54610
0.0026921 -53966
0.00271713 -53322
0.00275403 -52680
0.00278058 -52039
0.0028091 -51398
0.00283677 -50757
0.00286522 -50117
0.00289257 -49478
0.0029189 -48843
0.00294676 -48219
0.00297337 -47596
0.00300035 -46975
0.0030253 -46354
0.00308419 -45735
0.00311409 -45118
0.00314303 -44502
0.00316836 -43886
0.00319543 -43272
0.00322162 -42659
0.00325393 -42046
0.00328084 -41438
0.0033072 -40834
0.003335 -40236
0.00336848 -39639
0.00340819 -39043
0.00343538 -38447
0.00346405 -37851
0.00349292 -37256
0.00352068 -36661
0.00354709 -36071
0.00357667 -35483
0.00361117 -34897
0.00364282 -34313
0.00367718 -33729
0.00371154 -33146
0.00374399 -32565
0.00377428 -31985
0.00380398 -31410
0.00383505 -30837
0.00386963 -30267
0.00389965 -29698
0.00393178 -29130
0.00396438 -28563
0.00399701 -28000
0.00403104 -27437
0.00406504 -26877
0.00409825 -26326
0.00413138 -25776
0.00416206 -25232
0.00424293 -24690
0.00429629 -24154
0.00434585 -23619
0.00438839 -23090
0.00442259 -22563
0.00445661 -22045
0.00449034 -21529
0.0045257 -21014
0.0045591 -20505
0.00459039 -19997
0.00462339 -19490
0.00467529 -18984
0.00471305 -18479
0.00475063 -17977
0.0047876 -17476
0.00482566 -16978
0.00486181 -16480
0.00489726 -15984
0.00493971 -15489
0.00497725 -15013
0.00501918 -14540
0.0050573 -14075
0.00510299 -13613
0.00515962 -13164
0.00520653 -12726
0.00524459 -12293
0.00528621 -11861
0.00533191 -11429
0.00537908 -11005
0.00543199 -10585
0.00548359 -10169
0.00553725 -9755
0.00559092 -9346
0.00564391 -8943
0.00569586 -8552
0.00575901 -8163
0.00581605 -7774
0.0058743 -7393
0.00593643 -7025
0.00600334 -6668
0.00606641 -6322
0.00612521 -5979
0.00620107 -5652
0.00629405 -5334
0.00638987 -5023
0.00648083 -4717
0.00658485 -4416
0.00667681 -4128
0.00679125 -3848
0.00698818 -3575
0.00713967 -3305
0.00728176 -3051
0.00745222 -2799
0.00759873 -2557
0.0079046 -2332
0.00805426 -2110
0.0082416 -1898
0.00841969 -1687
0.0085763 -1482
0.00871039 -1280
0.0088379 -1114
0.00896181 -964
0.00908737 -824
0.00921235 -695
0.00933669 -577
0.00946517 -461
0.0095874 -353
0.00970091 -251
0.00981092 -167
0.00994156 -104
0.010056 -45
0.0101534 11
0.010244 49
0.0103429 67
0.0104481 76
0.0105321 86
0.0106103 102
0.0106906 108
0.0107611 120
0.010836 123
0.0109111 125
0.0109826 136
0.0111241 143
0.0112722 155
0.0113409 157
0.0114151 168
0.0114955 174
0.0119632 176
0.0131053 181
0.0131815 187
0.0133307 190
0.0134088 198
0.0134928 200
0.0145939 203
0.0146678 205
0.0149736 213
0.0150692 215
0.0151524 220
0.0172252 232
0.0278143 248
0.0306724 252
2 252
