0 -5535
4.8e-08 -5285
5.744e-06 -5066
1.1644e-05 -4872
2.2146e-05 -4687
3.1005e-05 -4503
3.8249e-05 -4326
4.7301e-05 -4164
5.3297e-05 -4007
5.8848e-05 -3851
6.3916e-05 -3695
6.88e-05 -3545
7.3558e-05 -3399
7.8538e-05 -3254
8.5211e-05 -3114
9.0656e-05 -2975
9.612e-05 -2838
0.00010054 -2703
0.000105859 -2572
0.000111555 -2444
0.000116749 -2323
0.000121758 -2203
0.000127097 -2083
0.000132861 -1963
0.00013905 -1848
0.000144834 -1736
0.000150839 -1635
0.000156468 -1535
0.000162493 -1437
0.000168827 -1340
0.000175907 -1244
0.00018227 -1149
0.000188489 -1054
0.000194543 -962
0.000202057 -873
0.000210268 -788
0.00021725 -709
0.000225258 -638
0.000234194 -568
0.000243053 -502
0.000273952 -436
0.000288652 -373
0.000299832 -310
0.000305925 -249
0.000312066 -196
0.000318497 -144
0.000324522 -96
0.000330595 -51
0.00033662 -7
0.000342152 32
0.000349048 70
0.000354802 104
0.000359957 133
0.000366011 164
0.00037163 190
0.000378583 213
0.000384579 235
0.000389947 255
0.000395372 288
0.000401639 308
0.000408486 331
0.000413718 346
0.000419095 359
0.000426494 372
0.00043218 391
0.000439704 403
0.000445826 422
0.000451706 432
0.000457944 458
0.000464627 468
0.000470913 491
0.000476425 500
0.000483079 508
0.000489269 524
0.000493843 532
0.000498476 552
0.000503891 558
0.000509771 569
0.000516164 580
0.000520912 589
0.000526444 591
0.000534655 598
0.000548088 613
0.000553862 618
0.000561154 634
0.000564287 636
0.000569007 637
0.000574896 651
0.000591028 654
0.000592353 657
0.000593881 660
0.000684063 665
0.000710891 669
0.000872591 671
0.000883055 676
0.000887117 680
0.00175263 681
0.00208213 683
0.00213621 686
0.00313391 687
0.0031965 691
0.00320153 697
0.00344415 699
0.00349454 703
0.00420313 709
0.00439656 710
0.00439758 711
0.00500852 713
0.00513362 714
2 714
