0 -7361
4.6e-07 -7125
1.6067e-05 -6917
2.7705e-05 -6714
4.3005e-05 -6515
5.7826e-05 -6323
8.021e-05 -6135
0.000102662 -5951
0.000128545 -5773
0.000152789 -5597
0.000169058 -5425
0.000185249 -5255
0.000201335 -5087
0.000215744 -4923
0.000229673 -4761
0.000244235 -4604
0.000259257 -4450
0.000274193 -4300
0.000289195 -4152
0.00030393 -4012
0.000319096 -3873
0.000333408 -3739
0.000348507 -3608
0.000362254 -3480
0.000376653 -3357
0.000390918 -3242
0.000405633 -3130
0.0004203 -3022
0.000434383 -2914
0.000449088 -2808
0.000463439 -2704
0.000477023 -2602
0.000490732 -2503
0.000503319 -2406
0.000517133 -2309
0.000531302 -2213
0.000545193 -2118
0.000558834 -2028
0.00057239 -1939
0.000587651 -1852
0.000601264 -1765
0.000615433 -1681
0.00062963 -1598
0.000675406 -1515
0.000701117 -1433
0.000717577 -1354
0.000731516 -1276
0.000744678 -1199
0.000757878 -1123
0.000771453 -1048
0.000785497 -977
0.000798487 -907
0.000812368 -840
0.00082692 -774
0.000842124 -711
0.000856217 -649
0.000869408 -587
0.000882896 -526
0.000895972 -466
0.000908779 -406
0.000923159 -349
0.000938008 -294
0.000951343 -247
0.000964026 -201
0.000978578 -156
0.000992757 -111
0.00100677 -68
0.00101985 -25
0.00103372 18
0.00104814 61
0.00106212 103
0.00107569 140
0.0010896 176
0.00110378 210
0.00111859 243
0.0011336 276
0.00114764 308
0.00116135 338
0.00117597 366
0.00119108 394
0.00120478 422
0.00121874 447
0.00123208 472
0.00124542 496
0.00125847 520
0.00127079 544
0.0012841 568
0.00129837 598
0.00131278 621
0.00132654 644
0.00133964 667
0.00135201 689
0.00136582 709
0.00137811 728
0.00140806 745
0.00142147 761
0.00143534 777
0.00145021 804
0.00146435 822
0.00147916 837
0.00149212 856
0.00150582 871
0.00151896 892
0.00153112 906
0.00154417 920
0.00155628 934
0.00156891 962
0.00158256 976
0.00159584 989
0.00160821 1017
0.00162031 1041
0.00163371 1058
0.00164778 1072
0.00165777 1084
0.00166835 1097
0.00167864 1108
0.00168256 1118
0.00168837 1126
0.00169516 1133
0.00170258 1159
0.00171691 1166
0.00172036 1173
0.00172596 1189
0.00173586 1196
0.00173952 1201
0.00174315 1204
0.00174837 1211
0.00175611 1214
0.0017591 1217
0.00176526 1220
0.00176982 1223
0.00177476 1237
0.00178233 1238
0.0017908 1250
0.00179991 1256
0.00181345 1258
0.00185723 1259
0.0018594 1263
0.00186352 1264
0.00193496 1265
0.00193979 1269
0.00195976 1272
0.00196564 1274
0.00271326 1278
0.00271548 1284
0.0027799 1286
0.00359754 1288
0.00370553 1290
0.00370708 1291
0.00371183 1296
2 1296
