0 -122131
4.5e-08 -121345
1.6228e-05 -120574
3.7468e-05 -119820
7.4279e-05 -119090
0.000134418 -118363
0.000170374 -117660
0.000213359 -116962
0.00024945 -116272
0.000280752 -115587
0.000309058 -114904
0.000335744 -114222
0.00036224 -113547
0.000388881 -112875
0.000415386 -112208
0.000450001 -111544
0.000485804 -110881
0.000518609 -110224
0.000562827 -109567
0.00061781 -108914
0.000658949 -108262
0.000695562 -107612
0.000729331 -106964
0.000761741 -106317
0.000790505 -105676
0.000818253 -105036
0.000846486 -104396
0.00087508 -103757
0.000903314 -103120
0.000931475 -102485
0.000959466 -101851
0.000988698 -101225
0.00101726 -100599
0.00104535 -99976
0.0010729 -99353
0.00109998 -98730
0.00113035 -98109
0.00115942 -97500
0.00118711 -96894
0.00121519 -96290
0.00124393 -95687
0.00127185 -95088
0.00130082 -94489
0.00132901 -93891
0.00135789 -93293
0.00138723 -92696
0.00141563 -92099
0.00144373 -91507
0.00147158 -90916
0.00151629 -90326
0.00154919 -89738
0.00157877 -89152
0.00160763 -88566
0.00163622 -87981
0.00166812 -87397
0.00169651 -86815
0.00172529 -86235
0.00175354 -85655
0.00178247 -85077
0.00181782 -84500
0.00185204 -83924
0.0018821 -83349
0.0019103 -82774
0.00193817 -82203
0.00196638 -81634
0.00199507 -81066
0.00202398 -80499
0.00205133 -79932
0.00208028 -79366
0.0021097 -78801
0.00213928 -78237
0.00216925 -77673
0.00219949 -77110
0.00222874 -76548
0.00225718 -75987
0.00228735 -75426
0.00231806 -74865
0.00234916 -74304
0.00239411 -73744
0.00242682 -73184
0.002456 -72625
0.00248406 -72067
0.00251447 -71514
0.00254235 -70961
0.00257517 -70409
0.00260303 -69858
0.00263183 -69307
0.0026613 -68757
0.00269044 -68208
0.00271885 -67659
0.00274871 -67112
0.00277801 -66566
0.00280844 -66029
0.00283824 -65492
0.00286817 -64956
0.00290034 -64420
0.00293305 -63887
0.00296318 -63355
0.0030042 -62824
0.00304447 -62293
0.00307482 -61764
0.00310601 -61235
0.00314079 -60707
0.00318291 -60180
0.00321643 -59656
0.00324897 -59137
0.00328378 -58618
0.0033174 -58101
0.00335525 -57586
0.00343072 -57071
0.00348302 -56556
0.00353586 -56042
0.00358092 -55529
0.00361258 -55017
0.00364438 -54507
0.00368893 -53999
0.00374174 -53492
0.00379416 -52985
0.00383457 -52483
0.00386471 -51981
0.00389716 -51483
0.00392967 -50985
0.00397069 -50492
0.00401728 -49999
0.00406037 -49508
0.00411815 -49017
0.00418394 -48528
0.00423815 -48041
0.00428505 -47558
0.00434109 -47078
0.00439786 -46599
0.00444539 -46121
0.00448507 -45643
0.00452577 -45168
0.00456689 -44697
0.00460769 -44227
0.00465158 -43759
0.00469526 -43291
0.00474081 -42823
0.00478401 -42355
0.00483001 -41888
0.00487028 -41422
0.00492088 -40956
0.0049664 -40494
0.00501224 -40037
0.00505774 -39582
0.00510076 -39127
0.00514469 -38672
0.00518739 -38218
0.00523213 -37765
0.00527732 -37315
0.00532747 -36865
0.00537591 -36417
0.00542751 -35970
0.00547805 -35524
0.00553217 -35080
0.00558774 -34637
0.00564454 -34196
0.00569643 -33755
0.00575272 -33316
0.00580336 -32879
0.00585709 -32446
0.00591071 -32014
0.00597467 -31583
0.00604886 -31157
0.00611954 -30733
0.00618945 -30311
0.00624788 -29892
0.00630308 -29477
0.00635657 -29062
0.00641196 -28648
0.00646123 -28238
0.00651208 -27830
0.00656599 -27424
0.00661755 -27021
0.0066668 -26622
0.00671923 -26223
0.00679172 -25825
0.00685984 -25432
0.00692046 -25047
0.00697742 -24662
0.00707019 -24277
0.00714638 -23894
0.00720199 -23512
0.00724807 -23131
0.00729449 -22751
0.00733423 -22371
0.00743671 -21992
0.00750817 -21615
0.00757083 -21238
0.00762659 -20862
0.00768093 -20488
0.00772602 -20115
0.00778313 -19754
0.00785453 -19394
0.0079189 -19035
0.00800437 -18677
0.00807888 -18321
0.00814419 -17969
0.00820413 -17618
0.00825789 -17271
0.00830575 -16925
0.00835151 -16582
0.00840123 -16239
0.00844888 -15899
0.00850746 -15559
0.00855774 -15225
0.00861271 -14891
0.00867311 -14561
0.00874367 -14234
0.00880805 -13908
0.00885907 -13584
0.00893507 -13267
0.00900607 -12953
0.00907574 -12639
0.00915241 -12330
0.00922457 -12029
0.00929834 -11734
0.00937934 -11442
0.00946136 -11154
0.00953101 -10869
0.00961587 -10585
0.00969123 -10301
0.00976855 -10019
0.00984691 -9741
0.00992603 -9465
0.0100062 -9190
0.0100976 -8917
0.0101793 -8650
0.0102602 -8387
0.0103452 -8127
0.0104256 -7868
0.0105088 -7613
0.0105954 -7360
0.0106891 -7109
0.0108471 -6862
0.0109955 -6618
0.0111301 -6376
0.0112834 -6138
0.0114532 -5910
0.0115905 -5682
0.0117353 -5463
0.0118869 -5253
0.0120353 -5044
0.0121999 -4840
0.012346 -4638
0.0124901 -4438
0.0126274 -4239
0.0127559 -4044
0.0129832 -3853
0.0131285 -3669
0.013267 -3486
0.0134009 -3307
0.013534 -3134
0.0136663 -2973
0.0137933 -2812
0.0140364 -2655
0.0141806 -2498
0.014301 -2343
0.0144231 -2190
0.0145413 -2044
0.0146649 -1899
0.0147807 -1765
0.0148927 -1635
0.0150098 -1505
0.0151195 -1378
0.0152785 -1260
0.0154988 -1143
0.0156255 -1039
0.0157583 -936
0.0158895 -833
0.0159976 -742
0.0160974 -655
0.0162084 -574
0.0163192 -493
0.0164232 -413
0.0165164 -338
0.0166084 -268
0.0167017 -201
0.0168104 -140
0.0169102 -86
0.017 -32
0.0170763 16
0.0171435 54
0.0172077 88
0.0172697 116
0.0173328 141
0.0173952 159
0.0174576 172
0.0175211 188
0.0175834 204
0.0176483 208
0.0177087 218
0.0177712 222
0.0178302 235
0.0178952 246
0.0179596 255
0.0180273 262
0.0180938 275
0.0181605 291
0.0182213 297
0.0182836 301
0.0183499 304
0.0184175 306
0.0184832 308
0.0185526 310
0.0186411 311
0.0187297 314
0.018874 318
0.0190214 330
0.0190917 332
0.019427 342
0.0195551 349
0.0196207 357
0.0196885 369
0.0197548 376
0.0198245 379
0.0198897 381
0.0199535 386
0.0200191 387
0.0200866 399
0.0201527 400
0.0202202 407
0.0202883 408
0.0205228 414
0.0206027 422
0.020756 428
0.0209293 429
0.0213474 434
0.0214157 435
0.0214791 448
0.0216338 453
0.0217171 458
0.0218067 461
0.0219861 473
0.0220649 478
0.0222168 489
0.0227421 490
0.0228869 494
0.0281868 497
0.0282677 499
0.0283533 502
0.0284193 503
0.0284894 514
0.0289052 516
0.0289772 518
0.0304758 520
0.0305415 521
0.0308077 524
0.031604 529
0.0317519 537
0.0323766 542
0.0324527 547
0.0325241 550
0.0325926 554
0.0326669 556
0.0328759 559
0.0330599 567
0.0335755 569
0.0613136 574
0.0614784 578
0.0618424 580
0.0733862 581
0.0892484 583
0.089334 588
2 588
