0 -16902
6.7e-08 -16590
3.0101e-05 -16291
5.0789e-05 -16004
7.7497e-05 -15719
0.000100811 -15442
0.000150421 -15180
0.000213654 -14932
0.000259554 -14691
0.000291218 -14452
0.000317993 -14215
0.000341499 -13978
0.000363778 -13741
0.000422725 -13507
0.000477732 -13280
0.000518264 -13059
0.000549727 -12839
0.000584162 -12622
0.000613333 -12410
0.000638651 -12201
0.000664563 -11993
0.000687293 -11785
0.000709045 -11579
0.00073095 -11382
0.000753037 -11187
0.000777022 -10992
0.00080072 -10799
0.000822616 -10607
0.000848931 -10416
0.000896911 -10227
0.000930502 -10039
0.000960766 -9854
0.000993274 -9671
0.0010229 -9490
0.00105097 -9310
0.00107916 -9133
0.00110513 -8959
0.00113367 -8786
0.00116018 -8614
0.00118981 -8442
0.00121932 -8270
0.00124565 -8098
0.00126732 -7929
0.00128857 -7764
0.00130747 -7601
0.00132848 -7440
0.00139169 -7280
0.00143506 -7122
0.0014704 -6964
0.00150303 -6809
0.00152852 -6656
0.00155218 -6508
0.00157595 -6361
0.00160303 -6215
0.00162992 -6069
0.00165116 -5927
0.00167275 -5786
0.00169279 -5646
0.00171425 -5506
0.00173505 -5368
0.00175418 -5230
0.00177369 -5092
0.00179287 -4955
0.00181056 -4820
0.00189169 -4689
0.00194121 -4560
0.00197322 -4431
0.00199866 -4302
0.00202165 -4179
0.00204541 -4058
0.00206459 -3939
0.00208479 -3827
0.00210184 -3717
0.00211996 -3608
0.00213879 -3499
0.00215748 -3391
0.00217461 -3286
0.00219171 -3186
0.00220765 -3087
0.00222588 -2988
0.00224376 -2889
0.00226281 -2792
0.00230948 -2701
0.0023389 -2612
0.00236572 -2523
0.00239456 -2434
0.00241972 -2348
0.0024435 -2262
0.00246893 -2177
0.00249515 -2092
0.00252081 -2010
0.00254471 -1928
0.00257084 -1847
0.00259287 -1768
0.00261411 -1690
0.00263579 -1613
0.00265466 -1537
0.00267227 -1463
0.00268796 -1390
0.0027061 -1318
0.00272388 -1246
0.00273967 -1175
0.00275809 -1107
0.00280103 -1040
0.00285208 -976
0.00287918 -913
0.00290156 -851
0.00292271 -789
0.00294486 -729
0.0029652 -669
0.00301897 -610
0.00305444 -552
0.00308258 -495
0.00310841 -440
0.00313486 -388
0.00316238 -338
0.00318056 -290
0.00319758 -243
0.00321524 -198
0.00323179 -154
0.00326456 -110
0.00329402 -67
0.0033228 -25
0.00334117 16
0.00336013 56
0.00337776 91
0.00339615 125
0.00341421 159
0.00343289 192
0.00345642 224
0.00347422 255
0.00349283 286
0.00351073 315
0.00352946 344
0.00354822 373
0.00356693 401
0.0035868 428
0.00360542 455
0.00362113 482
0.00363854 509
0.00365736 544
0.00367527 571
0.00369331 598
0.00371306 623
0.00373089 647
0.0037488 671
0.00376771 693
0.00378601 727
0.00380371 749
0.00382182 772
0.00383986 793
0.00385652 814
0.00387449 835
0.00389085 856
0.00391055 876
0.00392769 896
0.00394493 915
0.00396329 934
0.00398239 952
0.00400007 980
0.00401811 998
0.00403431 1016
0.00405094 1038
0.00406864 1056
0.00408381 1074
0.00410175 1102
0.00412031 1122
0.00413847 1139
0.00415548 1162
0.00417244 1178
0.00419003 1193
0.00420681 1207
0.0042459 1219
0.00426941 1230
0.00428744 1241
0.00430488 1255
0.00432273 1269
0.00434039 1285
0.00435824 1296
0.00437383 1306
0.00439235 1328
0.00441101 1340
0.00442958 1350
0.00444768 1360
0.00446605 1370
0.00448442 1396
0.00450463 1406
0.00452231 1415
0.00454034 1428
0.00455905 1437
0.00457741 1448
0.00459599 1457
0.00461473 1466
0.00465085 1484
0.00465707 1493
0.00466917 1502
0.00467803 1517
0.00469603 1525
0.00471079 1533
0.00471877 1543
0.00473477 1551
0.00473907 1557
0.00474898 1567
0.00475759 1572
0.00476069 1576
0.00476804 1580
0.00477562 1583
0.00477854 1586
0.00478522 1588
0.00479313 1590
0.00480426 1597
0.00481599 1598
0.00481958 1599
0.00482557 1603
0.00483529 1618
0.00486021 1636
0.00487514 1644
0.00495309 1659
0.00497892 1660
0.00500489 1662
0.00502358 1665
0.00505114 1667
0.00505592 1669
0.00507274 1675
0.00513475 1700
0.00633269 1703
2 1703
