0 -3012
1.547e-06 -2911
1.818e-06 -2869
0.000527589 -2831
0.000528067 -2734
0.000533652 -2668
0.000536706 -2657
0.00053694 -2597
0.000538018 -2575
0.000538346 -2500
0.000541953 -2478
0.000542075 -2442
0.00054527 -2412
0.000545383 -2349
0.000546282 -2260
0.000546507 -2217
0.000549365 -2199
0.000549965 -2177
0.000551005 -2110
0.000551586 -2065
0.000551942 -2045
0.00055331 -2036
0.000566718 -1968
0.000566943 -1925
0.000567233 -1861
0.000567467 -1767
0.000567702 -1735
0.000568123 -1717
0.000568217 -1690
0.000574411 -1601
0.000576107 -1580
0.000577137 -1571
0.000577231 -1531
0.000577887 -1509
0.000578833 -1489
0.000579583 -1475
0.000580079 -1457
0.000580548 -1438
0.000581625 -1347
0.000583883 -1343
0.000584305 -1235
0.000584933 -1215
0.000585495 -1182
0.000585617 -1166
0.000586001 -1165
0.000601696 -1133
0.000607467 -1125
0.000610653 -1082
0.00061129 -1065
0.000614551 -1051
0.000616472 -1050
0.000617053 -988
0.000618009 -972
0.000618505 -962
0.000618589 -891
0.000618711 -888
0.000619929 -824
0.000620773 -763
0.000628034 -752
0.00062943 -702
0.000633469 -667
0.000634415 -655
0.000635043 -637
0.000638688 -579
0.000638903 -577
0.000639297 -517
0.000641218 -495
0.000641518 -454
0.000642801 -381
0.000644685 -375
0.00064534 -346
0.000645434 -336
0.000647205 -327
0.000647392 -302
0.000647973 -256
0.000649351 -223
0.000657184 -219
0.000657624 -201
0.000660988 -190
0.000662291 -167
0.000662469 -115
0.00066319 -90
0.000664417 -85
0.000665645 -59
0.000665879 -27
0.000666479 -11
0.000676327 17
0.000677545 108
0.000677901 112
0.000679344 119
0.000679803 129
0.000679887 131
0.000682379 164
0.000682492 176
0.000683017 245
0.000683251 246
0.000684834 258
0.000684928 261
0.000688807 277
0.000690044 281
0.000690128 346
0.000691356 367
0.000692115 372
0.000693511 382
0.000693605 391
0.000696369 400
0.000698215 413
0.000698299 416
0.000698589 460
0.000699779 463
0.000704586 466
0.000708156 513
0.000717254 518
0.000717816 522
0.000719166 529
0.0007194 530
0.000719765 557
0.000721986 558
0.000727308 565
0.0007301 570
0.000730859 576
0.000731993 579
0.000732077 588
0.000734504 607
0.000734645 609
0.000736237 640
0.00073635 643
0.000738168 653
0.000738364 681
0.0007411 683
0.000743462 712
0.00074452 728
0.00074482 741
0.000745008 771
0.000745645 779
0.000747575 788
0.000755183 819
0.000757263 836
0.00076193 858
0.000765143 860
0.000770175 888
0.000770906 895
0.000771112 901
0.000774579 914
0.00077531 923
0.00077857 957
0.00078006 966
0.000780894 967
0.000781663 971
0.000783284 983
0.000786694 989
0.000787903 990
0.000788437 999
0.000791267 1014
0.000791876 1016
0.000793525 1019
0.000796458 1023
0.000797891 1035
0.000799934 1041
0.000800327 1086
0.000802089 1096
0.000808273 1121
0.000809023 1127
0.000810953 1135
0.000814288 1168
0.000814373 1176
0.000821082 1178
0.000821494 1185
0.000822346 1190
0.000823068 1195
0.000824174 1198
0.000824577 1199
0.000824839 1201
0.000828512 1207
0.000832204 1209
0.000836504 1214
0.000865954 1218
0.000866835 1223
0.000867219 1243
0.000873262 1265
0.000876261 1274
0.000877507 1306
0.000894813 1311
0.000904642 1312
0.000908381 1313
0.000924984 1328
0.00092876 1333
0.000935666 1340
0.000936134 1341
0.000936528 1352
0.000945607 1355
0.000965818 1358
0.00096921 1367
0.000973351 1378
0.000991145 1379
0.000997123 1388
0.00100026 1389
0.0010093 1394
0.0010209 1398
0.00102139 1406
0.00103991 1410
0.00104063 1413
0.00104744 1420
0.00105209 1422
0.00105602 1428
0.00106699 1455
0.00107061 1457
0.00109378 1459
0.00109512 1463
0.00110225 1465
0.00110287 1474
0.00111167 1481
0.00111177 1491
0.00111587 1496
0.00111625 1500
0.001122 1501
0.0011279 1525
0.00113982 1528
0.00114311 1538
0.00116847 1550
0.00117102 1551
0.00118109 1552
0.00121438 1570
0.00121636 1573
0.00122997 1581
0.0012527 1604
0.0012535 1605
0.0012761 1612
0.00127915 1622
0.00129851 1625
0.00130936 1628
0.00133609 1633
0.0013574 1634
0.00138759 1639
0.00138787 1641
0.00139738 1643
0.00140318 1657
0.00192374 1659
2 1659
