0 -28086
4.04e-07 -27603
8.54e-07 -27214
1.098e-06 -26668
1.313e-06 -26316
0.000309479 -26190
0.000310239 -25912
0.000310783 -25437
0.000311345 -25016
0.000316494 -24990
0.000317085 -24646
0.000317788 -24251
0.000320695 -24218
0.000323903 -24128
0.000341637 -23891
0.000343644 -23332
0.000345078 -23060
0.000345979 -23017
0.000346119 -22679
0.000347479 -22651
0.000348436 -22406
0.000349008 -22115
0.000350593 -21794
0.000355685 -21539
0.000357767 -21480
0.000358236 -21179
0.0003615 -21052
0.000362287 -20585
0.000363319 -20364
0.000363882 -19992
0.000364819 -19726
0.000365279 -19169
0.000366235 -18824
0.000369161 -18554
0.000369424 -18181
0.000371712 -18143
0.000372209 -18102
0.000372331 -17759
0.000379946 -17644
0.000381738 -17351
0.000382544 -16853
0.000382741 -16476
0.00038306 -16202
0.00038321 -15865
0.000387336 -15571
0.000389146 -15504
0.000389671 -15164
0.000391153 -14834
0.000399331 -14456
0.0004004 -14154
0.000400888 -13854
0.000405746 -13532
0.00040659 -13222
0.000408362 -12869
0.000409741 -12395
0.000411907 -12193
0.000413801 -11890
0.000415311 -11656
0.000415799 -11422
0.00041699 -11156
0.000421585 -10884
0.000422139 -10537
0.000422317 -10236
0.000433533 -10105
0.000440013 -9911
0.000442761 -9655
0.000443549 -9446
0.000448285 -9330
0.000453855 -9014
0.000463065 -8957
0.000463599 -8591
0.000464106 -8204
0.000468485 -7901
0.000471599 -7730
0.000474947 -7446
0.000478239 -7283
0.000485882 -6987
0.000488198 -6835
0.000490496 -6787
0.000493431 -6643
0.000495354 -6340
0.000498852 -6110
0.000511428 -5796
0.000524501 -5532
0.000525561 -5387
0.000532144 -5318
0.000541138 -5000
0.000542507 -4850
0.000565099 -4563
0.000566177 -4309
0.000569113 -4006
0.000570735 -3795
0.000571842 -3456
0.000577384 -3189
0.000581482 -3146
0.000583424 -2987
0.000586706 -2828
0.000590551 -2647
0.000591367 -2472
0.000600642 -2222
0.000605566 -2059
0.000608004 -1979
0.000617194 -1955
0.000617363 -1845
0.000619239 -1706
0.000625391 -1553
0.000630371 -1352
0.000634066 -1225
0.000648686 -1109
0.000651237 -1040
0.000652475 -993
0.000654885 -947
0.000695492 -941
0.000696158 -917
0.000699788 -837
0.000704533 -765
0.000705058 -706
0.000717897 -634
0.000720954 -529
0.000726919 -503
0.000729601 -500
0.000732236 -388
0.000747757 -329
0.000748348 -321
0.000776144 -263
0.000810487 -210
0.000814323 -176
0.000824855 -52
0.000834129 -16
0.000839362 15
0.000839531 69
0.000843526 70
0.000844145 77
0.000845233 80
0.000852783 87
0.000868444 113
0.000873658 115
0.000888673 138
0.000904419 145
0.00092219 180
0.000929177 185
0.000945861 202
0.000975027 203
0.000975233 207
0.000979547 213
0.000980522 232
0.000988709 234
0.000996803 239
0.00100463 250
0.00100871 255
0.00101297 270
0.00103756 271
0.00107573 272
0.00108477 275
0.00109824 286
0.00113093 297
0.00123817 299
0.00156468 301
0.00174395 312
2 312
