0 114
1.41e-07 124
0.000239607 182
0.000239747 221
0.000239822 250
0.00032149 268
0.000352972 292
0.000426723 322
0.000426957 337
0.00042766 344
0.00042795 375
0.000435933 383
0.000442089 386
0.000455563 397
0.000456388 400
0.000456528 401
0.000456828 415
0.000456987 416
0.000457156 422
0.00045755 426
0.00045769 429
0.000457831 454
0.000457999 456
0.000458084 458
0.000458918 467
0.000464821 481
0.000467697 484
0.000470649 486
0.000473207 498
0.000473263 503
0.000473581 508
0.000474218 519
0.000474912 529
0.000476018 540
0.000476167 543
0.000477329 544
0.00047747 554
0.000480684 556
0.000485275 559
0.000486624 581
0.000492668 593
0.000494701 595
0.000495563 618
0.000496444 623
0.000496538 630
0.000497643 636
0.000499021 646
0.000513506 648
0.000513909 659
0.000519512 661
0.000520627 685
0.000520909 689
0.000521255 693
0.000521593 702
0.000521817 714
0.000521874 725
0.000522145 727
0.000570025 731
0.000570166 745
0.000570522 749
0.000571084 757
0.000572818 759
0.000573174 768
0.000591885 772
0.000619123 774
0.00062394 777
0.000627453 785
0.000646015 799
0.000665935 809
0.000685265 810
0.000685378 811
0.000719212 813
0.0007197 815
0.000740491 829
0.000751679 830
2 830
