0 -1013
4.21e-07 -947
7.58e-06 -928
0.000477441 -889
0.000477938 -828
0.000478425 -778
0.000478828 -734
0.000478922 -718
0.000479249 -681
0.000479727 -646
0.000479802 -641
0.000480149 -628
0.000480243 -625
0.000482866 -624
0.000483691 -613
0.000488938 -578
0.000489594 -567
0.000490634 -559
0.000490906 -489
0.000492002 -484
0.000492723 -478
0.000492892 -474
0.000495356 -465
0.000495581 -459
0.000496349 -446
0.000502327 -434
0.000503236 -425
0.000503405 -397
0.0005063 -360
0.000506544 -313
0.000507725 -300
0.000508034 -273
0.000508483 -203
0.000510685 -180
0.00051092 -164
0.000511557 -141
0.000512091 -70
0.000517657 -65
0.00051968 -39
0.000519999 -8
0.000531608 20
0.000531739 60
0.000539873 103
0.000541906 111
0.000542103 148
0.000547706 166
0.00054868 187
0.000549102 205
0.000549261 243
0.000549823 255
0.000550432 257
0.000565836 281
0.000565921 288
0.000567429 291
0.000568797 313
0.000574953 321
0.000576902 351
0.000577193 352
0.000577268 364
0.000577717 367
0.00058913 373
0.00058942 390
0.000589861 406
0.00059046 421
0.000590554 449
0.000590751 461
0.000594377 478
0.000596823 512
0.000597235 515
0.000597432 520
0.0005982 541
0.000599184 544
0.000600308 580
0.000601245 591
0.000607916 605
0.000608666 614
0.000613285 634
0.000613585 639
0.000613726 683
0.000614222 688
0.000614681 690
0.000614738 707
0.000618383 712
0.000619282 721
0.000619348 736
0.000620547 744
0.000626965 760
0.000627396 764
0.000627556 769
0.000628886 814
0.00064311 817
0.00064384 831
0.000644768 853
0.000644946 862
0.000645593 875
0.000647551 892
0.000648085 899
0.000648488 906
0.00065024 909
0.000650821 920
0.000651552 924
0.000653332 929
0.000653922 945
0.000654466 953
0.000654719 955
0.000654944 962
0.000655618 968
0.00065693 971
0.000659282 973
0.000660219 981
0.000660659 987
0.00066154 988
0.00066585 990
0.000672241 1008
0.000673309 1011
0.000673815 1016
0.000674021 1022
0.000675839 1042
0.000677225 1051
0.000678134 1052
0.000678293 1058
0.000678771 1059
0.000679062 1073
0.000679493 1082
0.000682416 1083
0.000683203 1087
0.000683531 1100
0.000684047 1104
0.000685424 1136
0.000686061 1139
0.000687298 1150
0.000687757 1168
0.000688778 1189
0.000693604 1193
0.000695215 1197
0.000697595 1199
0.000697708 1209
0.000698701 1213
0.000699104 1219
0.000700331 1230
0.000701456 1233
0.000701615 1247
0.000708942 1250
0.000709027 1256
0.000713721 1259
0.000714321 1265
0.000721114 1293
0.000722491 1296
0.000724121 1298
0.000753552 1299
0.000770793 1301
0.000774138 1303
0.00077633 1308
0.000777689 1312
0.00079373 1314
0.000796925 1322
0.000813238 1327
0.000825485 1329
0.000829973 1336
0.000852629 1348
0.000860078 1352
0.000873814 1355
0.000874189 1358
0.000884693 1362
0.000892067 1365
0.000924599 1369
0.000967982 1383
0.000970652 1385
2 1385
