0 -619
1.31e-07 -612
3.28e-07 -586
4.69e-07 -554
5.63e-07 -520
0.000323114 -487
0.000325787 -470
0.00032694 -450
0.000327541 -445
0.000334434 -403
0.000359295 -392
0.000392747 -337
0.00039406 -321
0.000394585 -304
0.000394744 -274
0.000406608 -264
0.000407274 -242
0.000407452 -221
0.000407968 -217
0.00041442 -180
0.000415723 -176
0.000415789 -171
0.0004301 -154
0.000432576 -123
0.000435202 -86
0.000447665 -52
0.000447834 6
0.000464808 10
0.000465005 40
0.000472048 45
0.000473539 58
0.000474655 78
0.000474721 84
0.000487044 107
0.000487269 149
0.000489707 152
0.000490233 160
0.000490364 167
0.000490926 188
0.000492877 194
0.000515666 199
0.000515741 254
0.000516182 255
0.000517279 274
0.000517814 282
0.00051787 315
0.000518611 343
0.000519877 345
0.000529189 362
0.000529264 371
0.000533672 373
0.000533728 381
0.000535726 400
0.000535913 405
0.000537555 428
0.000541718 429
0.000545695 447
0.000545854 467
0.00054637 474
0.000547233 483
0.000547617 488
0.000580619 510
0.000581144 513
0.00058121 524
0.00058181 552
0.000588872 561
0.000589781 566
0.000598644 567
0.000612552 576
0.000618779 592
0.000621208 603
0.000632246 606
0.000659208 619
0.000686526 627
0.000719528 637
0.000721066 638
0.000756768 640
0.000772308 643
2 643
