0 191
0.000178923 192
0.00017914 207
0.000179292 226
0.000181088 243
0.000181258 287
0.000181485 296
0.000182014 307
0.000186514 318
0.000190711 364
0.000333673 390
0.000333947 394
0.000440666 399
0.000441044 419
0.000441129 426
0.000450119 435
0.000450204 438
0.000451112 446
0.00045131 454
0.00045494 455
0.000455006 482
0.000455649 488
0.000455895 507
0.000458618 510
0.000458684 518
0.000459459 520
0.000461283 521
0.000461671 546
0.000466965 547
0.000467078 562
0.000481712 567
0.000482081 580
0.00048521 618
0.000485427 645
0.000485484 648
0.00048555 652
0.000485701 654
0.000486316 661
0.000486694 663
0.000541353 678
0.000542421 692
0.000545541 699
0.000545834 704
0.000547913 716
0.000552243 718
0.000552659 727
0.000564296 728
0.000581766 729
0.000602846 738
0.000605531 740
0.000606004 750
0.000625459 753
0.000626206 765
0.000731648 782
2 782
