0 309
0.000540142 322
0.000540482 323
0.000540596 347
0.000545927 371
0.00054623 390
0.000547894 440
0.000568738 451
0.000569286 456
0.00056992 460
0.000570175 463
0.000570496 517
0.000572104 530
0.000573881 540
0.000574382 558
0.000574892 572
0.00058063 593
0.000584629 595
0.000584894 596
0.000585556 613
0.000585678 669
0.000597089 705
0.000597609 707
0.000597722 708
0.000609898 713
0.000610021 727
0.00061125 730
0.000611335 736
0.000613036 749
0.000613197 755
0.000613452 784
0.000614643 788
0.000615456 790
0.000615693 792
0.000616165 803
0.000618065 856
0.000637596 858
0.00063788 860
0.000639392 861
0.000640526 874
0.000640971 898
0.000641226 911
0.000641916 915
0.000645565 982
0.000645858 1008
0.000645943 1010
0.00064738 1015
0.000661163 1017
0.000671902 1022
0.000672148 1023
0.000673244 1033
0.000673585 1040
0.00067522 1048
0.000675286 1053
0.00067625 1055
0.00067799 1072
0.00068058 1074
0.000680864 1079
0.000686536 1081
0.000688124 1091
0.000759733 1093
0.000759903 1095
0.000761028 1097
0.00076307 1098
0.000763249 1099
0.000790437 1116
0.000807765 1125
0.000809003 1126
0.000833544 1127
0.000834007 1132
0.000836975 1136
0.000866971 1137
0.000868861 1145
0.000878305 1152
2 1152
