0 -30466
7.33e-07 -29961
0.000244789 -29694
0.000245981 -29608
0.000248301 -28991
0.000248564 -28423
0.000250715 -27945
0.000253477 -27408
0.0002542 -27335
0.000255336 -26846
0.00025543 -26314
0.000255703 -25803
0.000255975 -25265
0.000256529 -24642
0.000265771 -24395
0.000268674 -23826
0.000272384 -23238
0.000274741 -22551
0.000275493 -22014
0.000277982 -21556
0.000278517 -21014
0.000280912 -20581
0.00028465 -20575
0.000291075 -20427
0.000292193 -19974
0.000295405 -19844
0.00029656 -19304
0.000298777 -19148
0.000299171 -18742
0.000300702 -18258
0.000300965 -17699
0.000303849 -17355
0.000304065 -16884
0.000307747 -16463
0.000308723 -16008
0.00031048 -15967
0.000312048 -15507
0.000313514 -15038
0.000315589 -14496
0.000317919 -14326
0.000318999 -13814
0.000319431 -13384
0.000320708 -12948
0.000328955 -12608
0.000332853 -12175
0.000333219 -11786
0.00033351 -11155
0.000336892 -10633
0.000341635 -10119
0.000345242 -9694
0.00034619 -9243
0.00034805 -8771
0.000369859 -8360
0.000371165 -8028
0.000374715 -7701
0.000376237 -7401
0.000382323 -7054
0.000385883 -6696
0.000395999 -6393
0.000406744 -6319
0.000411318 -5883
0.000416775 -5351
0.000419687 -4935
0.000423829 -4594
0.000430329 -4227
0.000432113 -4026
0.000454279 -3727
0.000460817 -3420
0.00046541 -3400
0.00046804 -3205
0.000481029 -2932
0.000485961 -2659
0.000486364 -2453
0.00049324 -2095
0.000504144 -1932
0.000514307 -1684
0.000529965 -1353
0.000547444 -1246
0.000550215 -1077
0.000552817 -923
0.000598042 -865
0.000599854 -747
0.000611811 -630
0.000619062 -502
0.000684049 -353
0.000701435 -257
0.000730467 -224
0.000733811 -140
0.000740301 -80
0.000749919 -37
0.000750557 -34
0.000752981 -27
0.000761528 -25
0.000845694 -19
0.000862498 31
0.000864536 34
0.000865362 60
0.000867767 67
0.000886627 86
0.000910926 87
0.000922159 104
0.000933871 115
0.00103532 122
0.00105436 130
0.00108788 133
0.00117385 138
0.00120909 153
0.00127969 154
0.00130812 157
0.00132545 168
0.00134473 171
0.00141312 178
0.00160083 187
0.00161056 189
0.0016329 192
0.0016541 210
0.0017477 214
2 214
