0 318
1.97e-07 333
3.85e-07 334
5.63e-07 362
6.66e-07 410
7.89e-07 425
8.791e-06 426
8.885e-06 437
9.129e-06 441
0.000307642 445
0.000392476 458
0.000392617 472
0.000392851 480
0.000393434 483
0.000393528 484
0.000393734 504
0.000393875 519
0.000398478 541
0.000398628 551
0.000398797 566
0.000398872 585
0.000431126 593
0.000431267 606
0.000431483 613
0.000431539 614
0.000431915 617
0.000434272 624
0.000488636 626
0.000488909 633
0.000488956 634
0.00048998 658
0.0005161 664
0.000518514 676
0.000558423 681
0.000559625 687
0.000559813 692
0.000562631 693
0.000563025 710
0.000577255 714
0.000577837 718
0.000578917 735
0.000580054 740
0.000582177 745
0.000583135 746
0.000583632 748
0.000584562 758
0.000584985 770
0.00058955 777
0.000589738 782
0.00059017 786
0.000593457 788
0.000595645 791
0.000603986 793
0.00060531 800
0.000605545 813
0.000611979 817
0.000612655 830
0.000641209 831
0.000651503 835
0.000676139 842
0.000699818 850
2 850
