734 0.182997
663 0.213592
707 0.219381
688 0.361141
706 0.193258
724 0.248227
695 0.191544
696 0.321316
659 0.189726
731 0.177179
447 0.381143
439 0.361989
396 0.402675
442 0.345416
406 0.393283
418 0.435955
456 0.360576
414 0.385615
424 0.389581
424 0.416618
2060 0.0116505
2087 0.0100556
2115 0.00971739
2158 0.00917431
2102 0.0101311
2140 0.011095
2107 0.0112711
2139 0.0116551
2053 0.00971711
2116 0.0170336
2069 0.018844
2021 0.0135979
2019 0.0161487
2074 0.0186988
2010 0.0194897
2048 0.0173494
1994 0.0122799
2095 0.0184759
2035 0.0178394
2028 0.0144536
