0 -81839
4.7e-08 -81015
7.906e-06 -80233
1.7345e-05 -79486
3.0079e-05 -78772
4.5966e-05 -78064
6.093e-05 -77357
8.2322e-05 -76653
0.00010427 -75953
0.000122857 -75256
0.0001396 -74572
0.000155891 -73897
0.000171825 -73223
0.000188737 -72555
0.000205433 -71891
0.000222233 -71229
0.000238872 -70573
0.000255643 -69918
0.000272085 -69263
0.000288179 -68610
0.000304235 -67959
0.000320761 -67311
0.000337043 -66669
0.000353551 -66030
0.000370416 -65391
0.000387366 -64752
0.000404043 -64114
0.000421031 -63476
0.000437482 -62841
0.000454281 -62208
0.000470761 -61581
0.000487701 -60954
0.000504331 -60328
0.00052082 -59705
0.000537224 -59085
0.000554532 -58468
0.000571247 -57853
0.000588027 -57243
0.000604921 -56635
0.000622539 -56028
0.000640713 -55422
0.000657926 -54818
0.0006745 -54214
0.000690913 -53613
0.00070791 -53014
0.000725208 -52417
0.000742817 -51822
0.000759777 -51227
0.000776717 -50632
0.000793611 -50044
0.000810937 -49458
0.000829036 -48874
0.000849073 -48292
0.000867528 -47713
0.000885551 -47134
0.00090348 -46556
0.000920411 -45981
0.000938707 -45410
0.000956683 -44842
0.000973482 -44275
0.000991571 -43711
0.00101046 -43151
0.00102798 -42592
0.00104502 -42034
0.00106313 -41478
0.00108266 -40923
0.00110302 -40369
0.00112333 -39816
0.00114226 -39265
0.00116142 -38715
0.00117932 -38167
0.00119928 -37620
0.00122396 -37076
0.00124279 -36533
0.00126357 -35990
0.00128609 -35453
0.00130763 -34920
0.00132958 -34388
0.00135179 -33862
0.00137219 -33336
0.00139491 -32811
0.00143526 -32287
0.00146787 -31768
0.00149358 -31250
0.00151581 -30735
0.00153669 -30221
0.00156043 -29708
0.00157974 -29196
0.00160178 -28684
0.00162361 -28172
0.00164312 -27664
0.00166489 -27158
0.00168489 -26653
0.00170725 -26152
0.00172931 -25654
0.0017531 -25160
0.00177584 -24669
0.00180168 -24179
0.00182323 -23692
0.00184145 -23206
0.00186261 -22722
0.00188713 -22241
0.00191066 -21768
0.0019316 -21299
0.00195624 -20835
0.00198077 -20377
0.00200282 -19920
0.00202717 -19463
0.00205505 -19010
0.00208097 -18557
0.00212492 -18105
0.00215524 -17665
0.00218444 -17226
0.00220912 -16792
0.00223526 -16358
0.00226025 -15928
0.00228681 -15500
0.00231066 -15073
0.00233425 -14647
0.00236317 -14222
0.00239381 -13807
0.00241761 -13396
0.0024479 -12985
0.00247632 -12576
0.00250503 -12170
0.00253216 -11772
0.00256413 -11379
0.00259446 -10997
0.00261967 -10619
0.00265371 -10245
0.00269199 -9873
0.00272614 -9507
0.00276572 -9144
0.00279516 -8783
0.00282379 -8426
0.00285775 -8070
0.00289362 -7723
0.00292815 -7376
0.00296775 -7029
0.0030049 -6696
0.0030465 -6366
0.00308426 -6037
0.00312456 -5717
0.00316981 -5410
0.00320895 -5110
0.00325272 -4810
0.00331002 -4517
0.00335681 -4236
0.0034005 -3961
0.00345246 -3689
0.00350892 -3428
0.00356972 -3169
0.00362814 -2934
0.00371072 -2700
0.00377952 -2478
0.00385149 -2278
0.003925 -2082
0.00399999 -1891
0.00407827 -1704
0.00416736 -1526
0.0042655 -1360
0.00435963 -1205
0.00445077 -1059
0.00453976 -923
0.00463973 -795
0.0047227 -675
0.00479947 -561
0.00487813 -459
0.00496076 -371
0.00503422 -286
0.00510388 -210
0.00517208 -144
0.0052316 -80
0.00529143 -21
0.00534831 29
0.00540306 69
0.0054529 93
0.00551568 117
0.00557773 123
0.00562817 128
0.00567162 133
0.00571874 142
0.00684899 144
0.00689764 149
0.00695017 150
0.0130293 153
0.0130848 155
0.0197133 163
0.0197585 171
0.019816 173
0.0199792 175
0.0200385 176
0.0344969 182
0.0345514 183
2 183
