0 -116766
4.7e-08 -115874
9.656e-06 -115009
1.8908e-05 -114155
2.7086e-05 -113308
3.6291e-05 -112488
4.8215e-05 -111674
7.1913e-05 -110867
0.000101926 -110062
0.000128702 -109259
0.00015208 -108457
0.000174281 -107655
0.0001962 -106857
0.000217922 -106071
0.000239738 -105285
0.000261977 -104501
0.000284028 -103722
0.000305543 -102943
0.000326907 -102165
0.000348346 -101389
0.00037067 -100619
0.000393295 -99849
0.000415553 -99081
0.000437849 -98314
0.0004599 -97549
0.000481546 -96791
0.000503672 -96037
0.000526166 -95286
0.000549083 -94539
0.000576046 -93794
0.00059869 -93050
0.000622407 -92308
0.000648251 -91567
0.000672853 -90827
0.000696842 -90090
0.000720427 -89356
0.000764078 -88623
0.000798081 -87909
0.000828405 -87197
0.000857355 -86486
0.000884328 -85775
0.000910435 -85067
0.000935771 -84359
0.000962367 -83652
0.00101159 -82946
0.00103787 -82241
0.0010626 -81538
0.00108757 -80837
0.0011122 -80138
0.00113548 -79440
0.00116865 -78743
0.00119246 -78046
0.00121576 -77351
0.00123844 -76657
0.00126075 -75964
0.00128414 -75273
0.00130691 -74584
0.00132967 -73899
0.00135261 -73215
0.00137545 -72531
0.00139807 -71847
0.00142108 -71166
0.00144411 -70491
0.00146756 -69816
0.0014904 -69144
0.00151863 -68472
0.00154331 -67801
0.00156814 -67131
0.0015924 -66461
0.00163032 -65797
0.00165683 -65137
0.0016809 -64477
0.00170392 -63820
0.00172695 -63165
0.00175117 -62510
0.00177484 -61857
0.00179809 -61205
0.00182229 -60555
0.001846 -59905
0.00187089 -59255
0.00189452 -58606
0.00191716 -57959
0.00194148 -57315
0.00196456 -56671
0.00198751 -56029
0.00201211 -55388
0.00203694 -54748
0.00206215 -54109
0.0020891 -53470
0.00211462 -52832
0.00213899 -52196
0.00216486 -51563
0.00219145 -50931
0.00221618 -50302
0.00223923 -49676
0.00226294 -49050
0.0022879 -48424
0.00231258 -47799
0.00233944 -47175
0.00236711 -46552
0.00239408 -45929
0.00241806 -45310
0.00244399 -44691
0.00247473 -44072
0.00250353 -43456
0.00253129 -42843
0.00255719 -42234
0.00258319 -41626
0.00261084 -41019
0.00263626 -40413
0.00266091 -39812
0.00268815 -39212
0.00271843 -38614
0.00274875 -38017
0.00277804 -37421
0.00280604 -36828
0.00283088 -36237
0.00286999 -35648
0.00290337 -35060
0.00293331 -34479
0.00296169 -33900
0.00299159 -33321
0.00301977 -32742
0.00305487 -32164
0.00308563 -31588
0.0031184 -31013
0.00314484 -30443
0.00317115 -29875
0.00320015 -29307
0.00323886 -28742
0.00326683 -28178
0.00329432 -27614
0.00332201 -27056
0.00334967 -26500
0.00338201 -25951
0.00341916 -25404
0.00344863 -24863
0.00347987 -24324
0.00351163 -23787
0.00354623 -23253
0.0035803 -22723
0.00361873 -22196
0.00365414 -21669
0.00368845 -21154
0.00372587 -20641
0.00376442 -20133
0.00380123 -19625
0.00382999 -19120
0.0038618 -18623
0.00389584 -18128
0.00393511 -17636
0.00396905 -17145
0.00400427 -16662
0.00404069 -16181
0.00407884 -15708
0.00411431 -15237
0.00415338 -14772
0.00419404 -14312
0.00423186 -13861
0.00427193 -13412
0.00431283 -12966
0.0043662 -12523
0.00441539 -12085
0.00445971 -11660
0.00450322 -11238
0.00454823 -10828
0.00458799 -10420
0.00463194 -10020
0.00468205 -9623
0.00473876 -9232
0.00479294 -8851
0.00483572 -8470
0.00488999 -8105
0.00494657 -7741
0.00502842 -7385
0.00509143 -7030
0.00515901 -6678
0.00522505 -6333
0.00529281 -6001
0.00536188 -5670
0.00543822 -5341
0.00551634 -5014
0.00560196 -4698
0.00568395 -4386
0.00577469 -4092
0.00586465 -3807
0.00595606 -3527
0.00604964 -3255
0.00614463 -3007
0.00623774 -2765
0.00634002 -2531
0.00644672 -2304
0.00655661 -2081
0.00667167 -1863
0.00679021 -1652
0.00691904 -1459
0.00704261 -1268
0.00716303 -1100
0.00730246 -942
0.0074301 -787
0.00755308 -639
0.00767219 -520
0.0077865 -411
0.00789288 -307
0.00799388 -220
0.0080914 -145
0.00818274 -77
0.00826844 -12
0.00835022 33
0.00842665 64
0.00850202 93
0.00857215 95
0.0087085 99
0.00876729 101
0.00883108 111
0.00958499 115
0.00964103 134
0.00970281 149
0.00976821 158
0.0213454 159
0.0214746 171
2 171
