0 -24764
4.7e-08 -24296
3.6366e-05 -23879
6.2803e-05 -23472
8.5701e-05 -23073
0.000125841 -22674
0.000224652 -22279
0.000315284 -21901
0.00040265 -21542
0.00047349 -21187
0.000539398 -20842
0.000597872 -20508
0.000648044 -20177
0.000695562 -19847
0.000743194 -19528
0.00079011 -19213
0.000831341 -18900
0.000873985 -18590
0.000922924 -18284
0.000970282 -17985
0.00101118 -17688
0.00105119 -17393
0.00112904 -17101
0.00122628 -16817
0.00131408 -16539
0.00139883 -16265
0.00147374 -15993
0.00153871 -15723
0.00159622 -15454
0.00165059 -15186
0.00169397 -14918
0.00172673 -14654
0.00176171 -14391
0.00179711 -14135
0.001833 -13880
0.00186521 -13626
0.00190558 -13374
0.00197154 -13125
0.00200675 -12879
0.00203895 -12638
0.00209165 -12401
0.00213291 -12169
0.0021709 -11937
0.00220583 -11705
0.00224015 -11478
0.00227895 -11252
0.00231262 -11030
0.00234857 -10812
0.00238202 -10595
0.00241019 -10379
0.00243714 -10165
0.0024676 -9953
0.0024987 -9750
0.00252981 -9549
0.00255952 -9349
0.0025969 -9151
0.00262841 -8956
0.00265898 -8762
0.00268388 -8570
0.00271735 -8379
0.00274928 -8189
0.00277584 -7999
0.00280309 -7813
0.0028348 -7628
0.00286746 -7446
0.00289785 -7267
0.00292728 -7089
0.00295662 -6918
0.00304138 -6748
0.0031091 -6582
0.00316609 -6421
0.00321156 -6261
0.00324806 -6102
0.00328495 -5945
0.00331497 -5792
0.00334609 -5639
0.00337795 -5489
0.00340732 -5341
0.00344688 -5193
0.00348101 -5047
0.00351095 -4902
0.00354182 -4759
0.00357194 -4617
0.00360268 -4476
0.00363162 -4338
0.00370876 -4202
0.00376797 -4067
0.00381263 -3933
0.00384922 -3801
0.00388455 -3673
0.003918 -3548
0.00394697 -3426
0.00397768 -3307
0.00401002 -3189
0.00403462 -3073
0.00406123 -2958
0.0040904 -2843
0.00411433 -2730
0.00414714 -2619
0.00417374 -2514
0.00420239 -2414
0.00423017 -2315
0.00425814 -2219
0.00428311 -2123
0.00430785 -2028
0.00433671 -1933
0.00436274 -1838
0.00439354 -1744
0.00442083 -1654
0.00444813 -1572
0.00447547 -1491
0.00449923 -1412
0.00452772 -1334
0.00455334 -1258
0.00457659 -1184
0.00460758 -1110
0.00463677 -1036
0.00466358 -963
0.00469762 -891
0.00473086 -822
0.004758 -753
0.00478569 -688
0.00481932 -623
0.00486031 -558
0.00489864 -494
0.00493213 -430
0.00496346 -368
0.00499377 -309
0.00502448 -252
0.00505871 -199
0.00508835 -146
0.0051141 -93
0.00514193 -41
0.00516779 11
0.00519376 60
0.00521978 108
0.00524935 155
0.00527898 200
0.00530543 242
0.00533254 284
0.0053626 325
0.00539291 366
0.00542125 406
0.00544609 444
0.00547114 480
0.00549787 516
0.00552562 547
0.00555599 573
0.00558603 597
0.00561488 620
0.0056462 643
0.00567494 665
0.00570991 687
0.00573811 708
0.0057629 727
0.00578912 746
0.00581889 765
0.00584733 783
0.0058756 808
0.00590553 826
0.00595999 841
0.00598799 860
0.00602216 879
0.00605362 893
0.00608052 907
0.00610584 920
0.00612859 944
0.00615229 963
0.00617704 975
0.00620549 986
0.00623273 1000
0.00626116 1011
0.0062855 1021
0.00631052 1033
0.00633238 1044
0.00635753 1054
0.00638408 1067
0.006412 1077
0.00643981 1086
0.00646708 1095
0.00649042 1115
0.00651328 1126
0.00653907 1135
0.00656043 1143
0.00658319 1149
0.00660671 1155
0.00663486 1160
0.00666239 1167
0.00668748 1172
0.00671611 1176
0.00676358 1180
0.00680853 1183
0.00684623 1187
0.00687925 1192
0.00691094 1195
0.0069384 1198
0.00696534 1210
0.00699297 1212
0.00702509 1214
0.00705737 1216
0.00708314 1217
0.00711145 1218
0.00713804 1219
0.00716283 1220
0.0072447 1232
0.00727514 1240
0.00730775 1243
0.00733712 1250
0.00758155 1253
0.00761015 1254
0.00763465 1255
0.00783417 1258
0.00786283 1262
0.00788962 1264
0.00794675 1266
0.00809852 1267
0.00893761 1275
0.0089641 1277
0.00899611 1279
0.00902647 1281
0.00905257 1282
0.00908154 1283
0.00966437 1284
0.0102062 1286
0.0102365 1289
0.0102797 1291
0.0103258 1293
0.0103642 1294
0.0103965 1297
0.0104315 1300
2 1300
