0 -39848
6.6e-08 -39238
5.515e-06 -38686
1.1595e-05 -38149
2.2682e-05 -37621
3.4785e-05 -37098
4.829e-05 -36577
7.1076e-05 -36062
8.7056e-05 -35552
9.8717e-05 -35044
0.000108166 -34537
0.000117361 -34035
0.000126434 -33536
0.000135629 -33037
0.000145247 -32543
0.000155007 -32060
0.000164211 -31582
0.000173745 -31117
0.000183806 -30652
0.000193509 -30188
0.000203193 -29725
0.000213612 -29266
0.000223597 -28808
0.000233357 -28351
0.000243794 -27895
0.000253159 -27440
0.000262005 -26989
0.000271483 -26542
0.000281835 -26104
0.000293524 -25667
0.000304319 -25238
0.000314879 -24809
0.000325335 -24384
0.000336281 -23960
0.00034764 -23537
0.000357419 -23115
0.000367865 -22694
0.000376891 -22274
0.000385785 -21854
0.000395686 -21435
0.000406236 -21028
0.000417031 -20623
0.000428381 -20224
0.000441199 -19828
0.000454535 -19432
0.000465133 -19038
0.000475024 -18647
0.000485377 -18257
0.00049556 -17867
0.000505818 -17478
0.000516171 -17094
0.000525921 -16712
0.000536895 -16332
0.000547247 -15956
0.000556866 -15581
0.000568941 -15208
0.000581863 -14836
0.000593956 -14465
0.000605768 -14101
0.000615998 -13740
0.000625654 -13380
0.000636882 -13022
0.000650773 -12669
0.000665643 -12321
0.000679177 -11976
0.000695402 -11635
0.000706837 -11298
0.00072007 -10966
0.000732992 -10636
0.000745612 -10312
0.000756953 -9989
0.000769207 -9674
0.000779691 -9359
0.000793376 -9044
0.00080353 -8731
0.000813111 -8424
0.000825901 -8119
0.000839247 -7814
0.000854842 -7509
0.000866681 -7226
0.000878916 -6945
0.00089261 -6667
0.000909014 -6398
0.000922293 -6130
0.000937794 -5865
0.000951648 -5602
0.000965981 -5342
0.000983129 -5083
0.00100045 -4829
0.00102073 -4581
0.00104344 -4336
0.00105988 -4097
0.00108126 -3871
0.0010998 -3645
0.00111875 -3420
0.00113742 -3200
0.00115614 -2980
0.00117698 -2767
0.00120666 -2559
0.00123177 -2361
0.00125619 -2170
0.00128451 -1985
0.00131105 -1807
0.00133791 -1631
0.00136477 -1458
0.00139696 -1293
0.00142598 -1145
0.00145621 -1013
0.00149126 -887
0.0015246 -763
0.00156355 -647
0.00160337 -531
0.00164376 -429
0.00168342 -332
0.00175003 -244
0.00179095 -170
0.00183096 -106
0.00186866 -52
0.00189641 2
0.00192971 42
0.00197312 79
0.00200645 112
0.00203717 133
0.00207035 145
0.00209993 153
0.00213053 157
0.0021603 163
0.00240577 166
0.00255657 171
0.0025863 174
0.00261288 185
0.00264094 190
0.00266549 195
0.00295089 196
0.0029787 197
0.00305683 208
0.00425783 211
0.00644244 213
0.00659422 214
0.00967997 216
0.0097633 218
2 218
