0 -10185
5.6e-08 -9938
1.9915e-05 -9722
4.494e-05 -9514
7.82e-05 -9307
0.000121746 -9100
0.000162865 -8895
0.000198619 -8695
0.000223766 -8505
0.000243022 -8316
0.00026064 -8128
0.000277525 -7942
0.000294258 -7757
0.000311443 -7572
0.000329438 -7387
0.00034572 -7203
0.000365399 -7023
0.000383874 -6846
0.000402151 -6672
0.000420701 -6510
0.000437434 -6348
0.000453396 -6189
0.000473857 -6034
0.000492661 -5879
0.000511305 -5728
0.000530655 -5579
0.000548602 -5430
0.00057103 -5282
0.000588846 -5136
0.000605617 -4992
0.00062268 -4851
0.00064203 -4711
0.00066137 -4572
0.000681661 -4434
0.000698273 -4297
0.000717086 -4162
0.000734939 -4027
0.000750308 -3896
0.00076724 -3767
0.00078626 -3641
0.000805864 -3519
0.000822438 -3400
0.000840103 -3281
0.0008587 -3164
0.0008774 -3047
0.000892976 -2932
0.000909183 -2820
0.000926556 -2708
0.000944918 -2600
0.000964663 -2495
0.000980352 -2390
0.000997434 -2290
0.0010147 -2191
0.00103096 -2092
0.00104851 -2000
0.00106392 -1910
0.00108097 -1821
0.00109932 -1733
0.00111724 -1645
0.00113543 -1559
0.00115424 -1474
0.00117368 -1391
0.00119132 -1309
0.00120731 -1228
0.00122274 -1148
0.00123651 -1068
0.00125174 -989
0.00126671 -911
0.00128118 -837
0.00129877 -763
0.00131475 -690
0.00132875 -622
0.00135257 -555
0.00136684 -489
0.00138184 -427
0.00140163 -368
0.00142074 -309
0.00143863 -251
0.00145449 -194
0.0014706 -137
0.00148606 -85
0.00150065 -34
0.0015172 16
0.00153211 66
0.00154685 115
0.00156402 162
0.00158708 207
0.00160435 251
0.00162119 294
0.00163717 335
0.00165567 376
0.00167186 414
0.00168799 451
0.00172339 485
0.00176058 519
0.00178299 550
0.00180086 580
0.00182543 609
0.0018427 637
0.00186009 665
0.00187709 693
0.00189407 720
0.00190755 745
0.0019222 770
0.00193848 795
0.00195482 817
0.00196976 838
0.00198476 859
0.00200059 880
0.00201636 897
0.00203289 913
0.00205099 929
0.00206639 945
0.00208702 960
0.00210465 975
0.00211956 989
0.00213484 1009
0.00214955 1023
0.00216369 1036
0.0021784 1049
0.00219401 1069
0.00221053 1090
0.00222514 1103
0.00224252 1116
0.00225915 1129
0.00227481 1141
0.00228979 1152
0.00230623 1163
0.00232091 1173
0.00234047 1181
0.00236076 1202
0.00237619 1210
0.00239064 1218
0.00240497 1226
0.00242165 1239
0.00243642 1254
0.00245075 1262
0.00246783 1270
0.00248303 1293
0.00249962 1300
0.00251527 1306
0.00253139 1312
0.00254683 1317
0.00256178 1321
0.0025779 1326
0.00259428 1333
0.00261069 1343
0.00262738 1347
0.00264217 1351
0.00265768 1365
0.00267314 1376
0.00268823 1380
0.00270184 1383
0.00271755 1395
0.00273312 1399
0.00274929 1402
0.00276446 1420
0.00278096 1428
0.00279861 1431
0.00281565 1434
0.00283175 1440
0.00284676 1443
0.00286303 1445
0.00287944 1446
0.00289493 1448
0.00291007 1449
0.00301222 1452
0.0030184 1454
0.00305823 1455
0.0030928 1457
0.00309722 1460
0.00310834 1461
0.00313463 1470
0.0031447 1476
0.00316546 1477
0.00324352 1480
0.00327081 1483
0.00327864 1492
0.00328306 1493
0.00334612 1496
0.00335507 1498
0.00340718 1503
0.00343537 1505
0.00344599 1506
0.00346272 1507
0.00347252 1515
0.003688 1517
0.00371296 1519
0.0037213 1521
0.00373994 1524
0.00376313 1525
0.00377026 1526
0.00378185 1527
0.00381318 1533
0.00382011 1536
0.00383144 1538
0.00383907 1540
0.0038538 1545
0.00396602 1554
0.00399739 1556
0.00401467 1558
0.00402737 1560
0.00403708 1562
0.00405465 1563
0.00417723 1569
0.00420262 1580
0.00425496 1583
0.00426111 1584
0.0042723 1589
0.00428876 1591
0.00443137 1592
0.00443669 1596
0.00445808 1601
0.00446852 1602
0.00447669 1603
0.00467775 1604
0.0046859 1607
0.00469148 1609
0.00469627 1610
0.00470662 1613
0.0047326 1614
0.00475651 1636
0.00538931 1639
0.00542283 1640
0.00565134 1644
0.00568338 1645
2 1645
