0 -13104
5.6e-08 -12715
3.303e-06 -12359
6.24e-06 -12029
8.734e-06 -11712
1.631e-05 -11396
2.3359e-05 -11085
2.8432e-05 -10780
3.2733e-05 -10490
3.7109e-05 -10203
4.1316e-05 -9916
4.509e-05 -9635
5.2694e-05 -9363
5.7758e-05 -9092
6.2746e-05 -8827
6.7508e-05 -8565
7.1301e-05 -8307
7.6336e-05 -8052
8.0863e-05 -7797
8.5597e-05 -7546
9.0284e-05 -7301
9.4839e-05 -7058
9.8716e-05 -6816
0.000103554 -6581
0.000108335 -6348
0.00011257 -6128
0.000116852 -5910
0.00012152 -5693
0.000126395 -5477
0.000131111 -5262
0.000135157 -5055
0.000140193 -4850
0.000145614 -4645
0.000150978 -4449
0.000155496 -4257
0.000160578 -4066
0.000166074 -3877
0.000171476 -3692
0.000177481 -3514
0.000183805 -3336
0.00018996 -3165
0.000197226 -2997
0.000203513 -2836
0.000209658 -2676
0.00021555 -2517
0.000222787 -2358
0.00022803 -2199
0.000235587 -2046
0.000241846 -1896
0.000249412 -1759
0.000255718 -1623
0.000263445 -1496
0.000269845 -1373
0.000278315 -1252
0.000285326 -1136
0.000293816 -1021
0.000301166 -911
0.000310982 -805
0.000320873 -707
0.000329673 -609
0.000339141 -512
0.000348298 -421
0.000359602 -332
0.000369361 -249
0.000380081 -171
0.000390509 -98
0.000417887 -29
0.000431693 23
0.000443335 69
0.000453189 107
0.000465179 140
0.000476878 166
0.000489141 189
0.000500811 199
0.00051137 205
0.0005213 210
0.000530118 217
0.000541581 220
0.000552649 237
0.000561129 240
0.000572225 242
0.000854389 246
0.000864497 247
0.000874332 248
0.000893654 250
0.000904788 252
0.000913427 259
0.000932758 260
0.000952024 276
2 276
