452 0.0350774
445 0.036993
468 0.0364645
452 0.025847
417 0.0269823
454 0.0297448
469 0.0445621
489 0.0306086
446 0.0320636
445 0.0462038
170 0.0441079
163 0.0638939
157 0.0447517
161 0.0527725
168 0.044337
171 0.0554552
169 0.143553
178 0.0637808
167 0.0898661
162 0.0462873
1791 0.0194657
1732 0.0174034
1640 0.0181392
1678 0.0210243
1900 0.0199849
1713 0.0174157
1799 0.0203205
1798 0.017449
1720 0.019828
1829 0.0130564
1588 0.0417431
1525 0.0406545
1381 0.0248424
1366 0.0243412
1578 0.0317351
1355 0.0469487
1277 0.0219684
1516 0.0262259
1300 0.0244812
1282 0.0280299
