0 -8556
5.6e-08 -8235
5.322e-06 -7957
9.16e-06 -7706
1.157e-05 -7456
1.85e-05 -7226
2.6771e-05 -7001
3.146e-05 -6781
3.8569e-05 -6563
4.6009e-05 -6347
5.1189e-05 -6143
5.5358e-05 -5940
5.9243e-05 -5742
6.4414e-05 -5554
6.8829e-05 -5370
7.4463e-05 -5189
7.9076e-05 -5015
8.4219e-05 -4841
8.9267e-05 -4671
9.3757e-05 -4506
9.8144e-05 -4343
0.000102984 -4181
0.000108854 -4026
0.000113902 -3872
0.000119555 -3720
0.000124537 -3571
0.000129803 -3427
0.000134605 -3288
0.000139152 -3156
0.000143841 -3026
0.000149456 -2896
0.000155544 -2769
0.000171274 -2643
0.000180775 -2521
0.000188234 -2399
0.000193688 -2280
0.000199313 -2162
0.000205098 -2051
0.000211697 -1941
0.000219042 -1836
0.000226614 -1732
0.000232645 -1629
0.000239565 -1529
0.000245832 -1431
0.000252043 -1335
0.0002585 -1242
0.000265032 -1153
0.000270969 -1066
0.00027803 -982
0.000284997 -902
0.000292409 -822
0.000299745 -744
0.000306343 -673
0.00031349 -603
0.000321516 -543
0.000328568 -483
0.00033544 -425
0.000342332 -369
0.000349507 -314
0.000357079 -259
0.000365492 -208
0.000385212 -159
0.000391782 -111
0.000398503 -68
0.000403409 -32
0.000410225 0
0.000417051 32
0.000424112 63
0.00042968 93
0.000435466 118
0.000440958 140
0.00044646 161
0.00045129 182
0.000457917 202
0.000465347 220
0.000470745 236
0.000475254 251
0.000480161 273
0.000486428 287
0.000492148 302
0.00049919 317
0.000505127 329
0.0005113 340
0.000517029 353
0.000523117 364
0.000528599 376
0.000533969 393
0.000538828 404
0.000543971 426
0.000549898 438
0.000555494 453
0.000561762 476
0.000566413 497
0.000571943 517
0.000577974 524
0.000583618 533
0.000588581 535
0.000612233 539
0.000617583 541
0.000623822 551
0.000629901 554
0.000639222 555
0.000644658 563
0.000651246 572
0.000662827 573
0.000674256 578
0.000685666 579
0.000691801 581
0.000698031 582
0.000702909 587
0.000724046 598
0.00072986 604
0.00073488 612
0.000741242 615
0.000744352 621
0.000773289 622
0.000828732 629
0.000836323 630
0.000845049 638
0.000854653 639
0.000860675 641
0.000862651 643
0.000876982 649
0.000887324 656
0.000891823 682
0.000899159 685
0.000956087 692
0.0010066 695
0.00110311 701
0.00111698 704
0.00113215 705
0.00120357 709
0.0012062 710
0.00202858 711
0.00203233 713
0.00223862 714
2 714
