0 -18156
4.7e-08 -17870
5.893e-06 -17599
1.1335e-05 -17349
1.5877e-05 -17106
1.9874e-05 -16879
2.4238e-05 -16655
4.5679e-05 -16432
6.1265e-05 -16217
7.5481e-05 -16002
8.9304e-05 -15788
0.000102563 -15574
0.000115756 -15360
0.000128574 -15148
0.000141795 -14937
0.000155139 -14726
0.000168032 -14516
0.000180822 -14308
0.000191885 -14107
0.000204581 -13906
0.000217493 -13706
0.000229345 -13507
0.00024236 -13309
0.000255309 -13113
0.00026671 -12919
0.000279969 -12729
0.000293219 -12539
0.000306271 -12349
0.000320281 -12161
0.000334225 -11974
0.000347644 -11788
0.000360884 -11604
0.000373805 -11420
0.000391015 -11237
0.000403852 -11055
0.000416801 -10874
0.00042961 -10696
0.000441405 -10518
0.000454777 -10341
0.000467482 -10165
0.000479643 -9989
0.00049279 -9815
0.000506743 -9642
0.000519983 -9470
0.000531779 -9298
0.000544972 -9130
0.00055824 -8963
0.000570946 -8796
0.000584167 -8631
0.000598487 -8466
0.00061062 -8302
0.000624526 -8139
0.000638442 -7976
0.000651129 -7815
0.000663862 -7656
0.000677684 -7500
0.000690821 -7344
0.000704127 -7189
0.000718034 -7035
0.000730636 -6882
0.000744008 -6730
0.000756882 -6579
0.000770554 -6429
0.000782903 -6280
0.000796171 -6133
0.000809552 -5987
0.000824031 -5844
0.000836671 -5702
0.000850183 -5562
0.000864521 -5423
0.00088038 -5284
0.000892269 -5146
0.000907198 -5009
0.000921405 -4877
0.000934899 -4745
0.000949237 -4614
0.000962815 -4485
0.000978692 -4357
0.00099197 -4229
0.00100526 -4101
0.0010192 -3974
0.00103367 -3850
0.00107413 -3727
0.00109895 -3605
0.00111654 -3485
0.00113166 -3366
0.00114703 -3248
0.00116295 -3131
0.00117697 -3016
0.001189 -2902
0.00120277 -2790
0.0012144 -2680
0.00122992 -2571
0.001245 -2462
0.00126093 -2356
0.00127737 -2253
0.00129355 -2151
0.00131168 -2050
0.00132546 -1952
0.00134345 -1854
0.00136219 -1757
0.00139744 -1662
0.00142168 -1569
0.00144164 -1478
0.00145903 -1391
0.00147949 -1306
0.00149787 -1223
0.00151815 -1143
0.00153685 -1064
0.00155755 -987
0.00157625 -912
0.00160128 -837
0.00166849 -763
0.00170264 -690
0.00173299 -619
0.00176212 -554
0.0017853 -489
0.00181183 -430
0.00183853 -377
0.00186362 -329
0.00189845 -282
0.00193959 -241
0.00197506 -202
0.00200497 -164
0.00203749 -130
0.00207308 -98
0.00211076 -66
0.00214731 -39
0.00218212 -13
0.00222771 10
0.00226536 28
0.00230317 49
0.00233968 68
0.00237731 85
0.00241536 101
0.00245051 113
0.00248458 126
0.00251769 139
0.00254794 151
0.00257788 166
0.002609 184
0.0026356 195
0.00266566 211
0.00270014 222
0.00273066 234
0.00276582 245
0.00279833 263
0.00282887 274
0.00286361 285
0.00289552 295
0.00293115 305
0.00297102 313
0.00300783 325
0.00303908 335
0.00307697 344
0.00311568 351
0.0031549 358
0.00318595 367
0.00321933 370
0.00325442 379
0.00328376 383
0.00331655 386
0.00334776 391
0.00338347 392
0.00341709 404
0.0034482 412
0.00348044 417
0.00351216 425
0.00354295 433
0.00357496 435
0.00361103 440
0.00365395 441
0.00369623 447
0.0037376 451
0.00387638 453
0.00391146 457
0.00394666 462
0.00491644 463
0.00495208 468
0.00502532 470
0.00506724 471
0.0225925 472
2 472
