0 -29654
6.5e-08 -29394
9.045e-06 -29138
1.7631e-05 -28888
2.7944e-05 -28647
3.8529e-05 -28408
5.0052e-05 -28171
6.225e-05 -27941
8.0971e-05 -27712
0.000100292 -27485
0.000122259 -27261
0.000144564 -27038
0.00016669 -26815
0.000192608 -26602
0.000213458 -26391
0.000233717 -26181
0.000254746 -25972
0.000276685 -25763
0.000297995 -25554
0.000319849 -25346
0.000341526 -25138
0.000362629 -24930
0.000384155 -24725
0.000405916 -24526
0.000434489 -24328
0.00045701 -24130
0.000478808 -23933
0.000500062 -23738
0.000521081 -23543
0.00054287 -23349
0.000565147 -23155
0.000586935 -22962
0.000608321 -22770
0.000630081 -22579
0.000650256 -22389
0.000672232 -22199
0.000693289 -22010
0.000714665 -21822
0.000736163 -21634
0.000761499 -21446
0.000789856 -21258
0.000812189 -21071
0.000834288 -20884
0.000856377 -20697
0.000878681 -20510
0.000905791 -20326
0.000932121 -20143
0.000953919 -19960
0.000976318 -19778
0.0010053 -19596
0.00103294 -19414
0.00106229 -19233
0.00108668 -19053
0.00111504 -18873
0.00114396 -18694
0.00116523 -18517
0.00119314 -18340
0.00122343 -18164
0.00125077 -17989
0.00127163 -17814
0.00129416 -17640
0.00131641 -17466
0.00133774 -17292
0.00136053 -17118
0.00138344 -16945
0.00140733 -16772
0.00143006 -16599
0.0014583 -16427
0.00148134 -16256
0.0015043 -16087
0.00152742 -15918
0.00155018 -15750
0.00157223 -15582
0.00159529 -15416
0.00161864 -15250
0.00164177 -15084
0.00166511 -14919
0.00170568 -14755
0.001735 -14591
0.00175841 -14427
0.00178197 -14263
0.00180796 -14100
0.00185553 -13937
0.00188791 -13774
0.001913 -13613
0.00193587 -13452
0.0019593 -13292
0.00198297 -13132
0.00200648 -12972
0.00202985 -12813
0.00205725 -12654
0.00208172 -12496
0.00210664 -12339
0.00213049 -12182
0.00215499 -12027
0.00217844 -11873
0.00220284 -11719
0.00222734 -11566
0.00225156 -11414
0.00227542 -11262
0.00229977 -11110
0.0023242 -10959
0.00234863 -10808
0.00237303 -10659
0.00239712 -10510
0.00242248 -10361
0.00244766 -10213
0.00247289 -10065
0.00249794 -9918
0.00252077 -9772
0.00254623 -9626
0.00256945 -9481
0.00259285 -9336
0.00261819 -9191
0.00264346 -9048
0.00266848 -8905
0.00269414 -8762
0.00271965 -8620
0.00274521 -8479
0.00277147 -8338
0.00279713 -8198
0.00282234 -8059
0.00284895 -7922
0.00287531 -7785
0.00290201 -7648
0.00292847 -7511
0.00295485 -7374
0.00298242 -7238
0.00301191 -7104
0.00304355 -6971
0.00308678 -6840
0.0031174 -6710
0.00314542 -6580
0.00317222 -6451
0.00319924 -6322
0.0032262 -6193
0.00325444 -6065
0.00328234 -5937
0.00331019 -5809
0.00333771 -5681
0.00336286 -5557
0.00338994 -5433
0.00341862 -5314
0.00344701 -5195
0.00347635 -5077
0.00350666 -4960
0.00353588 -4843
0.00356369 -4726
0.00359459 -4612
0.00362044 -4498
0.00364649 -4385
0.00367481 -4272
0.00370716 -4159
0.00375559 -4047
0.00379534 -3935
0.00383286 -3823
0.00386881 -3713
0.00390512 -3604
0.0039422 -3495
0.00397687 -3386
0.00400851 -3278
0.00404323 -3170
0.00407821 -3063
0.00411253 -2959
0.00414821 -2855
0.0041844 -2753
0.00421998 -2652
0.00425321 -2553
0.00429075 -2455
0.00432658 -2357
0.00436155 -2261
0.00439702 -2166
0.00443308 -2073
0.00447205 -1981
0.00451343 -1891
0.00455415 -1802
0.0045953 -1717
0.00463839 -1633
0.00467965 -1552
0.0047209 -1471
0.00476578 -1391
0.00480962 -1315
0.0048573 -1241
0.00491235 -1167
0.00496307 -1095
0.00501808 -1024
0.00507726 -955
0.00514507 -890
0.0052186 -827
0.00528824 -764
0.00535775 -703
0.00542521 -644
0.00550017 -586
0.00557091 -529
0.00565672 -474
0.00576763 -423
0.00585685 -374
0.00594172 -326
0.0060269 -282
0.00611383 -238
0.00619438 -195
0.00627841 -152
0.00636234 -116
0.00644983 -81
0.00653875 -51
0.00662904 -24
0.00671773 3
0.00681041 23
0.00692193 40
0.00702205 57
0.00711672 73
0.00719966 91
0.00729512 110
0.00737319 127
0.00744759 138
0.00754277 150
0.00762295 159
0.00770936 169
0.00789105 177
0.00798485 184
0.00806645 191
0.00814563 203
0.00825254 214
0.00833626 224
0.00841663 232
0.00849313 239
0.00856578 247
0.00865854 256
0.00874719 264
0.00883414 274
0.00891592 286
0.00899402 292
0.00907192 300
0.00915254 304
0.00922805 310
0.00930112 316
0.00937541 326
0.00945404 331
0.00952865 338
0.00961273 342
0.00971743 344
0.00981025 347
0.00990163 349
0.00998731 353
0.0100675 355
0.010148 365
0.0102271 369
0.0103046 373
0.0103901 375
0.0107629 376
0.0111275 380
0.0117233 382
0.0118009 384
0.0119633 385
0.0122194 390
0.012304 391
0.0128312 393
0.0129376 396
0.0136572 397
0.0137668 399
0.0138496 400
0.0282081 401
0.0282911 402
0.0669261 407
2 407
