0 -8186
5.6e-08 -7934
1.9089e-05 -7692
3.1522e-05 -7469
4.8987e-05 -7247
6.6811e-05 -7027
9.5511e-05 -6823
0.000131942 -6619
0.000158405 -6417
0.000177956 -6217
0.000194685 -6034
0.000211943 -5856
0.000226953 -5685
0.00024541 -5518
0.000260109 -5351
0.000276479 -5190
0.000293529 -5038
0.000308747 -4890
0.000322927 -4742
0.00033789 -4595
0.000351712 -4450
0.000368299 -4312
0.000389389 -4177
0.000408563 -4045
0.000426689 -3915
0.000444948 -3786
0.00050483 -3659
0.000533208 -3536
0.000554469 -3415
0.00057251 -3299
0.000591741 -3185
0.00061031 -3071
0.000628059 -2961
0.000648649 -2857
0.000668342 -2755
0.000692463 -2654
0.000712647 -2554
0.000732539 -2456
0.000753695 -2359
0.000771462 -2267
0.000790079 -2176
0.000811878 -2089
0.000831109 -2003
0.000846818 -1918
0.000865869 -1835
0.000884533 -1758
0.000902895 -1682
0.000920115 -1607
0.000939006 -1534
0.000955367 -1461
0.000971822 -1389
0.000988192 -1318
0.00100517 -1248
0.00102243 -1179
0.00104066 -1111
0.00105803 -1046
0.00107723 -984
0.00109466 -924
0.00111374 -864
0.00113308 -804
0.00114858 -747
0.00116215 -691
0.00117428 -639
0.00118936 -588
0.00120329 -538
0.00123224 -489
0.00124402 -440
0.00125454 -392
0.00126769 -345
0.00128126 -299
0.00129774 -253
0.00131385 -210
0.00133107 -167
0.00134556 -128
0.00135905 -90
0.00137589 -52
0.00139378 -14
0.00141211 22
0.00143123 57
0.00144956 92
0.00146831 126
0.00148619 157
0.00150465 187
0.00152316 214
0.00154038 241
0.00155744 267
0.00157668 292
0.00159217 316
0.00160487 340
0.00161795 363
0.00163036 385
0.00164737 407
0.00165999 428
0.00167362 449
0.00168639 469
0.00169721 494
0.00171222 514
0.00172448 535
0.00173745 554
0.0017501 573
0.00177402 592
0.00180214 611
0.00181898 629
0.00183345 646
0.00184644 662
0.00185927 678
0.00187237 695
0.00188436 718
0.00189677 738
0.00190818 757
0.00191906 772
0.00193165 790
0.00194474 805
0.00195753 820
0.00196933 835
0.00198278 849
0.00199722 869
0.0020099 886
0.00203669 902
0.00205856 915
0.00207182 935
0.00208532 947
0.0020935 958
0.00210154 969
0.00210955 979
0.00211882 989
0.00212737 998
0.00213735 1021
0.00215388 1029
0.00216395 1043
0.00217134 1051
0.0021745 1059
0.00217835 1066
0.00218269 1075
0.00218983 1081
0.00219278 1087
0.00219865 1103
0.00220966 1108
0.0022127 1111
0.00221669 1113
0.00222294 1116
0.00222662 1118
0.00223173 1130
0.00224298 1132
0.00224721 1139
0.00225397 1140
0.00225681 1141
0.00226183 1143
0.00226685 1149
0.00228965 1161
0.00230174 1162
0.00231933 1168
0.00232794 1169
0.00233024 1170
0.00233968 1171
0.00234345 1172
0.00247022 1173
0.00291122 1175
0.00292467 1176
0.0032299 1178
0.00324407 1179
0.00324795 1181
0.00335653 1185
0.00374811 1187
0.0040952 1188
2 1188
