0 -3380
4.7e-08 -3164
6.337e-06 -2975
1.0984e-05 -2787
1.9399e-05 -2606
2.7511e-05 -2458
3.5615e-05 -2318
4.1527e-05 -2181
4.9215e-05 -2044
5.4192e-05 -1911
5.9122e-05 -1786
6.3891e-05 -1671
6.815e-05 -1561
7.2429e-05 -1459
7.7066e-05 -1358
8.1571e-05 -1260
8.6029e-05 -1162
9.0401e-05 -1068
9.4623e-05 -975
9.8675e-05 -882
0.000103142 -796
0.000107354 -716
0.000111236 -642
0.000115495 -581
0.000119679 -521
0.000123598 -462
0.000127433 -404
0.000131843 -353
0.000136112 -303
0.000140428 -254
0.000144102 -206
0.0001477 -159
0.000151327 -112
0.00015518 -66
0.000159298 -21
0.000163368 24
0.000167401 68
0.000171207 109
0.000175476 149
0.000179329 184
0.000183069 219
0.000186611 249
0.000190256 279
0.000194733 310
0.000198662 338
0.000203422 366
0.000208323 394
0.000212111 421
0.000215794 446
0.000219609 470
0.000223491 504
0.000227269 528
0.00023081 552
0.000234919 572
0.0002388 592
0.000242682 617
0.000246932 642
0.000250663 661
0.000254809 679
0.000258407 696
0.000262317 712
0.000266255 728
0.000269542 743
0.000272092 758
0.000275586 777
0.000281763 790
0.000283246 802
0.000285257 812
0.000287325 818
0.000289715 824
0.000290952 830
0.000293096 839
0.00029642 845
0.000297469 847
0.000299792 850
0.000301615 851
0.000306129 852
0.000307952 856
0.000311975 868
0.000315866 870
0.000326293 879
0.000330042 882
0.000331081 884
0.000332781 886
0.000342339 887
0.000433864 898
0.000572441 900
0.000574198 905
0.000623072 906
0.000631289 907
2 907
