0 -8244
5.7e-08 -7996
1.4686e-05 -7768
3.2243e-05 -7557
4.5824e-05 -7349
7.1097e-05 -7156
9.961e-05 -6964
0.000115118 -6772
0.000127386 -6587
0.000138294 -6403
0.000149316 -6220
0.000159364 -6048
0.000171104 -5877
0.00018222 -5709
0.000192911 -5541
0.000204074 -5375
0.000214727 -5211
0.000225239 -5050
0.000235656 -4891
0.000247206 -4739
0.000257491 -4595
0.000267625 -4454
0.000278354 -4316
0.000288516 -4180
0.000299311 -4045
0.000311428 -3913
0.000321883 -3783
0.000332253 -3659
0.000344124 -3538
0.000355675 -3419
0.000368075 -3301
0.00037938 -3186
0.000390231 -3073
0.0004008 -2961
0.000410603 -2850
0.000420718 -2739
0.000432514 -2628
0.000442808 -2521
0.000453395 -2416
0.000464473 -2314
0.000474466 -2216
0.000484429 -2120
0.000495092 -2025
0.00050532 -1931
0.000516153 -1839
0.000528695 -1748
0.000538111 -1660
0.000547914 -1574
0.000558095 -1490
0.000567917 -1407
0.00057858 -1326
0.000588327 -1245
0.000598914 -1173
0.000609463 -1101
0.000620598 -1034
0.000630297 -967
0.000640526 -900
0.000650149 -835
0.000660378 -770
0.000670096 -710
0.000679814 -652
0.000689636 -594
0.000699071 -537
0.000708383 -481
0.000718205 -426
0.000728981 -373
0.000739361 -320
0.000747983 -269
0.000757239 -218
0.000766627 -169
0.0007766 -122
0.000785846 -75
0.00079461 -29
0.000829432 16
0.000846696 60
0.00085768 96
0.000866992 132
0.000876342 167
0.000885521 199
0.000894938 239
0.000904627 271
0.000915696 301
0.000926321 331
0.000935784 360
0.00094487 388
0.000953549 415
0.000962729 442
0.000971805 468
0.000981448 494
0.00099058 519
0.00100003 543
0.00100831 565
0.00101653 592
0.00102587 614
0.00103495 635
0.00104289 656
0.00105221 676
0.00106113 695
0.00107022 714
0.0010801 733
0.00108881 756
0.00111839 774
0.00113318 794
0.00114284 812
0.0011521 829
0.00116018 846
0.00116885 862
0.00117748 878
0.00118643 894
0.0011954 919
0.00120388 934
0.00121256 949
0.00122055 964
0.00122937 986
0.00123873 1004
0.00124735 1022
0.00125719 1038
0.0012672 1061
0.00127622 1083
0.00128611 1100
0.00129609 1115
0.00130481 1131
0.00131584 1147
0.00135699 1157
0.00136532 1169
0.00137732 1179
0.00138108 1188
0.00138603 1196
0.00139068 1203
0.00139755 1222
0.00140586 1229
0.00140829 1236
0.00141075 1242
0.00141366 1245
0.00141984 1248
0.00142644 1257
0.00142847 1261
0.00143102 1267
0.0014362 1269
0.00143957 1273
0.00144365 1278
0.00144558 1280
0.00144968 1289
0.00149812 1290
0.00150396 1292
0.00152575 1293
0.00153104 1295
0.00159333 1296
0.00159564 1299
0.00161681 1307
0.00183121 1312
0.00199534 1314
0.0020007 1315
0.00216773 1318
0.00217066 1321
0.00239955 1322
0.00246032 1323
0.00246705 1325
0.00247655 1326
0.0025851 1329
2 1329
