655 0.00105283
687 0.000731452
740 0.000908988
706 0.00111441
684 0.000961509
656 0.000511503
702 0.000908224
638 0.000945301
678 0.000665324
686 0.000912515
418 0.0311803
441 0.0190903
437 0.0175766
443 0.0201032
457 0.0177701
453 0.0391354
430 0.0261885
444 0.0332558
390 0.0205823
446 0.0100045
817 0.000678534
846 0.000825046
874 0.00135931
895 0.00144665
812 0.000697395
861 0.0007687
823 0.000509649
883 0.000960111
854 0.000733242
825 0.000618136
805 0.000581844
773 0.00137212
785 0.000576324
828 0.00062822
830 0.000775234
851 0.000632973
810 0.00100055
804 0.000906729
767 0.000964476
787 0.000632168
