0 -180005
6.6e-08 -178828
1.3872e-05 -177661
3.8241e-05 -176510
5.9774e-05 -175410
8.3925e-05 -174341
0.000122507 -173283
0.00015834 -172254
0.000204081 -171228
0.000250106 -170204
0.00029617 -169200
0.000342328 -168203
0.00038878 -167206
0.000438371 -166212
0.000484245 -165228
0.000529711 -164256
0.000575016 -163290
0.000628466 -162327
0.000675724 -161365
0.000721446 -160404
0.000771824 -159454
0.000816626 -158507
0.000860708 -157561
0.000905776 -156617
0.000950749 -155677
0.000995883 -154741
0.00104113 -153806
0.00108578 -152876
0.00113084 -151948
0.00117562 -151021
0.00122035 -150094
0.00126562 -149169
0.00131048 -148245
0.00135579 -147323
0.00140123 -146401
0.00144658 -145480
0.00149986 -144560
0.00154626 -143640
0.00159178 -142722
0.00163789 -141804
0.00168415 -140890
0.00173013 -139976
0.00177676 -139062
0.00183199 -138150
0.0018797 -137246
0.0019264 -136343
0.00197302 -135444
0.00201896 -134545
0.00206554 -133647
0.00211172 -132750
0.00215791 -131854
0.0022047 -130958
0.00225149 -130064
0.00229767 -129179
0.00234436 -128298
0.00239088 -127425
0.00243685 -126552
0.0024843 -125679
0.00254987 -124809
0.00259737 -123943
0.00264427 -123077
0.00269103 -122214
0.00273817 -121353
0.00278537 -120492
0.00283229 -119636
0.00287947 -118780
0.00293509 -117931
0.00298552 -117083
0.00303925 -116238
0.00309437 -115393
0.00315613 -114549
0.00321602 -113706
0.00332403 -112866
0.00338825 -112027
0.00345706 -111190
0.00351652 -110356
0.00356915 -109525
0.00361686 -108694
0.00366449 -107864
0.00371211 -107036
0.00377114 -106209
0.00381951 -105388
0.00386766 -104568
0.00392472 -103749
0.00398771 -102933
0.00405087 -102118
0.00412074 -101303
0.00419112 -100490
0.00426279 -99679
0.00433516 -98869
0.00440389 -98064
0.0044724 -97260
0.00453144 -96456
0.0045808 -95652
0.00462995 -94850
0.00467926 -94048
0.00472853 -93248
0.00477761 -92449
0.00482664 -91652
0.00487611 -90855
0.00492538 -90059
0.0049746 -89264
0.00502494 -88470
0.00507508 -87676
0.00512345 -86883
0.00517339 -86094
0.00522294 -85306
0.00527265 -84519
0.00532293 -83733
0.00537322 -82950
0.00542386 -82168
0.00547407 -81386
0.00552467 -80605
0.00557597 -79824
0.00563823 -79047
0.00569197 -78271
0.00574344 -77495
0.00579716 -76720
0.0058732 -75945
0.00594668 -75172
0.00600013 -74401
0.00605258 -73630
0.00610574 -72860
0.00615791 -72090
0.00621095 -71324
0.0062639 -70560
0.00631705 -69799
0.0063703 -69039
0.00642327 -68279
0.00649706 -67523
0.00655545 -66768
0.00660896 -66013
0.00666254 -65259
0.0067168 -64508
0.00677149 -63759
0.00682556 -63011
0.00687987 -62263
0.00693384 -61519
0.00698875 -60776
0.00704278 -60036
0.00710505 -59298
0.00715943 -58561
0.00721418 -57824
0.00729446 -57091
0.00735007 -56358
0.00740566 -55626
0.00746138 -54896
0.00751587 -54167
0.00758395 -53441
0.00764093 -52716
0.00769803 -51993
0.00775424 -51271
0.00781267 -50551
0.00787171 -49832
0.00793015 -49114
0.0079881 -48397
0.00805034 -47684
0.00810947 -46972
0.0081686 -46260
0.00822751 -45554
0.0082879 -44849
0.00834839 -44144
0.00840907 -43441
0.0084705 -42740
0.00853185 -42041
0.00859422 -41343
0.00865801 -40646
0.0087295 -39955
0.00880682 -39270
0.00887271 -38594
0.00894573 -37920
0.00902115 -37247
0.00910095 -36577
0.00917728 -35908
0.00925233 -35241
0.00931908 -34579
0.00938553 -33922
0.00946573 -33266
0.00953634 -32614
0.00961599 -31967
0.00969274 -31321
0.00977357 -30675
0.00987058 -30029
0.00997232 -29387
0.0100528 -28751
0.0101298 -28116
0.0102082 -27490
0.0102867 -26869
0.0103646 -26249
0.0104426 -25633
0.0105196 -25020
0.0105952 -24409
0.010671 -23801
0.0107475 -23194
0.0108258 -22594
0.0109081 -22005
0.0109889 -21419
0.011078 -20834
0.0111671 -20252
0.0112525 -19671
0.0113628 -19097
0.0114516 -18525
0.0115405 -17955
0.0116268 -17393
0.0117116 -16836
0.0118016 -16281
0.0118883 -15740
0.011978 -15201
0.0120671 -14665
0.0121556 -14140
0.0122492 -13616
0.0123479 -13094
0.0124559 -12585
0.0125637 -12082
0.012671 -11581
0.0128033 -11100
0.0129516 -10622
0.0130915 -10155
0.0132207 -9689
0.0133662 -9226
0.01354 -8768
0.0137031 -8325
0.0138445 -7890
0.0139994 -7467
0.0141522 -7049
0.0143052 -6639
0.0144642 -6250
0.0146351 -5862
0.0148287 -5483
0.0150465 -5115
0.0153014 -4750
0.0155079 -4400
0.0157431 -4079
0.0159506 -3759
0.0161588 -3445
0.0163686 -3148
0.0165806 -2869
0.0167977 -2591
0.0170189 -2325
0.0172553 -2064
0.0174782 -1823
0.0177005 -1606
0.0179175 -1399
0.01813 -1207
0.0183515 -1026
0.0185654 -864
0.0187794 -703
0.0190106 -560
0.0192361 -424
0.0194561 -307
0.0196274 -200
0.0197875 -107
0.019938 -26
0.0200788 51
0.0202095 91
0.0203364 98
0.0204627 102
0.0223912 104
0.0226056 112
0.0227321 114
0.0230791 117
0.023192 120
0.0233919 131
0.0234872 138
0.0366275 154
2 154
