0 -4149
5.7e-08 -3943
5.14e-06 -3742
1.0772e-05 -3554
1.9354e-05 -3373
2.9643e-05 -3193
3.8196e-05 -3014
4.5213e-05 -2845
5.1282e-05 -2678
5.7901e-05 -2519
6.2443e-05 -2363
6.727e-05 -2208
7.1993e-05 -2057
7.7199e-05 -1916
8.3533e-05 -1775
8.7734e-05 -1636
9.2627e-05 -1508
9.8288e-05 -1396
0.000103323 -1292
0.000108368 -1193
0.000113394 -1096
0.000118496 -1005
0.000124896 -915
0.000131165 -833
0.000137442 -754
0.000142762 -675
0.000149182 -598
0.000156047 -524
0.000162344 -455
0.000168574 -388
0.000175705 -325
0.000182542 -264
0.000189512 -205
0.000195931 -147
0.000202342 -91
0.000209112 -41
0.000217059 6
0.00022308 49
0.000229889 92
0.000236859 134
0.000242273 175
0.000248266 215
0.000254487 249
0.000261523 281
0.000267336 310
0.00027332 336
0.000279019 358
0.000284519 375
0.000290294 391
0.000295983 406
0.000301948 419
0.000307837 432
0.000313602 444
0.000319453 457
0.000324763 468
0.00033032 479
0.000337081 493
0.000343027 501
0.000348641 509
0.00035506 516
0.000360532 525
0.000370119 530
0.000375259 537
0.000380958 541
0.000386581 546
0.000392346 548
0.000398292 559
0.000404427 560
0.000410088 571
0.00041593 581
0.000423051 583
0.000428172 590
0.000433046 595
0.000438233 601
0.000444691 606
0.000582142 607
0.000584741 631
0.000594811 632
0.000597191 634
0.000644965 638
0.000752196 643
0.000753438 644
0.000754889 647
0.000769786 649
0.000779572 654
0.000783289 656
0.000784702 667
0.000843808 668
0.00105519 672
0.00170914 675
0.00251618 679
0.00251998 681
0.0043173 683
2 683
