0 -2197
1.81e-07 -2030
8.857e-06 -1881
2.0767e-05 -1753
4.0605e-05 -1629
5.4203e-05 -1510
6.9612e-05 -1395
7.9056e-05 -1280
8.8672e-05 -1175
9.6675e-05 -1071
0.000104318 -970
0.00013322 -870
0.000153011 -775
0.000162796 -681
0.000172801 -592
0.000183724 -508
0.000195246 -424
0.000205155 -346
0.000214258 -275
0.00022303 -206
0.000230103 -138
0.000239169 -74
0.000248111 -13
0.000256721 47
0.000266298 102
0.000275819 151
0.000284666 198
0.000293428 237
0.000304219 275
0.000312089 309
0.000319675 343
0.000326114 375
0.000331548 406
0.000337256 436
0.000342974 465
0.000348635 491
0.000353149 513
0.000359028 533
0.000364139 552
0.000369639 570
0.000375006 587
0.000380307 603
0.0003852 628
0.000389988 639
0.000394806 651
0.000402192 666
0.000409447 676
0.000416445 695
0.000424012 704
0.000430251 719
0.000435837 731
0.000441194 740
0.00044604 758
0.000451786 766
0.000458168 776
0.000463345 784
0.000465109 787
0.000466683 790
0.000470562 793
0.000473539 797
0.000474829 798
0.000477598 810
0.000485582 811
0.000489252 813
0.000495861 825
0.000570744 826
0.000596727 829
0.000598168 832
0.00059978 834
0.000601364 835
0.000604256 840
0.000616204 846
0.000626891 851
0.00063258 854
0.000650113 855
0.000651574 858
0.000718075 859
0.000720246 865
0.000726903 871
0.000736338 872
0.000741269 883
0.000744758 886
0.000948737 890
0.00102763 894
0.0010303 895
0.00103222 896
0.00141407 898
0.00146731 899
2 899
