0 -2461
4.7e-08 -2273
2.0349e-05 -2106
2.5205e-05 -1940
3.0297e-05 -1793
3.8565e-05 -1658
4.9575e-05 -1532
5.681e-05 -1407
6.395e-05 -1294
7.1859e-05 -1183
7.8544e-05 -1076
8.5068e-05 -970
9.0425e-05 -868
9.8305e-05 -773
0.000104839 -678
0.00011086 -588
0.000116749 -503
0.000123225 -422
0.000128393 -342
0.000134604 -262
0.000141138 -184
0.000146894 -115
0.000151711 -46
0.000157249 21
0.000162388 76
0.000167879 129
0.000173369 181
0.000179504 233
0.000185052 276
0.000190627 315
0.000195814 354
0.000203125 391
0.000209839 427
0.000216173 462
0.000221398 492
0.000226983 521
0.000233469 548
0.000239187 574
0.00024482 595
0.000250045 610
0.000255706 625
0.000261215 639
0.000266848 651
0.000271693 662
0.000276577 673
0.000281546 683
0.000286097 692
0.000290488 712
0.000295855 726
0.000302891 735
0.000311046 744
0.000317162 753
0.000322871 761
0.000328427 765
0.000333747 771
0.000338763 774
0.000344092 777
0.000348805 783
0.000353404 791
0.000358496 793
0.000364613 795
0.000371336 799
0.000378893 813
0.000386916 814
0.000392653 815
0.000398427 817
0.000418407 818
0.00042879 822
0.000434044 826
0.000447139 839
0.000455256 840
0.000458822 852
0.000469764 853
0.000522535 857
0.000528414 861
0.000538911 863
0.000547076 866
0.000549247 873
0.000550489 876
0.000554529 880
2 880
