0 -6421
4.8e-08 -6158
5.32e-06 -5949
8.962e-06 -5743
1.3191e-05 -5540
1.6718e-05 -5340
2.1536e-05 -5148
3.0212e-05 -4962
3.9268e-05 -4777
4.4673e-05 -4593
4.8988e-05 -4409
5.298e-05 -4228
5.8129e-05 -4054
6.27e-05 -3882
6.7365e-05 -3715
7.168e-05 -3551
7.682e-05 -3387
8.2699e-05 -3224
8.7564e-05 -3063
9.2381e-05 -2918
9.7037e-05 -2774
0.000101645 -2630
0.000106728 -2495
0.000112503 -2376
0.000117387 -2258
0.00012301 -2142
0.000128131 -2028
0.000134181 -1915
0.000139775 -1803
0.000144763 -1696
0.000150605 -1592
0.000171362 -1494
0.000186165 -1397
0.000195334 -1307
0.000201659 -1217
0.000207643 -1127
0.000213958 -1042
0.00021998 -960
0.000225755 -881
0.000232184 -803
0.000237276 -725
0.00024308 -648
0.000248305 -572
0.000253843 -501
0.000259656 -431
0.000265895 -365
0.000271784 -302
0.000278185 -244
0.000284434 -187
0.00029074 -132
0.000298288 -82
0.000304926 -32
0.000312095 16
0.000318752 63
0.000325048 110
0.000331515 153
0.000337945 194
0.000344308 230
0.000350765 263
0.000357678 294
0.000364477 324
0.000371646 353
0.000377364 376
0.000382494 397
0.000387947 416
0.000399554 434
0.000404874 451
0.000410098 466
0.000415883 485
0.00042126 496
0.00042656 507
0.000431283 531
0.000436688 540
0.00045169 547
0.000458309 558
0.000464254 575
0.000470285 582
0.000475055 586
0.00048083 589
0.000486776 604
0.000492418 607
0.000498307 608
0.00050392 609
0.000523009 616
0.000534236 620
0.000567378 625
0.000573305 628
0.000595542 631
0.000610316 638
0.000616575 639
0.000621468 645
0.00062675 659
0.000631842 663
0.00063737 666
0.000838204 667
0.000844757 670
0.000850323 671
0.000854315 672
0.000860052 675
0.000933211 676
0.000943737 680
0.00118703 685
0.0012885 687
2 687
