0 -84117
4.7e-08 -83288
8.107e-06 -82539
1.8708e-05 -81790
3.679e-05 -81047
5.7413e-05 -80309
8.1934e-05 -79573
0.000106378 -78853
0.000130149 -78142
0.000153399 -77435
0.000176516 -76729
0.000199804 -76027
0.00022312 -75333
0.000246655 -74645
0.000269933 -73957
0.000297184 -73273
0.000320386 -72596
0.00034412 -71923
0.00036846 -71256
0.000392497 -70600
0.000414827 -69949
0.000438883 -69299
0.000462758 -68659
0.000486169 -68022
0.000510557 -67387
0.00053467 -66752
0.000589874 -66118
0.000616006 -65486
0.000640716 -64856
0.000664791 -64230
0.00068897 -63604
0.000711869 -62981
0.000735754 -62359
0.000760294 -61737
0.000784359 -61120
0.000806547 -60503
0.000831058 -59889
0.000855066 -59275
0.00087915 -58663
0.000901158 -58052
0.00093937 -57442
0.000967484 -56835
0.000991227 -56228
0.0010148 -55622
0.00103885 -55016
0.00106228 -54412
0.00108476 -53809
0.00110658 -53207
0.00116685 -52608
0.00119311 -52011
0.00121804 -51416
0.00124735 -50822
0.00127325 -50233
0.00129763 -49644
0.00132268 -49059
0.00134848 -48474
0.00137519 -47893
0.00141114 -47312
0.00143777 -46737
0.00146424 -46166
0.00149049 -45597
0.00151649 -45029
0.0015423 -44462
0.0015662 -43895
0.00159232 -43331
0.00161864 -42767
0.00164406 -42205
0.00166844 -41644
0.00170204 -41083
0.00172634 -40522
0.00175202 -39967
0.0017861 -39413
0.00182205 -38861
0.00185815 -38311
0.001886 -37763
0.0019123 -37219
0.00193865 -36676
0.0019651 -36134
0.00199121 -35592
0.00201707 -35056
0.00204368 -34520
0.00207006 -33984
0.00209634 -33450
0.00212258 -32916
0.00214899 -32389
0.00217186 -31864
0.00220018 -31339
0.00223117 -30820
0.00225971 -30304
0.0022872 -29790
0.00231614 -29282
0.00234915 -28774
0.00239042 -28267
0.00242824 -27760
0.00246442 -27254
0.00249103 -26750
0.00251845 -26248
0.00254608 -25749
0.0025745 -25252
0.00260296 -24757
0.00263198 -24265
0.00266004 -23775
0.00268989 -23295
0.00271923 -22817
0.00274903 -22339
0.00277775 -21869
0.0028066 -21400
0.00283309 -20933
0.00286285 -20468
0.00288975 -20004
0.00291674 -19548
0.00294306 -19092
0.00297411 -18641
0.00300465 -18192
0.00303727 -17743
0.00306698 -17297
0.00309669 -16852
0.00312726 -16412
0.00316438 -15972
0.00319752 -15538
0.00322435 -15105
0.00325488 -14677
0.00328185 -14256
0.00332591 -13836
0.00335892 -13421
0.0033902 -13008
0.00342539 -12600
0.00345782 -12208
0.00348822 -11820
0.00352949 -11433
0.00356417 -11058
0.00360006 -10685
0.003636 -10314
0.00367111 -9943
0.00370858 -9576
0.00374573 -9214
0.00378079 -8862
0.00381892 -8513
0.00385315 -8167
0.00388941 -7824
0.00393154 -7481
0.00397233 -7156
0.00401293 -6833
0.00405681 -6512
0.00410442 -6195
0.00414714 -5878
0.00418754 -5564
0.00423177 -5268
0.00427789 -4974
0.00432502 -4685
0.00437291 -4397
0.00441939 -4124
0.00446688 -3863
0.00452272 -3604
0.00458738 -3353
0.00465268 -3105
0.00472041 -2868
0.00479144 -2636
0.0048638 -2410
0.00494515 -2186
0.00501935 -1983
0.00509249 -1780
0.00517961 -1589
0.00527856 -1402
0.00536555 -1229
0.0054515 -1057
0.0055388 -914
0.00562514 -773
0.00571749 -652
0.00580614 -534
0.00589327 -427
0.00597589 -321
0.00606248 -226
0.0061454 -147
0.00622243 -81
0.00629208 -26
0.00635727 10
0.00642104 45
0.00648186 75
0.00653514 84
0.0065859 93
0.00663681 109
0.00668443 114
0.00673729 126
0.00678665 132
0.00684069 151
0.00699581 152
0.00704617 154
0.00737674 157
0.00749397 160
0.00833835 164
0.00839554 173
0.00849907 182
0.0185917 185
2 185
