0 -35
8.1e-08 -30
0.000109604 6
0.000258701 30
0.000258917 74
0.000263183 84
0.000263714 87
0.000264587 111
0.000264677 122
0.000265793 144
0.000269213 152
0.000269384 203
0.000269483 210
0.000423936 215
0.000424017 235
0.000424413 244
0.000424989 250
0.000426249 259
0.000426519 279
0.000426717 283
0.00042678 291
0.000427113 296
0.000427203 305
0.0004275 320
0.000427572 329
0.000458721 336
0.000459036 385
0.000459549 393
0.000459846 395
0.000460359 402
0.000461502 418
0.00046161 423
0.000461673 428
0.000463122 463
0.000463338 484
0.000463482 495
0.000465202 509
0.000465373 512
0.000465427 528
0.00046774 536
0.00046792 547
0.000468019 548
0.000468613 551
0.00046873 557
0.000472888 558
0.000473068 564
0.000473311 569
0.000473401 582
0.000473491 584
0.000473662 591
0.000473797 597
0.000474994 606
0.000494605 608
0.000503542 621
0.000503686 626
0.000504001 627
0.000504541 658
0.000505207 671
0.000508195 673
0.000508384 681
0.000509518 682
0.000509734 692
0.000509824 702
0.000509959 703
0.000510058 712
0.000510382 718
0.000556553 727
0.000556652 728
0.000556823 734
0.000556895 748
0.000556976 752
0.000569919 760
0.000573006 770
0.000585561 791
0.000585723 812
0.000585966 820
0.000595416 823
0.000595812 840
0.000596073 846
0.000619627 858
0.000620653 865
0.000621418 866
0.000622066 876
0.000623974 897
0.000624127 909
0.000629815 914
0.000630337 918
0.000635044 924
0.000642379 925
0.000643027 936
0.000643378 938
0.000648121 939
0.000667031 951
0.000668282 953
0.000670082 962
0.000676985 965
0.000682529 966
0.000682664 972
0.000684311 975
0.000685562 981
0.000695453 985
0.000709431 986
0.000709971 995
0.000714588 996
0.00071727 999
0.000721806 1002
0.000724515 1006
0.000727935 1011
0.000729681 1012
0.000730833 1016
0.00074797 1021
0.000753784 1027
2 1027
