0 -63660
1.98e-07 -62988
0.000117191 -62340
0.000118883 -62266
0.000119792 -61398
0.000126092 -61258
0.000126578 -61053
0.000126875 -60417
0.000127721 -60315
0.000128702 -59674
0.000129332 -59096
0.00012998 -59045
0.000130718 -59029
0.000167727 -58701
0.000169149 -58519
0.000169356 -57854
0.000169473 -57049
0.000171732 -56851
0.000172173 -56103
0.000174693 -55534
0.000177834 -55453
0.000179616 -54710
0.000181389 -53883
0.000181713 -52968
0.000184908 -52308
0.000185475 -52013
0.000185736 -51169
0.000186123 -50495
0.000186699 -49827
0.000187518 -49089
0.00018885 -48261
0.000190633 -48062
0.000191416 -47223
0.00019525 -46502
0.000196132 -45727
0.000197293 -45041
0.000197734 -44363
0.000198373 -44361
0.000198643 -43720
0.000200002 -43138
0.000200974 -42625
0.000201658 -41929
0.000207265 -41286
0.000217741 -41196
0.000222232 -41056
0.000225085 -40325
0.00022522 -39504
0.000225454 -38910
0.000225787 -38368
0.000227884 -37723
0.000234238 -37016
0.000236858 -36397
0.00023999 -35675
0.000241583 -34983
0.000242213 -34449
0.000242573 -33876
0.000246641 -33207
0.000246902 -32344
0.000249458 -31615
0.000250592 -30925
0.000251411 -30266
0.000252014 -29478
0.000256451 -28800
0.000259106 -28234
0.000273695 -28219
0.000281273 -27536
0.000281939 -26939
0.000285117 -26260
0.000286242 -25646
0.000289311 -25020
0.000290418 -24264
0.000295989 -23535
0.000296655 -22868
0.000306951 -22110
0.000310731 -21505
0.000317913 -20977
0.000320523 -20361
0.000322782 -19919
0.00032379 -19328
0.000326679 -18787
0.000334816 -18046
0.000338587 -17441
0.000340432 -16819
0.000344185 -16206
0.000346768 -15727
0.000348991 -15157
0.000351583 -14416
0.0003526 -13834
0.00036772 -13163
0.000369106 -12638
0.00037744 -12121
0.000379961 -11633
0.000381824 -11242
0.000382355 -10684
0.000397754 -10219
0.000408023 -9694
0.000411146 -9266
0.000412865 -8754
0.00041966 -8308
0.000426267 -7800
0.000426798 -7310
0.000437112 -6792
0.000448398 -6263
0.00045 -5742
0.00045198 -5309
0.00045243 -4818
0.000453429 -4372
0.00045396 -4034
0.000478216 -3744
0.000519373 -3518
0.000529958 -3149
0.000538994 -2895
0.000558056 -2609
0.000567704 -2224
0.000576066 -2052
0.00058332 -1733
0.000595812 -1510
0.000618088 -1295
0.000624325 -1195
0.000688307 -1070
0.000706118 -774
0.000760516 -568
0.000768319 -429
0.000806939 -351
0.000812618 -187
0.000830339 -186
0.000884043 -49
0.000905635 -18
0.000917263 88
0.000936307 105
0.000977744 106
0.00102512 114
0.00109903 115
0.00111083 126
0.00132734 132
2 132
