0 -11861
2.34e-07 -11510
7.596e-06 -11493
0.00019795 -11459
0.000198166 -11248
0.000198841 -10916
0.000199237 -10531
0.000200254 -10469
0.000201154 -10212
0.000232195 -9980
0.00023251 -9665
0.000242204 -9375
0.000242654 -9315
0.000242744 -8990
0.000243311 -8662
0.0002435 -8429
0.000243581 -8173
0.00024413 -7774
0.000244616 -7482
0.000249764 -7396
0.000252383 -7156
0.000255308 -7152
0.000255587 -6914
0.000255893 -6568
0.000256307 -6410
0.000256712 -6334
0.000256811 -5998
0.000260285 -5783
0.000261878 -5509
0.000262922 -5444
0.000263615 -5077
0.000270725 -5053
0.00027086 -4822
0.000278375 -4799
0.000280346 -4605
0.000282201 -4516
0.000285423 -4483
0.000285882 -4191
0.000286431 -4181
0.000286548 -3991
0.000287106 -3805
0.000289419 -3626
0.000290733 -3413
0.00029922 -3332
0.000304395 -3129
0.000307059 -2877
0.000308841 -2652
0.000310227 -2470
0.000313215 -2277
0.000315096 -2064
0.000315906 -1979
0.000320001 -1863
0.000322971 -1682
0.000323241 -1531
0.000324357 -1447
0.000325419 -1380
0.000325824 -1258
0.000329956 -1036
0.000332296 -1004
0.00033298 -846
0.000421352 -812
0.000421784 -740
0.000422729 -610
0.000426042 -561
0.000428355 -441
0.000446661 -414
0.000455103 -340
0.000455535 -203
0.000474616 -202
0.000475048 -174
0.00048844 -112
0.000497431 -71
0.00050383 -8
0.000532082 3
0.000551126 7
0.000566049 45
0.000603435 50
0.000604857 87
0.000607809 115
0.000608376 128
0.000612291 129
0.000672899 131
0.000674789 134
0.000692501 139
0.000743379 142
0.000789064 148
0.000809504 154
0.000856197 164
0.000955091 166
0.000968762 168
2 168
