0 -1979
2.02e-07 -1893
4.87e-07 -1822
6.71e-07 -1807
0.000528042 -1794
0.000540621 -1745
0.000541559 -1660
0.00054188 -1648
0.000542808 -1563
0.000583019 -1561
0.000583341 -1502
0.000587485 -1478
0.000589203 -1465
0.000589433 -1419
0.000589635 -1323
0.000590306 -1299
0.000591381 -1264
0.000591831 -1217
0.000592539 -1167
0.000593375 -1158
0.000593504 -1103
0.000594781 -1054
0.000596058 -1035
0.000598438 -994
0.000599192 -984
0.000602444 -971
0.000603299 -957
0.00060453 -881
0.000604751 -858
0.000604843 -783
0.000605164 -702
0.00064056 -675
0.000640781 -673
0.000641957 -600
0.000642297 -551
0.000642949 -542
0.0006443 -526
0.000645816 -476
0.000645899 -458
0.000646092 -396
0.000646735 -335
0.000655033 -282
0.000659416 -221
0.000664892 -165
0.000665315 -162
0.000665618 -160
0.000667355 -142
0.000668063 -140
0.000670424 -130
0.000670819 -117
0.000671949 -77
0.00067228 -62
0.00067285 -18
0.000673934 -13
0.000675947 49
0.000686633 65
0.000687065 72
0.000687359 75
0.000687754 81
0.000687846 92
0.000688425 133
0.000689179 144
0.000690088 191
0.000694003 215
0.000695032 217
0.000695951 254
0.000696548 257
0.000696833 283
0.000697228 294
0.000699415 315
0.000710074 351
0.000713244 369
0.000715817 385
0.000716111 400
0.000716194 415
0.000716369 419
0.000718629 432
0.000720715 444
0.000721707 449
0.000739837 479
0.000740122 498
0.000740986 538
0.000742153 551
0.000743007 554
0.000745001 558
0.00074524 592
0.000748153 599
0.000750662 603
0.000752013 605
0.000758068 610
0.000764114 614
0.000766513 640
0.000768084 643
0.00076847 646
0.000769242 654
0.000769591 682
0.000769701 706
0.000773992 709
0.000774571 720
0.000774764 721
0.000777254 735
0.000779552 738
0.000780811 745
0.000780893 750
0.000782621 752
0.000784872 783
0.000789834 811
0.000790009 812
0.000799032 816
0.000800328 831
0.000800594 833
0.000805722 849
0.000815729 850
0.000819808 867
0.000827637 868
0.000827729 901
0.000830431 907
0.000840833 921
0.000851896 927
0.000858668 931
0.000859743 939
0.000871285 948
0.000875475 951
0.000875558 952
0.00088131 962
0.000888192 966
0.000894597 972
0.000897299 978
0.000904889 987
0.0009051 992
0.000909557 1009
0.000910475 1010
0.000922586 1016
0.000923478 1017
0.000929111 1018
0.000936149 1036
0.00093796 1047
0.00094203 1062
0.000943574 1065
0.000956393 1067
0.000980109 1073
0.000980725 1074
0.00099301 1076
0.00099879 1083
0.000999222 1085
0.0010128 1087
0.00101482 1094
0.00101551 1101
0.00104381 1109
0.0010733 1113
0.00108874 1117
0.00109438 1126
0.00113543 1139
0.0011382 1142
0.00114989 1147
0.00118318 1154
0.00119129 1155
0.00132511 1162
0.00137569 1163
0.0014359 1170
0.00143918 1179
0.00147061 1183
0.00157709 1187
2 1187
