465 0.0351027
479 0.0409377
498 0.0387356
516 0.0297993
502 0.0369103
482 0.0276399
498 0.024794
498 0.0309701
532 0.0290119
487 0.0354801
188 0.0619001
181 0.0509077
181 0.0475157
183 0.03382
192 0.0894657
183 0.0447614
183 0.0609597
174 0.0601562
183 0.0336643
185 0.0434024
1645 0.00973115
1540 0.0119498
1604 0.0160633
1661 0.0132997
1707 0.0110818
1478 0.0146473
1609 0.0125701
1559 0.00933356
1675 0.0107079
1674 0.0157062
1254 0.0219773
1321 0.0174725
1437 0.0290097
1384 0.0222678
1239 0.0199044
1543 0.0290584
1393 0.0351358
1506 0.0324874
1270 0.0223038
1474 0.026018
