571 0.0119204
574 0.0133599
553 0.0106104
584 0.0131963
542 0.0142709
589 0.0165684
558 0.00953407
587 0.0112361
531 0.0122837
567 0.0117006
217 0.0175925
218 0.0242203
229 0.0193869
212 0.0341079
248 0.0238582
207 0.0332778
239 0.022621
218 0.0168092
217 0.0199186
236 0.0282228
1354 0.00398544
1410 0.00492022
1297 0.00452896
1354 0.00670508
1360 0.00486195
1478 0.00348005
1317 0.00492215
1388 0.00315294
1396 0.00410462
1315 0.0043261
1096 0.00964199
1133 0.00732956
1225 0.0135611
1199 0.00628199
1059 0.00852692
1248 0.0105505
1155 0.00568366
1116 0.00827221
1162 0.00908747
1164 0.00891517
