0 -42197
6.6e-08 -41700
6.1848e-05 -41204
0.000107596 -40714
0.000169576 -40241
0.000223704 -39774
0.000312051 -39309
0.000392668 -38850
0.000502027 -38392
0.000630353 -37940
0.000780558 -37503
0.000972231 -37070
0.00115091 -36642
0.00132479 -36215
0.00149474 -35788
0.00165325 -35366
0.00180881 -34946
0.00196277 -34527
0.00211474 -34115
0.00226423 -33711
0.00241575 -33312
0.00256542 -32915
0.00272508 -32525
0.00287356 -32142
0.00303992 -31763
0.00318358 -31387
0.00332427 -31018
0.00346352 -30650
0.00360216 -30283
0.00373891 -29917
0.00387348 -29553
0.00400629 -29191
0.00413916 -28835
0.00427246 -28481
0.00440299 -28128
0.00453262 -27777
0.00468876 -27431
0.00484612 -27086
0.00499858 -26742
0.00514887 -26399
0.00529429 -26058
0.00543512 -25721
0.0055725 -25387
0.00570592 -25059
0.00583653 -24734
0.00596474 -24411
0.00609156 -24091
0.00622286 -23775
0.00634724 -23461
0.00648822 -23150
0.00661167 -22841
0.00673463 -22534
0.00685293 -22227
0.00699974 -21922
0.00714692 -21619
0.00728801 -21316
0.00742495 -21013
0.00755743 -20714
0.00768291 -20418
0.00780476 -20128
0.00792414 -19838
0.00804032 -19551
0.0081546 -19265
0.00826684 -18981
0.00838484 -18697
0.00848979 -18415
0.00859434 -18134
0.0086966 -17856
0.00879593 -17582
0.00889277 -17311
0.0089912 -17045
0.00908551 -16781
0.0091787 -16519
0.00927 -16262
0.00935995 -16008
0.00944847 -15755
0.00953434 -15504
0.00962209 -15258
0.00970804 -15013
0.00978809 -14769
0.00986667 -14525
0.00994879 -14282
0.010031 -14043
0.010109 -13805
0.0101917 -13575
0.0102953 -13345
0.0104221 -13119
0.0105449 -12896
0.0106606 -12673
0.0107725 -12451
0.0108828 -12229
0.011014 -12008
0.0111109 -11789
0.011198 -11574
0.0112814 -11360
0.0113625 -11150
0.0114407 -10943
0.0115187 -10738
0.0115925 -10538
0.0116674 -10338
0.0117394 -10139
0.0118166 -9942
0.0118852 -9747
0.0119536 -9552
0.0120198 -9358
0.0120847 -9170
0.0121691 -8983
0.0122818 -8796
0.0123887 -8610
0.0124894 -8425
0.0125828 -8244
0.012663 -8066
0.0127386 -7889
0.0128089 -7718
0.0128743 -7548
0.0129295 -7381
0.0129848 -7215
0.0130314 -7050
0.0130803 -6887
0.0131327 -6725
0.0131902 -6564
0.0132476 -6406
0.0132998 -6248
0.0133667 -6092
0.0134211 -5937
0.0134773 -5782
0.0135349 -5630
0.0135875 -5479
0.0136409 -5331
0.0137006 -5186
0.013752 -5044
0.013808 -4904
0.0138611 -4764
0.0139175 -4625
0.0139694 -4488
0.0140321 -4352
0.0140927 -4216
0.0141525 -4084
0.0142071 -3955
0.0142576 -3828
0.0143099 -3704
0.0143594 -3582
0.0144111 -3460
0.0144642 -3341
0.014522 -3223
0.0145848 -3106
0.0146489 -2991
0.0147159 -2877
0.0147786 -2765
0.0148422 -2656
0.0149001 -2551
0.0150002 -2450
0.015099 -2349
0.0151862 -2250
0.015266 -2153
0.0153381 -2056
0.0154032 -1962
0.0154645 -1872
0.0155269 -1783
0.0155906 -1696
0.0156505 -1609
0.0157103 -1523
0.0157708 -1439
0.0158282 -1357
0.015885 -1275
0.0159687 -1195
0.0160566 -1116
0.0161365 -1039
0.0162106 -962
0.016278 -886
0.0163417 -810
0.0164044 -738
0.0164639 -666
0.0165206 -595
0.0165706 -525
0.0166217 -455
0.0166761 -386
0.0167262 -323
0.0167742 -260
0.0168238 -197
0.0168708 -136
0.0169193 -76
0.0169728 -18
0.0170296 39
0.0170883 96
0.0171447 152
0.017199 208
0.0172537 258
0.0173072 303
0.0173598 347
0.0174116 390
0.01746 432
0.017515 474
0.0175693 512
0.0176231 548
0.0176743 583
0.017727 617
0.0177777 650
0.017839 682
0.0178929 712
0.0179416 741
0.0179899 766
0.0180381 791
0.0180837 815
0.0181313 838
0.018182 860
0.0182306 881
0.0182819 899
0.0183342 917
0.0183921 934
0.018446 951
0.0184982 968
0.0185482 984
0.0185969 1001
0.018649 1016
0.0187052 1031
0.0187584 1046
0.0188102 1058
0.0188573 1072
0.0189044 1081
0.0189842 1090
0.0190558 1098
0.0191226 1115
0.0191809 1123
0.0192394 1130
0.0192969 1136
0.0193572 1142
0.0194123 1148
0.0194644 1153
0.019514 1158
0.0195639 1163
0.0196159 1168
0.0196674 1178
0.0197324 1187
0.0197852 1191
0.0198347 1196
0.0198815 1200
0.0199271 1208
0.0199773 1212
0.0200292 1216
0.0200849 1222
0.0201399 1235
0.0201938 1238
0.0202459 1248
0.0203036 1250
0.0203565 1252
0.020411 1254
0.0204656 1256
0.0205188 1258
0.0205695 1270
0.0206186 1275
0.0206697 1276
0.0207211 1286
0.0207702 1298
0.0208192 1301
0.0208704 1302
0.0209212 1313
0.0209823 1319
0.0210345 1325
0.0210828 1329
0.0211333 1331
0.0211834 1348
0.0212334 1349
0.0212805 1350
0.0213305 1357
0.0213815 1358
0.0214848 1365
0.0218136 1378
0.0218741 1379
0.0220854 1389
0.0221366 1397
0.0221878 1404
0.0222402 1408
0.0222851 1409
0.0223308 1410
0.0224224 1419
0.0227555 1422
0.0234994 1424
0.0235521 1425
0.0236 1426
0.024031 1427
0.0240844 1430
0.0241354 1436
0.0241838 1437
0.0242327 1439
0.0246882 1446
0.024738 1447
0.0247851 1448
0.0248598 1456
0.0251852 1461
0.0252419 1469
0.0252992 1471
0.0253623 1472
0.0254382 1473
0.0255075 1474
0.0364686 1477
0.0366795 1484
0.0368013 1493
0.0374025 1500
0.0374526 1502
0.0375051 1504
0.0380029 1505
0.0380578 1507
2 1507
