0 -12800
4.7e-08 -12359
3.398e-06 -12028
6.493e-06 -11700
9.398e-06 -11372
1.3015e-05 -11050
1.7866e-05 -10733
2.3913e-05 -10423
3.0881e-05 -10116
3.5457e-05 -9826
3.9862e-05 -9538
4.4229e-05 -9256
4.7969e-05 -8980
5.2441e-05 -8709
5.6627e-05 -8439
6.0937e-05 -8170
6.5485e-05 -7908
6.9899e-05 -7648
7.4294e-05 -7388
7.8699e-05 -7128
8.4443e-05 -6870
9.0841e-05 -6618
9.6518e-05 -6371
0.000102043 -6126
0.000106705 -5882
0.000111138 -5638
0.000116122 -5394
0.000146614 -5164
0.000153848 -4936
0.000159554 -4709
0.000165193 -4483
0.000170566 -4262
0.000176547 -4042
0.000182974 -3830
0.000188888 -3632
0.000195837 -3444
0.000201923 -3269
0.000207134 -3094
0.000212451 -2921
0.000218707 -2748
0.000225134 -2577
0.000231475 -2408
0.000237342 -2241
0.000242658 -2089
0.000249456 -1938
0.000257107 -1791
0.000263885 -1646
0.000270417 -1506
0.000276863 -1368
0.00028609 -1238
0.000292859 -1127
0.00030128 -1016
0.000306966 -910
0.000313403 -807
0.000320921 -712
0.000327984 -617
0.000336158 -522
0.000345765 -428
0.000356939 -346
0.000366916 -267
0.000378631 -195
0.000389283 -127
0.000399858 -66
0.000411269 -7
0.000423326 33
0.000434499 67
0.000448369 101
0.000460046 135
0.00047159 166
0.000483855 188
0.000494174 207
0.000506601 210
0.000517205 215
0.000548115 218
0.000567396 221
0.000577924 222
0.000586535 226
0.000596522 227
0.000608578 230
0.000618461 231
0.000639716 235
0.000694493 240
0.000703502 244
0.000714201 245
0.000723685 253
0.000735276 274
0.000758241 276
0.000768417 290
2 290
