0 -23987
6e-08 -23644
4.2709e-05 -23309
8.384e-05 -22982
0.000173971 -22665
0.000300551 -22349
0.000428708 -22042
0.00057421 -21742
0.000715222 -21452
0.000838616 -21167
0.000961868 -20883
0.00106861 -20601
0.00116515 -20320
0.00125086 -20046
0.00132762 -19776
0.00139978 -19507
0.00145645 -19239
0.00150795 -18977
0.00155228 -18716
0.001597 -18457
0.00163934 -18198
0.00167686 -17940
0.00171684 -17682
0.00175912 -17424
0.00180503 -17172
0.00184968 -16923
0.00195029 -16681
0.00205478 -16440
0.00215392 -16202
0.0022478 -15965
0.00233415 -15728
0.00240878 -15491
0.00247138 -15256
0.00253096 -15022
0.00258602 -14795
0.00263909 -14571
0.00268933 -14348
0.00273367 -14126
0.00277173 -13907
0.00280649 -13688
0.0028455 -13470
0.00288981 -13255
0.0029477 -13046
0.00304995 -12841
0.00314513 -12639
0.00323273 -12438
0.00331121 -12239
0.00338069 -12043
0.00343781 -11848
0.00348308 -11653
0.00352261 -11460
0.00356759 -11267
0.00360976 -11078
0.0036529 -10889
0.00369056 -10701
0.0037279 -10518
0.00376436 -10336
0.00379942 -10155
0.00383612 -9977
0.00387645 -9800
0.00391641 -9623
0.00395649 -9448
0.00399508 -9274
0.00403477 -9101
0.00407294 -8929
0.0041141 -8758
0.00415745 -8587
0.00419637 -8417
0.00423379 -8252
0.00427013 -8088
0.00430831 -7928
0.0043473 -7768
0.00438726 -7609
0.0044232 -7451
0.00446214 -7294
0.00450183 -7142
0.00456741 -6991
0.00460948 -6841
0.00464807 -6692
0.00468767 -6543
0.00472322 -6397
0.00476229 -6251
0.00479768 -6105
0.00484 -5962
0.00488276 -5820
0.00492229 -5682
0.00495738 -5545
0.00506121 -5410
0.00514677 -5277
0.00522104 -5144
0.00528813 -5012
0.00534763 -4883
0.0053959 -4756
0.00543952 -4629
0.00547612 -4505
0.00551264 -4383
0.00554834 -4261
0.00558461 -4146
0.00561885 -4032
0.00565531 -3921
0.00569026 -3811
0.0057236 -3702
0.00575865 -3596
0.00579228 -3490
0.00582564 -3384
0.00585861 -3281
0.0058933 -3178
0.00592588 -3076
0.00595989 -2974
0.0059984 -2873
0.00603694 -2773
0.00607306 -2673
0.00611185 -2574
0.00614887 -2483
0.00618646 -2392
0.006221 -2301
0.00625621 -2210
0.00629032 -2123
0.00632828 -2036
0.00636643 -1949
0.00640226 -1862
0.00643938 -1782
0.00647633 -1703
0.0065099 -1625
0.0065422 -1547
0.0065773 -1470
0.00661387 -1395
0.0066472 -1321
0.00671152 -1248
0.00679451 -1175
0.00685972 -1102
0.00691482 -1029
0.00696249 -958
0.00701499 -888
0.00705378 -819
0.00709058 -753
0.007124 -689
0.00715633 -630
0.00718808 -574
0.00722198 -518
0.00725207 -463
0.00728204 -409
0.00731332 -356
0.00734686 -304
0.00737936 -253
0.00741284 -202
0.00744768 -152
0.00748294 -102
0.00751587 -56
0.00754891 -10
0.00758129 34
0.00761606 76
0.0076482 117
0.00768033 158
0.00771211 199
0.00774764 239
0.00777965 279
0.00781665 319
0.00785004 357
0.0078844 395
0.00791688 429
0.00795395 462
0.00798871 495
0.00802479 528
0.00806064 561
0.00809554 593
0.00813144 624
0.0081662 655
0.00820326 685
0.00823558 715
0.00827014 744
0.00830307 772
0.00833379 800
0.00836375 827
0.00839779 853
0.00843284 876
0.00846763 898
0.00850052 919
0.00856685 940
0.00860416 961
0.00864036 981
0.00867682 1001
0.00871274 1020
0.00874955 1038
0.00878793 1056
0.00882205 1074
0.00885464 1090
0.00888961 1105
0.00892663 1119
0.00896351 1133
0.00900194 1147
0.00907086 1161
0.00913175 1174
0.00918404 1187
0.00922691 1204
0.00926267 1217
0.00929619 1230
0.00933176 1244
0.0093664 1256
0.00940069 1268
0.00942991 1282
0.00946217 1294
0.00949343 1315
0.0095257 1326
0.00955898 1342
0.00959281 1353
0.0096249 1363
0.00965776 1373
0.009687 1383
0.00971755 1395
0.00974982 1405
0.00978389 1417
0.00982014 1430
0.00985674 1439
0.00989126 1447
0.00992767 1455
0.00996251 1462
0.00999861 1480
0.0100322 1493
0.0100646 1499
0.0100953 1511
0.0101262 1518
0.0101567 1523
0.0101915 1530
0.0102248 1535
0.0102586 1539
0.010295 1546
0.0103264 1550
0.0103576 1554
0.0103886 1567
0.0104174 1570
0.010449 1581
0.010479 1584
0.0105094 1593
0.0105451 1601
0.0105807 1606
0.0106198 1610
0.0106539 1613
0.0106908 1630
0.0107285 1633
0.010761 1645
0.0108224 1650
0.0108883 1652
0.0109441 1654
0.0109952 1663
0.0110416 1665
0.0110815 1667
0.0111219 1669
0.0111562 1670
0.0112256 1671
0.0112915 1672
0.0113971 1677
0.0115726 1682
0.0116094 1683
0.0116776 1692
0.011935 1699
0.012072 1700
0.0121108 1702
0.0121475 1706
0.0121867 1709
0.0122248 1711
0.0122605 1712
0.0122946 1716
0.0124349 1717
0.0127024 1722
0.0127402 1724
0.0127761 1726
0.0128256 1730
0.0128939 1731
2 1731
