0 -19422
6.3e-08 -19055
7.849e-06 -18710
1.4041e-05 -18372
2.179e-05 -18041
3.6613e-05 -17711
4.6972e-05 -17386
6.2705e-05 -17062
7.2776e-05 -16739
8.1182e-05 -16417
8.894e-05 -16100
9.7607e-05 -15792
0.000105897 -15485
0.00011388 -15184
0.000122754 -14887
0.000131511 -14592
0.000140088 -14299
0.000147352 -14009
0.000155686 -13720
0.00016402 -13433
0.000174028 -13155
0.000183379 -12883
0.00019156 -12613
0.000201326 -12348
0.00020984 -12084
0.00023063 -11822
0.000252654 -11562
0.000265155 -11308
0.000274524 -11057
0.000283659 -10808
0.000293857 -10562
0.000303973 -10317
0.000315466 -10074
0.000324646 -9831
0.000334177 -9589
0.000344555 -9349
0.000354761 -9114
0.000364238 -8883
0.000375911 -8654
0.000386154 -8425
0.000395037 -8202
0.000404253 -7979
0.000413415 -7758
0.000423198 -7538
0.000433387 -7320
0.000442819 -7105
0.00045181 -6898
0.000462583 -6693
0.000470926 -6490
0.000482996 -6291
0.000492554 -6102
0.000501023 -5917
0.00051185 -5732
0.000522515 -5547
0.00053202 -5363
0.00054282 -5180
0.000553872 -5001
0.000565347 -4822
0.000578659 -4643
0.000588649 -4465
0.000599413 -4293
0.000612868 -4122
0.00062456 -3952
0.000636845 -3789
0.000648428 -3629
0.000660956 -3469
0.000672585 -3310
0.00068649 -3155
0.000699486 -3008
0.000712473 -2867
0.000725929 -2735
0.000741166 -2603
0.000756709 -2472
0.000770444 -2343
0.00078371 -2215
0.000799496 -2093
0.000815814 -1973
0.000830736 -1855
0.000843714 -1739
0.000861211 -1623
0.000876043 -1513
0.000893071 -1410
0.000909047 -1313
0.000925805 -1218
0.000940016 -1125
0.000958449 -1034
0.000975018 -943
0.000989346 -852
0.00100522 -764
0.00102068 -678
0.0010363 -595
0.00105403 -516
0.00107105 -441
0.00109132 -373
0.00110872 -306
0.00112538 -244
0.00114357 -185
0.00116055 -127
0.00117729 -72
0.0011934 -19
0.00120763 34
0.00122183 72
0.00123604 106
0.00125136 137
0.00126582 165
0.001283 193
0.00129843 221
0.00132836 247
0.00134438 271
0.00135855 292
0.00137249 306
0.00138582 319
0.00139876 336
0.00141176 347
0.00142621 357
0.00143806 366
0.00145164 373
0.00146456 380
0.00147709 389
0.00148898 396
0.00150358 405
0.00151542 411
0.00152978 428
0.0015429 432
0.00155326 439
0.0015688 446
0.00158198 452
0.00159438 457
0.00160781 458
0.00164539 471
0.00168471 472
0.00170574 480
0.0017189 496
0.00178873 497
0.00183501 500
0.00184662 504
0.00189467 505
0.00190699 508
0.00191993 509
0.00193266 511
0.00235372 512
0.00244424 520
0.00245672 522
0.00247198 523
0.00249459 527
0.00254777 528
0.00282828 529
0.0028403 531
0.00333693 532
0.00335002 540
0.00336588 543
0.00361371 552
0.00362573 555
0.0036396 556
0.00365256 562
0.00389569 563
0.00433006 567
2 567
