0 -40105
4.5e-08 -39582
1.0332e-05 -39070
1.9584e-05 -38570
3.0079e-05 -38074
4.0915e-05 -37588
5.059e-05 -37104
7.4414e-05 -36621
0.000115302 -36155
0.000136263 -35697
0.000152895 -35256
0.000168331 -34822
0.000182614 -34391
0.000197401 -33964
0.000211874 -33538
0.000225473 -33116
0.000240242 -32704
0.000254372 -32292
0.00027024 -31881
0.000286449 -31470
0.000301848 -31061
0.000316285 -30653
0.000330415 -30247
0.000345373 -29843
0.000360044 -29439
0.000375938 -29037
0.0003914 -28637
0.000407214 -28242
0.000422001 -27850
0.000438111 -27460
0.00048493 -27073
0.000511616 -26686
0.000530102 -26302
0.000556662 -25920
0.000571944 -25542
0.000587253 -25168
0.000602689 -24796
0.00061861 -24429
0.000632992 -24063
0.000649436 -23699
0.000664808 -23336
0.000680495 -22974
0.000695319 -22616
0.000710016 -22258
0.000726369 -21901
0.000744316 -21547
0.000760444 -21197
0.000775753 -20847
0.000790784 -20499
0.000806534 -20152
0.000824552 -19810
0.000842031 -19472
0.000857898 -19134
0.000873676 -18797
0.000890479 -18462
0.000907408 -18129
0.000925103 -17799
0.000940736 -17470
0.00096068 -17146
0.000977646 -16826
0.000996285 -16507
0.001014 -16188
0.0010346 -15872
0.00105259 -15563
0.00107078 -15256
0.00108886 -14950
0.00110712 -14646
0.00112732 -14342
0.00114757 -14038
0.00116915 -13742
0.00119117 -13448
0.00120941 -13155
0.00122688 -12863
0.00124656 -12571
0.00126575 -12284
0.00128208 -12001
0.00130142 -11726
0.00131985 -11453
0.00133612 -11187
0.00135315 -10922
0.00137479 -10659
0.00139697 -10398
0.00141893 -10137
0.00143851 -9879
0.00145899 -9624
0.00148257 -9373
0.00150549 -9124
0.00152548 -8875
0.00154699 -8626
0.00156854 -8378
0.00158941 -8138
0.00161158 -7905
0.00163305 -7674
0.00165521 -7444
0.0016765 -7219
0.00170009 -6995
0.00172553 -6772
0.00175245 -6550
0.00177764 -6331
0.00180008 -6112
0.00182258 -5896
0.00184971 -5689
0.00187761 -5485
0.00190512 -5286
0.00192999 -5091
0.00195806 -4896
0.00198883 -4704
0.0020209 -4514
0.00204803 -4325
0.00207448 -4142
0.00210233 -3962
0.00212782 -3784
0.0021568 -3606
0.00218679 -3434
0.00221809 -3264
0.00225172 -3104
0.00228339 -2952
0.00232263 -2801
0.00237111 -2652
0.00241119 -2508
0.0024537 -2365
0.00248885 -2222
0.00252567 -2084
0.00255956 -1952
0.00259407 -1822
0.00262873 -1693
0.00266797 -1565
0.00270734 -1439
0.00274209 -1315
0.00278944 -1196
0.00283412 -1100
0.00288895 -1005
0.00292604 -914
0.00296369 -829
0.00300433 -745
0.00304596 -667
0.00308814 -591
0.00312735 -516
0.00316463 -442
0.00320364 -371
0.00324233 -301
0.00327913 -232
0.00331264 -171
0.00334876 -111
0.00338341 -52
0.00341706 -1
0.00344429 49
0.00347694 99
0.00350593 136
0.00353308 172
0.00355944 203
0.00358786 229
0.00361172 253
0.00364043 276
0.00367154 294
0.00369956 306
0.00372449 317
0.00374747 325
0.00377068 333
0.00379463 341
0.00382108 358
0.00384635 363
0.0038736 368
0.00389958 372
0.00392541 376
0.00397552 393
0.00403013 395
0.00405801 410
0.00408745 423
0.00411294 427
0.00413418 431
0.00427052 432
0.00429513 435
0.0045774 436
0.00460382 437
0.00605598 439
0.00608591 443
0.00616412 447
0.00675526 449
0.0068511 452
0.00688001 455
0.00752533 465
0.00755128 468
0.00883022 470
0.00885844 471
0.00890956 477
0.0090768 478
0.00910335 482
0.00915967 486
0.0151146 487
0.0152411 489
0.0152684 490
0.0152909 497
0.0153202 498
2 498
