0 -6760
5.6e-08 -6518
1.2858e-05 -6280
2.3397e-05 -6053
3.6792e-05 -5838
5.655e-05 -5625
8.5217e-05 -5424
0.000105871 -5228
0.000128947 -5049
0.000144963 -4875
0.000158622 -4704
0.000170132 -4538
0.000182764 -4375
0.000193369 -4219
0.000205473 -4064
0.000218029 -3913
0.000230916 -3765
0.000242058 -3618
0.000253342 -3474
0.000266756 -3339
0.000278398 -3205
0.000292566 -3076
0.000303548 -2948
0.00031635 -2821
0.000329877 -2697
0.000342773 -2575
0.000352303 -2454
0.000365406 -2333
0.000376963 -2217
0.000389491 -2102
0.000402774 -1991
0.000413529 -1881
0.000426972 -1778
0.000439415 -1676
0.000451726 -1575
0.000462529 -1475
0.000474209 -1377
0.000486153 -1280
0.000496296 -1185
0.000510021 -1092
0.000522483 -1000
0.000534672 -911
0.000546163 -823
0.000558644 -745
0.00057021 -672
0.000581664 -599
0.000593466 -528
0.000609237 -464
0.000622104 -401
0.000632238 -339
0.000645549 -279
0.000657539 -219
0.000669483 -161
0.00068071 -103
0.000693276 -51
0.00070702 1
0.000719491 52
0.000731954 101
0.000744906 149
0.000755492 191
0.000765786 232
0.000776306 273
0.000785893 309
0.000795951 344
0.000806915 378
0.00081933 411
0.000830698 443
0.000842849 475
0.000853143 506
0.000862504 537
0.000874579 568
0.000887598 598
0.000898919 624
0.000909279 645
0.000919969 665
0.000929914 685
0.000939162 703
0.000950153 724
0.000961163 740
0.000974851 756
0.000986568 771
0.00099855 786
0.00100899 800
0.00102075 812
0.00103038 824
0.00103958 844
0.00105116 855
0.00106075 870
0.00107083 880
0.00108096 890
0.00109207 908
0.00110354 917
0.00111467 924
0.00112535 930
0.00113683 945
0.00114884 958
0.00115822 965
0.00116916 971
0.00117904 976
0.00118831 986
0.00119663 999
0.00120744 1007
0.00121746 1014
0.00123026 1039
0.00124329 1053
0.00125494 1061
0.00126789 1065
0.00127919 1069
0.00129083 1072
0.00130149 1074
0.00131255 1082
0.00132537 1087
0.00133481 1089
0.00134309 1100
0.00135487 1108
0.00139081 1113
0.00140214 1115
0.00141522 1128
0.00142944 1131
0.0014566 1133
0.00146208 1135
0.00151579 1142
0.00153302 1145
0.00153897 1148
0.00154635 1149
0.00165112 1151
0.00166727 1155
0.0016692 1158
0.00180299 1160
0.00181899 1164
0.00182591 1166
0.00183618 1169
0.00184633 1173
0.0018482 1180
0.00186436 1182
0.00275386 1185
0.00300121 1189
0.00300804 1191
0.00301193 1196
0.00334177 1197
0.00336338 1199
2 1199
