0 -14682
4.7e-08 -14361
2.4915e-05 -14041
4.4268e-05 -13728
6.2952e-05 -13438
7.695e-05 -13152
9.7001e-05 -12870
0.000116693 -12599
0.000137781 -12337
0.000169417 -12076
0.000200289 -11818
0.00022955 -11560
0.000262364 -11302
0.000296281 -11056
0.000336684 -10822
0.000372854 -10591
0.000403359 -10374
0.000433703 -10159
0.000459561 -9949
0.000483684 -9741
0.000511832 -9537
0.000544033 -9335
0.000569288 -9134
0.000592072 -8938
0.000615007 -8744
0.000636321 -8550
0.000663592 -8356
0.000684821 -8169
0.000707605 -7983
0.000730597 -7797
0.000751609 -7613
0.000770274 -7430
0.000792238 -7247
0.000817012 -7070
0.000838947 -6899
0.000858875 -6728
0.000882593 -6558
0.000905849 -6390
0.000927068 -6224
0.000949145 -6060
0.000969224 -5897
0.000987719 -5737
0.0010077 -5578
0.00102882 -5420
0.00104972 -5265
0.00106835 -5111
0.00108977 -4962
0.00111132 -4815
0.00113368 -4670
0.00115596 -4527
0.00117855 -4385
0.00121403 -4244
0.0012643 -4103
0.00129759 -3966
0.00132433 -3831
0.00134663 -3698
0.00136634 -3566
0.00138859 -3434
0.00141003 -3303
0.00143186 -3179
0.001484 -3056
0.00153187 -2933
0.00156407 -2811
0.00158542 -2690
0.00161003 -2574
0.00163181 -2460
0.00165438 -2346
0.00167733 -2234
0.00169624 -2124
0.00171605 -2016
0.00173741 -1909
0.00175671 -1804
0.0017778 -1700
0.00179861 -1597
0.00182035 -1497
0.00185114 -1398
0.00186886 -1302
0.00188746 -1208
0.00190835 -1127
0.0019303 -1048
0.00195122 -973
0.00196977 -898
0.0019912 -824
0.00201163 -753
0.00203482 -684
0.00206827 -615
0.00209007 -547
0.00211247 -480
0.00213262 -414
0.00215388 -348
0.00217373 -283
0.00219513 -223
0.00221759 -165
0.0022361 -108
0.00225375 -51
0.00226992 5
0.00228824 60
0.00230746 108
0.00232555 155
0.00234882 201
0.00237038 247
0.00239048 291
0.00240981 334
0.00243424 373
0.00245823 410
0.00248179 447
0.00250323 483
0.00252482 518
0.00254302 552
0.00256452 584
0.00258289 616
0.00260208 644
0.00262447 671
0.0026454 697
0.00266481 723
0.00268343 748
0.00269995 768
0.00271817 788
0.00273749 807
0.00276032 826
0.00278273 843
0.0028069 860
0.00282886 875
0.0028494 889
0.00287168 901
0.00288964 913
0.00290797 936
0.00293107 950
0.00294991 962
0.00297474 971
0.00299857 980
0.00301943 988
0.00304364 996
0.00306236 1004
0.0030813 1020
0.00310325 1030
0.00312126 1037
0.00314097 1046
0.00316153 1053
0.00318075 1061
0.00319964 1068
0.00321852 1075
0.00323897 1081
0.00325741 1092
0.00327929 1100
0.00330096 1105
0.00332305 1109
0.00336612 1113
0.00340183 1116
0.00342837 1118
0.00344878 1121
0.00347149 1126
0.00349314 1128
0.00351586 1144
0.00353886 1151
0.00355958 1153
0.00358012 1160
0.00360436 1167
0.00362635 1172
0.00364985 1175
0.00366871 1177
0.00369298 1179
0.00371263 1197
0.00372967 1198
0.00375133 1207
0.00377377 1214
0.00379664 1217
0.00381979 1218
0.00384216 1219
0.0038833 1236
0.00390384 1239
0.00394647 1253
0.0039653 1264
0.00398595 1273
0.00400276 1277
0.00402092 1284
0.00404032 1285
0.00406202 1302
0.00408139 1310
0.00410414 1313
0.00412682 1323
0.00416856 1330
0.00421286 1337
0.00425386 1340
0.00427755 1352
0.00433939 1358
0.00436221 1367
0.00440592 1372
0.00442679 1391
0.00445028 1394
0.00447008 1404
0.00470762 1405
0.00472746 1406
0.00474306 1408
0.00475367 1409
0.00478463 1411
0.00480721 1418
0.00487975 1420
0.00589756 1421
0.00606555 1423
0.0060861 1424
0.00755553 1426
0.00756727 1428
0.00757997 1429
0.00855266 1431
0.00857093 1432
0.00914789 1433
0.00916848 1439
0.009442 1441
0.0094544 1446
0.00946268 1450
0.00947924 1451
0.00950743 1456
0.00951677 1458
0.0098084 1459
0.00983298 1461
0.0116158 1463
0.016353 1466
0.0201859 1467
0.0201884 1474
0.0202028 1478
0.0202086 1481
0.0202156 1482
0.0202398 1486
0.0221715 1487
0.0222975 1489
0.0223085 1491
0.0223178 1493
0.0223696 1494
0.0223962 1496
0.02249 1503
0.0225998 1504
0.0226188 1506
2 1506
