638 0.0295977
696 0.0239634
685 0.0116653
623 0.014556
664 0.0145753
634 0.0297821
618 0.016444
642 0.026963
681 0.0176221
676 0.00876285
404 0.00723321
405 0.00689453
440 0.00993708
435 0.00742874
457 0.0356771
462 0.0194866
395 0.00707687
462 0.0108029
425 0.00726501
437 0.00847453
837 0.0198808
885 0.018075
843 0.0183723
796 0.018714
854 0.0161715
823 0.0174136
735 0.0174352
831 0.0165381
806 0.0210062
860 0.0160043
764 0.0181154
704 0.0198379
773 0.020023
774 0.0168418
769 0.0177347
793 0.0163305
758 0.0184505
771 0.0196919
764 0.0170944
770 0.0134764
