719 0.208656
664 0.166126
712 0.260664
684 0.31046
702 0.175049
729 0.275487
696 0.337893
676 0.145158
670 0.16222
731 0.166454
447 0.349394
439 0.652182
401 0.375972
438 0.504176
406 0.295786
410 0.489069
456 0.369566
434 0.664428
431 0.394409
424 0.556179
2018 0.0099821
2058 0.00730074
2073 0.00752726
2116 0.00828692
2092 0.0088137
2188 0.00961409
2085 0.010401
2136 0.0101882
2057 0.00773952
2091 0.0123282
2057 0.0125979
2020 0.0104691
1987 0.0130476
2074 0.0127175
1990 0.0125543
2032 0.0112026
2051 0.0133018
2069 0.0104348
2037 0.0133712
2008 0.00983904
