0 -2185
5.18e-07 -2133
1.0908e-05 -2132
0.000534807 -2096
0.000535065 -2082
0.0005352 -1992
0.000540241 -1963
0.000559671 -1952
0.000560945 -1874
0.000571834 -1867
0.000572112 -1847
0.000572457 -1817
0.000572563 -1769
0.000593468 -1758
0.00059688 -1705
0.000600456 -1666
0.00060127 -1596
0.000602651 -1543
0.000607252 -1481
0.000607405 -1407
0.000607654 -1348
0.000607903 -1276
0.000608018 -1189
0.000608296 -1175
0.000608526 -1155
0.000621486 -1123
0.000622665 -1090
0.000622847 -1044
0.000625617 -1019
0.000627141 -983
0.000627515 -944
0.000628061 -863
0.00063156 -824
0.000631943 -785
0.000632048 -778
0.000633381 -736
0.000634311 -661
0.00064426 -652
0.00064658 -640
0.0006468 -581
0.000647049 -551
0.000661235 -524
0.00066135 -496
0.00066183 -457
0.000667753 -452
0.000668674 -440
0.000668894 -394
0.000670341 -361
0.00067314 -358
0.000676658 -342
0.000678575 -315
0.00068009 -295
0.000681681 -279
0.000718239 -261
0.00072006 -232
0.000720836 -185
0.000721718 -162
0.000721843 -125
0.000723539 -107
0.000725456 -75
0.000729041 -69
0.000732453 -47
0.000733134 8
0.000735089 81
0.000735952 83
0.000736604 131
0.000738042 153
0.000738789 175
0.000741138 237
0.000742988 241
0.000744454 260
0.000744885 261
0.000745489 306
0.000745988 313
0.000747397 342
0.000753244 389
0.000753627 468
0.00075519 476
0.000755487 493
0.000758151 522
0.000761113 528
0.000762934 536
0.000765522 552
0.000765752 605
0.000765973 649
0.000767037 656
0.000767257 663
0.000772127 668
0.000772318 669
0.000772913 710
0.000775251 723
0.000775366 731
0.000777255 733
0.00077829 771
0.00078545 774
0.000788441 784
0.000789706 804
0.000793329 851
0.00079353 860
0.000793722 867
0.000794278 884
0.000795246 911
0.000796233 915
0.000798093 946
0.000799512 966
0.000801045 974
0.000802665 977
0.000802751 987
0.000803624 1009
0.000804544 1014
0.000810784 1026
0.000813765 1038
0.000818519 1042
0.000818624 1086
0.000818759 1089
0.000819257 1095
0.000819554 1096
0.000821289 1136
0.000822344 1138
0.000833012 1139
0.000833587 1150
0.000839932 1152
0.000842147 1166
0.000844898 1177
0.000845204 1181
0.000845597 1193
0.000846354 1202
0.000846968 1213
0.000848684 1219
0.00084947 1228
0.00085061 1251
0.000851128 1273
0.000851444 1281
0.000852623 1302
0.000852815 1317
0.000853016 1336
0.000854809 1337
0.000856716 1340
0.000856917 1345
0.000857071 1363
0.00085732 1371
0.000858336 1386
0.000859294 1408
0.000860694 1410
0.000864528 1414
0.000865285 1422
0.000866263 1424
0.000867241 1428
0.000869618 1454
0.000869877 1462
0.000870557 1468
0.000871525 1518
0.000873059 1548
0.000873155 1575
0.000877056 1591
0.000881618 1605
0.000882711 1606
0.000885366 1608
0.000886593 1634
0.000886929 1654
0.000887456 1655
0.000893034 1673
0.000898297 1681
0.000903444 1704
0.00090445 1716
0.000905284 1737
0.000905716 1740
0.000906137 1741
0.000907978 1743
0.000908764 1748
0.00091069 1752
0.000912349 1779
0.000912607 1784
0.000913087 1790
0.000913221 1802
0.000914668 1824
0.000915234 1835
0.000920659 1842
0.000929631 1844
0.00093035 1850
0.00093266 1851
0.0009352 1858
0.000937615 1868
0.000940663 1872
0.000940769 1877
0.00094444 1883
0.000945092 1887
0.000945178 1890
0.000947354 1895
0.000949002 1899
0.00094952 1918
0.000951859 1920
0.000952482 1929
0.000953239 1939
0.000958933 1943
0.000965316 1944
0.000977873 1949
0.000982186 1950
0.000984056 1951
0.0009902 1963
0.000991379 1971
0.000994695 1984
0.00135012 1994
0.00139684 1999
2 1999
