0 -56691
2.4e-07 -56121
1.7177e-05 -55889
1.734e-05 -55078
0.000187889 -54984
0.000189442 -54369
0.000191541 -54274
0.000192011 -53480
0.000200935 -53454
0.000201241 -52821
0.000203139 -52684
0.000207491 -52210
0.000209303 -51588
0.000210721 -50899
0.000215102 -50777
0.000218917 -50082
0.000223671 -50080
0.000224438 -49503
0.000225118 -48761
0.000225252 -48029
0.000226863 -47360
0.000232825 -47358
0.0002371 -47308
0.000238509 -46612
0.000239141 -46029
0.000239266 -45305
0.000246627 -44687
0.000246762 -44036
0.000247758 -43343
0.000247931 -42714
0.000248497 -41964
0.000248794 -41397
0.000254842 -40625
0.0002572 -39896
0.000259376 -39257
0.000265549 -39172
0.000268271 -38515
0.000268731 -37719
0.000269114 -36953
0.000271223 -36897
0.000279524 -36667
0.000283233 -36029
0.00028355 -35289
0.000285045 -34482
0.00028631 -33697
0.00028932 -33103
0.000290729 -32249
0.000294592 -31351
0.000295704 -30728
0.000300726 -30671
0.000303592 -29950
0.000304321 -29171
0.00030456 -28609
0.000307714 -27920
0.000316158 -27161
0.000316446 -26364
0.000318526 -25666
0.000321804 -24949
0.000326741 -24895
0.000329031 -24270
0.000329223 -23619
0.000329731 -22848
0.000331102 -22396
0.000332731 -21842
0.000334073 -21117
0.000336872 -20535
0.000340246 -20012
0.000341617 -19479
0.000349946 -18898
0.000358314 -18311
0.000366107 -17838
0.000367698 -17190
0.000372347 -17128
0.000372587 -16573
0.000374139 -15945
0.000379421 -15318
0.000381338 -14733
0.000385642 -14172
0.000397729 -13717
0.00040949 -13204
0.000414234 -12549
0.000414531 -12003
0.000424337 -11563
0.000436242 -11104
0.000445655 -10528
0.000446584 -9938
0.000452249 -9253
0.000455029 -8660
0.000459055 -8112
0.000460531 -7524
0.00050469 -7208
0.000513039 -6710
0.000517314 -6345
0.000517553 -5774
0.000537519 -5493
0.000537768 -5158
0.000538631 -4834
0.000572438 -4393
0.000573157 -4016
0.000581985 -3685
0.000599967 -3406
0.000646915 -3253
0.000652532 -2971
0.000659817 -2501
0.000679639 -2234
0.00070065 -1965
0.00071173 -1773
0.000749189 -1475
0.000762886 -1296
0.000766989 -1088
0.000774053 -795
0.000777197 -587
0.000805454 -442
0.000821998 -320
0.00082312 -231
0.000854349 -179
0.000854818 -124
0.000916978 -31
0.000923707 35
0.000948331 44
0.00100703 63
0.00100951 79
0.00102812 116
0.00102928 123
0.00104992 130
0.00105108 148
0.00108 153
0.00110442 161
0.00113634 162
2 162
