0 -2228
1.53e-07 -2157
1.3256e-05 -2085
0.000555204 -2047
0.000591589 -1996
0.000592921 -1973
0.000593017 -1901
0.00060265 -1758
0.000603034 -1737
0.000605181 -1725
0.000610309 -1628
0.000612245 -1605
0.000613654 -1485
0.000621591 -1377
0.000623786 -1357
0.000624054 -1259
0.000627888 -1233
0.000645928 -1176
0.000659654 -1081
0.000660622 -1063
0.000661341 -971
0.000661935 -872
0.000663814 -789
0.00066851 -782
0.00066922 -708
0.000676322 -680
0.000677108 -635
0.000677674 -589
0.000678019 -538
0.000694946 -448
0.000697093 -394
0.000697362 -337
0.000701953 -288
0.00070296 -282
0.000704301 -274
0.000704915 -221
0.000706343 -180
0.000710896 -146
0.000713417 -102
0.000713542 -70
0.000713657 -59
0.000713925 -37
0.000714433 -33
0.000714778 -4
0.000731188 39
0.000731926 69
0.0007323 76
0.000734035 117
0.000734313 178
0.000734447 192
0.000739335 194
0.000740869 240
0.00076327 244
0.00076488 318
0.000765139 319
0.000765436 323
0.000778884 373
0.000779344 381
0.000780542 395
0.000780993 425
0.000784108 450
0.000787281 455
0.000787875 469
0.000788086 480
0.000792102 483
0.000795907 484
0.00079769 490
0.000860396 491
0.000861221 528
0.000865045 545
0.000867624 552
0.000885586 586
0.000886804 596
0.000890552 611
0.000903952 617
0.000907191 640
0.000952223 644
0.000981678 648
0.000993976 650
0.00100566 656
0.00101034 657
0.00102595 661
0.0011971 669
0.00123968 675
0.00124727 691
0.00125306 699
0.00125725 700
0.00127323 717
0.0012758 730
0.00129965 737
0.00137914 744
0.00141479 759
0.00144238 760
0.00144676 763
0.00149791 766
2 766
