0 -1956
6.58e-07 -1907
1.0135e-05 -1864
0.000560932 -1826
0.000561531 -1790
0.00056245 -1783
0.000563707 -1763
0.000564423 -1688
0.00056509 -1626
0.000565612 -1599
0.00056833 -1592
0.000568591 -1531
0.000569268 -1481
0.000572682 -1425
0.000572914 -1391
0.000579597 -1386
0.000579742 -1305
0.000580777 -1179
0.000581067 -1117
0.000584819 -1046
0.000584974 -1012
0.000585129 -956
0.000595854 -915
0.000603368 -868
0.000604635 -834
0.00060889 -819
0.000613484 -793
0.000613591 -692
0.000614538 -688
0.000614654 -644
0.000614915 -542
0.000615418 -453
0.000615902 -432
0.000616618 -426
0.000616734 -375
0.000617517 -340
0.000617604 -283
0.000621879 -279
0.000623204 -239
0.00062418 -205
0.000625099 -176
0.00062566 -137
0.000625795 -122
0.000673948 -80
0.00068036 -67
0.000680466 5
0.000680795 69
0.000682516 79
0.000683619 109
0.000684383 174
0.000685205 242
0.000685688 260
0.000686114 264
0.000686907 266
0.000689924 358
0.000695901 359
0.000697864 388
0.000698522 409
0.000699673 411
0.000708367 441
0.000708773 473
0.00070888 501
0.000708986 550
0.000709102 572
0.000709324 664
0.000710659 667
0.000710862 679
0.000712497 688
0.000714566 697
0.000716133 718
0.000716597 729
0.000717061 745
0.000717284 748
0.000718057 787
0.00071857 792
0.000719702 795
0.000720224 810
0.000723512 834
0.000723821 845
0.00072768 846
0.000730272 848
0.000731036 863
0.000732496 884
0.00073504 887
0.000735852 941
0.000736587 942
0.000741839 950
0.000743957 955
0.00074445 996
0.000744885 1000
0.000747312 1008
0.00074768 1058
0.000748724 1095
0.000752109 1118
0.00075326 1140
0.000753347 1154
0.00075473 1158
0.000757844 1180
0.000758956 1185
0.000759914 1195
0.000761297 1219
0.000761761 1257
0.000788028 1261
0.000788656 1270
0.000791471 1274
0.000793124 1285
0.000793327 1294
0.000794024 1330
0.000795948 1345
0.000796045 1349
0.000796509 1356
0.000796838 1384
0.000798105 1385
0.000799556 1388
0.000801664 1392
0.000802863 1393
0.000802969 1411
0.000804904 1416
0.000806683 1429
0.000807089 1455
0.000811528 1456
0.000813143 1479
0.000814855 1486
0.000815271 1493
0.000816886 1504
0.000820522 1505
0.000823366 1512
0.000826664 1520
0.000827234 1542
0.00082853 1553
0.000831325 1560
0.000833037 1591
0.000834874 1600
0.000837176 1607
0.000837747 1608
0.000839642 1615
0.000839797 1620
0.000840174 1633
0.000840909 1637
0.000843249 1639
0.000844159 1649
0.000848317 1650
0.000849429 1659
0.000849835 1670
0.000853201 1673
0.000854526 1674
0.000854632 1677
0.000854777 1682
0.000855097 1705
0.000855435 1711
0.000857679 1715
0.000858394 1716
0.000858568 1772
0.000858675 1789
0.000861083 1791
0.000870783 1793
0.000871914 1797
0.000872011 1802
0.000873056 1805
0.00087351 1808
0.000873926 1829
0.000875928 1835
0.000879013 1850
0.000880319 1858
0.0008835 1862
0.000885802 1863
0.000892968 1867
0.00090261 1877
0.000903316 1879
0.000905986 1881
0.000909313 1886
0.000910463 1889
0.000924216 1890
0.000937339 1909
0.000940598 1910
0.000944264 1929
0.00094437 1930
0.000946624 1937
0.000952774 1939
0.000959708 1963
0.000960627 1964
0.000966198 2001
0.00097053 2008
0.000981671 2013
0.000982 2021
0.000988828 2028
0.00100269 2035
0.00100544 2063
0.00105059 2068
0.00105547 2069
0.00106711 2072
0.00110686 2082
0.0011087 2084
0.00112375 2090
2 2090
