0 -1251
1.15e-07 -1191
0.000461605 -1151
0.000491376 -1083
0.000494166 -999
0.000495105 -898
0.000498402 -845
0.000499332 -656
0.000514477 -596
0.000516873 -520
0.000517256 -493
0.000538372 -482
0.000539724 -464
0.00054767 -459
0.000548619 -451
0.000559077 -431
0.000562738 -365
0.000563275 -304
0.000575343 -247
0.000575707 -191
0.000576522 -151
0.000589653 -136
0.000591216 -69
0.000596229 -11
0.00059667 49
0.000596785 64
0.000607242 67
0.000607328 69
0.000631867 76
0.00065628 104
0.000668808 115
0.000670773 135
0.000671952 191
0.000673208 198
0.000698215 201
0.000718689 212
0.000719379 241
0.000729981 255
0.000739681 272
0.000740189 274
0.000740275 288
0.000744167 318
0.000758132 323
0.000759494 353
0.000760126 359
0.000815078 363
0.000818375 364
0.00082682 381
0.000868813 390
0.000917506 396
0.000919969 397
0.000938075 403
0.000938814 416
2 416
