0 -612
5.46e-07 -606
1.1224e-05 -597
0.000526755 -588
0.000527081 -569
0.000535103 -543
0.000536378 -533
0.000538247 -493
0.000540998 -487
0.000541823 -444
0.000542752 -423
0.000543337 -422
0.000543471 -388
0.000593065 -387
0.000593822 -335
0.000596468 -302
0.000597781 -299
0.00059965 -297
0.000600273 -274
0.0006008 -248
0.000601941 -231
0.000605219 -229
0.000605976 -222
0.000606178 -195
0.000606561 -191
0.000607155 -183
0.000608353 -171
0.000610366 -142
0.000614277 -102
0.000614814 -96
0.000616856 -53
0.00062415 -43
0.000624466 10
0.000624706 118
0.000626623 174
0.000631205 178
0.000633582 200
0.000633725 208
0.000633946 221
0.000634042 238
0.00063592 267
0.000636246 272
0.000636342 281
0.000636639 321
0.000639007 368
0.000639227 374
0.000640675 417
0.000642045 443
0.000642314 450
0.0006424 463
0.000643167 478
0.000645429 499
0.000653164 532
0.00065327 537
0.000653548 542
0.000660353 554
0.000660967 562
0.000661149 564
0.000661302 590
0.000661513 622
0.000661618 654
0.000662021 689
0.00066251 693
0.000662817 720
0.000663066 725
0.000663334 735
0.00066342 770
0.000663516 773
0.000663813 776
0.000664657 822
0.000667302 837
0.000667417 846
0.000669066 869
0.000669843 884
0.000670025 886
0.000670101 888
0.000671252 905
0.000685907 924
0.00068654 1026
0.000694103 1041
0.000702356 1052
0.000703918 1082
0.000704301 1086
0.000705269 1103
0.000708404 1138
0.000709822 1152
0.00072329 1174
0.000724823 1198
0.0007249 1199
0.000725724 1200
0.000728053 1228
0.000730776 1238
0.000731082 1239
0.00073299 1241
0.000733977 1242
0.000736153 1274
0.00073645 1275
0.000737533 1276
0.000738012 1280
0.000741856 1287
0.000742038 1292
0.000743131 1295
0.000743927 1296
0.000745288 1304
0.000749294 1310
0.000750569 1328
0.000750981 1329
0.000751585 1334
0.000756081 1349
0.000758688 1357
0.000758764 1363
0.000761266 1371
0.000761362 1384
0.000761477 1386
0.000769902 1393
0.000770056 1399
0.000770439 1408
0.000771206 1425
0.000771359 1433
0.000773305 1435
0.000774015 1455
0.00077413 1463
0.00077481 1468
0.000775424 1473
0.00077643 1487
0.000777954 1488
0.000779229 1492
0.000779353 1494
0.000781031 1495
0.000782708 1496
0.000783408 1499
0.000785507 1507
0.000786418 1521
0.000786629 1541
0.000786753 1551
0.000794211 1559
0.000795188 1561
0.000796195 1581
0.000813036 1583
0.00084067 1605
0.000840948 1623
0.000841399 1625
0.000843114 1630
0.000849594 1635
0.000867537 1642
0.000880084 1658
0.000882078 1670
0.000888682 1680
0.000914965 1682
0.000956229 1686
0.000956584 1687
0.000961012 1688
0.00096407 1695
0.000975333 1696
0.000993621 1698
0.00109457 1699
2 1699
