0 -10756
1.34e-07 -10469
8.24e-07 -10239
0.00058509 -10185
0.000588224 -10135
0.000591359 -9888
0.0006001 -9624
0.000600311 -9316
0.000602219 -9032
0.000611076 -8778
0.000611651 -8545
0.000613223 -8234
0.000617603 -8015
0.000617967 -7781
0.000619367 -7652
0.000621313 -7369
0.000622827 -7105
0.000630505 -6874
0.000631434 -6638
0.000633716 -6531
0.000642314 -6368
0.000648304 -6354
0.00064888 -6174
0.000658225 -5910
0.000661839 -5778
0.000666392 -5618
0.000668117 -5475
0.000669449 -5297
0.000675795 -5145
0.000678143 -5016
0.000680817 -4805
0.000686099 -4668
0.000692665 -4568
0.000697965 -4557
0.000706276 -4462
0.000708586 -4281
0.000714385 -4063
0.000715583 -4033
0.00071658 -3818
0.000724919 -3696
0.000742316 -3688
0.000744521 -3547
0.000745556 -3375
0.000746179 -3264
0.000753876 -3095
0.000759646 -2913
0.000765886 -2906
0.000767726 -2711
0.000770899 -2558
0.000771446 -2346
0.00077527 -2246
0.000777245 -2117
0.000782775 -2066
0.000784999 -1918
0.000785478 -1845
0.000793549 -1792
0.000795226 -1603
0.000799204 -1524
0.00080022 -1453
0.000801275 -1372
0.000816467 -1314
0.000818394 -1271
0.000818892 -1269
0.0008282 -1230
0.000830395 -1133
0.000834171 -1084
0.000835705 -990
0.000837555 -856
0.000839098 -807
0.00083952 -751
0.00084183 -722
0.000842501 -660
0.00084483 -564
0.000849038 -474
0.000854808 -406
0.000858565 -282
0.000862553 -276
0.000867566 -196
0.000868783 -113
0.000869675 -111
0.000875177 -86
0.000875637 -84
0.000877726 -64
0.000878397 -61
0.000881225 -53
0.00089775 -37
0.000899533 -33
0.000905782 15
0.000907287 95
0.000908332 136
0.000909463 141
0.000910987 169
0.000932007 180
0.000936522 241
0.000937394 245
0.000939886 254
0.000950305 269
0.000960514 289
0.00100184 295
0.00100309 303
0.00100956 306
0.00101237 308
0.00103475 311
0.00103649 321
0.00106968 322
0.0010709 335
0.00107455 349
0.00108171 381
0.00108775 382
0.00109175 385
0.00111199 392
0.00112447 396
0.00114403 397
0.00115149 400
0.00117617 403
0.00117795 420
0.00119251 428
0.00120454 435
0.00123066 442
0.00123899 445
0.00124605 452
0.00126447 456
0.00128017 470
0.00130004 474
0.00130075 478
0.00136283 480
0.00141517 484
0.00142425 498
0.00145057 504
0.00155497 516
0.00155739 520
0.00160531 536
0.0017089 537
0.00175215 540
2 540
