0 -493
2.49e-07 -453
1.2135e-05 -433
1.3937e-05 -364
1.4196e-05 -352
1.4445e-05 -317
1.5355e-05 -305
1.5576e-05 -298
0.000292272 -275
0.000292617 -235
0.000292703 -153
0.000403451 -143
0.0004037 -124
0.000404093 -64
0.000461221 -46
0.000480794 -37
0.000481378 -5
0.000482874 27
0.000483401 36
0.000483506 42
0.000483593 113
0.000484513 152
0.000485097 153
0.000485337 177
0.000498047 189
0.000503856 194
0.000504536 196
0.000525355 199
0.000526323 215
0.000539752 220
0.00054234 227
0.000542551 248
0.000542637 261
0.000545312 275
0.0005546 287
0.00055482 292
0.000558836 301
0.000559095 317
0.000559172 327
0.000560734 345
0.000563552 351
0.000567626 352
0.00057007 392
0.000597244 412
0.000597829 419
0.000597915 446
0.000599909 491
0.000601567 504
0.00060174 514
0.000608095 515
0.000612178 522
0.000620738 530
0.000621361 539
0.000629719 546
0.000630275 552
0.000630908 560
0.000632633 574
0.000633093 588
0.000633342 590
0.000634262 591
0.000639659 602
0.000643943 603
0.00064749 604
0.000649311 613
0.000735348 618
0.00074293 621
0.000752295 626
0.000752994 628
0.000761851 632
0.000762915 634
0.00076488 645
0.000802626 646
0.000806355 656
0.000809988 662
0.000878369 665
0.000906597 670
0.000912693 671
2 671
