0 -56127
3.45e-07 -55576
6.32e-07 -54821
1.1185e-05 -54149
0.000274951 -53544
0.00027637 -52870
0.000321027 -52229
0.000323232 -51477
0.000324967 -50753
0.000326098 -49834
0.000329922 -49471
0.00033159 -48490
0.000333593 -47625
0.000337274 -47432
0.000338894 -47273
0.000340456 -46335
0.000341798 -46260
0.000343562 -45458
0.000344588 -44687
0.000345431 -43982
0.000346198 -43754
0.000348364 -43142
0.000350387 -43032
0.000352007 -42358
0.00035284 -41661
0.000353742 -40995
0.000353847 -40245
0.000354326 -39289
0.000355218 -38704
0.000356262 -38096
0.000356905 -37515
0.000357346 -36877
0.000359608 -36258
0.000362464 -36218
0.000366931 -35486
0.000368589 -34867
0.000368733 -34207
0.000368905 -33567
0.00036903 -32873
0.000370468 -32090
0.000372778 -31326
0.000373554 -30614
0.000374168 -30071
0.000378577 -29764
0.000379641 -29027
0.000381452 -28827
0.000384625 -28310
0.000391277 -28239
0.000391709 -27617
0.000393932 -27579
0.000394076 -26983
0.00040046 -26183
0.00040207 -25960
0.000403594 -25602
0.00040599 -24823
0.000406163 -24225
0.000406316 -23423
0.000407639 -22541
0.000410764 -21785
0.000412844 -21070
0.000414991 -20342
0.00041802 -19598
0.000424471 -19003
0.000435446 -18285
0.000443632 -17714
0.000447907 -17220
0.000453246 -16607
0.000455929 -16087
0.000463895 -15954
0.000465562 -15237
0.00046608 -14681
0.000475608 -14196
0.000481646 -13786
0.000484167 -13751
0.000485816 -13334
0.0004915 -12871
0.000496139 -12839
0.000507239 -12042
0.000512156 -11656
0.000519134 -11210
0.000530435 -10621
0.000537442 -10023
0.000557964 -9421
0.000558989 -8866
0.000574374 -8372
0.000575898 -7835
0.000577776 -7568
0.000587477 -7066
0.000590458 -6574
0.000592499 -6267
0.000594963 -5876
0.000604931 -5445
0.000608123 -5112
0.00060842 -4641
0.000609158 -4305
0.000618964 -3983
0.000625894 -3636
0.000694984 -3295
0.000714557 -3044
0.000740246 -2746
0.000764995 -2378
0.000771839 -2026
0.000774657 -1686
0.000799808 -1567
0.000802674 -1289
0.000824241 -1058
0.000842203 -886
0.000985464 -814
0.000998433 -691
0.00100882 -613
0.00103255 -526
0.00106397 -341
0.00106431 -148
0.00107643 -16
0.00109263 4
0.00110142 61
0.00130381 78
0.00133351 89
0.0013469 97
0.00179808 99
0.00181333 105
0.00188962 121
0.00191709 125
0.00200753 126
0.00202895 132
0.00267293 145
0.00276503 146
0.00285866 154
0.00302129 157
2 157
