0 -575
2.01e-07 -524
0.000401457 -510
0.000402013 -441
0.000402415 -417
0.00040578 -403
0.000408607 -328
0.000409269 -322
0.000411205 -308
0.000411627 -303
0.000411722 -295
0.000415997 -242
0.000418365 -233
0.000420847 -206
0.000421154 -89
0.000421892 -64
0.000422084 -60
0.000431276 -57
0.000431343 -40
0.000498651 -31
0.000499091 26
0.000500021 59
0.000500548 77
0.000501181 105
0.000501277 126
0.000504565 137
0.000504795 157
0.000505255 241
0.000529592 261
0.000529659 275
0.000529726 297
0.000529793 305
0.000532879 310
0.000561788 316
0.000562814 318
0.000563101 346
0.000563207 353
0.000563916 358
0.000566111 362
0.000566207 380
0.000566696 385
0.000566916 405
0.000575687 409
0.000576099 423
0.000581802 446
0.000596928 454
0.000597167 461
0.000601049 464
0.000601136 466
0.000601241 478
0.000627351 480
0.000627543 483
0.000627763 490
0.000627907 496
0.000628568 505
0.000628636 506
0.000631684 510
0.000638087 513
0.000639256 518
0.000645448 526
0.000645621 529
0.000646732 532
0.000646924 538
0.000664446 567
0.000665241 577
0.000670705 579
0.000676504 583
0.000691534 592
0.000691917 593
0.000693384 595
0.000694821 607
0.000695301 614
0.0006967 615
0.000713503 616
0.0007138 618
0.000720491 630
0.000723404 631
0.000723472 632
0.000780983 633
0.000781404 635
0.000795265 643
0.000799492 648
0.000807285 651
0.000808301 655
0.000808387 656
0.000816074 666
0.000823397 677
2 677
