0 -453
1.73e-07 -379
3.7076e-05 -368
0.000365925 -334
0.000367085 -321
0.000367938 -316
0.000368043 -208
0.000368139 -142
0.000368235 -132
0.000368465 -131
0.000453447 -73
0.000454588 -59
0.000454674 -24
0.000454885 -2
0.000458499 5
0.000458566 18
0.000511687 20
0.000514371 50
0.000514476 59
0.000514697 69
0.000517649 123
0.000518109 130
0.00051831 148
0.000519681 161
0.000520343 196
0.000520477 215
0.000522087 223
0.000523237 239
0.0005234 250
0.000523908 283
0.000524301 292
0.000524637 302
0.000524876 316
0.000526036 319
0.000557677 322
0.000558185 331
0.000558933 335
0.000559479 348
0.000560965 361
0.0005613 380
0.000581429 392
0.000581592 393
0.000582119 399
0.000582186 417
0.000582608 423
0.000584784 432
0.000584861 433
0.000585522 437
0.000585694 445
0.000586164 469
0.000586346 485
0.000586854 493
0.000589222 500
0.000589318 506
0.000589682 523
0.000589768 525
0.000589979 549
0.000590631 554
0.000592644 570
0.000660737 572
0.000666038 577
0.000668348 580
0.00066853 581
0.000672009 582
0.000676792 587
0.000677818 603
0.000678345 610
0.000679256 628
0.000686071 629
0.000689234 635
0.000764995 636
0.00076534 643
0.000805982 657
2 657
