0 -47999
5.7e-08 -47385
5.659e-06 -46791
2.6978e-05 -46197
4.2348e-05 -45660
5.7597e-05 -45132
7.1438e-05 -44607
8.4256e-05 -44082
9.6417e-05 -43559
0.00010916 -43040
0.000121574 -42523
0.000132957 -42010
0.00014509 -41499
0.000157129 -40990
0.000168718 -40487
0.000180541 -39991
0.000192955 -39496
0.000205088 -39002
0.000217447 -38512
0.000229608 -38023
0.000240127 -37535
0.000252448 -37048
0.000264674 -36563
0.000276432 -36080
0.000288678 -35597
0.000299572 -35115
0.000311865 -34633
0.000323106 -34153
0.000334301 -33677
0.000346941 -33209
0.000357788 -32745
0.000368983 -32282
0.000380769 -31822
0.000393849 -31362
0.000407296 -30902
0.000419757 -30443
0.000432425 -29989
0.000445149 -29537
0.000457724 -29088
0.000470645 -28642
0.000483829 -28202
0.000496506 -27765
0.000509887 -27334
0.000521438 -26903
0.000534782 -26475
0.000547093 -26056
0.000560887 -25638
0.000573348 -25221
0.000585941 -24810
0.00059829 -24399
0.000609607 -23993
0.000622913 -23590
0.000635562 -23188
0.000647986 -22786
0.000661357 -22387
0.000673293 -21988
0.00068552 -21597
0.000698723 -21207
0.000711672 -20818
0.000723946 -20430
0.000737299 -20047
0.000749582 -19668
0.000763385 -19293
0.000776429 -18919
0.000790232 -18549
0.000808136 -18179
0.000823093 -17809
0.000837197 -17442
0.000850888 -17077
0.000865573 -16715
0.000881037 -16357
0.000895019 -15999
0.000907527 -15641
0.000920279 -15289
0.000933904 -14938
0.000948374 -14587
0.000962346 -14240
0.000975924 -13899
0.000990065 -13560
0.00100405 -13222
0.00101715 -12885
0.00103051 -12548
0.00104549 -12213
0.00106078 -11879
0.00107472 -11545
0.00108801 -11221
0.00110305 -10898
0.00111901 -10576
0.00113411 -10256
0.00114893 -9941
0.00116256 -9630
0.00117735 -9320
0.00119326 -9011
0.0012066 -8703
0.00122072 -8396
0.00123701 -8091
0.00125129 -7791
0.00126562 -7497
0.00128186 -7204
0.00129386 -6915
0.00134222 -6628
0.00136619 -6342
0.00138138 -6075
0.0014001 -5812
0.00141493 -5552
0.00142918 -5294
0.00144821 -5043
0.0014641 -4794
0.00148147 -4550
0.00150128 -4309
0.0015215 -4078
0.00156206 -3850
0.00158013 -3635
0.00159917 -3427
0.00162238 -3221
0.00164709 -3015
0.00167259 -2814
0.00169667 -2621
0.00172046 -2431
0.00174471 -2257
0.00177158 -2089
0.00179764 -1922
0.00182729 -1756
0.00185813 -1592
0.00188653 -1435
0.00192504 -1290
0.00195585 -1151
0.00198696 -1014
0.00202039 -881
0.00206062 -758
0.00209738 -651
0.0021357 -545
0.00217743 -451
0.00221462 -362
0.00225307 -278
0.00229124 -195
0.00232907 -123
0.00236728 -70
0.00240705 -22
0.0024413 17
0.00247315 52
0.00250442 77
0.0025336 97
0.0025612 125
0.00259157 137
0.00262161 149
0.0026494 156
0.00267435 159
0.00269979 162
0.00272491 173
0.00275252 178
0.00278072 187
0.00280675 189
0.00283217 193
0.002864 207
0.00291949 215
0.00294687 218
0.00297677 221
0.0030064 236
0.00311796 247
0.00315353 258
0.00318129 264
0.00384596 274
0.00407009 275
0.00415748 280
0.00421527 282
0.00424214 297
0.00474691 299
0.00480455 306
0.00483311 318
0.00485994 320
0.00906357 323
0.00909409 333
2 333
