0 -18727
5.6e-08 -18377
3.4666e-05 -18044
6.8124e-05 -17739
0.000108832 -17435
0.000136332 -17137
0.000180071 -16842
0.000248799 -16547
0.000298523 -16254
0.000336399 -15972
0.000366977 -15695
0.000398245 -15421
0.000428427 -15150
0.000457711 -14881
0.000486638 -14621
0.000515536 -14367
0.000541167 -14115
0.00057015 -13868
0.000596499 -13622
0.000629758 -13379
0.00065943 -13139
0.000691547 -12900
0.000721663 -12664
0.000750051 -12429
0.000780261 -12194
0.000808593 -11960
0.000841078 -11726
0.000876141 -11497
0.000905652 -11270
0.000936854 -11050
0.000968772 -10831
0.00100005 -10614
0.00105352 -10401
0.00111046 -10190
0.00115554 -9982
0.00119473 -9778
0.00123541 -9575
0.00127346 -9373
0.00130496 -9172
0.00133586 -8976
0.00136864 -8780
0.00140277 -8586
0.00143085 -8397
0.00145925 -8213
0.00148586 -8029
0.00151413 -7852
0.00153964 -7675
0.00156617 -7499
0.00159172 -7324
0.00161775 -7152
0.00164522 -6982
0.00167353 -6815
0.00170425 -6649
0.00173511 -6485
0.00176369 -6323
0.001794 -6163
0.00182298 -6004
0.00185477 -5847
0.00188055 -5693
0.00191152 -5539
0.0019457 -5387
0.00197359 -5236
0.00201015 -5089
0.00203562 -4951
0.00206199 -4814
0.00208853 -4678
0.00211132 -4542
0.00213821 -4406
0.00216325 -4270
0.00219031 -4136
0.00221592 -4002
0.00224552 -3868
0.00227444 -3736
0.00229855 -3606
0.0023237 -3481
0.00235086 -3356
0.00237674 -3235
0.00240177 -3118
0.00242803 -3004
0.00245539 -2890
0.002479 -2777
0.00250412 -2667
0.00253078 -2559
0.00255733 -2452
0.00258191 -2353
0.002609 -2254
0.0026328 -2156
0.0026585 -2058
0.00268432 -1960
0.00271095 -1863
0.002737 -1770
0.00276793 -1677
0.00279614 -1584
0.00282347 -1492
0.00284296 -1402
0.00286827 -1313
0.00289442 -1225
0.00293444 -1141
0.00298477 -1059
0.00302384 -977
0.00305271 -898
0.00308499 -822
0.0031143 -749
0.00313927 -676
0.00316535 -604
0.00318817 -537
0.00321226 -475
0.00323183 -416
0.00325662 -361
0.00328189 -308
0.00330757 -255
0.0033343 -204
0.00336155 -155
0.00339154 -106
0.00342942 -58
0.0034556 -11
0.00348112 36
0.00350642 80
0.00353321 124
0.00356149 165
0.00358779 205
0.00364119 245
0.00366936 277
0.0036969 308
0.00372465 337
0.00375169 366
0.00377896 398
0.00380559 426
0.00383263 454
0.00386489 485
0.0038926 513
0.00392063 543
0.00394891 568
0.00397578 592
0.00400207 615
0.00402674 646
0.0040536 669
0.00407946 692
0.00410676 715
0.0041339 734
0.00416148 753
0.00418442 778
0.00421189 801
0.00423586 823
0.00425803 846
0.00428412 863
0.0043095 880
0.00433615 897
0.00436219 917
0.00438901 935
0.00441603 951
0.00444334 968
0.00447724 985
0.00450999 1004
0.00453701 1019
0.00456371 1034
0.00459545 1049
0.00462421 1064
0.00465381 1078
0.00468492 1097
0.00471419 1111
0.00474094 1123
0.00477265 1138
0.00481826 1152
0.00485425 1165
0.00488303 1176
0.00491834 1195
0.00495607 1206
0.00499008 1224
0.00501588 1235
0.00504088 1246
0.00506479 1265
0.00508985 1275
0.00511591 1287
0.00514062 1301
0.00516704 1315
0.0051935 1342
0.00522162 1357
0.00525066 1371
0.0052799 1384
0.00530681 1396
0.00533287 1406
0.00535675 1422
0.00539917 1444
0.00543509 1452
0.00544255 1457
0.00545194 1462
0.00546596 1469
0.00548655 1474
0.0054912 1479
0.00550251 1491
0.00552617 1500
0.00553031 1504
0.00553833 1508
0.00554881 1512
0.00555923 1515
0.00557174 1541
0.00559908 1543
0.00560231 1544
0.00560821 1545
0.00561531 1553
0.00561823 1554
0.005624 1560
0.00570396 1562
0.00570749 1563
0.00571194 1565
0.00571733 1566
0.00572833 1585
0.00577657 1589
0.00577972 1597
0.00578507 1599
0.00578922 1601
0.00580715 1608
0.00582665 1609
0.00583995 1612
0.0058427 1613
0.00584683 1621
0.00586719 1626
0.00628901 1629
0.00629602 1631
0.00630921 1633
0.00633156 1636
0.00640976 1638
0.00649218 1639
0.00649667 1641
0.00693714 1646
0.00742812 1651
0.00755032 1652
0.00755501 1654
0.00755795 1658
0.0081489 1662
0.00860409 1665
0.00861124 1669
0.00950929 1670
0.0100115 1672
2 1672
