0 -95581
5.6e-08 -94761
8.67e-06 -93951
1.6796e-05 -93169
2.4359e-05 -92409
3.2645e-05 -91668
4.2629e-05 -90930
5.7718e-05 -90196
7.1484e-05 -89464
8.6357e-05 -88733
0.000106644 -88004
0.000129597 -87283
0.000149546 -86584
0.000167657 -85887
0.000185551 -85190
0.000202667 -84496
0.000220683 -83805
0.000238362 -83117
0.000255666 -82432
0.000273072 -81753
0.000298596 -81079
0.00031664 -80405
0.00033384 -79731
0.000350731 -79062
0.000367556 -78394
0.000384615 -77733
0.000402388 -77076
0.000419738 -76423
0.00044376 -75770
0.000469274 -75118
0.00049247 -74466
0.000511651 -73815
0.000538732 -73170
0.00056708 -72534
0.000591205 -71900
0.000610404 -71267
0.000628467 -70635
0.000646793 -70004
0.000664416 -69379
0.000681935 -68757
0.000699482 -68138
0.000717048 -67520
0.000735149 -66903
0.000752631 -66287
0.000769606 -65676
0.000787266 -65067
0.000804476 -64460
0.000823168 -63853
0.000841109 -63251
0.000858628 -62650
0.000876101 -62050
0.00089301 -61453
0.000910745 -60856
0.000929052 -60260
0.000950288 -59665
0.000968116 -59072
0.000985936 -58484
0.00100438 -57896
0.00102238 -57308
0.00104016 -56725
0.00105777 -56143
0.00107534 -55561
0.00110192 -54980
0.00112901 -54401
0.00115724 -53822
0.00118554 -53245
0.00121237 -52670
0.00124173 -52095
0.00128813 -51521
0.00131372 -50947
0.00133504 -50373
0.00135421 -49799
0.00137308 -49226
0.00139196 -48656
0.00140966 -48087
0.00142663 -47520
0.00144448 -46958
0.00146218 -46400
0.00148087 -45847
0.00149992 -45301
0.00151887 -44757
0.00153706 -44215
0.00155637 -43674
0.00157634 -43133
0.00159415 -42593
0.001613 -42055
0.0016319 -41519
0.00165019 -40984
0.00166762 -40449
0.00168503 -39915
0.00170211 -39382
0.001721 -38849
0.00173944 -38319
0.00175869 -37790
0.00177651 -37263
0.00179593 -36736
0.00181354 -36209
0.0018323 -35682
0.00185308 -35155
0.00187394 -34630
0.00189188 -34107
0.00191025 -33587
0.00192996 -33069
0.00195161 -32554
0.00197301 -32039
0.00199267 -31524
0.00201373 -31010
0.00203265 -30501
0.00205237 -29992
0.00207407 -29485
0.0020934 -28978
0.00211392 -28475
0.00213667 -27974
0.00215883 -27484
0.00218129 -26994
0.00220165 -26507
0.00222117 -26024
0.00224189 -25543
0.00226639 -25062
0.00228943 -24584
0.00231017 -24108
0.00233047 -23633
0.0023511 -23159
0.00237118 -22687
0.00239285 -22217
0.00241643 -21748
0.0024452 -21280
0.00246757 -20821
0.00249098 -20364
0.0025259 -19911
0.00254936 -19464
0.00257251 -19020
0.00259596 -18578
0.00262072 -18136
0.00264501 -17696
0.00266827 -17256
0.00269357 -16818
0.00271549 -16383
0.00274028 -15948
0.00276512 -15516
0.0027882 -15097
0.00281519 -14679
0.00284501 -14265
0.00287583 -13854
0.00290469 -13449
0.00293059 -13047
0.00295975 -12646
0.00299023 -12253
0.00302085 -11861
0.00305966 -11470
0.00309139 -11080
0.00312307 -10705
0.00316625 -10330
0.00319966 -9960
0.00322951 -9593
0.00326517 -9234
0.00334074 -8884
0.0033854 -8534
0.00342385 -8188
0.00346386 -7845
0.00350503 -7510
0.00354303 -7178
0.00357988 -6852
0.00361766 -6538
0.00365836 -6226
0.00370292 -5929
0.00374877 -5633
0.00379886 -5341
0.00384797 -5049
0.00389887 -4762
0.00394912 -4486
0.00400417 -4213
0.00405763 -3940
0.00411075 -3678
0.00416448 -3436
0.00422629 -3195
0.00428923 -2962
0.00435264 -2734
0.00441804 -2511
0.00448754 -2297
0.00455953 -2083
0.00462966 -1886
0.00470571 -1693
0.00478865 -1504
0.0048728 -1325
0.00496057 -1152
0.00506589 -1004
0.00516806 -865
0.0052648 -746
0.00535383 -632
0.00543902 -528
0.00552299 -426
0.00560539 -341
0.00568987 -258
0.00576973 -179
0.0058406 -115
0.00590693 -60
0.0059706 -6
0.00603204 28
0.00608994 60
0.00614549 80
0.00619513 105
0.00624321 111
0.00629565 120
0.00635993 127
0.00641439 138
0.0064661 142
0.00653276 150
0.00659802 173
0.0066532 178
0.00671034 188
0.00677121 193
0.00682924 194
0.00695008 196
0.00744168 211
0.00749992 220
0.00765986 227
0.0077195 233
0.00777686 238
0.0143496 244
0.0144075 257
0.0169016 261
0.0240359 264
0.0240993 271
0.0295761 273
0.0296885 280
2 280
