0 -14959
6.6e-08 -14569
3.444e-06 -14206
6.475e-06 -13878
8.201e-06 -13560
1.3625e-05 -13243
1.8861e-05 -12927
2.3084e-05 -12615
2.9324e-05 -12312
3.5236e-05 -12011
3.928e-05 -11710
4.3155e-05 -11413
4.7622e-05 -11118
5.1573e-05 -10837
5.5833e-05 -10556
5.9877e-05 -10276
6.4269e-05 -10000
6.8951e-05 -9726
7.2826e-05 -9456
7.6861e-05 -9186
8.0662e-05 -8925
8.6057e-05 -8667
9.0496e-05 -8411
9.5169e-05 -8155
9.9176e-05 -7902
0.00010383 -7653
0.000108616 -7405
0.000113176 -7167
0.000117502 -6931
0.000121612 -6703
0.000126529 -6479
0.000132197 -6257
0.000137095 -6036
0.00014204 -5821
0.000146976 -5609
0.000151555 -5398
0.000156031 -5195
0.000159813 -4992
0.000165405 -4793
0.000170463 -4596
0.000176149 -4406
0.000180794 -4220
0.000185533 -4039
0.000191905 -3860
0.000197385 -3684
0.000202686 -3509
0.000208617 -3336
0.000214172 -3165
0.00021937 -2995
0.000225873 -2833
0.000231982 -2675
0.000237378 -2522
0.000243167 -2369
0.000249004 -2220
0.000255507 -2079
0.000261334 -1939
0.000268681 -1810
0.000276451 -1682
0.00028468 -1567
0.000292328 -1452
0.000299478 -1340
0.000306234 -1234
0.000315008 -1132
0.000323059 -1034
0.00033112 -937
0.000341461 -841
0.000349878 -745
0.000358529 -656
0.00036567 -568
0.000373731 -488
0.000381557 -413
0.000390481 -341
0.000398907 -270
0.000411472 -204
0.000423286 -139
0.000454843 -82
0.000471686 -37
0.000483097 -2
0.000495296 29
0.000508527 53
0.000519458 75
0.000531498 91
0.000542354 105
0.000552902 129
0.000563346 141
0.000577515 159
0.000587218 170
0.000598844 181
0.000608443 188
0.000619797 195
0.000629594 210
0.000641258 221
0.000654873 232
0.000666556 240
0.0006767 245
0.000689283 249
0.000701369 252
0.000712404 255
0.000736154 261
0.000775293 264
0.000795571 278
0.000808568 283
0.000818955 284
0.000829756 288
0.000842114 310
0.000868491 315
0.000881253 319
0.000892851 323
0.000902798 330
0.000924315 343
0.000935162 346
0.000946375 351
0.000955844 354
0.000967545 356
0.000976337 359
0.00100059 367
0.00101234 372
0.00116616 379
0.003201 380
0.00321257 384
0.00322404 385
0.00323415 392
0.00324766 397
0.00392578 402
0.00393736 408
0.00399321 409
0.00400602 412
0.00406814 413
0.00573422 416
2 416
