0 -34748
4.7e-08 -34345
5.1377e-05 -33958
9.0174e-05 -33575
0.000146812 -33217
0.000222707 -32868
0.000322883 -32526
0.000463415 -32185
0.000605808 -31846
0.000743516 -31507
0.00088622 -31169
0.00102107 -30837
0.00113104 -30506
0.00123152 -30180
0.00132544 -29854
0.00142573 -29530
0.00151578 -29213
0.0016052 -28900
0.0016916 -28588
0.00177422 -28278
0.00185454 -27969
0.00193303 -27660
0.00201147 -27361
0.00208768 -27064
0.00216221 -26769
0.00223787 -26475
0.00231122 -26181
0.0024372 -25887
0.00254871 -25596
0.00265715 -25311
0.00276226 -25027
0.00286052 -24745
0.00295186 -24463
0.00303616 -24183
0.00311689 -23912
0.0031953 -23641
0.00327182 -23372
0.00337095 -23105
0.00348327 -22839
0.00370151 -22573
0.00389318 -22313
0.00406283 -22055
0.00421148 -21797
0.0043464 -21543
0.00446936 -21292
0.0045958 -21041
0.00470232 -20792
0.00482248 -20546
0.00493621 -20303
0.00503876 -20062
0.00513235 -19821
0.00523836 -19581
0.00531845 -19343
0.00539325 -19106
0.00546546 -18869
0.0055387 -18632
0.00561224 -18398
0.00568492 -18165
0.00575746 -17934
0.00581821 -17706
0.00588029 -17482
0.00594525 -17262
0.00601704 -17044
0.00607907 -16830
0.0061382 -16616
0.00619928 -16405
0.00625592 -16197
0.00631326 -15991
0.0063687 -15785
0.00642428 -15581
0.00648464 -15379
0.00654284 -15178
0.00660038 -14977
0.00665683 -14778
0.0067135 -14579
0.00677176 -14382
0.0068267 -14185
0.00687727 -13992
0.00693286 -13800
0.00698933 -13609
0.00704447 -13419
0.00711473 -13230
0.00716787 -13042
0.00721775 -12857
0.0072694 -12673
0.00731922 -12490
0.00737634 -12309
0.00743025 -12131
0.00748389 -11955
0.00753866 -11779
0.00761844 -11604
0.00767195 -11429
0.00772328 -11254
0.00777435 -11081
0.00782607 -10909
0.00787975 -10738
0.007932 -10571
0.00799846 -10404
0.00805514 -10238
0.00810462 -10073
0.00815459 -9908
0.00820302 -9744
0.00825179 -9581
0.00830137 -9418
0.00834595 -9256
0.00839188 -9095
0.00843816 -8937
0.0084808 -8780
0.00852822 -8627
0.0085753 -8477
0.00862265 -8327
0.00867003 -8178
0.00871754 -8029
0.00876313 -7880
0.00880962 -7733
0.00885616 -7588
0.00890141 -7445
0.00894662 -7306
0.00899195 -7167
0.00904908 -7029
0.00909495 -6892
0.00913824 -6758
0.00918288 -6624
0.0092298 -6490
0.00927681 -6358
0.00932344 -6228
0.00936957 -6098
0.00941617 -5968
0.00945649 -5840
0.00950966 -5715
0.00955452 -5591
0.00959638 -5470
0.00963769 -5352
0.00967913 -5237
0.0097188 -5122
0.00976026 -5008
0.00980272 -4894
0.00984489 -4781
0.00989197 -4668
0.00993559 -4556
0.00997881 -4446
0.0100203 -4337
0.0100566 -4228
0.0100954 -4122
0.010138 -4017
0.0101806 -3913
0.0102205 -3811
0.010264 -3710
0.0103076 -3611
0.010351 -3513
0.0103998 -3416
0.0104422 -3321
0.0104896 -3226
0.0105271 -3131
0.0105683 -3036
0.0106136 -2943
0.0106615 -2854
0.0107044 -2766
0.0107462 -2680
0.0107997 -2595
0.0108647 -2510
0.0109455 -2425
0.0110084 -2342
0.0110628 -2259
0.011122 -2176
0.0111788 -2096
0.0112291 -2017
0.0112747 -1942
0.0113139 -1867
0.0113782 -1797
0.0114227 -1727
0.0114682 -1659
0.0116087 -1592
0.0117016 -1525
0.0117687 -1458
0.0118292 -1391
0.0118831 -1325
0.0119332 -1261
0.011981 -1198
0.0120267 -1136
0.0120698 -1077
0.0121126 -1019
0.0121548 -962
0.0121962 -907
0.0122375 -852
0.0122794 -799
0.0123224 -747
0.0123662 -696
0.0124102 -646
0.0124544 -596
0.0124978 -547
0.0125411 -500
0.0125836 -455
0.0126267 -410
0.01267 -367
0.0127131 -325
0.0127587 -284
0.012811 -243
0.0128526 -203
0.0128945 -165
0.0129315 -127
0.0129758 -92
0.0130189 -57
0.0130613 -23
0.0131029 11
0.0131457 45
0.0131904 78
0.013234 111
0.013278 144
0.0133226 179
0.013366 211
0.0134074 243
0.0134507 274
0.0134939 305
0.0135372 335
0.0135806 364
0.0136234 393
0.0136612 422
0.0137054 454
0.0137474 482
0.0137884 508
0.013829 534
0.0138701 559
0.0139121 587
0.0139553 613
0.0140005 638
0.0140445 662
0.0140871 686
0.0141287 710
0.0141705 733
0.0142125 757
0.0142542 780
0.0142935 802
0.0143368 823
0.0143753 847
0.0144176 868
0.01446 888
0.0145015 908
0.0145429 927
0.0145844 946
0.014625 965
0.0146656 983
0.0147361 1001
0.0147999 1031
0.0148566 1048
0.0149089 1070
0.0149584 1100
0.0150059 1116
0.0150518 1133
0.0150972 1148
0.0151385 1163
0.0151829 1177
0.015226 1190
0.0152686 1214
0.0153105 1233
0.0153573 1251
0.0153969 1267
0.0154488 1285
0.0154908 1303
0.015536 1318
0.0156188 1331
0.0156634 1344
0.0157067 1357
0.0157487 1370
0.0157877 1388
0.0158302 1400
0.0158718 1412
0.0159143 1424
0.0159572 1436
0.015998 1448
0.0160409 1463
0.0160849 1475
0.0161292 1492
0.0161718 1516
0.0162156 1528
0.0162577 1540
0.0163001 1551
0.0163748 1562
0.0164482 1573
0.0165094 1590
0.0166287 1612
0.016696 1628
0.0167515 1639
0.0167996 1653
0.0168449 1664
0.0169197 1675
0.0169896 1689
0.0170476 1699
0.0171837 1711
0.017239 1721
0.0172886 1733
0.0173347 1743
0.0173899 1752
0.0174403 1772
0.0174859 1785
0.0175288 1796
0.0175704 1806
0.0176123 1816
0.0176535 1832
0.0176973 1841
0.0177396 1849
0.0177784 1867
0.0178214 1877
0.0178799 1893
0.0179233 1907
0.0179659 1923
0.0180086 1936
0.0180509 1946
0.0180901 1954
0.0181348 1962
0.0181766 1970
0.0182062 1996
0.018247 2003
0.0182565 2010
0.0182796 2017
0.0183049 2025
0.0183672 2033
0.0183791 2039
0.0183999 2045
0.0184307 2050
0.0184375 2055
0.0184507 2060
0.0184781 2064
0.0184889 2067
0.0185051 2070
0.0185155 2075
0.0185316 2078
0.0185365 2081
0.0185445 2083
0.0185571 2097
0.018575 2099
0.018581 2100
0.0185969 2108
0.0186309 2114
0.018637 2115
0.0186535 2125
0.0186781 2137
0.0186827 2138
0.0186951 2141
0.0188992 2145
0.0189275 2146
0.0189317 2151
0.0189417 2152
0.0189471 2156
0.0189844 2158
0.0190001 2160
0.0191974 2163
0.0192098 2166
0.019223 2168
0.0192733 2169
0.0196731 2171
0.0196855 2174
0.0197002 2175
2 2175
