0 -22327
5.7e-08 -21956
3.4e-05 -21589
5.6666e-05 -21240
8.8532e-05 -20902
0.000120076 -20570
0.000151894 -20243
0.00021383 -19924
0.000283812 -19628
0.000329929 -19343
0.000365799 -19065
0.000394151 -18792
0.00042357 -18520
0.000450307 -18252
0.000478999 -17985
0.00050413 -17719
0.000527071 -17459
0.000549114 -17203
0.000571393 -16954
0.000594579 -16707
0.000619314 -16461
0.000647382 -16218
0.000675895 -15977
0.000703869 -15738
0.000729444 -15502
0.000754916 -15270
0.000780132 -15039
0.000804073 -14810
0.000826381 -14582
0.000850417 -14354
0.000875869 -14131
0.000901246 -13910
0.000925745 -13689
0.000951358 -13469
0.000978341 -13256
0.00100447 -13045
0.00103257 -12838
0.00105547 -12633
0.00108679 -12429
0.00116246 -12226
0.00122381 -12023
0.00126885 -11822
0.00130502 -11627
0.00133503 -11437
0.00136557 -11249
0.00139164 -11064
0.00141698 -10883
0.00144507 -10704
0.00147153 -10526
0.00149648 -10351
0.00152464 -10177
0.00155185 -10003
0.00157509 -9834
0.0016 -9666
0.0016258 -9498
0.00164826 -9332
0.00167242 -9166
0.00169625 -9003
0.00172107 -8841
0.00174557 -8683
0.00176854 -8525
0.00178836 -8368
0.00181042 -8211
0.00183321 -8056
0.00185494 -7902
0.00187767 -7748
0.00190009 -7595
0.0019238 -7442
0.00194614 -7294
0.00197287 -7147
0.00199582 -7001
0.00202026 -6856
0.00204358 -6711
0.00206379 -6567
0.00208323 -6425
0.00210363 -6287
0.00212738 -6149
0.00214962 -6013
0.00217084 -5879
0.00219532 -5747
0.00221718 -5615
0.00224178 -5485
0.00226479 -5356
0.00228501 -5228
0.0023077 -5101
0.00232731 -4974
0.00234775 -4848
0.00237005 -4723
0.00239228 -4598
0.0024125 -4476
0.00243361 -4356
0.00245862 -4237
0.00248157 -4120
0.00250513 -4003
0.00252732 -3887
0.00254755 -3772
0.00256793 -3658
0.00258893 -3552
0.00260828 -3448
0.00262942 -3345
0.00265087 -3242
0.00267211 -3139
0.00269447 -3036
0.00271424 -2935
0.00273261 -2836
0.00275305 -2738
0.00277369 -2642
0.00279217 -2547
0.00281621 -2456
0.00283951 -2368
0.00286193 -2280
0.00288364 -2193
0.00290389 -2108
0.00292569 -2024
0.002949 -1940
0.00296926 -1858
0.00309166 -1776
0.00312648 -1695
0.00315032 -1619
0.0031726 -1543
0.00319328 -1468
0.00321457 -1394
0.00323602 -1321
0.0032574 -1248
0.00327649 -1177
0.00329579 -1106
0.00331557 -1037
0.0033349 -968
0.00335654 -899
0.00337972 -830
0.00339873 -762
0.00341946 -695
0.0034391 -628
0.0034585 -563
0.0034769 -503
0.00349685 -446
0.00351946 -389
0.00354069 -335
0.00356057 -281
0.00357897 -228
0.00360051 -176
0.00362005 -124
0.00364061 -73
0.00366081 -25
0.00367919 20
0.00369855 65
0.00371794 110
0.00373724 149
0.00375684 188
0.00377403 225
0.00379446 262
0.00381522 299
0.00383747 335
0.00385809 368
0.00388086 401
0.00389956 432
0.00391837 462
0.0039379 491
0.00395753 518
0.00397892 544
0.00399971 570
0.00401818 596
0.00404597 621
0.00407517 651
0.00410343 676
0.0041315 705
0.00415752 730
0.00418257 754
0.00420386 778
0.0042278 803
0.00425647 826
0.00428247 854
0.00430355 881
0.00432137 902
0.00434162 923
0.0043596 942
0.00437965 961
0.00439937 990
0.00441977 1015
0.00443658 1035
0.00445584 1054
0.00447473 1076
0.00449442 1101
0.00451541 1119
0.0045334 1140
0.00455342 1158
0.00457329 1190
0.00459301 1210
0.00461457 1230
0.00463442 1247
0.0046545 1266
0.00467459 1281
0.00469519 1297
0.00471629 1312
0.00473667 1327
0.00475348 1341
0.00477449 1354
0.00479458 1367
0.00481305 1379
0.00483602 1391
0.00485378 1403
0.00491542 1421
0.00496884 1432
0.00500492 1455
0.0050377 1471
0.0050689 1482
0.00509911 1496
0.00513058 1508
0.00515833 1528
0.00518167 1540
0.00520331 1555
0.00522527 1569
0.00524466 1583
0.00526319 1596
0.00528362 1612
0.00530439 1624
0.00532537 1636
0.00534675 1647
0.00536556 1656
0.00538518 1666
0.00540556 1688
0.00542739 1697
0.00546473 1707
0.00550464 1716
0.00552635 1725
0.00555511 1733
0.00557764 1740
0.00560502 1747
0.0056261 1758
0.00564653 1774
0.00566676 1786
0.00568554 1797
0.00570635 1807
0.00572899 1810
0.00574049 1813
0.00575503 1822
0.00577277 1837
0.00577783 1839
0.0057875 1841
0.00579843 1843
0.00580592 1863
0.00584732 1868
0.00585125 1871
0.00587243 1876
0.00588365 1879
0.00588758 1880
0.00589968 1882
0.00592872 1884
0.00593394 1886
0.00594575 1887
0.00596991 1896
0.00599044 1897
0.00600255 1899
0.00608052 1901
0.0060832 1902
0.00609262 1904
0.00612885 1906
0.00615357 1907
0.00617643 1908
0.00618307 1909
0.00618602 1910
0.00690722 1923
0.00694851 1929
0.00695304 1933
0.00695587 1934
2 1934
