0 -42121
5.7e-08 -41573
5.762e-06 -41039
1.6788e-05 -40508
2.7541e-05 -39987
4.0772e-05 -39473
5.4397e-05 -38965
6.8557e-05 -38467
8.3984e-05 -37985
9.5638e-05 -37504
0.000107912 -37025
0.000120495 -36547
0.0001326 -36074
0.000144255 -35613
0.000155421 -35152
0.00016716 -34695
0.000178223 -34238
0.000190525 -33788
0.000202686 -33340
0.000214913 -32898
0.000227309 -32462
0.000239883 -32030
0.000252279 -31599
0.000264299 -31170
0.000275766 -30743
0.000288134 -30318
0.000300811 -29894
0.000312737 -29470
0.000325602 -29047
0.000338045 -28624
0.000348517 -28202
0.000361241 -27785
0.000384372 -27369
0.000399799 -26960
0.00041318 -26552
0.000425416 -26146
0.000436714 -25742
0.000450057 -25340
0.000462997 -24940
0.0004759 -24541
0.000488905 -24145
0.000501414 -23751
0.000513819 -23357
0.000525952 -22966
0.000539793 -22579
0.000555632 -22192
0.000568657 -21808
0.0005817 -21430
0.00059205 -21052
0.000604371 -20675
0.000617198 -20301
0.000628703 -19928
0.000641323 -19557
0.000653269 -19189
0.000665524 -18824
0.000677798 -18460
0.000690024 -18098
0.000702505 -17738
0.000715004 -17380
0.000727315 -17023
0.000739626 -16670
0.00075235 -16318
0.000762494 -15967
0.000775791 -15618
0.000787492 -15271
0.000799165 -14927
0.000812115 -14584
0.000825927 -14245
0.000838361 -13908
0.000850803 -13573
0.00086425 -13244
0.000878063 -12925
0.000890843 -12606
0.000904402 -12288
0.000917906 -11975
0.000930808 -11663
0.000944386 -11355
0.000956585 -11050
0.000970998 -10746
0.000984238 -10443
0.000999946 -10142
0.00101398 -9843
0.00102713 -9546
0.00103992 -9250
0.00105338 -8957
0.00106665 -8669
0.00108049 -8388
0.00109383 -8109
0.00110693 -7830
0.001121 -7557
0.00113576 -7287
0.00115065 -7017
0.00116495 -6748
0.00117849 -6488
0.00119307 -6231
0.00120727 -5981
0.00122205 -5732
0.00123712 -5484
0.00125443 -5244
0.00126959 -5008
0.00128404 -4774
0.00129898 -4547
0.00131664 -4323
0.00133313 -4099
0.00135406 -3879
0.00136922 -3665
0.00138933 -3454
0.00141023 -3247
0.00143034 -3050
0.00144878 -2859
0.00147212 -2673
0.00149696 -2500
0.00151705 -2328
0.00153742 -2159
0.00156203 -1995
0.00158912 -1835
0.00161758 -1678
0.00164408 -1522
0.00167194 -1371
0.00170269 -1223
0.00173587 -1075
0.00176868 -950
0.00180391 -828
0.00184787 -708
0.0018843 -605
0.0019238 -506
0.0019634 -417
0.00200336 -328
0.0020387 -248
0.00207744 -176
0.00211791 -111
0.00215448 -50
0.00218996 8
0.00222624 44
0.00225808 70
0.00228611 91
0.00231753 111
0.00235922 131
0.00239077 148
0.00242618 159
0.00245488 171
0.00248179 175
0.00251469 184
0.00254396 190
0.00257699 204
0.00260589 225
0.00264124 236
0.00267522 240
0.00271024 247
0.00273943 249
0.00287407 258
0.00290565 261
0.00295743 265
0.00298459 278
0.00304672 287
0.00307733 289
0.0031012 302
0.00312818 311
0.00315523 312
0.00322978 317
0.00326189 322
0.00334549 327
0.00337934 330
0.00343552 334
0.00345882 336
0.00348512 337
0.00375889 339
0.0039389 342
0.003968 345
0.00402644 351
0.00405393 352
0.00784316 353
0.00787239 354
0.00790536 361
0.00800283 366
0.00807077 368
2 368
